#!ascii label  , from subject sub-v2s17x50031_ses-1 vox2ras=TkReg
1524
23723  -25.553  -52.667  -13.108 0.5000000000
22889  -25.363  -53.299  -12.380 0.4000000060
22878  -25.498  -53.257  -11.894 0.6000000238
125872  -25.207  -51.739  -12.465 0.6000000238
25317  -26.170  -50.804  -13.647 0.6000000238
24503  -25.346  -52.170  -12.854 0.5000000000
25318  -27.209  -50.606  -13.487 0.6000000238
24489  -25.474  -51.841  -11.719 0.6999999881
23696  -25.868  -52.749  -11.418 0.6999999881
24497  -25.162  -50.865  -12.315 0.6999999881
24504  -25.520  -51.353  -13.187 0.6999999881
120288  -26.239  -49.762  -13.473 0.6999999881
25309  -27.618  -49.861  -13.184 0.5000000000
21982  -24.955  -54.606  -5.612 0.5000000000
127463  -26.060  -51.991  -11.066 0.6999999881
24490  -25.758  -51.198  -11.161 0.6999999881
133031  -25.619  -50.409  -13.259 0.6999999881
25300  -25.498  -50.208  -11.441 0.6999999881
25303  -25.388  -49.618  -12.689 0.6999999881
125791  -25.502  -49.404  -11.597 0.6999999881
26107  -26.983  -48.974  -13.077 0.6000000238
23687  -29.591  -52.399  -8.693 0.6999999881
24483  -29.333  -51.602  -9.034 0.6999999881
24491  -26.789  -51.606  -10.572 0.6999999881
21999  -24.488  -54.123  -6.014 0.6000000238
122897  -22.586  -54.394  -6.696 0.4000000060
27684  -26.296  -47.471  -12.292 0.6999999881
26934  -27.698  -48.320  -12.839 0.6000000238
24478  -30.481  -51.735  -7.670 0.6999999881
23688  -30.188  -52.430  -8.056 0.6999999881
24482  -28.605  -51.547  -9.572 0.6999999881
24477  -29.942  -51.661  -8.380 0.6999999881
22821  -25.751  -53.387  -5.449 0.6000000238
124451  -27.253  -50.896  -10.248 0.6999999881
25292  -29.032  -50.789  -9.333 0.6999999881
25283  -29.713  -50.862  -8.721 0.6999999881
22852  -23.192  -53.264  -6.801 0.5000000000
21997  -22.942  -53.946  -6.777 0.5000000000
25289  -26.030  -49.690  -10.805 0.6999999881
126165  -29.457  -50.047  -9.010 0.6999999881
22014  -22.267  -53.997  -7.128 0.4000000060
26932  -25.890  -48.117  -12.222 0.6999999881
25290  -27.139  -49.991  -10.273 0.6999999881
25291  -28.089  -50.662  -9.824 0.6999999881
124886  -28.713  -49.964  -9.497 0.6999999881
121992  -20.711  -54.281  -7.529 0.4000000060
26094  -28.363  -49.188  -9.611 0.6999999881
26095  -29.177  -49.238  -9.258 0.6999999881
26106  -25.957  -48.819  -12.890 0.6999999881
26102  -25.547  -48.774  -12.056 0.6999999881
124884  -27.491  -47.825  -9.945 0.6999999881
26912  -27.919  -48.448  -9.758 0.6999999881
26933  -26.602  -48.210  -12.673 0.6999999881
26911  -27.048  -48.382  -10.185 0.6999999881
27686  -28.222  -47.549  -12.823 0.6000000238
27685  -26.867  -46.803  -12.461 0.6999999881
28461  -28.776  -46.066  -12.893 0.5000000000
28462  -28.956  -46.938  -12.904 0.5000000000
28472  -30.565  -46.079  -13.355 0.4000000060
27696  -30.343  -46.873  -12.955 0.5000000000
26069  -30.674  -50.206  -7.623 0.6999999881
118774  -26.258  -51.857  -5.206 0.6000000238
22835  -23.886  -53.014  -6.489 0.5000000000
26082  -29.860  -49.275  -8.668 0.6999999881
26100  -25.764  -48.869  -11.088 0.6999999881
26092  -26.560  -49.059  -10.465 0.6999999881
27664  -26.741  -47.507  -10.373 0.6999999881
119009  -27.962  -45.427  -12.544 0.6999999881
121821  -27.157  -47.589  -12.664 0.6999999881
136647  -28.019  -46.071  -12.649 0.6999999881
24425  -29.131  -51.568  -4.019 0.6999999881
25230  -30.432  -50.962  -4.341 0.6999999881
25231  -31.009  -50.905  -4.785 0.8000000119
123765  -31.269  -50.195  -4.878 0.8000000119
115812  -28.262  -51.365  -4.105 0.6000000238
25228  -28.786  -50.757  -3.883 0.6000000238
25229  -29.660  -50.873  -3.982 0.6000000238
25250  -31.486  -49.989  -5.578 0.8000000119
133098  -28.047  -50.655  -4.087 0.6000000238
125955  -27.533  -50.100  -4.350 0.6000000238
25274  -31.150  -50.249  -6.954 0.6999999881
24423  -26.999  -51.640  -4.798 0.6000000238
25227  -27.400  -50.997  -4.465 0.6000000238
24444  -25.259  -51.555  -5.651 0.6000000238
26083  -30.484  -49.372  -7.955 0.6999999881
24458  -24.429  -51.773  -6.150 0.6000000238
26914  -29.606  -48.455  -9.019 0.6999999881
26926  -25.840  -48.161  -11.447 0.6999999881
26921  -26.208  -48.236  -10.716 0.6999999881
26913  -28.808  -48.446  -9.455 0.6999999881
28459  -26.534  -46.066  -12.072 0.8000000119
124140  -26.052  -47.464  -11.004 0.6999999881
27666  -28.307  -47.610  -9.640 0.6999999881
29322  -26.985  -45.398  -12.158 0.8000000119
124880  -25.872  -47.431  -11.700 0.6999999881
27673  -26.394  -46.760  -10.708 0.6999999881
29329  -29.726  -45.670  -13.265 0.5000000000
118724  -30.499  -45.218  -13.571 0.5000000000
29330  -31.243  -45.402  -13.706 0.4000000060
25214  -29.294  -49.970  -3.702 0.6000000238
123416  -30.800  -50.259  -4.399 0.6999999881
26015  -30.641  -49.572  -4.087 0.8000000119
136178  -31.098  -49.712  -4.494 0.8999999762
125477  -28.317  -49.998  -3.947 0.6000000238
26033  -31.460  -49.448  -4.931 0.8000000119
26047  -31.577  -49.066  -5.724 0.8000000119
119614  -31.360  -48.903  -6.645 0.8000000119
25226  -26.799  -50.237  -4.812 0.6000000238
25249  -26.010  -50.313  -5.211 0.6000000238
26884  -30.905  -48.679  -7.467 0.8000000119
23677  -23.358  -52.459  -6.742 0.6000000238
130865  -24.629  -51.001  -5.956 0.6000000238
25248  -25.166  -50.475  -5.639 0.6000000238
23676  -22.583  -52.699  -7.223 0.5000000000
27654  -29.954  -47.656  -8.788 0.6999999881
27655  -30.438  -47.553  -8.269 0.6999999881
22850  -21.240  -53.273  -7.930 0.5000000000
23675  -21.742  -52.609  -7.745 0.5000000000
30228  -26.781  -44.788  -11.738 0.8000000119
122412  -26.113  -46.732  -11.950 0.8000000119
27679  -26.096  -46.760  -11.285 0.6999999881
122413  -26.913  -46.739  -10.246 0.6999999881
27665  -27.501  -47.126  -9.943 0.6999999881
28453  -26.175  -46.064  -11.480 0.6999999881
26031  -28.613  -49.232  -3.776 0.6999999881
26832  -28.981  -48.515  -3.553 0.6999999881
26013  -29.369  -49.156  -3.598 0.6999999881
26834  -30.537  -48.796  -3.809 0.8000000119
26850  -31.101  -48.237  -4.097 0.8000000119
26030  -27.686  -49.249  -4.207 0.6999999881
26833  -29.830  -48.606  -3.479 0.8000000119
27598  -31.502  -47.695  -4.627 0.8000000119
26029  -26.976  -49.484  -4.599 0.6000000238
26872  -31.561  -48.310  -6.084 0.8000000119
26046  -26.263  -49.535  -5.030 0.6000000238
27625  -31.552  -47.554  -6.211 0.6999999881
24457  -23.663  -51.692  -6.586 0.6000000238
119380  -24.021  -50.952  -6.382 0.6000000238
27639  -30.825  -47.798  -7.658 0.8000000119
27640  -31.236  -47.107  -7.012 0.6999999881
24468  -22.896  -51.747  -6.981 0.6000000238
28413  -31.120  -46.263  -7.472 0.8000000119
23686  -20.994  -52.552  -8.207 0.4000000060
27667  -29.253  -47.668  -9.289 0.6999999881
124145  -30.260  -46.915  -8.532 0.6999999881
22861  -19.366  -53.349  -8.604 0.4000000060
121281  -28.914  -46.886  -9.475 0.6999999881
123473  -29.656  -46.911  -9.060 0.6999999881
29316  -26.481  -45.423  -11.621 0.8000000119
28446  -26.320  -46.076  -10.914 0.8000000119
119430  -28.164  -46.805  -9.716 0.6999999881
28439  -27.520  -46.236  -9.938 0.6999999881
30229  -27.379  -44.699  -12.192 0.8000000119
30230  -28.246  -44.551  -12.507 0.6999999881
30231  -28.989  -44.315  -12.660 0.5000000000
30240  -30.443  -44.349  -13.597 0.5000000000
115851  -29.883  -44.972  -13.309 0.5000000000
30247  -31.161  -44.689  -13.926 0.4000000060
26849  -28.087  -48.470  -3.969 0.6000000238
27581  -29.441  -47.804  -3.344 0.6999999881
122125  -30.379  -47.834  -3.504 0.8000000119
27597  -31.101  -47.370  -3.913 0.8000000119
124102  -27.093  -49.000  -4.465 0.6999999881
123058  -31.705  -47.232  -5.096 0.8000000119
26045  -25.486  -49.591  -5.453 0.6000000238
28372  -31.546  -46.884  -4.490 0.8000000119
26044  -24.726  -49.596  -5.894 0.6000000238
29264  -31.869  -46.007  -6.181 0.8000000119
28398  -31.650  -46.783  -6.191 0.8000000119
25273  -23.269  -50.924  -6.777 0.6000000238
25262  -23.661  -50.085  -6.572 0.6000000238
28429  -30.616  -46.211  -8.203 0.8999999762
28414  -31.481  -46.324  -6.766 0.8000000119
28428  -30.038  -46.177  -8.803 0.8000000119
29291  -30.397  -45.466  -8.490 0.8000000119
24467  -22.157  -51.824  -7.499 0.5000000000
29300  -28.994  -45.376  -9.492 0.8000000119
28441  -29.344  -46.149  -9.275 0.6999999881
24476  -20.541  -51.710  -8.406 0.4000000060
29310  -26.367  -45.419  -11.075 0.8000000119
29297  -26.629  -45.400  -10.613 0.8000000119
28438  -26.718  -46.090  -10.388 0.8000000119
28440  -28.518  -46.141  -9.626 0.6999999881
31054  -27.025  -44.106  -11.785 0.8000000119
31055  -27.662  -43.950  -12.203 0.8000000119
30211  -26.592  -44.736  -10.823 0.8000000119
31057  -29.319  -43.713  -12.696 0.6000000238
31056  -28.511  -43.803  -12.458 0.6000000238
27596  -28.490  -47.726  -3.645 0.6000000238
26848  -27.243  -48.505  -4.366 0.6000000238
28357  -30.601  -46.849  -3.371 0.6999999881
28371  -31.200  -46.611  -3.819 0.6999999881
120673  -25.784  -48.845  -5.259 0.6000000238
27595  -27.472  -47.613  -4.187 0.6000000238
28370  -28.008  -46.903  -3.735 0.6000000238
130748  -25.379  -48.228  -5.465 0.6000000238
28383  -31.831  -46.510  -5.335 0.8000000119
26057  -24.185  -49.618  -6.319 0.6000000238
26861  -25.042  -48.826  -5.698 0.6000000238
114515  -31.674  -45.834  -4.308 0.6999999881
126170  -22.943  -50.218  -6.970 0.5000000000
25271  -21.673  -50.390  -7.779 0.3000000119
133401  -30.702  -44.855  -8.181 0.8000000119
29278  -30.955  -45.470  -7.830 0.8000000119
29290  -29.776  -45.406  -9.050 0.8000000119
30203  -28.578  -44.595  -9.688 0.8000000119
29298  -27.138  -45.393  -10.130 0.8000000119
30201  -26.916  -44.674  -10.365 0.8000000119
126251  -29.671  -43.021  -12.760 0.6000000238
31074  -31.669  -43.447  -14.373 0.3000000119
28356  -28.908  -47.010  -3.249 0.6000000238
115949  -29.234  -46.259  -2.874 0.6999999881
116806  -30.148  -46.202  -2.860 0.6999999881
29230  -30.543  -45.434  -2.731 0.6999999881
28412  -22.121  -46.313  -7.903 0.5000000000
123863  -26.650  -47.943  -4.650 0.6000000238
27594  -26.613  -47.130  -4.606 0.6000000238
26056  -23.543  -48.722  -6.719 0.5000000000
27608  -24.711  -47.898  -5.928 0.5000000000
131199  -26.112  -47.496  -4.948 0.6000000238
30155  -31.785  -44.720  -4.175 0.6999999881
26882  -22.199  -48.947  -7.584 0.3000000119
26068  -23.025  -49.347  -6.949 0.5000000000
114122  -32.029  -45.042  -4.928 0.8000000119
31001  -32.230  -43.826  -5.933 0.8000000119
30186  -31.840  -44.608  -6.555 0.8000000119
30195  -30.201  -44.694  -8.734 0.8999999762
31011  -31.172  -43.534  -7.756 0.8999999762
30185  -31.248  -44.541  -7.521 0.8000000119
31012  -31.686  -43.724  -6.918 0.8000000119
121979  -21.755  -51.172  -7.712 0.4000000060
31032  -29.090  -43.782  -9.524 0.8999999762
30204  -29.488  -44.595  -9.288 0.8999999762
126357  -30.706  -44.123  -8.288 0.8999999762
31047  -26.790  -43.529  -11.322 0.8000000119
126179  -26.703  -44.289  -11.379 0.8000000119
30202  -27.604  -44.628  -9.993 0.8000000119
29299  -28.062  -45.391  -9.839 0.8000000119
123426  -27.954  -43.208  -12.242 0.6999999881
125404  -28.868  -43.093  -12.476 0.6000000238
127029  -30.255  -42.976  -13.164 0.6000000238
31065  -30.735  -43.384  -13.693 0.6000000238
28355  -28.312  -46.229  -3.270 0.6000000238
29229  -29.532  -45.417  -2.523 0.6999999881
120020  -27.183  -46.642  -4.208 0.6000000238
27610  -25.914  -46.803  -5.038 0.6000000238
30149  -30.866  -44.677  -2.699 0.8000000119
27623  -23.749  -47.839  -6.635 0.6000000238
29231  -31.301  -45.168  -3.344 0.6999999881
30983  -31.975  -43.813  -4.236 0.8000000119
26883  -22.804  -48.246  -7.218 0.4000000060
30162  -32.176  -44.289  -5.007 0.6999999881
26067  -22.335  -49.876  -7.435 0.4000000060
30175  -32.145  -44.778  -5.692 0.8000000119
31021  -30.658  -43.377  -8.366 0.8000000119
120528  -31.967  -43.069  -6.418 0.8000000119
31833  -30.294  -42.825  -8.707 0.8000000119
31832  -29.519  -42.923  -9.285 0.8000000119
31029  -26.801  -44.014  -10.639 0.8000000119
31840  -27.553  -43.188  -9.990 0.8000000119
117670  -26.568  -44.121  -11.023 0.8000000119
31031  -28.092  -43.848  -9.851 0.8000000119
31030  -27.222  -43.929  -10.168 0.8000000119
130044  -27.216  -43.349  -11.849 0.8000000119
31040  -26.690  -43.373  -10.878 0.8000000119
31864  -28.300  -42.469  -12.333 0.6999999881
31865  -29.254  -42.369  -12.563 0.6999999881
32626  -29.669  -41.605  -12.705 0.6000000238
33383  -30.131  -40.783  -12.946 0.6000000238
33384  -30.949  -40.798  -13.791 0.6000000238
28369  -26.952  -45.745  -4.181 0.6000000238
30137  -29.342  -44.494  -2.200 0.8000000119
29218  -30.135  -44.881  -2.399 0.6999999881
29261  -22.718  -44.170  -7.404 0.5000000000
28382  -25.240  -46.525  -5.489 0.5000000000
30150  -31.512  -44.167  -3.255 0.8000000119
28396  -22.969  -46.161  -7.207 0.5000000000
123192  -24.830  -47.045  -5.789 0.5000000000
30139  -30.983  -44.034  -2.575 0.8000000119
30976  -31.774  -43.199  -3.506 0.8000000119
30990  -32.243  -43.529  -5.046 0.8000000119
32556  -32.184  -42.076  -4.714 0.8000000119
122491  -32.214  -42.773  -5.537 0.8000000119
130354  -31.240  -42.297  -7.566 0.8000000119
114779  -29.948  -42.120  -9.025 0.8000000119
31823  -31.510  -42.785  -7.198 0.8000000119
31848  -26.730  -42.512  -10.699 0.8000000119
31841  -28.527  -43.031  -9.672 0.8000000119
117032  -27.866  -42.412  -9.876 0.8999999762
31862  -26.884  -42.651  -11.532 0.8000000119
31856  -26.642  -42.641  -11.118 0.8000000119
31863  -27.402  -42.588  -12.015 0.6999999881
32618  -27.689  -41.836  -12.194 0.6999999881
124615  -28.133  -41.178  -12.358 0.6999999881
126111  -29.088  -40.807  -12.532 0.6999999881
30135  -27.458  -43.900  -3.075 0.8000000119
29227  -27.615  -45.382  -3.503 0.6000000238
116138  -27.961  -44.760  -2.918 0.6000000238
124877  -28.839  -43.850  -1.920 0.8000000119
31813  -22.531  -41.986  -5.975 0.6000000238
30999  -22.906  -42.261  -6.456 0.5000000000
29237  -26.154  -45.305  -4.690 0.6000000238
29238  -26.691  -44.676  -4.130 0.6000000238
30138  -30.275  -44.244  -2.291 0.8000000119
137047  -22.970  -43.333  -4.507 0.6000000238
31797  -22.828  -41.968  -5.238 0.6000000238
31804  -23.316  -41.894  -5.444 0.6000000238
123536  -24.514  -43.481  -6.054 0.5000000000
29249  -25.420  -44.933  -5.254 0.5000000000
30942  -24.433  -42.982  -1.406 0.5000000000
30973  -24.487  -42.701  -2.878 0.5000000000
31792  -23.954  -42.028  -3.924 0.6000000238
29262  -23.527  -44.691  -6.789 0.5000000000
30160  -24.715  -44.551  -5.798 0.5000000000
30963  -31.284  -43.409  -2.713 0.8000000119
31794  -31.951  -42.320  -3.784 0.8000000119
31777  -24.676  -42.306  -2.119 0.5000000000
29248  -24.974  -45.589  -5.609 0.5000000000
31757  -24.057  -42.594  -0.842 0.4000000060
28381  -24.531  -46.256  -5.939 0.5000000000
120600  -31.481  -41.955  -7.156 0.8000000119
32559  -32.092  -41.741  -5.629 0.8000000119
32583  -29.652  -41.461  -9.169 0.8000000119
124036  -30.525  -42.145  -8.456 0.8000000119
32566  -31.727  -41.426  -6.492 0.8000000119
118842  -30.835  -40.998  -7.886 0.8000000119
32616  -26.524  -41.823  -11.337 0.8999999762
32594  -27.116  -41.925  -10.193 0.8000000119
31831  -28.983  -42.080  -9.521 0.8000000119
135126  -27.151  -42.674  -10.217 1.0000000000
32617  -26.884  -41.876  -11.813 0.8000000119
31778  -27.256  -43.079  -2.681 0.8000000119
30136  -28.264  -44.216  -2.323 0.8000000119
113816  -29.033  -43.175  -1.631 0.8000000119
32544  -24.186  -41.572  -4.378 0.6000000238
30974  -26.801  -43.877  -3.798 0.6000000238
30961  -29.673  -43.723  -1.961 0.8000000119
31779  -30.059  -42.896  -1.768 0.8000000119
31798  -23.583  -41.871  -4.812 0.6000000238
31805  -24.071  -42.076  -5.590 0.6000000238
115978  -26.232  -43.654  -4.387 0.6000000238
121057  -30.888  -42.924  -2.249 0.8000000119
32533  -31.265  -41.528  -2.402 0.6999999881
31793  -24.347  -41.724  -3.389 0.5000000000
31799  -25.553  -42.157  -4.759 0.6000000238
31745  -24.263  -41.784  -0.743 0.4000000060
135269  -24.694  -41.601  -1.738 0.4000000060
32529  -24.516  -41.236  -2.800 0.4000000060
32545  -24.574  -40.976  -3.985 0.4000000060
32534  -31.766  -41.601  -3.264 0.6999999881
125081  -24.608  -40.695  -1.160 0.4000000060
115094  -24.681  -40.729  -2.017 0.4000000060
33308  -25.619  -40.843  -4.259 0.4000000060
122342  -32.100  -41.090  -4.778 0.6999999881
34008  -24.545  -39.153  -2.733 0.4000000060
124583  -24.739  -39.553  -3.398 0.5000000000
33313  -31.889  -40.830  -5.770 0.6999999881
33999  -24.473  -39.349  -1.334 0.3000000119
34038  -24.872  -38.868  -3.336 0.5000000000
34039  -25.257  -39.451  -3.550 0.5000000000
32584  -30.353  -41.345  -8.562 0.8000000119
32573  -31.296  -41.188  -7.262 0.8000000119
33316  -31.529  -40.581  -6.642 0.8000000119
32607  -26.366  -41.793  -11.012 0.8000000119
32593  -26.503  -41.720  -10.700 1.0000000000
126070  -27.477  -41.182  -9.944 0.8000000119
32595  -28.114  -41.569  -9.764 0.8000000119
33334  -29.776  -40.686  -9.012 0.8000000119
33333  -29.055  -40.239  -9.371 0.8000000119
33348  -26.688  -41.175  -10.364 0.8000000119
33350  -28.239  -40.730  -9.693 0.8000000119
33375  -26.244  -41.113  -11.677 0.8999999762
33376  -27.127  -41.038  -12.142 0.6999999881
34127  -27.274  -40.016  -12.350 0.6999999881
33377  -28.135  -40.441  -12.413 0.6999999881
132059  -28.897  -39.998  -12.516 0.6999999881
34141  -30.482  -39.872  -13.282 0.6000000238
34129  -29.133  -39.248  -12.685 0.6999999881
118322  -27.559  -39.006  -12.464 0.6999999881
34140  -29.961  -39.080  -13.038 0.6000000238
136061  -27.711  -43.712  -2.436 0.8000000119
31759  -28.348  -42.558  -1.524 0.8000000119
32552  -24.070  -41.803  -5.048 0.5000000000
130090  -26.720  -42.480  -3.331 0.8000000119
32530  -26.902  -42.119  -2.707 0.8000000119
116766  -27.522  -42.535  -1.937 0.8000000119
31760  -29.274  -42.341  -1.465 0.8000000119
32554  -25.379  -41.437  -4.590 0.6000000238
30975  -26.739  -43.125  -3.609 0.8000000119
31761  -30.065  -42.110  -1.595 0.6999999881
123042  -24.596  -40.334  -3.308 0.4000000060
33307  -25.123  -40.873  -4.236 0.5000000000
32546  -26.395  -41.654  -3.688 0.6999999881
128357  -26.393  -42.374  -3.895 0.6999999881
32513  -29.609  -41.550  -1.345 0.6999999881
31780  -30.782  -42.242  -2.003 0.6999999881
33264  -24.626  -39.997  -1.696 0.3000000119
120343  -31.626  -40.767  -2.898 0.6999999881
123576  -31.859  -40.087  -3.483 0.6999999881
34053  -31.887  -39.440  -4.884 0.6999999881
125182  -24.391  -38.478  -2.141 0.4000000060
34789  -24.512  -38.351  -3.140 0.4000000060
33323  -31.082  -40.404  -7.447 0.8000000119
130416  -31.986  -40.286  -5.143 0.6999999881
33335  -30.472  -40.275  -8.266 0.8000000119
34076  -29.756  -39.776  -8.844 0.8000000119
34829  -30.332  -38.431  -7.633 0.6999999881
33349  -27.389  -40.472  -9.927 0.8000000119
33367  -25.958  -41.011  -11.287 0.8999999762
33359  -25.918  -41.040  -10.883 0.8999999762
116789  -26.339  -40.267  -10.298 0.8000000119
34089  -27.413  -39.561  -9.815 0.8000000119
33366  -25.403  -40.443  -11.770 0.8999999762
34126  -26.195  -40.439  -12.107 0.8000000119
34128  -28.277  -39.549  -12.483 0.6999999881
35643  -29.607  -37.556  -13.115 0.5000000000
32531  -27.210  -41.690  -1.949 0.6999999881
32532  -27.819  -42.012  -1.527 0.8000000119
116724  -26.647  -41.099  -2.885 0.6999999881
32512  -28.542  -41.671  -1.278 0.6999999881
33280  -24.550  -39.883  -2.782 0.4000000060
34024  -26.291  -39.208  -2.699 0.6000000238
32511  -27.690  -41.419  -1.412 0.6999999881
32514  -30.529  -41.471  -1.716 0.6999999881
33283  -30.985  -40.595  -2.010 0.6999999881
34790  -25.445  -38.401  -3.214 0.5000000000
34041  -31.794  -39.241  -3.272 0.6999999881
35546  -24.456  -37.733  -3.094 0.4000000060
34048  -31.979  -39.521  -3.998 0.6999999881
35545  -23.797  -36.938  -3.110 0.3000000119
35547  -25.062  -37.777  -3.180 0.5000000000
34077  -30.240  -39.206  -8.144 0.6999999881
34057  -31.356  -39.119  -6.431 0.6999999881
34805  -31.919  -38.639  -4.054 0.6999999881
120485  -30.832  -39.636  -7.579 0.6999999881
114099  -31.708  -39.866  -5.927 0.6999999881
130927  -31.025  -39.209  -7.070 0.6999999881
34090  -28.269  -39.869  -9.617 0.8000000119
34075  -29.030  -39.364  -9.202 0.8000000119
33347  -25.374  -40.235  -10.823 0.8000000119
34113  -24.852  -39.985  -11.645 0.8000000119
33358  -25.304  -40.408  -11.292 0.8999999762
34125  -24.970  -39.802  -12.123 0.8999999762
130268  -25.551  -39.969  -12.207 0.8000000119
123934  -25.945  -38.075  -12.454 0.8000000119
34894  -29.334  -38.336  -12.983 0.6999999881
34879  -26.841  -38.317  -12.496 0.6999999881
34880  -27.876  -38.148  -12.620 0.6999999881
35630  -25.488  -37.435  -12.428 0.6999999881
34777  -26.973  -39.019  -1.068 0.6000000238
127598  -27.465  -39.989  -0.990 0.6999999881
34011  -28.616  -40.062  -0.803 0.6999999881
33266  -29.101  -40.855  -1.045 0.6999999881
33267  -30.107  -40.790  -1.352 0.6999999881
34040  -25.817  -39.089  -3.321 0.5000000000
33281  -26.366  -39.969  -2.984 0.6000000238
34001  -29.327  -39.224  -0.725 0.6999999881
34012  -29.683  -40.096  -0.999 0.6999999881
34013  -30.442  -40.114  -1.445 0.6999999881
34009  -26.399  -38.997  -1.970 0.6000000238
35533  -24.001  -37.800  -2.944 0.3000000119
35548  -25.708  -38.011  -2.668 0.5000000000
34791  -26.052  -38.611  -2.771 0.5000000000
33284  -31.477  -39.882  -2.656 0.6999999881
35534  -25.418  -37.351  -2.479 0.4000000060
35535  -26.088  -37.702  -1.673 0.6000000238
34793  -31.763  -38.359  -3.029 0.6999999881
34813  -31.712  -38.504  -5.102 0.6999999881
34816  -31.633  -39.046  -5.678 0.6999999881
37157  -24.632  -36.095  -2.284 0.3000000119
35582  -30.860  -37.751  -6.566 0.6999999881
34846  -28.275  -38.966  -9.456 0.8000000119
34837  -29.009  -38.435  -8.867 0.8000000119
34838  -29.745  -38.413  -8.242 0.6999999881
34088  -26.625  -39.196  -9.977 0.8000000119
34845  -28.182  -38.077  -9.222 0.8000000119
34101  -24.822  -39.900  -11.158 0.8000000119
127860  -25.807  -39.615  -10.377 0.8000000119
115218  -27.484  -38.650  -9.626 0.8000000119
119105  -24.725  -37.677  -10.366 0.8000000119
35608  -26.542  -37.739  -9.657 0.8000000119
36396  -26.215  -36.859  -9.553 0.8000000119
36383  -25.393  -36.321  -9.623 0.8000000119
34893  -28.647  -37.763  -12.819 0.6999999881
36425  -25.243  -36.567  -12.341 0.6999999881
36426  -26.250  -36.589  -12.451 0.6000000238
35632  -27.733  -37.345  -12.667 0.6000000238
35536  -26.823  -38.070  -0.908 0.6000000238
34778  -30.152  -38.675  -1.023 0.6999999881
126633  -30.282  -39.433  -1.222 0.6999999881
34764  -27.791  -38.357  -0.582 0.6000000238
34779  -30.797  -38.824  -1.687 0.6999999881
34025  -30.928  -39.633  -1.903 0.6999999881
36320  -25.341  -36.640  -1.915 0.4000000060
131921  -25.890  -37.098  -1.527 0.4000000060
120669  -27.679  -37.404  -0.482 0.5000000000
34766  -29.528  -38.428  -0.686 0.6999999881
34026  -31.369  -38.991  -2.458 0.6999999881
36322  -26.573  -37.259  -0.870 0.5000000000
36309  -27.146  -36.551  -0.501 0.5000000000
35550  -31.643  -37.587  -2.819 0.6999999881
37158  -25.559  -35.788  -1.117 0.3000000119
34820  -30.883  -38.523  -6.924 0.6999999881
125513  -31.785  -37.688  -3.622 0.6999999881
115801  -24.808  -35.215  -1.490 0.3000000119
38058  -25.070  -34.413  -0.914 0.3000000119
35575  -31.487  -37.830  -5.376 0.6999999881
35572  -31.704  -37.779  -4.588 0.6999999881
129975  -30.811  -37.187  -6.338 0.6999999881
36359  -31.335  -37.082  -5.197 0.6999999881
35590  -29.885  -37.634  -7.706 0.6999999881
35591  -30.480  -37.882  -7.177 0.6999999881
36358  -30.893  -36.394  -5.601 0.6999999881
36376  -30.363  -37.139  -6.937 0.6999999881
37206  -30.378  -35.918  -6.102 0.6999999881
133943  -26.811  -38.400  -9.738 0.8000000119
35599  -29.330  -37.811  -8.329 0.6999999881
36366  -30.046  -36.298  -6.794 0.6999999881
37205  -29.749  -35.524  -6.577 0.6999999881
34087  -25.176  -39.424  -10.672 0.8000000119
34844  -25.919  -38.673  -10.079 0.8000000119
120620  -27.393  -37.825  -9.438 0.8000000119
35597  -27.985  -37.219  -8.995 0.8000000119
129833  -28.876  -35.688  -7.579 0.8000000119
38105  -29.449  -34.652  -6.343 0.6999999881
34086  -24.697  -39.099  -10.990 0.8000000119
125937  -26.970  -36.311  -9.214 0.8000000119
37212  -28.392  -35.918  -8.085 0.8000000119
34112  -24.596  -39.356  -11.454 0.8000000119
35606  -24.430  -38.263  -10.869 0.8000000119
36395  -25.256  -37.096  -9.884 0.8000000119
36384  -26.334  -35.899  -9.291 0.8000000119
130466  -27.768  -35.437  -8.319 0.8000000119
34124  -24.720  -39.339  -11.893 0.8000000119
120728  -24.306  -36.862  -10.070 0.8000000119
38125  -26.941  -34.449  -8.458 0.8000000119
35615  -24.061  -37.951  -11.335 0.8000000119
37222  -25.489  -35.293  -9.392 0.8000000119
35622  -24.350  -37.974  -11.898 0.8000000119
36413  -23.855  -37.271  -11.665 0.8000000119
126454  -24.551  -37.301  -12.186 0.8000000119
35633  -28.777  -37.197  -12.770 0.6000000238
36428  -28.103  -36.754  -12.504 0.6000000238
36427  -27.210  -36.638  -12.510 0.6000000238
34000  -28.129  -39.219  -0.646 0.6999999881
34765  -28.757  -38.485  -0.533 0.6999999881
35519  -29.269  -37.825  -0.553 0.6999999881
118152  -30.070  -37.937  -0.897 0.6999999881
119594  -30.618  -38.187  -1.421 0.6999999881
124349  -28.208  -36.484  -0.384 0.5000000000
35537  -29.878  -37.044  -0.787 0.6999999881
37159  -26.275  -35.024  -0.507 0.4000000060
37141  -26.659  -35.795  -0.521 0.5000000000
34792  -31.250  -38.060  -2.140 0.6999999881
38047  -25.924  -34.274  -0.528 0.3000000119
122470  -27.276  -34.999  -0.354 0.5000000000
36336  -31.363  -36.146  -2.445 0.6999999881
125743  -31.619  -36.808  -3.195 0.6999999881
118060  -24.262  -34.451  -1.634 0.3000000119
39811  -25.740  -32.825  -0.596 0.3000000119
132313  -31.480  -36.350  -3.883 0.6999999881
39823  -25.196  -32.262  -0.793 0.3000000119
37191  -30.961  -35.412  -4.478 0.6999999881
36386  -28.508  -36.731  -8.384 0.8000000119
36375  -29.665  -36.732  -7.440 0.6999999881
37197  -30.683  -35.650  -5.301 0.6999999881
36374  -29.018  -36.341  -7.808 0.6999999881
37213  -29.429  -35.946  -7.240 0.6999999881
136226  -29.470  -34.102  -5.945 0.6999999881
35607  -25.617  -37.756  -9.973 0.8000000119
35609  -27.186  -37.009  -9.316 0.8000000119
38115  -29.137  -35.199  -7.095 0.8000000119
34843  -25.045  -38.514  -10.486 0.8000000119
38113  -28.085  -34.193  -7.477 0.8000000119
37224  -27.139  -35.658  -8.866 0.8000000119
38112  -27.368  -33.902  -7.914 0.8000000119
125831  -23.896  -37.508  -10.727 0.8000000119
38124  -26.081  -34.359  -8.920 0.8000000119
39005  -27.039  -33.101  -7.866 0.8000000119
36402  -23.400  -37.108  -11.116 0.8000000119
119578  -23.251  -36.798  -10.544 0.8000000119
124222  -24.581  -35.992  -9.689 0.8000000119
37221  -24.075  -35.268  -9.526 0.8000000119
39004  -26.329  -33.000  -8.276 0.8000000119
36414  -24.152  -36.431  -12.027 0.8000000119
35518  -28.474  -37.850  -0.467 0.6000000238
36310  -28.803  -37.167  -0.446 0.6000000238
38059  -25.490  -34.966  -0.825 0.3000000119
36311  -29.207  -36.347  -0.545 0.6000000238
37142  -27.699  -35.750  -0.367 0.5000000000
36323  -29.998  -36.165  -0.862 0.6999999881
36324  -30.740  -36.392  -1.493 0.6999999881
124701  -28.204  -34.988  -0.390 0.6000000238
37144  -29.570  -35.554  -0.695 0.6999999881
37160  -30.354  -35.496  -1.190 0.6999999881
37172  -31.020  -35.435  -1.885 0.6999999881
38944  -24.918  -33.074  -0.784 0.3000000119
38929  -26.450  -33.397  -0.453 0.3000000119
38060  -29.915  -34.762  -0.901 0.6999999881
39822  -24.397  -32.534  -1.162 0.3000000119
40716  -26.775  -31.062  -0.979 0.3000000119
37173  -31.324  -35.315  -2.770 0.6999999881
42601  -24.008  -29.621  -2.191 0.3000000119
42589  -24.833  -29.848  -1.864 0.3000000119
41621  -25.047  -30.716  -1.461 0.3000000119
41622  -25.964  -30.647  -1.253 0.3000000119
43543  -23.702  -28.424  -2.598 0.3000000119
113919  -30.465  -34.858  -5.019 0.6999999881
38114  -28.778  -34.435  -6.997 0.8000000119
36382  -23.525  -36.211  -9.913 0.8000000119
37220  -22.879  -35.625  -9.840 0.8000000119
39016  -24.497  -33.557  -9.248 0.8000000119
39017  -25.617  -33.435  -8.801 0.8000000119
36412  -23.220  -36.555  -11.412 0.8000000119
118885  -23.835  -34.353  -9.415 0.8000000119
37267  -25.100  -35.858  -12.208 0.6000000238
37143  -28.668  -35.671  -0.448 0.6000000238
38932  -29.376  -34.002  -0.700 0.6000000238
39813  -27.508  -32.595  -0.513 0.4000000060
38945  -29.222  -33.111  -0.720 0.6000000238
114534  -30.208  -33.972  -1.193 0.6999999881
38061  -30.626  -34.684  -1.511 0.6999999881
39825  -29.148  -32.298  -0.817 0.4000000060
115644  -30.806  -33.876  -1.831 0.6999999881
38070  -31.090  -34.607  -2.267 0.6999999881
37184  -31.228  -35.274  -3.663 0.6999999881
42590  -26.477  -29.547  -1.655 0.3000000119
40718  -28.925  -31.467  -1.026 0.4000000060
38971  -30.708  -32.997  -3.228 0.6999999881
38090  -30.822  -34.653  -4.137 0.6999999881
38098  -30.256  -33.961  -4.698 0.6999999881
131341  -30.379  -33.309  -4.104 0.6999999881
126491  -29.453  -32.814  -5.347 0.6999999881
37211  -28.371  -35.082  -7.637 0.8000000119
38126  -27.635  -34.683  -8.044 0.8000000119
39006  -28.471  -33.753  -6.981 0.8000000119
39018  -26.591  -33.696  -8.377 0.8000000119
39890  -27.444  -32.440  -7.437 0.8000000119
38123  -25.010  -34.334  -9.339 0.8000000119
39888  -25.732  -32.513  -8.468 0.8000000119
37240  -22.161  -35.810  -10.768 0.8000000119
38122  -22.771  -34.363  -9.662 0.8000000119
114681  -23.978  -33.011  -9.301 0.8000000119
39900  -24.805  -32.696  -8.949 0.8000000119
39015  -23.392  -33.632  -9.455 0.8000000119
37268  -25.977  -35.865  -12.264 0.6000000238
37256  -23.338  -35.797  -11.679 0.8000000119
132529  -23.605  -34.986  -11.727 0.6999999881
38153  -24.318  -34.337  -11.775 0.6999999881
135321  -28.614  -34.351  -0.484 0.6000000238
38931  -28.512  -33.646  -0.503 0.6000000238
38946  -29.842  -33.365  -1.003 0.6000000238
40717  -27.911  -31.208  -0.892 0.3000000119
38947  -30.407  -33.209  -1.478 0.6000000238
41624  -27.572  -30.400  -1.255 0.3000000119
39826  -29.868  -32.677  -1.133 0.5000000000
41625  -28.604  -30.612  -1.308 0.3000000119
41626  -29.525  -30.921  -1.527 0.5000000000
39840  -30.705  -32.303  -2.492 0.6999999881
44508  -25.382  -27.952  -2.711 0.3000000119
42604  -26.858  -28.969  -1.904 0.3000000119
40733  -30.455  -31.079  -2.461 0.4000000060
44525  -24.898  -27.361  -3.264 0.3000000119
39866  -30.264  -32.577  -4.124 0.6000000238
39865  -29.714  -32.332  -4.857 0.6000000238
38997  -29.007  -32.941  -5.965 0.8000000119
40763  -29.594  -31.680  -5.035 0.6000000238
38996  -28.493  -33.093  -6.665 0.8000000119
129021  -29.178  -32.095  -5.626 0.6999999881
124835  -27.872  -33.289  -7.343 0.8000000119
39880  -28.087  -32.559  -7.006 0.8000000119
135475  -28.395  -31.613  -6.603 0.6999999881
124778  -28.751  -31.452  -6.168 0.6999999881
41690  -28.978  -30.585  -6.175 0.6999999881
40779  -27.960  -31.781  -7.043 0.8000000119
40788  -28.321  -31.032  -6.768 0.6999999881
39889  -26.574  -32.272  -7.943 0.8000000119
114191  -27.141  -31.635  -7.555 0.8000000119
41698  -28.060  -30.463  -7.312 0.6999999881
36394  -22.585  -36.210  -10.366 0.8000000119
37231  -22.175  -35.642  -10.271 0.8000000119
41696  -26.837  -30.867  -7.841 0.8000000119
39014  -22.236  -33.587  -10.001 0.8000000119
115914  -23.871  -32.297  -9.316 0.8000000119
40785  -25.851  -31.728  -8.293 0.8000000119
36401  -22.715  -36.441  -10.932 0.8000000119
118976  -21.566  -34.006  -10.671 0.8000000119
39899  -23.078  -32.897  -9.570 0.8000000119
40796  -24.278  -31.514  -9.157 0.8000000119
37255  -22.535  -35.920  -11.218 0.8000000119
37254  -22.033  -35.128  -11.045 0.8000000119
38151  -22.067  -34.168  -11.359 0.6999999881
37258  -25.663  -35.197  -11.943 0.6000000238
38155  -26.323  -34.562  -11.424 0.6000000238
38152  -22.707  -35.114  -11.387 0.8000000119
125282  -23.241  -34.267  -11.608 0.6999999881
39043  -23.945  -33.463  -11.641 0.6999999881
39827  -30.470  -32.439  -1.711 0.5000000000
38959  -30.865  -33.075  -2.159 0.5000000000
42591  -27.261  -29.632  -1.584 0.3000000119
40720  -30.498  -31.718  -2.019 0.5000000000
42605  -27.831  -29.013  -1.907 0.3000000119
116328  -30.586  -31.645  -2.716 0.5000000000
39849  -30.540  -32.048  -3.374 0.6000000238
44510  -26.978  -27.724  -2.747 0.3000000119
42606  -28.891  -29.152  -2.105 0.3000000119
40744  -30.472  -31.135  -3.404 0.6000000238
131401  -30.217  -30.887  -4.207 0.6000000238
45583  -25.369  -26.774  -3.753 0.3000000119
44527  -26.626  -27.250  -3.291 0.3000000119
42607  -29.622  -29.075  -2.637 0.3000000119
45584  -26.226  -26.740  -3.755 0.3000000119
41670  -29.788  -31.041  -4.846 0.6000000238
45598  -25.004  -26.319  -4.301 0.3000000119
40772  -29.282  -31.214  -5.534 0.6999999881
40798  -25.991  -31.002  -8.263 0.8000000119
41709  -27.079  -30.205  -8.157 0.6999999881
42656  -27.810  -29.994  -7.852 0.6999999881
41708  -26.281  -30.405  -8.465 0.6999999881
40797  -25.167  -31.196  -8.648 0.8000000119
41716  -25.706  -29.934  -9.073 0.6999999881
39898  -22.215  -32.622  -10.169 0.8000000119
119058  -22.914  -32.243  -9.732 0.6999999881
40795  -23.187  -31.616  -9.699 0.8000000119
41715  -24.686  -29.975  -9.398 0.6000000238
38156  -27.193  -34.785  -11.194 0.6000000238
39030  -21.578  -33.405  -11.114 0.6999999881
39923  -21.759  -32.609  -11.343 0.6999999881
39913  -21.552  -32.601  -11.081 0.6999999881
39044  -25.055  -33.575  -11.479 0.6999999881
39042  -22.772  -33.433  -11.551 0.6999999881
42708  -25.102  -29.020  -12.979 0.5000000000
41749  -25.504  -29.863  -12.472 0.5000000000
41649  -30.402  -30.241  -3.818 0.6000000238
119681  -30.312  -29.715  -4.385 0.6000000238
42644  -30.039  -29.565  -5.154 0.6000000238
115746  -29.489  -29.787  -5.963 0.6999999881
41689  -28.578  -30.346  -6.850 0.6999999881
46583  -22.708  -25.425  -5.605 0.3000000119
42651  -29.043  -29.838  -6.666 0.6999999881
42657  -28.546  -29.759  -7.389 0.6999999881
41706  -24.429  -30.661  -9.208 0.6999999881
42664  -27.472  -29.614  -8.503 0.6000000238
39024  -21.572  -33.056  -10.739 0.6999999881
39906  -21.696  -32.195  -10.815 0.6999999881
41705  -23.420  -30.847  -9.730 0.6999999881
41714  -23.634  -30.067  -9.850 0.6000000238
40813  -22.231  -30.928  -10.986 0.6999999881
39045  -26.032  -33.751  -11.199 0.6000000238
120312  -23.311  -32.629  -11.553 0.6999999881
39925  -23.750  -31.760  -11.524 0.6999999881
115191  -25.412  -31.184  -11.481 0.6000000238
42616  -30.396  -29.455  -3.869 0.5000000000
43572  -30.374  -28.325  -4.638 0.4000000060
42629  -30.380  -29.066  -4.529 0.5000000000
43591  -30.273  -28.661  -5.248 0.5000000000
42643  -29.866  -28.986  -5.921 0.6000000238
46607  -23.249  -25.109  -6.272 0.3000000119
46585  -24.388  -25.479  -5.488 0.3000000119
42658  -29.218  -29.211  -7.119 0.6999999881
43602  -28.901  -29.033  -7.816 0.6000000238
42665  -28.245  -29.395  -8.170 0.6000000238
42673  -25.106  -29.397  -9.734 0.6000000238
40805  -22.529  -31.136  -10.367 0.6999999881
42674  -26.136  -29.383  -9.471 0.6000000238
42671  -23.092  -29.611  -10.722 0.6999999881
42685  -23.475  -28.877  -11.092 0.6000000238
40827  -23.101  -30.897  -11.604 0.6999999881
114623  -24.794  -31.685  -11.384 0.6999999881
39031  -25.756  -32.883  -11.021 0.6000000238
39032  -26.516  -33.149  -10.765 0.5000000000
39914  -25.635  -31.949  -11.010 0.6000000238
39915  -26.541  -32.325  -10.760 0.6000000238
41734  -23.691  -30.184  -11.986 0.6000000238
40828  -24.254  -31.016  -11.676 0.5000000000
41736  -26.040  -30.551  -11.777 0.5000000000
40814  -26.572  -31.364  -11.158 0.5000000000
131115  -26.593  -29.991  -12.360 0.5000000000
42709  -26.090  -29.369  -12.946 0.5000000000
44540  -30.266  -27.594  -4.830 0.4000000060
46562  -28.162  -25.757  -4.782 0.4000000060
43597  -30.223  -28.120  -6.003 0.6000000238
46608  -24.084  -25.130  -6.173 0.3000000119
46609  -24.926  -25.070  -6.031 0.3000000119
46587  -26.505  -25.322  -5.358 0.3000000119
43603  -29.414  -28.637  -7.495 0.6000000238
48532  -24.194  -23.933  -7.598 0.3000000119
43611  -29.292  -28.308  -8.259 0.6000000238
43609  -28.007  -29.001  -8.976 0.5000000000
43610  -28.645  -28.837  -8.457 0.6000000238
43620  -26.602  -28.859  -9.944 0.6000000238
43619  -25.603  -28.879  -10.171 0.6000000238
43621  -27.501  -28.726  -9.731 0.6000000238
43618  -24.523  -28.844  -10.490 0.6000000238
43637  -26.086  -28.364  -10.643 0.6000000238
115246  -22.656  -30.049  -11.295 0.6999999881
43635  -24.163  -28.401  -11.210 0.6000000238
41733  -22.926  -30.083  -11.740 0.6999999881
41748  -24.374  -29.597  -12.439 0.5000000000
41735  -24.862  -30.430  -12.007 0.5000000000
136087  -25.791  -28.923  -13.258 0.5000000000
129900  -29.391  -26.504  -4.557 0.4000000060
117269  -30.379  -27.993  -5.293 0.4000000060
45603  -30.015  -26.848  -5.010 0.4000000060
46590  -29.386  -25.545  -5.530 0.4000000060
136440  -30.300  -27.574  -6.273 0.4000000060
44565  -30.149  -27.767  -6.753 0.4000000060
43596  -29.762  -28.576  -6.757 0.5000000000
47579  -25.464  -24.579  -6.564 0.3000000119
47580  -26.398  -24.521  -6.433 0.3000000119
47557  -26.674  -24.882  -5.874 0.4000000060
44572  -29.826  -28.005  -7.488 0.4000000060
47596  -26.046  -24.051  -7.077 0.3000000119
47581  -27.423  -24.532  -6.236 0.4000000060
43623  -28.728  -28.397  -9.053 0.5000000000
43622  -28.186  -28.488  -9.567 0.5000000000
43638  -27.075  -28.365  -10.456 0.6000000238
44587  -28.652  -27.957  -9.803 0.5000000000
43636  -25.051  -28.337  -10.888 0.6000000238
44601  -26.548  -27.862  -11.157 0.6000000238
122697  -23.191  -28.903  -11.739 0.6000000238
44599  -24.507  -27.901  -11.679 0.6000000238
41747  -23.465  -29.411  -12.155 0.5000000000
42707  -24.078  -28.785  -12.622 0.5000000000
42720  -25.532  -28.436  -13.487 0.5000000000
43673  -27.012  -28.511  -13.881 0.5000000000
42721  -26.445  -28.843  -13.478 0.5000000000
44556  -30.313  -27.282  -5.732 0.4000000060
45621  -30.115  -26.534  -5.609 0.4000000060
44566  -30.316  -27.127  -6.571 0.4000000060
46591  -29.990  -25.915  -5.865 0.4000000060
44573  -30.194  -27.220  -7.365 0.4000000060
119710  -24.894  -23.465  -7.767 0.3000000119
44588  -29.390  -27.621  -9.155 0.4000000060
44580  -29.883  -27.456  -8.217 0.5000000000
44604  -29.159  -27.300  -10.165 0.4000000060
44603  -28.419  -27.660  -10.658 0.5000000000
44602  -27.539  -27.843  -10.964 0.5000000000
45664  -28.898  -27.002  -11.124 0.5000000000
44600  -25.504  -27.827  -11.377 0.6000000238
44615  -26.991  -27.413  -11.740 0.5000000000
44616  -28.004  -27.314  -11.524 0.5000000000
43660  -23.968  -28.170  -12.700 0.5000000000
44625  -24.317  -27.737  -12.489 0.6000000238
45676  -25.434  -27.122  -12.723 0.6000000238
44614  -25.947  -27.386  -11.933 0.6000000238
44626  -24.799  -27.328  -12.842 0.6000000238
43661  -24.647  -28.222  -13.175 0.5000000000
43672  -26.209  -28.047  -13.921 0.5000000000
43674  -27.887  -28.524  -14.106 0.5000000000
43671  -24.569  -27.616  -13.118 0.5000000000
51403  -23.383  -20.457  -8.191 0.3000000119
127249  -24.799  -21.196  -8.409 0.4000000060
50545  -25.593  -21.006  -8.762 0.4000000060
45677  -26.349  -27.034  -12.503 0.5000000000
52268  -24.307  -18.918  -8.694 0.4000000060
45689  -25.929  -26.878  -13.167 0.5000000000
46666  -27.921  -25.111  -13.440 0.5000000000
45691  -28.630  -25.706  -12.513 0.5000000000
45700  -25.979  -26.958  -13.569 0.5000000000
45690  -27.457  -26.161  -13.055 0.5000000000
44636  -25.351  -27.657  -13.515 0.5000000000
45707  -26.200  -27.043  -13.899 0.6000000238
43682  -28.704  -28.157  -14.476 0.5000000000
43681  -27.048  -28.049  -14.187 0.6000000238
45709  -28.016  -26.718  -14.677 0.5000000000
44646  -27.653  -27.603  -14.466 0.6000000238
45710  -29.144  -26.901  -14.864 0.4000000060
51414  -25.433  -20.302  -8.987 0.4000000060
50546  -26.411  -21.137  -9.093 0.4000000060
114522  -26.582  -26.539  -13.530 0.5000000000
120121  -27.198  -25.739  -14.089 0.5000000000
131977  -27.127  -24.755  -15.013 0.5000000000
46677  -27.119  -24.848  -14.572 0.5000000000
44645  -26.609  -27.440  -14.125 0.5000000000
45708  -27.005  -26.652  -14.254 0.5000000000
45718  -29.777  -26.221  -15.124 0.4000000060
45717  -28.517  -26.004  -15.058 0.5000000000
52270  -26.524  -19.733  -9.636 0.4000000060
53094  -24.813  -18.307  -9.100 0.4000000060
124411  -27.105  -25.418  -14.004 0.5000000000
45716  -27.493  -25.638  -14.660 0.4000000060
46681  -27.827  -25.087  -15.234 0.4000000060
46683  -30.632  -25.553  -15.548 0.3000000119
47664  -26.564  -23.637  -14.768 0.4000000060
47673  -27.224  -24.259  -15.382 0.4000000060
46682  -29.137  -25.251  -15.496 0.5000000000
125799  -30.205  -24.785  -15.927 0.4000000060
47676  -29.832  -24.178  -16.025 0.4000000060
47674  -27.750  -23.797  -15.701 0.4000000060
48617  -32.735  -24.510  -17.125 0.4000000060
132081  -28.098  -24.548  -15.552 0.4000000060
47682  -30.896  -24.493  -16.577 0.4000000060
49631  -28.562  -22.862  -15.704 0.4000000060
48625  -31.989  -23.975  -17.630 0.4000000060
48626  -32.464  -24.309  -17.469 0.4000000060
49644  -32.939  -23.678  -17.601 0.4000000060
49633  -32.997  -23.665  -16.593 0.4000000060
48616  -30.212  -23.668  -16.183 0.4000000060
134092  -31.364  -24.173  -17.095 0.4000000060
49632  -30.656  -22.962  -16.270 0.4000000060
131954  -29.659  -22.907  -15.619 0.4000000060
48624  -31.376  -23.487  -17.153 0.3000000119
49643  -31.970  -23.103  -17.930 0.4000000060
48632  -32.565  -23.414  -17.863 0.4000000060
49645  -33.291  -22.761  -17.411 0.4000000060
133385  -32.601  -22.526  -18.237 0.5000000000
118101  -31.357  -22.684  -17.277 0.4000000060
25301  -26.375  -50.611  -10.643 0.6999999881
25264  -31.337  -50.671  -6.251 0.6999999881
23665  -24.457  -52.641  -6.135 0.6000000238
26014  -30.016  -49.401  -3.675 0.6999999881
26885  -31.268  -48.060  -6.864 0.8000000119
27611  -31.637  -47.855  -5.442 0.8000000119
27582  -29.823  -47.008  -3.120 0.6999999881
29279  -31.507  -45.494  -6.945 0.8000000119
27637  -22.078  -47.388  -7.802 0.4000000060
30148  -28.716  -44.909  -2.486 0.6000000238
116973  -32.137  -42.951  -4.467 0.8000000119
31815  -31.899  -42.283  -6.425 0.8000000119
30962  -30.543  -43.554  -2.220 0.8000000119
32510  -24.624  -41.376  -1.151 0.4000000060
134953  -26.496  -43.357  -4.066 0.6000000238
32555  -25.931  -41.223  -4.261 0.6000000238
121299  -29.575  -39.029  -8.676 0.6999999881
37223  -26.569  -35.097  -8.928 0.8000000119
35538  -30.697  -37.448  -1.455 0.6999999881
38097  -29.873  -34.386  -5.562 0.6999999881
38983  -29.889  -33.105  -4.758 0.6000000238
40732  -30.158  -31.189  -1.825 0.5000000000
43562  -30.331  -28.721  -3.914 0.4000000060
45638  -30.343  -26.448  -7.051 0.4000000060
24511  -26.180  -51.742  -13.552 0.5000000000
24512  -27.065  -51.475  -13.540 0.5000000000
22874  -26.591  -53.414  -10.957 0.6999999881
26108  -28.383  -49.191  -12.868 0.5000000000
21983  -25.858  -54.351  -5.314 0.5000000000
25284  -30.318  -50.937  -8.016 0.6999999881
125968  -30.079  -50.118  -8.340 0.6999999881
122882  -27.986  -49.804  -9.849 0.6999999881
26093  -27.488  -49.157  -9.970 0.6999999881
117007  -27.963  -46.677  -12.702 0.6999999881
28471  -29.668  -46.468  -13.110 0.5000000000
29323  -29.041  -45.080  -12.906 0.5000000000
132688  -26.565  -51.009  -5.011 0.6000000238
28460  -27.324  -46.065  -12.473 0.6999999881
24424  -27.681  -51.933  -4.391 0.6000000238
26058  -31.406  -49.742  -6.406 0.8000000119
26900  -30.334  -48.403  -8.314 0.6999999881
26851  -31.561  -48.559  -4.907 0.8000000119
25247  -24.394  -50.277  -6.135 0.6000000238
30220  -26.490  -44.792  -11.247 0.8000000119
120674  -31.685  -47.189  -5.644 0.6999999881
25272  -22.454  -50.879  -7.313 0.5000000000
30239  -29.631  -44.367  -13.054 0.5000000000
26860  -24.282  -48.829  -6.297 0.6000000238
122065  -32.011  -45.579  -5.447 0.8000000119
31064  -30.009  -43.640  -13.176 0.6000000238
29239  -30.986  -46.053  -3.282 0.6999999881
27609  -25.450  -47.452  -5.393 0.6000000238
31839  -26.960  -43.278  -10.439 0.8000000119
31873  -30.055  -42.350  -12.912 0.6000000238
31882  -31.312  -42.779  -14.144 0.4000000060
121908  -21.313  -46.612  -8.605 0.3000000119
129452  -21.355  -48.519  -8.161 0.4000000060
31020  -30.032  -43.754  -8.939 0.8999999762
29228  -28.537  -45.525  -2.832 0.6000000238
134463  -27.609  -46.188  -3.777 0.6000000238
28367  -25.682  -45.917  -5.116 0.5000000000
27638  -22.901  -47.174  -7.216 0.4000000060
27624  -24.229  -47.004  -6.300 0.5000000000
31822  -30.955  -42.673  -8.023 0.8000000119
32619  -28.706  -41.708  -12.441 0.6999999881
126742  -29.662  -39.963  -12.752 0.6000000238
29277  -21.984  -43.725  -8.024 0.5000000000
131728  -23.080  -45.271  -7.144 0.5000000000
28397  -23.738  -45.971  -6.564 0.5000000000
124635  -31.478  -42.472  -2.783 0.6999999881
30147  -27.301  -44.518  -3.495 0.6000000238
31000  -23.755  -42.819  -6.450 0.6000000238
30173  -23.057  -43.214  -6.953 0.5000000000
31814  -23.428  -42.052  -6.031 0.6000000238
30172  -22.018  -43.034  -7.481 0.5000000000
30153  -23.557  -43.148  -4.061 0.6000000238
30980  -23.403  -42.245  -4.465 0.6000000238
30174  -24.052  -44.012  -6.461 0.5000000000
30161  -25.156  -43.888  -5.491 0.6000000238
131594  -24.844  -43.069  -5.716 0.6000000238
29263  -24.254  -45.219  -6.155 0.5000000000
30154  -25.822  -44.254  -4.817 0.5000000000
32501  -24.325  -41.018  -0.735 0.4000000060
33300  -31.977  -40.895  -3.790 0.6999999881
123553  -29.017  -41.114  -9.497 0.8000000119
32553  -24.707  -41.503  -4.609 0.5000000000
31806  -24.828  -41.968  -5.151 0.6000000238
30989  -24.672  -42.515  -5.572 0.6000000238
30982  -26.131  -42.777  -4.335 0.6000000238
31800  -25.998  -41.892  -4.341 0.6000000238
33297  -24.980  -40.192  -3.784 0.4000000060
33298  -25.490  -40.270  -3.919 0.5000000000
33309  -32.029  -40.218  -4.344 0.6999999881
34804  -25.247  -38.772  -3.387 0.5000000000
34065  -31.295  -39.795  -6.869 0.6999999881
34881  -28.492  -38.634  -12.643 0.6999999881
35562  -24.932  -38.310  -3.289 0.5000000000
123623  -26.460  -39.503  -12.374 0.8000000119
33282  -27.034  -40.723  -1.726 0.6000000238
34010  -26.647  -39.695  -1.809 0.6000000238
33265  -28.024  -40.837  -1.038 0.6999999881
33299  -26.100  -40.621  -3.829 0.6000000238
116551  -25.807  -39.828  -3.624 0.5000000000
36335  -24.583  -36.988  -3.018 0.3000000119
34878  -25.615  -39.061  -12.358 0.8000000119
34877  -24.947  -39.086  -12.206 0.8000000119
35631  -26.598  -37.332  -12.540 0.6000000238
34776  -26.290  -38.407  -1.784 0.6000000238
36321  -26.139  -36.549  -0.939 0.4000000060
34821  -31.370  -38.309  -6.029 0.6999999881
35598  -28.706  -37.553  -8.643 0.8000000119
36367  -30.596  -36.634  -6.300 0.6999999881
34853  -24.434  -38.690  -11.271 0.8000000119
35629  -24.766  -37.954  -12.279 0.8000000119
35549  -31.328  -37.063  -2.222 0.6999999881
35563  -31.582  -36.980  -4.193 0.6999999881
116929  -24.751  -33.809  -0.962 0.3000000119
35574  -30.991  -36.948  -5.892 0.6999999881
36356  -31.215  -36.229  -4.682 0.6999999881
37196  -30.092  -35.161  -5.822 0.6999999881
36385  -27.724  -36.312  -8.737 0.8000000119
38048  -26.891  -34.213  -0.367 0.5000000000
38046  -25.454  -33.629  -0.631 0.3000000119
119195  -27.842  -34.261  -0.376 0.5000000000
36347  -31.464  -35.940  -3.326 0.6999999881
37192  -31.310  -35.830  -4.016 0.6999999881
40714  -24.709  -31.641  -1.181 0.3000000119
38049  -29.081  -34.890  -0.552 0.6000000238
40706  -27.247  -31.855  -0.667 0.3000000119
118087  -25.737  -29.896  -1.611 0.3000000119
41623  -26.617  -30.188  -1.369 0.3000000119
37257  -24.481  -35.299  -11.964 0.6999999881
39814  -28.393  -32.827  -0.552 0.6000000238
39824  -28.228  -32.027  -0.674 0.4000000060
113913  -30.991  -33.825  -2.694 0.6999999881
38071  -31.119  -34.581  -3.196 0.6999999881
114823  -30.722  -33.892  -3.673 0.6999999881
40787  -27.612  -31.037  -7.332 0.8000000119
39887  -25.083  -31.955  -8.691 0.8000000119
38154  -25.355  -34.443  -11.691 0.6000000238
40719  -29.864  -31.805  -1.365 0.5000000000
44509  -26.201  -27.696  -2.864 0.3000000119
43547  -27.361  -28.365  -2.323 0.3000000119
41639  -30.426  -30.396  -2.921 0.5000000000
40764  -30.121  -31.675  -4.284 0.6000000238
39874  -28.550  -32.222  -6.435 0.8000000119
41683  -29.602  -30.423  -5.388 0.6000000238
41697  -27.472  -30.514  -7.676 0.6999999881
39926  -24.653  -32.552  -11.346 0.6999999881
136084  -29.481  -29.477  -2.265 0.3000000119
45585  -27.117  -26.711  -3.742 0.3000000119
41671  -30.092  -30.316  -4.638 0.6000000238
39924  -22.441  -31.875  -11.479 0.6999999881
40812  -21.897  -31.818  -11.111 0.6999999881
125997  -29.479  -29.287  -6.490 0.6999999881
42675  -27.072  -29.257  -9.226 0.6000000238
130281  -22.483  -30.906  -11.331 0.6999999881
44531  -30.153  -27.930  -4.027 0.4000000060
42684  -22.967  -29.328  -11.386 0.6000000238
43650  -23.700  -28.322  -11.938 0.6000000238
44539  -29.772  -27.196  -4.282 0.4000000060
131499  -27.878  -25.338  -5.233 0.4000000060
46610  -25.848  -25.043  -5.841 0.3000000119
47595  -24.231  -24.357  -7.172 0.3000000119
119528  -25.018  -24.088  -7.234 0.3000000119
43639  -27.941  -28.237  -10.227 0.5000000000
42695  -23.034  -29.390  -11.777 0.5000000000
45646  -30.250  -26.489  -8.063 0.4000000060
45652  -29.726  -26.767  -9.602 0.4000000060
45699  -25.271  -27.163  -13.297 0.6000000238
51404  -24.315  -20.499  -8.404 0.3000000119
123633  -26.696  -26.661  -12.914 0.5000000000
51415  -26.076  -20.408  -9.254 0.4000000060
48615  -28.753  -23.585  -15.795 0.4000000060
48614  -27.477  -22.920  -15.724 0.4000000060
49650  -33.129  -22.781  -18.133 0.4000000060
49622  -30.939  -22.144  -16.009 0.4000000060
50591  -33.595  -21.751  -17.046 0.3000000119
19825  -28.111  -57.723  -8.802 0.5000000000
19831  -27.716  -57.274  -9.592 0.5000000000
19054  -28.431  -58.154  -5.671 0.4000000060
19819  -29.015  -57.840  -7.173 0.5000000000
19061  -28.546  -58.397  -6.983 0.5000000000
19826  -28.645  -57.332  -8.440 0.5000000000
19832  -28.372  -57.086  -9.022 0.6000000238
21259  -28.287  -55.472  -9.720 0.6000000238
135704  -29.359  -57.342  -6.161 0.5000000000
20507  -29.386  -56.876  -5.679 0.5000000000
19820  -29.431  -57.354  -6.837 0.5000000000
20534  -29.550  -56.437  -7.978 0.5000000000
20506  -28.655  -56.782  -5.077 0.5000000000
21254  -29.465  -55.721  -8.497 0.6000000238
21260  -29.031  -55.101  -9.154 0.6000000238
21253  -28.872  -55.886  -9.165 0.6000000238
22038  -28.484  -54.494  -9.649 0.6000000238
22869  -27.978  -53.852  -10.123 0.6000000238
22870  -28.608  -53.613  -9.573 0.6000000238
22037  -27.782  -54.720  -10.226 0.6000000238
120733  -27.251  -54.043  -10.628 0.6000000238
22875  -27.393  -53.213  -10.472 0.6000000238
115686  -29.793  -56.315  -5.853 0.5000000000
21243  -30.007  -55.784  -7.641 0.5000000000
135788  -29.842  -55.295  -8.120 0.6000000238
21206  -28.604  -55.851  -4.807 0.5000000000
21219  -29.334  -56.141  -5.257 0.5000000000
22029  -29.635  -54.783  -8.504 0.6000000238
21204  -27.070  -55.763  -4.730 0.5000000000
21205  -27.792  -55.443  -4.692 0.5000000000
22039  -29.151  -54.192  -9.109 0.6000000238
120791  -28.111  -53.039  -9.993 0.6000000238
23697  -26.699  -52.559  -10.766 0.6000000238
21233  -30.174  -55.984  -6.582 0.5000000000
22015  -30.162  -54.840  -7.788 0.5000000000
21207  -29.296  -55.303  -4.900 0.5000000000
21221  -30.275  -54.752  -5.594 0.5000000000
21234  -30.461  -55.064  -6.308 0.5000000000
22016  -30.611  -54.374  -6.995 0.5000000000
136010  -29.975  -54.370  -8.198 0.6000000238
21971  -27.616  -54.606  -4.687 0.5000000000
21972  -28.481  -55.007  -4.645 0.5000000000
123646  -29.719  -53.937  -8.540 0.6000000238
21218  -27.126  -55.095  -4.791 0.5000000000
22823  -27.139  -53.988  -4.833 0.5000000000
22871  -29.254  -53.219  -9.045 0.6000000238
132833  -28.654  -52.900  -9.543 0.6000000238
23691  -27.539  -52.380  -10.282 0.6000000238
21985  -29.843  -54.688  -5.048 0.5000000000
22838  -30.730  -53.581  -6.424 0.5000000000
22853  -30.637  -53.427  -7.193 0.6000000238
23678  -30.661  -52.544  -7.298 0.6000000238
21974  -29.782  -53.900  -4.760 0.5000000000
22030  -30.271  -53.899  -7.871 0.6000000238
22865  -30.358  -53.095  -7.769 0.6000000238
21984  -26.760  -54.491  -4.945 0.5000000000
22837  -25.091  -53.830  -5.727 0.5000000000
23692  -28.299  -52.296  -9.803 0.6000000238
24481  -27.777  -51.569  -10.039 0.6000000238
22809  -29.659  -53.131  -4.548 0.5000000000
22810  -30.220  -53.327  -4.930 0.5000000000
22824  -30.592  -53.494  -5.584 0.5000000000
119926  -30.980  -52.303  -6.515 0.6000000238
22807  -27.768  -53.808  -4.595 0.5000000000
22806  -27.107  -53.293  -4.778 0.5000000000
118262  -27.928  -52.913  -4.430 0.6000000238
23634  -30.161  -52.516  -4.617 0.6000000238
23651  -30.644  -52.683  -5.192 0.5000000000
23652  -31.079  -52.010  -5.633 0.5000000000
24460  -31.167  -51.538  -6.409 0.6000000238
23633  -29.427  -52.368  -4.283 0.6000000238
24469  -30.870  -51.830  -7.030 0.6000000238
23649  -25.613  -52.496  -5.515 0.5000000000
23631  -27.056  -52.422  -4.771 0.5000000000
119934  -28.558  -52.204  -4.185 0.6000000238
23666  -25.036  -53.014  -5.765 0.4000000060
24426  -29.977  -51.701  -4.273 0.6000000238
24427  -30.703  -51.764  -4.789 0.6000000238
24446  -31.134  -51.367  -5.202 0.5000000000
24461  -31.295  -51.288  -5.759 0.6000000238
25263  -30.906  -51.030  -7.167 0.6000000238
123199  -31.333  -50.753  -5.370 0.6999999881
38104  -29.032  -33.790  -6.347 0.6000000238
37259  -26.586  -35.304  -11.797 0.5000000000
50602  -33.534  -22.001  -18.042 0.4000000060
51476  -33.763  -21.172  -17.788 0.3000000119
121676  -33.788  -20.401  -17.489 0.3000000119
52323  -33.930  -19.743  -16.506 0.3000000119
122213  -27.865  -58.857  -5.733 0.4000000060
19060  -28.003  -58.975  -6.684 0.5000000000
19074  -28.497  -57.985  -7.900 0.5000000000
20536  -27.557  -56.466  -10.101 0.5000000000
19809  -28.916  -57.502  -5.642 0.4000000060
135969  -27.930  -56.004  -9.934 0.6000000238
21258  -27.473  -55.614  -10.364 0.5000000000
22049  -27.055  -54.833  -10.782 0.5000000000
19801  -27.465  -57.549  -4.755 0.4000000060
20505  -27.870  -56.984  -4.825 0.5000000000
20493  -26.166  -55.947  -4.736 0.5000000000
20495  -27.853  -56.267  -4.746 0.5000000000
21217  -26.409  -55.135  -4.941 0.3000000119
21231  -23.226  -54.514  -6.384 0.4000000060
31874  -30.675  -42.498  -13.506 0.4000000060
32635  -31.122  -41.846  -13.934 0.4000000060
32627  -30.474  -41.646  -13.254 0.4000000060
37269  -26.875  -35.965  -12.235 0.5000000000
120297  -27.411  -35.554  -11.600 0.5000000000
52334  -33.713  -19.687  -17.658 0.3000000119
53159  -34.237  -18.198  -16.064 0.3000000119
19053  -27.794  -58.230  -5.115 0.4000000060
22864  -29.910  -53.161  -8.347 0.6000000238
22822  -26.500  -53.735  -5.112 0.5000000000
23650  -26.384  -52.868  -5.153 0.6000000238
36415  -27.681  -36.214  -12.065 0.5000000000
21216  -25.558  -55.208  -5.170 0.4000000060
20537  -28.275  -56.414  -9.478 0.6000000238
133560  -28.411  -58.498  -6.239 0.4000000060
19827  -29.199  -57.220  -7.761 0.5000000000
20533  -28.965  -56.614  -8.660 0.6000000238
20516  -29.723  -56.801  -6.381 0.5000000000
19808  -28.239  -57.575  -5.138 0.5000000000
22000  -30.588  -54.261  -6.006 0.5000000000
21986  -30.249  -54.094  -5.264 0.5000000000
131180  -28.322  -54.314  -4.552 0.5000000000
22808  -28.565  -53.687  -4.455 0.5000000000
51484  -33.440  -21.385  -18.292 0.4000000060
22048  -26.536  -54.226  -11.127 0.4000000060
20494  -27.041  -56.690  -4.640 0.4000000060
30183  -20.380  -43.033  -8.837 0.4000000060
29276  -21.270  -43.878  -8.695 0.3000000119
28395  -22.238  -45.012  -7.903 0.4000000060
30997  -21.061  -42.452  -7.130 0.4000000060
31010  -21.302  -42.524  -7.528 0.4000000060
29235  -23.120  -45.558  -4.560 0.4000000060
30159  -22.017  -42.994  -5.254 0.4000000060
30986  -21.469  -42.527  -6.311 0.4000000060
31803  -21.799  -42.291  -6.348 0.4000000060
28344  -24.300  -46.294  -2.715 0.3000000119
29236  -23.865  -45.377  -3.900 0.3000000119
29217  -24.255  -45.508  -2.312 0.4000000060
29225  -24.245  -46.089  -3.350 0.4000000060
123241  -23.778  -44.289  -3.888 0.5000000000
30134  -24.460  -44.613  -2.479 0.4000000060
132510  -24.490  -44.093  -2.001 0.4000000060
30118  -24.230  -43.791  -1.612 0.4000000060
134967  -27.019  -32.972  -0.443 0.3000000119
41638  -30.076  -30.511  -2.109 0.3000000119
41637  -29.323  -29.977  -1.826 0.3000000119
116707  -30.016  -29.742  -2.564 0.3000000119
42608  -30.351  -29.808  -3.289 0.3000000119
45602  -29.009  -26.870  -3.879 0.3000000119
121497  -28.558  -26.318  -4.340 0.3000000119
45678  -27.326  -26.891  -12.338 0.4000000060
46588  -27.290  -25.090  -5.540 0.3000000119
113876  -28.357  -26.600  -12.058 0.4000000060
127238  -26.879  -24.356  -14.614 0.4000000060
47668  -26.661  -24.038  -15.044 0.3000000119
46563  -29.023  -25.863  -4.873 0.3000000119
46589  -28.628  -25.368  -5.316 0.3000000119
46611  -29.746  -25.231  -6.190 0.3000000119
47559  -29.030  -24.929  -5.875 0.3000000119
46612  -30.214  -25.753  -6.604 0.3000000119
47582  -28.509  -24.449  -6.341 0.3000000119
47583  -29.396  -24.593  -6.566 0.3000000119
47598  -29.684  -24.321  -7.326 0.3000000119
46619  -30.314  -25.650  -7.473 0.3000000119
118821  -27.024  -23.993  -6.919 0.3000000119
124055  -28.018  -23.952  -6.835 0.3000000119
45645  -29.959  -26.933  -8.838 0.3000000119
48534  -26.703  -23.481  -7.510 0.3000000119
48551  -25.577  -22.966  -8.083 0.3000000119
48552  -26.438  -22.955  -8.021 0.3000000119
45665  -29.528  -26.514  -10.496 0.3000000119
45679  -29.299  -26.034  -11.466 0.3000000119
51405  -25.009  -20.569  -8.667 0.3000000119
52269  -25.650  -19.638  -9.262 0.3000000119
47655  -27.109  -24.064  -14.185 0.3000000119
48613  -26.855  -23.355  -15.451 0.3000000119
46618  -30.053  -24.990  -6.946 0.3000000119
47597  -28.940  -24.023  -6.971 0.3000000119
47599  -30.199  -24.833  -7.814 0.3000000119
45653  -30.178  -26.186  -9.034 0.3000000119
48536  -28.506  -23.611  -7.376 0.3000000119
47610  -30.282  -24.674  -8.716 0.3000000119
46635  -30.288  -25.338  -9.327 0.3000000119
48535  -27.690  -23.466  -7.421 0.3000000119
48553  -27.410  -22.912  -7.996 0.3000000119
48537  -29.249  -23.681  -7.681 0.3000000119
46634  -30.021  -25.976  -9.898 0.3000000119
49559  -25.406  -22.319  -8.293 0.3000000119
132252  -29.825  -25.785  -10.649 0.3000000119
113777  -29.822  -25.083  -11.129 0.3000000119
117898  -25.964  -21.729  -8.600 0.3000000119
46657  -29.384  -25.082  -12.047 0.3000000119
46667  -28.837  -24.882  -12.776 0.3000000119
134866  -26.108  -19.126  -9.505 0.3000000119
47656  -28.340  -23.952  -13.209 0.3000000119
48601  -26.666  -22.736  -14.485 0.3000000119
49619  -26.359  -22.111  -14.866 0.3000000119
49630  -27.351  -22.157  -15.391 0.3000000119
49629  -26.646  -22.433  -15.331 0.3000000119
47609  -29.960  -24.058  -8.131 0.3000000119
47621  -30.097  -23.892  -9.010 0.3000000119
47622  -30.222  -24.491  -9.619 0.3000000119
48554  -28.533  -23.097  -8.052 0.3000000119
48555  -29.499  -23.388  -8.495 0.3000000119
49560  -26.210  -22.383  -8.376 0.3000000119
50531  -26.741  -21.791  -8.808 0.3000000119
49562  -28.040  -22.390  -8.766 0.3000000119
46647  -30.148  -25.137  -10.221 0.3000000119
47646  -29.608  -24.182  -11.684 0.3000000119
51416  -26.791  -20.542  -9.584 0.3000000119
48596  -28.978  -23.417  -12.347 0.3000000119
127745  -27.095  -20.028  -9.963 0.3000000119
47657  -29.166  -24.338  -12.421 0.3000000119
53096  -26.690  -18.899  -9.706 0.3000000119
52271  -27.238  -19.388  -9.941 0.3000000119
121559  -27.387  -23.060  -13.760 0.3000000119
49612  -26.578  -21.892  -14.364 0.3000000119
50578  -26.573  -21.808  -14.958 0.3000000119
117107  -30.008  -23.793  -9.793 0.3000000119
49579  -27.938  -21.692  -9.571 0.3000000119
131176  -28.554  -22.274  -9.458 0.3000000119
49581  -29.150  -22.605  -9.830 0.3000000119
50532  -27.431  -21.888  -8.995 0.3000000119
49595  -28.931  -22.429  -10.693 0.3000000119
48576  -29.617  -23.209  -10.298 0.3000000119
47636  -29.966  -24.120  -10.607 0.3000000119
50547  -27.197  -21.270  -9.452 0.3000000119
123639  -28.510  -19.133  -10.313 0.3000000119
49608  -27.548  -21.734  -12.890 0.3000000119
53108  -27.368  -18.588  -9.951 0.3000000119
127576  -27.836  -19.101  -10.135 0.3000000119
48595  -27.997  -22.691  -13.035 0.3000000119
48594  -26.981  -22.110  -13.639 0.3000000119
50568  -26.753  -21.692  -14.387 0.3000000119
132335  -26.455  -21.852  -14.666 0.3000000119
49620  -28.531  -22.210  -15.140 0.3000000119
49580  -28.465  -21.958  -10.165 0.3000000119
48587  -29.295  -23.070  -11.356 0.3000000119
51425  -27.373  -20.584  -9.971 0.3000000119
50552  -27.916  -21.242  -10.364 0.3000000119
135139  -28.083  -20.200  -10.537 0.3000000119
49609  -28.289  -22.280  -12.154 0.3000000119
53985  -28.462  -17.610  -10.369 0.3000000119
52280  -27.796  -19.858  -10.313 0.3000000119
53109  -28.136  -18.414  -10.162 0.3000000119
52286  -28.655  -19.809  -10.645 0.3000000119
49607  -27.147  -21.747  -13.683 0.3000000119
50579  -27.427  -21.637  -14.741 0.3000000119
49621  -30.078  -22.291  -15.028 0.3000000119
49603  -28.420  -22.065  -11.412 0.3000000119
49594  -28.197  -21.563  -10.946 0.3000000119
50557  -27.943  -20.896  -11.008 0.3000000119
49602  -27.858  -21.306  -11.883 0.3000000119
53110  -28.983  -18.379  -10.344 0.3000000119
50560  -27.757  -21.453  -12.787 0.3000000119
52281  -29.333  -19.069  -10.550 0.3000000119
51430  -28.182  -20.455  -10.858 0.3000000119
50569  -27.688  -21.393  -13.717 0.3000000119
50570  -29.089  -21.273  -13.488 0.3000000119
50580  -28.753  -21.703  -14.323 0.3000000119
50590  -31.427  -21.850  -17.090 0.3000000119
50581  -31.245  -21.260  -15.928 0.3000000119
53986  -29.308  -17.571  -10.624 0.3000000119
51431  -28.905  -20.262  -11.224 0.3000000119
127069  -28.078  -20.847  -11.749 0.3000000119
53121  -29.783  -18.328  -10.692 0.3000000119
52287  -29.609  -19.599  -11.017 0.3000000119
51437  -29.118  -20.601  -12.017 0.3000000119
119733  -28.328  -20.981  -12.742 0.3000000119
50561  -29.672  -20.897  -12.838 0.3000000119
50571  -30.285  -21.184  -13.637 0.3000000119
51454  -31.348  -20.508  -14.878 0.3000000119
117965  -30.721  -21.399  -14.710 0.3000000119
115042  -29.932  -21.671  -14.107 0.3000000119
53999  -30.167  -17.540  -11.016 0.3000000119
53122  -30.543  -18.380  -11.186 0.3000000119
52288  -30.539  -19.271  -11.527 0.3000000119
125877  -30.646  -19.833  -12.135 0.3000000119
51438  -30.260  -20.406  -12.389 0.3000000119
52295  -31.171  -19.290  -12.390 0.3000000119
51439  -31.014  -19.993  -12.822 0.3000000119
52303  -31.559  -19.558  -14.387 0.3000000119
51447  -31.256  -20.172  -13.721 0.3000000119
50562  -30.669  -20.612  -13.193 0.3000000119
51453  -30.945  -20.796  -13.971 0.3000000119
135176  -31.532  -21.120  -16.981 0.3000000119
52311  -31.595  -19.677  -15.687 0.3000000119
50610  -32.530  -21.691  -18.430 0.3000000119
51475  -31.896  -21.388  -17.900 0.3000000119
50611  -33.138  -21.935  -18.437 0.3000000119
54000  -30.965  -17.635  -11.617 0.3000000119
53129  -31.191  -18.506  -11.921 0.3000000119
53130  -31.592  -18.595  -12.856 0.3000000119
52296  -31.459  -19.396  -13.316 0.3000000119
51464  -31.536  -20.492  -16.325 0.3000000119
51482  -32.423  -20.840  -18.262 0.3000000119
51483  -33.066  -21.129  -18.599 0.3000000119
22873  -25.963  -53.688  -11.534 0.4000000060
30987  -22.081  -42.152  -5.623 0.4000000060
30998  -22.028  -42.298  -6.845 0.4000000060
30152  -22.975  -44.341  -4.569 0.4000000060
30959  -24.644  -43.349  -2.009 0.4000000060
30145  -24.256  -44.043  -3.267 0.4000000060
38930  -27.523  -33.409  -0.414 0.3000000119
42615  -30.174  -29.194  -3.243 0.3000000119
45633  -30.266  -26.504  -6.242 0.3000000119
127699  -25.286  -21.678  -8.420 0.3000000119
52256  -24.820  -19.820  -8.781 0.3000000119
125707  -25.045  -19.114  -9.033 0.3000000119
121853  -25.540  -18.817  -9.312 0.3000000119
46627  -30.310  -25.527  -8.409 0.3000000119
28365  -23.130  -46.585  -4.529 0.4000000060
120670  -22.415  -45.836  -5.042 0.4000000060
29247  -21.965  -44.562  -5.367 0.4000000060
30158  -21.142  -43.274  -6.293 0.4000000060
127324  -23.973  -46.140  -2.170 0.3000000119
29226  -24.382  -45.243  -3.140 0.4000000060
47558  -28.141  -24.911  -5.726 0.3000000119
49561  -27.062  -22.385  -8.479 0.3000000119
53095  -26.083  -18.464  -9.539 0.3000000119
48566  -29.646  -23.254  -9.395 0.3000000119
49563  -29.020  -22.734  -8.958 0.3000000119
50551  -27.643  -21.077  -9.952 0.3000000119
53984  -27.471  -17.609  -10.149 0.3000000119
51426  -27.761  -20.604  -10.432 0.3000000119
130323  -30.032  -18.956  -10.903 0.3000000119
51432  -29.930  -20.087  -11.628 0.3000000119
129973  -31.800  -20.567  -17.572 0.3000000119
53137  -31.728  -18.681  -13.911 0.3000000119
27593  -23.781  -47.393  -3.807 0.4000000060
135262  -31.241  -43.410  -14.076 0.4000000060
22862  -20.081  -53.272  -8.512 0.3000000119
22849  -20.560  -53.730  -8.010 0.3000000119
23685  -20.319  -52.604  -8.529 0.3000000119
22851  -22.007  -53.389  -7.513 0.3000000119
30117  -23.585  -44.140  -1.393 0.3000000119
30133  -24.081  -44.708  -1.845 0.3000000119
31756  -23.050  -42.865  -0.866 0.3000000119
29260  -20.097  -43.331  -7.169 0.3000000119
120364  -21.503  -45.636  -5.632 0.3000000119
30170  -19.988  -42.797  -7.865 0.3000000119
28380  -22.218  -46.627  -5.122 0.3000000119
29246  -20.715  -44.431  -6.311 0.3000000119
31073  -31.197  -43.948  -14.031 0.3000000119
19814  -28.952  -57.926  -6.361 0.5000000000
20525  -29.799  -56.665  -7.217 0.5000000000
21220  -29.987  -55.518  -5.570 0.5000000000
21244  -30.416  -55.253  -7.092 0.5000000000
21973  -29.138  -54.394  -4.603 0.5000000000
21996  -21.937  -54.520  -6.847 0.4000000060
21998  -23.784  -53.900  -6.445 0.5000000000
22013  -21.437  -54.013  -7.500 0.4000000060
22836  -24.462  -53.434  -6.115 0.4000000060
22860  -18.556  -53.408  -8.611 0.4000000060
22863  -20.652  -53.128  -8.315 0.3000000119
22901  -25.519  -53.273  -12.890 0.5000000000
23632  -28.912  -52.998  -4.337 0.5000000000
23664  -23.971  -52.317  -6.450 0.6000000238
23667  -30.913  -52.870  -5.975 0.5000000000
23684  -19.667  -52.680  -8.692 0.3000000119
23693  -28.979  -52.330  -9.305 0.6000000238
23704  -25.291  -52.545  -12.173 0.6000000238
23716  -25.358  -52.775  -12.680 0.4000000060
24445  -25.846  -51.032  -5.343 0.6000000238
24459  -24.949  -52.290  -5.824 0.6000000238
24466  -21.384  -51.813  -7.951 0.5000000000
24510  -25.671  -52.070  -13.266 0.5000000000
25215  -30.178  -50.189  -3.966 0.6000000238
25282  -21.082  -50.959  -8.105 0.4000000060
26032  -31.137  -49.069  -4.320 0.8000000119
26070  -31.052  -49.531  -7.210 0.6999999881
26847  -26.557  -48.777  -4.770 0.6000000238
26862  -25.979  -48.126  -5.073 0.6000000238
28366  -23.860  -46.363  -3.894 0.3000000119
28368  -26.414  -46.263  -4.647 0.6000000238
29216  -23.734  -45.573  -1.894 0.3000000119
30146  -24.516  -43.685  -2.652 0.4000000060
30171  -20.701  -42.689  -6.992 0.4000000060
30184  -21.206  -42.951  -8.176 0.4000000060
30941  -23.822  -43.381  -1.123 0.4000000060
30960  -28.048  -43.410  -1.880 0.8000000119
30972  -24.113  -42.946  -3.543 0.6000000238
30979  -22.680  -42.423  -4.851 0.6000000238
30981  -25.425  -43.001  -5.081 0.6000000238
30988  -24.255  -42.600  -5.999 0.6000000238
31009  -20.527  -42.674  -8.069 0.3000000119
31758  -24.603  -42.159  -1.214 0.5000000000
32547  -32.066  -41.598  -4.058 0.6999999881
32572  -30.961  -41.795  -7.851 0.8000000119
34056  -30.673  -38.994  -7.486 0.6999999881
34864  -24.485  -38.671  -11.678 0.8000000119
34876  -24.691  -38.596  -12.089 0.8000000119
35583  -31.176  -37.507  -5.918 0.6999999881
36387  -29.200  -37.115  -8.069 0.6999999881
37219  -22.350  -35.063  -9.940 0.8000000119
37239  -21.790  -35.000  -10.584 0.8000000119
38133  -22.023  -34.446  -10.171 0.8000000119
38141  -21.663  -34.342  -10.962 0.8000000119
39041  -21.910  -33.264  -11.396 0.6999999881
40786  -26.475  -31.483  -7.937 0.8000000119
40794  -22.330  -31.854  -10.278 0.6999999881
40804  -21.961  -31.535  -10.824 0.6999999881
41707  -25.389  -30.528  -8.810 0.6999999881
41713  -22.798  -30.383  -10.516 0.6999999881
42663  -26.618  -29.799  -8.768 0.6999999881
42672  -24.004  -29.405  -10.142 0.6000000238
42696  -23.417  -28.763  -12.233 0.6000000238
44530  -29.422  -27.577  -3.548 0.3000000119
44613  -24.977  -27.429  -12.196 0.6000000238
44643  -25.709  -27.213  -13.598 0.6000000238
44644  -25.962  -27.419  -13.813 0.5000000000
45620  -29.684  -26.176  -5.219 0.4000000060
45701  -26.685  -26.496  -13.760 0.5000000000
47578  -24.585  -24.659  -6.675 0.3000000119
47675  -28.943  -24.347  -15.760 0.4000000060
48608  -26.443  -22.998  -15.051 0.3000000119
50601  -31.928  -22.245  -18.042 0.4000000060
113639  -29.571  -33.580  -5.530 0.6999999881
116257  -33.493  -20.566  -18.188 0.4000000060
120055  -23.534  -46.867  -6.747 0.5000000000
121947  -30.739  -46.974  -7.869 0.8999999762
123211  -28.628  -27.472  -14.685 0.4000000060
125219  -31.968  -45.294  -6.194 0.8000000119
126891  -26.448  -54.876  -11.257 0.4000000060
127292  -25.172  -38.377  -12.376 0.8000000119
130124  -22.606  -53.481  -7.106 0.5000000000
130341  -27.532  -47.160  -12.711 0.6999999881
130854  -29.256  -53.629  -4.500 0.5000000000
132004  -23.158  -34.956  -9.594 0.8000000119
132617  -23.761  -49.320  -6.573 0.6000000238
135500  -24.550  -32.116  -8.984 0.8000000119
135811  -22.274  -32.746  -11.492 0.6999999881
135833  -27.240  -35.046  -8.533 0.8000000119
135966  -31.604  -48.440  -5.541 0.8000000119
136478  -21.957  -48.162  -7.785 0.4000000060
136574  -30.842  -52.960  -6.696 0.6000000238
