#!ascii label  , from subject sub-v2s17x50031_ses-1 vox2ras=TkReg
394
59732  -26.967  -10.967  -14.390 0.0000000000
63249  -25.069  -7.776  -18.231 0.0000000000
73631  -26.211  4.783  -19.636 0.0000000000
71070  -27.649  1.362  -17.721 0.0000000000
67507  -29.346  -2.475  -15.432 0.0000000000
63205  -30.817  -7.360  -13.836 0.0000000000
75386  -25.822  6.270  -20.624 0.0000000000
69330  -28.573  -0.615  -16.539 0.0000000000
67558  -26.125  -2.626  -18.265 0.0000000000
133404  -26.026  -9.272  -16.230 0.0000000000
63218  -28.118  -6.950  -15.072 0.0000000000
61469  -28.541  -8.780  -14.411 0.0000000000
55734  -22.874  -15.741  -13.914 0.0000000000
59749  -24.594  -11.657  -16.952 0.0000000000
79075  -24.229  10.357  -24.943 0.0000000000
79059  -26.343  9.744  -22.931 0.0000000000
135900  -28.120  9.199  -20.990 0.0000000000
76311  -28.993  7.815  -19.441 0.0000000000
74486  -29.875  6.086  -17.959 0.0000000000
72805  -27.129  3.357  -18.404 0.0000000000
73584  -30.354  4.108  -16.989 0.0000000000
71056  -31.442  1.687  -16.163 0.0000000000
68412  -32.281  -0.920  -15.710 0.0000000000
118909  -32.639  -2.848  -15.542 0.0000000000
65877  -26.844  -4.637  -16.878 0.0000000000
122727  -30.071  -4.705  -14.417 0.0000000000
68452  -25.758  -1.908  -18.792 0.0000000000
66761  -23.716  -3.057  -20.177 0.0000000000
60601  -26.211  -10.394  -15.459 0.0000000000
61478  -27.248  -9.011  -15.210 0.0000000000
60590  -27.945  -10.042  -14.362 0.0000000000
53106  -22.254  -17.645  -9.724 0.0000000000
53979  -22.637  -16.979  -10.208 0.0000000000
113982  -22.739  -16.316  -11.510 0.0000000000
59759  -24.411  -11.257  -17.904 0.0000000000
58827  -23.457  -12.133  -17.676 0.0000000000
132625  -27.421  9.966  -21.901 0.0000000000
74503  -26.415  5.676  -19.805 0.0000000000
76310  -28.028  7.487  -19.682 0.0000000000
75388  -27.603  6.749  -19.462 0.0000000000
76297  -29.447  7.172  -18.837 0.0000000000
74485  -27.668  5.475  -18.693 0.0000000000
71081  -27.178  1.913  -18.159 0.0000000000
133210  -29.076  4.107  -17.274 0.0000000000
72778  -29.081  2.927  -16.760 0.0000000000
119872  -30.877  2.853  -16.519 0.0000000000
116156  -29.934  1.818  -16.206 0.0000000000
68408  -28.809  -1.869  -16.055 0.0000000000
69320  -29.874  -0.557  -15.592 0.0000000000
68410  -30.579  -1.237  -15.157 0.0000000000
67510  -32.516  -2.137  -15.622 0.0000000000
67492  -30.781  -2.672  -14.652 0.0000000000
64105  -24.745  -6.486  -18.844 0.0000000000
65023  -25.215  -5.091  -18.475 0.0000000000
119078  -25.765  -6.169  -17.588 0.0000000000
63204  -29.571  -7.230  -14.240 0.0000000000
127129  -28.980  -5.800  -14.717 0.0000000000
124809  -30.811  -5.871  -14.050 0.0000000000
64990  -32.155  -5.082  -14.523 0.0000000000
64061  -32.496  -6.739  -14.567 0.0000000000
55735  -23.595  -15.405  -13.479 0.0000000000
55752  -23.471  -15.247  -14.425 0.0000000000
56703  -24.711  -14.704  -13.671 0.0000000000
57706  -24.588  -13.807  -14.782 0.0000000000
69345  -26.783  0.151  -18.216 0.0000000000
132926  -27.904  0.090  -17.326 0.0000000000
68438  -26.778  -0.922  -17.996 0.0000000000
121370  -27.111  -1.662  -17.635 0.0000000000
67527  -27.525  -2.738  -16.922 0.0000000000
62343  -25.697  -8.738  -17.046 0.0000000000
63230  -26.142  -7.361  -16.766 0.0000000000
62334  -26.702  -8.211  -15.868 0.0000000000
62324  -28.395  -8.132  -14.598 0.0000000000
63192  -30.032  -8.141  -13.922 0.0000000000
134727  -23.233  -15.786  -11.986 0.0000000000
133439  -24.378  -8.808  -19.097 0.0000000000
61493  -24.747  -9.919  -18.003 0.0000000000
60608  -25.281  -10.568  -16.626 0.0000000000
59740  -25.442  -11.489  -15.553 0.0000000000
80677  -23.258  11.949  -26.499 0.0000000000
78180  -24.867  9.357  -22.980 0.0000000000
79068  -24.774  9.976  -24.377 0.0000000000
79912  -27.640  11.253  -22.738 0.0000000000
79061  -28.375  11.032  -22.103 0.0000000000
78174  -29.434  9.940  -21.061 0.0000000000
77256  -27.388  8.266  -20.762 0.0000000000
116781  -28.119  8.595  -20.522 0.0000000000
78157  -30.513  9.296  -20.595 0.0000000000
77240  -30.751  8.137  -19.630 0.0000000000
76299  -31.366  7.161  -18.840 0.0000000000
75372  -31.879  6.505  -18.495 0.0000000000
73615  -26.785  4.222  -18.829 0.0000000000
130351  -28.201  4.932  -18.134 0.0000000000
74471  -29.839  5.295  -17.514 0.0000000000
131204  -32.360  4.973  -18.031 0.0000000000
72806  -32.628  3.728  -18.207 0.0000000000
114912  -32.581  1.182  -17.593 0.0000000000
70216  -29.170  0.596  -16.244 0.0000000000
70198  -31.979  0.425  -15.776 0.0000000000
65908  -25.129  -4.226  -18.777 0.0000000000
122149  -26.620  -4.125  -17.295 0.0000000000
118481  -28.352  -3.571  -15.978 0.0000000000
64084  -27.295  -5.693  -16.108 0.0000000000
65866  -28.433  -4.486  -15.585 0.0000000000
65852  -29.750  -4.016  -14.713 0.0000000000
127562  -32.080  -3.761  -14.654 0.0000000000
65879  -33.082  -4.438  -16.263 0.0000000000
57736  -24.068  -13.122  -16.295 0.0000000000
58798  -25.217  -12.608  -14.870 0.0000000000
58784  -26.707  -12.278  -13.576 0.0000000000
60588  -26.790  -10.395  -14.956 0.0000000000
60589  -27.377  -10.403  -14.507 0.0000000000
60579  -27.808  -10.795  -13.955 0.0000000000
59720  -27.222  -11.533  -13.742 0.0000000000
53978  -21.853  -17.397  -10.652 0.0000000000
74504  -27.218  5.967  -19.291 0.0000000000
75368  -28.019  6.241  -18.841 0.0000000000
74484  -26.919  5.157  -19.097 0.0000000000
70231  -27.026  1.070  -18.154 0.0000000000
71080  -26.536  1.627  -18.582 0.0000000000
71964  -27.786  2.229  -17.701 0.0000000000
71071  -28.261  1.683  -17.212 0.0000000000
71945  -29.047  2.036  -16.635 0.0000000000
68409  -29.599  -1.531  -15.506 0.0000000000
67508  -30.239  -2.069  -14.986 0.0000000000
68396  -31.340  -1.924  -14.890 0.0000000000
67491  -29.997  -2.746  -14.866 0.0000000000
117110  -25.295  -6.919  -18.077 0.0000000000
64106  -25.246  -5.950  -18.267 0.0000000000
64059  -30.304  -6.486  -14.093 0.0000000000
64060  -31.233  -6.487  -13.955 0.0000000000
136827  -31.949  -6.398  -14.169 0.0000000000
121918  -31.854  -7.062  -14.014 0.0000000000
63207  -32.526  -7.515  -14.538 0.0000000000
55753  -24.100  -15.059  -13.862 0.0000000000
69355  -26.187  -0.481  -18.641 0.0000000000
120788  -25.669  -1.023  -19.042 0.0000000000
67557  -25.515  -2.734  -18.796 0.0000000000
129096  -26.515  -1.816  -18.166 0.0000000000
67540  -26.896  -2.513  -17.595 0.0000000000
67541  -27.504  -2.017  -17.229 0.0000000000
62344  -26.196  -8.021  -16.576 0.0000000000
118299  -26.244  -8.625  -16.269 0.0000000000
119425  -27.911  -9.291  -14.616 0.0000000000
62323  -27.867  -8.520  -14.814 0.0000000000
62325  -29.089  -8.134  -14.298 0.0000000000
62313  -29.435  -9.009  -13.964 0.0000000000
62314  -30.517  -8.896  -13.697 0.0000000000
123453  -21.423  -18.054  -10.200 0.0000000000
53105  -21.033  -18.803  -9.819 0.0000000000
55702  -24.085  -15.560  -11.744 0.0000000000
61502  -24.643  -9.214  -18.587 0.0000000000
59760  -24.877  -11.079  -17.092 0.0000000000
59750  -25.117  -11.237  -16.337 0.0000000000
60600  -25.644  -10.774  -15.800 0.0000000000
58816  -24.832  -11.898  -16.055 0.0000000000
79067  -23.801  10.486  -24.642 0.0000000000
79925  -23.397  10.942  -25.381 0.0000000000
79926  -23.780  10.670  -25.457 0.0000000000
80678  -23.811  11.520  -26.444 0.0000000000
79082  -24.099  10.742  -25.723 0.0000000000
78187  -25.613  9.394  -23.128 0.0000000000
78186  -25.049  9.511  -23.552 0.0000000000
79069  -25.588  9.937  -23.758 0.0000000000
119401  -25.870  10.659  -24.021 0.0000000000
79920  -26.430  11.392  -23.888 0.0000000000
79070  -26.639  10.679  -23.321 0.0000000000
78173  -27.577  9.528  -21.504 0.0000000000
79049  -28.001  10.234  -21.725 0.0000000000
79050  -28.972  10.497  -21.527 0.0000000000
115242  -28.512  9.771  -21.241 0.0000000000
75399  -26.440  7.037  -20.656 0.0000000000
76332  -28.334  8.103  -19.946 0.0000000000
77238  -28.983  8.560  -20.033 0.0000000000
77258  -29.770  9.005  -20.231 0.0000000000
77259  -30.582  8.724  -20.121 0.0000000000
77239  -29.834  8.386  -19.702 0.0000000000
75370  -29.901  6.697  -18.413 0.0000000000
76298  -30.413  7.195  -18.735 0.0000000000
75371  -30.826  6.535  -18.234 0.0000000000
71975  -26.649  2.584  -18.624 0.0000000000
71991  -26.040  3.012  -19.315 0.0000000000
72804  -26.510  3.412  -18.892 0.0000000000
127717  -27.422  4.776  -18.573 0.0000000000
73616  -27.630  4.094  -18.218 0.0000000000
72779  -29.619  3.639  -16.889 0.0000000000
73598  -29.758  4.488  -17.194 0.0000000000
73599  -30.731  4.818  -17.277 0.0000000000
123543  -31.640  5.264  -17.698 0.0000000000
73600  -31.649  4.495  -17.424 0.0000000000
73601  -32.324  4.223  -17.794 0.0000000000
72797  -31.878  3.728  -17.295 0.0000000000
71948  -31.607  2.447  -16.592 0.0000000000
72782  -32.075  2.948  -17.113 0.0000000000
71949  -32.213  2.277  -16.963 0.0000000000
71082  -32.571  1.895  -17.945 0.0000000000
122867  -32.399  1.203  -16.591 0.0000000000
70215  -28.481  0.154  -16.769 0.0000000000
69331  -29.096  -0.206  -16.154 0.0000000000
69321  -30.947  -0.435  -15.337 0.0000000000
70197  -31.302  0.175  -15.561 0.0000000000
69323  -32.398  -0.157  -16.012 0.0000000000
69332  -32.578  -0.053  -16.806 0.0000000000
126368  -32.643  -0.793  -16.999 0.0000000000
66717  -32.962  -3.473  -16.497 0.0000000000
65917  -24.143  -4.548  -19.809 0.0000000000
65892  -26.349  -4.894  -17.294 0.0000000000
65891  -25.847  -4.350  -17.953 0.0000000000
66714  -27.233  -4.125  -16.764 0.0000000000
64083  -26.974  -6.586  -16.049 0.0000000000
64071  -27.656  -6.390  -15.569 0.0000000000
134005  -29.943  -5.577  -14.319 0.0000000000
64989  -28.426  -5.328  -15.278 0.0000000000
65851  -29.165  -4.809  -14.820 0.0000000000
66698  -28.999  -3.889  -15.283 0.0000000000
65853  -30.654  -4.121  -14.383 0.0000000000
64991  -32.907  -5.587  -15.305 0.0000000000
65868  -32.819  -4.731  -15.326 0.0000000000
65001  -33.136  -5.305  -16.292 0.0000000000
57707  -25.181  -13.283  -14.377 0.0000000000
57724  -24.762  -13.154  -15.009 0.0000000000
58783  -25.869  -12.579  -14.080 0.0000000000
117863  -26.360  -12.965  -13.440 0.0000000000
68473  -25.075  -1.569  -19.377 0.0000000000
67574  -25.078  -2.403  -19.294 0.0000000000
66752  -24.968  -3.350  -19.212 0.0000000000
61466  -26.578  -9.686  -15.483 0.0000000000
118434  -26.628  -8.899  -15.746 0.0000000000
61467  -27.319  -9.812  -14.851 0.0000000000
61468  -28.604  -9.560  -14.178 0.0000000000
60580  -28.555  -10.300  -13.895 0.0000000000
116065  -28.600  -10.950  -13.505 0.0000000000
53091  -21.883  -18.433  -9.345 0.0000000000
54822  -22.033  -16.670  -11.973 0.0000000000
53998  -22.937  -16.515  -10.735 0.0000000000
60632  -24.102  -10.867  -18.693 0.0000000000
59758  -23.739  -11.471  -18.305 0.0000000000
58828  -24.078  -12.007  -17.533 0.0000000000
79919  -24.113  10.229  -23.638 0.0000000000
78172  -26.865  9.619  -22.098 0.0000000000
113717  -26.774  8.972  -21.631 0.0000000000
77271  -27.459  8.809  -21.102 0.0000000000
76309  -27.240  7.221  -20.131 0.0000000000
75387  -26.782  6.481  -19.981 0.0000000000
75389  -28.481  7.007  -19.061 0.0000000000
75369  -28.999  6.368  -18.472 0.0000000000
125376  -28.367  5.718  -18.404 0.0000000000
71976  -27.357  2.648  -18.159 0.0000000000
72795  -27.906  3.206  -17.787 0.0000000000
72796  -28.707  3.447  -17.215 0.0000000000
72780  -30.558  3.461  -16.742 0.0000000000
71946  -29.962  2.734  -16.493 0.0000000000
71947  -30.759  2.206  -16.266 0.0000000000
68425  -28.367  -1.305  -16.586 0.0000000000
69319  -29.003  -1.015  -16.043 0.0000000000
68411  -31.572  -1.068  -15.273 0.0000000000
116309  -32.566  -1.547  -15.989 0.0000000000
119043  -32.175  -1.640  -15.344 0.0000000000
67509  -32.159  -2.365  -15.046 0.0000000000
66699  -32.156  -3.117  -14.849 0.0000000000
65022  -24.634  -5.001  -19.264 0.0000000000
119651  -24.805  -5.689  -18.863 0.0000000000
65011  -25.770  -5.349  -17.784 0.0000000000
65012  -26.218  -5.653  -17.140 0.0000000000
64072  -28.307  -6.138  -15.141 0.0000000000
64058  -29.498  -6.354  -14.398 0.0000000000
64976  -30.980  -5.040  -14.154 0.0000000000
120831  -31.603  -5.799  -14.166 0.0000000000
64977  -32.387  -5.984  -14.592 0.0000000000
117941  -32.933  -6.414  -15.348 0.0000000000
64992  -33.136  -6.152  -16.341 0.0000000000
55751  -22.697  -15.498  -14.655 0.0000000000
56724  -24.244  -14.595  -14.476 0.0000000000
56725  -25.011  -14.078  -14.077 0.0000000000
70241  -26.079  0.363  -18.836 0.0000000000
70232  -27.489  0.519  -17.733 0.0000000000
70214  -28.083  0.809  -17.274 0.0000000000
69346  -27.404  -0.328  -17.637 0.0000000000
69329  -28.001  -0.664  -17.078 0.0000000000
68453  -26.189  -1.230  -18.528 0.0000000000
68424  -27.799  -1.472  -17.059 0.0000000000
67528  -28.088  -2.148  -16.637 0.0000000000
67506  -28.571  -2.695  -16.024 0.0000000000
63238  -25.651  -7.744  -17.429 0.0000000000
64094  -25.896  -6.870  -17.235 0.0000000000
63216  -26.656  -7.422  -16.114 0.0000000000
63217  -27.380  -7.292  -15.537 0.0000000000
129812  -26.972  -8.578  -15.533 0.0000000000
62335  -27.301  -8.166  -15.357 0.0000000000
63202  -27.925  -7.749  -14.951 0.0000000000
63203  -28.625  -7.471  -14.607 0.0000000000
63206  -31.852  -7.989  -13.928 0.0000000000
63193  -30.929  -8.230  -13.725 0.0000000000
61459  -30.170  -9.676  -13.573 0.0000000000
54854  -22.209  -16.222  -13.430 0.0000000000
54842  -22.505  -16.225  -12.432 0.0000000000
54855  -23.014  -15.774  -12.951 0.0000000000
55719  -23.785  -15.428  -12.586 0.0000000000
62359  -24.696  -8.313  -18.756 0.0000000000
62350  -25.100  -8.493  -17.964 0.0000000000
116627  -25.090  -9.217  -17.732 0.0000000000
61484  -25.364  -9.756  -17.027 0.0000000000
60619  -24.471  -10.613  -18.281 0.0000000000
60620  -24.841  -10.548  -17.505 0.0000000000
60609  -25.799  -10.041  -16.045 0.0000000000
117569  -26.157  -11.064  -15.000 0.0000000000
121725  -23.116  12.251  -24.503 0.0000000000
79058  -24.421  9.750  -22.910 0.0000000000
78185  -24.482  9.880  -23.959 0.0000000000
79076  -24.534  10.401  -25.006 0.0000000000
79927  -24.849  10.830  -25.230 0.0000000000
80670  -25.409  11.525  -25.167 0.0000000000
79060  -27.300  10.384  -22.382 0.0000000000
130395  -28.367  11.628  -22.539 0.0000000000
79062  -29.531  11.280  -21.908 0.0000000000
79051  -30.002  10.582  -21.419 0.0000000000
76331  -27.661  7.906  -20.278 0.0000000000
77257  -28.954  9.253  -20.642 0.0000000000
78156  -29.809  9.524  -20.660 0.0000000000
78175  -30.374  9.910  -21.036 0.0000000000
78176  -31.281  9.514  -21.122 0.0000000000
77260  -31.384  8.413  -20.191 0.0000000000
76312  -30.036  7.740  -19.223 0.0000000000
76313  -30.876  7.631  -19.165 0.0000000000
72818  -26.099  3.874  -19.501 0.0000000000
122350  -29.025  5.557  -17.958 0.0000000000
73597  -28.400  4.102  -17.674 0.0000000000
74470  -29.014  4.779  -17.556 0.0000000000
74487  -30.747  5.727  -17.689 0.0000000000
131690  -31.501  6.018  -17.974 0.0000000000
74488  -32.219  5.737  -18.236 0.0000000000
72781  -31.388  3.262  -16.847 0.0000000000
72798  -32.405  3.345  -17.698 0.0000000000
113853  -32.559  1.914  -18.985 0.0000000000
115324  -32.568  1.096  -18.336 0.0000000000
71053  -28.689  1.098  -16.722 0.0000000000
71054  -29.348  1.305  -16.329 0.0000000000
71055  -30.661  1.540  -16.003 0.0000000000
70195  -29.695  0.211  -15.863 0.0000000000
71037  -31.171  0.921  -15.755 0.0000000000
71038  -32.048  1.147  -16.068 0.0000000000
70233  -32.587  0.844  -16.982 0.0000000000
120460  -32.671  -1.472  -16.780 0.0000000000
66751  -24.238  -3.668  -19.812 0.0000000000
66742  -25.638  -3.436  -18.440 0.0000000000
115632  -26.355  -3.393  -17.765 0.0000000000
66725  -27.050  -3.391  -17.146 0.0000000000
66715  -27.670  -3.502  -16.579 0.0000000000
122843  -28.919  -3.176  -15.550 0.0000000000
134535  -26.146  -6.280  -16.994 0.0000000000
64095  -26.589  -6.021  -16.553 0.0000000000
65000  -26.748  -5.275  -16.706 0.0000000000
64988  -27.898  -5.712  -15.583 0.0000000000
120915  -27.865  -5.050  -15.872 0.0000000000
65878  -27.322  -4.841  -16.440 0.0000000000
65865  -27.835  -4.271  -16.234 0.0000000000
66679  -29.518  -3.271  -15.058 0.0000000000
66680  -30.310  -3.357  -14.621 0.0000000000
66681  -31.324  -3.407  -14.498 0.0000000000
66700  -32.688  -3.785  -15.313 0.0000000000
65854  -31.601  -4.277  -14.408 0.0000000000
65867  -32.331  -4.312  -14.746 0.0000000000
58814  -23.760  -12.665  -17.049 0.0000000000
58815  -24.326  -12.382  -16.636 0.0000000000
57723  -24.298  -13.488  -15.508 0.0000000000
133197  -24.646  -12.679  -15.664 0.0000000000
133224  -25.179  -12.118  -15.388 0.0000000000
59730  -25.708  -11.907  -14.828 0.0000000000
59731  -26.419  -11.692  -14.230 0.0000000000
64057  -28.812  -6.651  -14.654 0.0000000000
65918  -24.622  -4.166  -19.399 0.0000000000
66716  -28.033  -2.928  -16.432 0.0000000000
67493  -31.581  -2.682  -14.714 0.0000000000
68439  -27.424  -1.109  -17.451 0.0000000000
69322  -31.821  -0.319  -15.560 0.0000000000
70196  -30.482  0.226  -15.613 0.0000000000
70217  -30.023  0.974  -15.893 0.0000000000
70218  -32.423  0.588  -16.327 0.0000000000
70242  -26.478  0.879  -18.550 0.0000000000
71057  -32.120  1.760  -16.541 0.0000000000
71072  -32.447  1.666  -17.145 0.0000000000
71097  -25.983  2.123  -19.139 0.0000000000
71965  -28.432  2.590  -17.199 0.0000000000
73585  -31.112  4.012  -17.033 0.0000000000
73617  -32.714  4.412  -18.427 0.0000000000
79077  -25.171  10.330  -24.585 0.0000000000
79928  -25.650  11.103  -24.563 0.0000000000
79931  -23.455  11.076  -26.021 0.0000000000
80669  -23.015  11.775  -25.548 0.0000000000
116142  -26.374  -6.748  -16.583 0.0000000000
124315  -28.954  11.623  -22.316 0.0000000000
132288  -27.463  -1.571  -17.351 0.0000000000
134228  -32.041  4.767  -17.696 0.0000000000
135159  -27.003  -7.773  -15.699 0.0000000000
