#!ascii label  , from subject sub-v2s17x50031_ses-1 vox2ras=TkReg
939
53105  -21.033  -18.803  -9.819 0.4285714328
123453  -21.423  -18.054  -10.200 0.2857142985
53106  -22.254  -17.645  -9.724 0.4285714328
53979  -22.637  -16.979  -10.208 0.4285714328
53996  -21.537  -17.190  -11.597 0.2857142985
53998  -22.937  -16.515  -10.735 0.4285714328
54842  -22.505  -16.225  -12.432 0.4285714328
134727  -23.233  -15.786  -11.986 0.4285714328
54855  -23.014  -15.774  -12.951 0.4285714328
55735  -23.595  -15.405  -13.479 0.4285714328
55752  -23.471  -15.247  -14.425 0.5714285970
55753  -24.100  -15.059  -13.862 0.4285714328
56704  -25.398  -14.359  -13.396 0.2857142985
56724  -24.244  -14.595  -14.476 0.7142857313
56725  -25.011  -14.078  -14.077 0.7142857313
58783  -25.869  -12.579  -14.080 0.7142857313
117863  -26.360  -12.965  -13.440 0.4285714328
57706  -24.588  -13.807  -14.782 0.7142857313
57707  -25.181  -13.283  -14.377 0.5714285970
59731  -26.419  -11.692  -14.230 0.5714285970
58798  -25.217  -12.608  -14.870 0.5714285970
59730  -25.708  -11.907  -14.828 0.5714285970
117569  -26.157  -11.064  -15.000 0.5714285970
59732  -26.967  -10.967  -14.390 0.5714285970
133224  -25.179  -12.118  -15.388 0.5714285970
59720  -27.222  -11.533  -13.742 0.4285714328
60588  -26.790  -10.395  -14.956 0.5714285970
61468  -28.604  -9.560  -14.178 0.5714285970
60609  -25.799  -10.041  -16.045 0.7142857313
61467  -27.319  -9.812  -14.851 0.7142857313
119425  -27.911  -9.291  -14.616 0.7142857313
61469  -28.541  -8.780  -14.411 0.5714285970
60601  -26.211  -10.394  -15.459 0.5714285970
59760  -24.877  -11.079  -17.092 0.5714285970
118434  -26.628  -8.899  -15.746 0.8571428657
62313  -29.435  -9.009  -13.964 0.5714285970
133404  -26.026  -9.272  -16.230 0.7142857313
61484  -25.364  -9.756  -17.027 0.5714285970
63203  -28.625  -7.471  -14.607 0.7142857313
63192  -30.032  -8.141  -13.922 0.5714285970
129812  -26.972  -8.578  -15.533 0.7142857313
62324  -28.395  -8.132  -14.598 0.7142857313
63204  -29.571  -7.230  -14.240 0.5714285970
62335  -27.301  -8.166  -15.357 0.7142857313
63205  -30.817  -7.360  -13.836 0.5714285970
62334  -26.702  -8.211  -15.868 0.5714285970
63217  -27.380  -7.292  -15.537 0.7142857313
63218  -28.118  -6.950  -15.072 0.7142857313
134005  -29.943  -5.577  -14.319 0.7142857313
64059  -30.304  -6.486  -14.093 0.7142857313
64071  -27.656  -6.390  -15.569 0.7142857313
64072  -28.307  -6.138  -15.141 0.7142857313
127129  -28.980  -5.800  -14.717 0.7142857313
122727  -30.071  -4.705  -14.417 0.7142857313
64988  -27.898  -5.712  -15.583 0.7142857313
63230  -26.142  -7.361  -16.766 0.5714285970
65853  -30.654  -4.121  -14.383 0.5714285970
127562  -32.080  -3.761  -14.654 0.5714285970
120915  -27.865  -5.050  -15.872 0.8571428657
64084  -27.295  -5.693  -16.108 0.8571428657
65852  -29.750  -4.016  -14.713 0.7142857313
65866  -28.433  -4.486  -15.585 0.8571428657
66698  -28.999  -3.889  -15.283 0.7142857313
67508  -30.239  -2.069  -14.986 0.8571428657
67492  -30.781  -2.672  -14.652 0.5714285970
66679  -29.518  -3.271  -15.058 0.8571428657
122843  -28.919  -3.176  -15.550 0.8571428657
65865  -27.835  -4.271  -16.234 0.8571428657
69319  -29.003  -1.015  -16.043 0.8571428657
69320  -29.874  -0.557  -15.592 0.8571428657
70216  -29.170  0.596  -16.244 0.8571428657
67507  -29.346  -2.475  -15.432 0.8571428657
69331  -29.096  -0.206  -16.154 0.8571428657
70215  -28.481  0.154  -16.769 1.0000000000
68408  -28.809  -1.869  -16.055 0.8571428657
69330  -28.573  -0.615  -16.539 1.0000000000
71071  -28.261  1.683  -17.212 1.0000000000
71081  -27.178  1.913  -18.159 0.7142857313
71053  -28.689  1.098  -16.722 1.0000000000
70214  -28.083  0.809  -17.274 1.0000000000
130351  -28.201  4.932  -18.134 1.0000000000
127717  -27.422  4.776  -18.573 0.8571428657
75388  -27.603  6.749  -19.462 0.8571428657
75368  -28.019  6.241  -18.841 1.0000000000
135900  -28.120  9.199  -20.990 0.8571428657
76332  -28.334  8.103  -19.946 0.8571428657
76310  -28.028  7.487  -19.682 1.0000000000
79049  -28.001  10.234  -21.725 0.8571428657
79060  -27.300  10.384  -22.382 0.7142857313
78172  -26.865  9.619  -22.098 0.5714285970
119401  -25.870  10.659  -24.021 0.7142857313
79920  -26.430  11.392  -23.888 0.5714285970
78186  -25.049  9.511  -23.552 0.5714285970
78187  -25.613  9.394  -23.128 0.5714285970
78185  -24.482  9.880  -23.959 0.4285714328
79926  -23.780  10.670  -25.457 0.4285714328
80678  -23.811  11.520  -26.444 0.4285714328
80654  -24.077  11.767  -22.685 0.2857142985
119575  -24.205  12.640  -22.698 0.2857142985
79910  -23.813  11.024  -23.674 0.2857142985
120210  -24.493  12.532  -21.798 0.2857142985
53978  -21.853  -17.397  -10.652 0.2857142985
62325  -29.089  -8.134  -14.298 0.5714285970
66681  -31.324  -3.407  -14.498 0.5714285970
65851  -29.165  -4.809  -14.820 0.7142857313
67491  -29.997  -2.746  -14.866 0.8571428657
68410  -30.579  -1.237  -15.157 0.8571428657
70195  -29.695  0.211  -15.863 0.8571428657
72795  -27.906  3.206  -17.787 0.8571428657
82031  -25.958  13.853  -20.048 0.1428571492
53120  -21.026  -17.805  -11.161 0.2857142985
53997  -22.280  -16.827  -11.093 0.2857142985
113982  -22.739  -16.316  -11.510 0.4285714328
55702  -24.085  -15.560  -11.744 0.4285714328
119959  -21.881  -16.564  -12.754 0.2857142985
54822  -22.033  -16.670  -11.973 0.4285714328
55719  -23.785  -15.428  -12.586 0.4285714328
55734  -22.874  -15.741  -13.914 0.5714285970
56741  -23.977  -14.187  -15.256 0.2857142985
57724  -24.762  -13.154  -15.009 0.7142857313
116065  -28.600  -10.950  -13.505 0.4285714328
58816  -24.832  -11.898  -16.055 0.7142857313
60600  -25.644  -10.774  -15.800 0.7142857313
60589  -27.377  -10.403  -14.507 0.7142857313
60590  -27.945  -10.042  -14.362 0.5714285970
60580  -28.555  -10.300  -13.895 0.4285714328
61478  -27.248  -9.011  -15.210 0.7142857313
62323  -27.867  -8.520  -14.814 0.7142857313
60620  -24.841  -10.548  -17.505 0.5714285970
64060  -31.233  -6.487  -13.955 0.5714285970
62343  -25.697  -8.738  -17.046 0.5714285970
63202  -27.925  -7.749  -14.951 0.7142857313
124809  -30.811  -5.871  -14.050 0.5714285970
63216  -26.656  -7.422  -16.114 0.8571428657
64989  -28.426  -5.328  -15.278 0.7142857313
68396  -31.340  -1.924  -14.890 0.5714285970
67506  -28.571  -2.695  -16.024 1.0000000000
71054  -29.348  1.305  -16.329 1.0000000000
69329  -28.001  -0.664  -17.078 1.0000000000
72805  -27.129  3.357  -18.404 0.7142857313
133210  -29.076  4.107  -17.274 1.0000000000
73597  -28.400  4.102  -17.674 1.0000000000
72804  -26.510  3.412  -18.892 0.7142857313
74485  -27.668  5.475  -18.693 0.8571428657
116781  -28.119  8.595  -20.522 0.8571428657
75389  -28.481  7.007  -19.061 1.0000000000
132625  -27.421  9.966  -21.901 0.7142857313
79075  -24.229  10.357  -24.943 0.7142857313
79059  -26.343  9.744  -22.931 0.5714285970
79069  -25.588  9.937  -23.758 0.7142857313
78180  -24.867  9.357  -22.980 0.4285714328
80653  -23.650  12.176  -23.571 0.2857142985
79925  -23.397  10.942  -25.381 0.4285714328
80670  -25.409  11.525  -25.167 0.4285714328
80677  -23.258  11.949  -26.499 0.4285714328
81362  -24.135  13.216  -23.124 0.2857142985
121725  -23.116  12.251  -24.503 0.4285714328
57736  -24.068  -13.122  -16.295 0.4285714328
58815  -24.326  -12.382  -16.636 0.4285714328
79067  -23.801  10.486  -24.642 0.4285714328
79076  -24.534  10.401  -25.006 0.7142857313
80662  -23.331  11.344  -24.612 0.2857142985
53091  -21.883  -18.433  -9.345 0.4285714328
53119  -20.572  -18.440  -10.644 0.2857142985
54854  -22.209  -16.222  -13.430 0.2857142985
55751  -22.697  -15.498  -14.655 0.4285714328
56723  -23.596  -14.754  -15.027 0.2857142985
56703  -24.711  -14.704  -13.671 0.4285714328
57723  -24.298  -13.488  -15.508 0.5714285970
133197  -24.646  -12.679  -15.664 0.5714285970
59740  -25.442  -11.489  -15.553 0.5714285970
60579  -27.808  -10.795  -13.955 0.4285714328
61466  -26.578  -9.686  -15.483 0.7142857313
60608  -25.281  -10.568  -16.626 0.7142857313
59750  -25.117  -11.237  -16.337 0.7142857313
118299  -26.244  -8.625  -16.269 0.5714285970
64058  -29.498  -6.354  -14.398 0.7142857313
62344  -26.196  -8.021  -16.576 0.7142857313
64083  -26.974  -6.586  -16.049 0.8571428657
66680  -30.310  -3.357  -14.621 0.8571428657
68409  -29.599  -1.531  -15.506 0.8571428657
118481  -28.352  -3.571  -15.978 0.8571428657
68425  -28.367  -1.305  -16.586 1.0000000000
71070  -27.649  1.362  -17.721 1.0000000000
71976  -27.357  2.648  -18.159 0.8571428657
78173  -27.577  9.528  -21.504 0.8571428657
79070  -26.639  10.679  -23.321 0.7142857313
79068  -24.774  9.976  -24.377 0.5714285970
79058  -24.421  9.750  -22.910 0.4285714328
79919  -24.113  10.229  -23.638 0.4285714328
79082  -24.099  10.742  -25.723 0.4285714328
81342  -25.034  13.543  -21.401 0.2857142985
81335  -25.462  13.362  -20.490 0.1428571492
73616  -27.630  4.094  -18.218 1.0000000000
79927  -24.849  10.830  -25.230 0.5714285970
82803  -23.638  15.838  -28.004 0.2857142985
83503  -23.688  16.516  -27.070 0.1428571492
82102  -23.490  13.987  -27.245 0.2857142985
82109  -23.916  14.884  -27.983 0.2857142985
127374  -23.660  15.803  -26.101 0.1428571492
83504  -24.308  17.412  -26.295 0.1428571492
82080  -23.391  14.064  -24.230 0.1428571492
81375  -23.088  12.830  -26.075 0.2857142985
82088  -23.507  14.756  -24.783 0.1428571492
82095  -25.531  14.122  -26.566 0.2857142985
82103  -23.769  14.124  -27.431 0.2857142985
81365  -30.084  13.094  -23.886 0.2857142985
82089  -26.976  14.116  -25.042 0.2857142985
126354  -24.296  16.495  -25.405 0.1428571492
80684  -23.683  12.473  -26.861 0.2857142985
80664  -27.662  12.380  -23.490 0.2857142985
81376  -24.845  13.239  -26.722 0.2857142985
81383  -23.639  13.350  -27.119 0.2857142985
79916  -30.817  11.524  -22.484 0.1428571492
81363  -28.097  13.103  -23.756 0.2857142985
81368  -26.565  13.101  -24.773 0.2857142985
82794  -23.893  15.547  -24.974 0.1428571492
80680  -25.658  12.339  -25.416 0.2857142985
80685  -24.284  12.295  -26.710 0.2857142985
78189  -32.442  9.299  -23.997 0.1428571492
79072  -32.021  10.363  -23.157 0.1428571492
80655  -29.612  12.519  -23.158 0.4285714328
80663  -26.915  12.099  -23.768 0.2857142985
78158  -31.124  8.945  -20.577 0.2857142985
79062  -29.531  11.280  -21.908 0.4285714328
79922  -28.039  11.970  -22.972 0.2857142985
80679  -24.676  11.541  -25.977 0.2857142985
76345  -32.729  7.494  -21.019 0.1428571492
126067  -31.712  9.846  -21.828 0.2857142985
130395  -28.367  11.628  -22.539 0.4285714328
78156  -29.809  9.524  -20.660 0.5714285970
79061  -28.375  11.032  -22.103 0.7142857313
75391  -32.827  6.748  -19.632 0.1428571492
76314  -31.686  7.740  -19.591 0.1428571492
79050  -28.972  10.497  -21.527 0.7142857313
79912  -27.640  11.253  -22.738 0.4285714328
77259  -30.582  8.724  -20.121 0.4285714328
74489  -32.794  5.228  -18.651 0.2857142985
75372  -31.879  6.505  -18.495 0.7142857313
77257  -28.954  9.253  -20.642 0.7142857313
75369  -28.999  6.368  -18.472 0.8571428657
76298  -30.413  7.195  -18.735 0.8571428657
77258  -29.770  9.005  -20.231 0.5714285970
72819  -32.825  3.734  -18.818 0.2857142985
73632  -33.029  4.531  -19.135 0.2857142985
77239  -29.834  8.386  -19.702 0.7142857313
77256  -27.388  8.266  -20.762 0.5714285970
76311  -28.993  7.815  -19.441 0.8571428657
122895  -32.727  2.941  -19.295 0.1428571492
131690  -31.501  6.018  -17.974 0.7142857313
115700  -32.657  2.885  -18.316 0.1428571492
68473  -25.075  -1.569  -19.377 0.5714285970
69345  -26.783  0.151  -18.216 0.8571428657
70232  -27.489  0.519  -17.733 0.8571428657
70231  -27.026  1.070  -18.154 0.5714285970
72779  -29.619  3.639  -16.889 0.8571428657
122350  -29.025  5.557  -17.958 0.8571428657
71966  -32.413  2.510  -17.527 0.2857142985
73599  -30.731  4.818  -17.277 0.8571428657
74487  -30.747  5.727  -17.689 0.8571428657
115324  -32.568  1.096  -18.336 0.4285714328
72797  -31.878  3.728  -17.295 0.7142857313
123543  -31.640  5.264  -17.698 0.7142857313
117952  -24.531  -2.051  -19.662 0.2857142985
68438  -26.778  -0.922  -17.996 0.5714285970
120788  -25.669  -1.023  -19.042 0.5714285970
132926  -27.904  0.090  -17.326 0.8571428657
72778  -29.081  2.927  -16.760 0.8571428657
72796  -28.707  3.447  -17.215 0.8571428657
73598  -29.758  4.488  -17.194 0.8571428657
71949  -32.213  2.277  -16.963 0.4285714328
119872  -30.877  2.853  -16.519 0.8571428657
73584  -30.354  4.108  -16.989 0.8571428657
114912  -32.581  1.182  -17.593 0.4285714328
64106  -25.246  -5.950  -18.267 0.7142857313
65022  -24.634  -5.001  -19.264 0.4285714328
119078  -25.765  -6.169  -17.588 0.7142857313
122149  -26.620  -4.125  -17.295 0.8571428657
65891  -25.847  -4.350  -17.953 0.5714285970
66752  -24.968  -3.350  -19.212 0.5714285970
66761  -23.716  -3.057  -20.177 0.4285714328
66725  -27.050  -3.391  -17.146 0.8571428657
67558  -26.125  -2.626  -18.265 0.5714285970
68452  -25.758  -1.908  -18.792 0.5714285970
67528  -28.088  -2.148  -16.637 0.8571428657
121370  -27.111  -1.662  -17.635 0.7142857313
129096  -26.515  -1.816  -18.166 0.5714285970
70197  -31.302  0.175  -15.561 0.7142857313
71037  -31.171  0.921  -15.755 0.7142857313
116156  -29.934  1.818  -16.206 0.7142857313
71947  -30.759  2.206  -16.266 0.8571428657
68440  -32.682  -1.243  -17.724 0.2857142985
69332  -32.578  -0.053  -16.806 0.4285714328
70233  -32.587  0.844  -16.982 0.5714285970
63249  -25.069  -7.776  -18.231 0.4285714328
64105  -24.745  -6.486  -18.844 0.4285714328
65878  -27.322  -4.841  -16.440 0.7142857313
65877  -26.844  -4.637  -16.878 0.7142857313
66714  -27.233  -4.125  -16.764 0.7142857313
67527  -27.525  -2.738  -16.922 0.8571428657
68411  -31.572  -1.068  -15.273 0.7142857313
120460  -32.671  -1.472  -16.780 0.2857142985
68412  -32.281  -0.920  -15.710 0.5714285970
69321  -30.947  -0.435  -15.337 0.5714285970
116627  -25.090  -9.217  -17.732 0.4285714328
133439  -24.378  -8.808  -19.097 0.5714285970
64094  -25.896  -6.870  -17.235 0.5714285970
117110  -25.295  -6.919  -18.077 0.5714285970
65000  -26.748  -5.275  -16.706 0.7142857313
66699  -32.156  -3.117  -14.849 0.4285714328
67510  -32.516  -2.137  -15.622 0.4285714328
116309  -32.566  -1.547  -15.989 0.4285714328
59749  -24.594  -11.657  -16.952 0.5714285970
63193  -30.929  -8.230  -13.725 0.4285714328
65868  -32.819  -4.731  -15.326 0.4285714328
64976  -30.980  -5.040  -14.154 0.4285714328
65879  -33.082  -4.438  -16.263 0.4285714328
66700  -32.688  -3.785  -15.313 0.4285714328
55721  -25.506  -15.104  -12.313 0.1428571492
136827  -31.949  -6.398  -14.169 0.4285714328
64977  -32.387  -5.984  -14.592 0.4285714328
64991  -32.907  -5.587  -15.305 0.4285714328
57686  -26.547  -13.589  -13.054 0.1428571492
120436  -28.055  -11.509  -13.401 0.2857142985
61470  -32.025  -9.559  -13.960 0.2857142985
62336  -32.866  -8.473  -16.553 0.2857142985
62326  -32.341  -8.840  -14.291 0.2857142985
61459  -30.170  -9.676  -13.573 0.4285714328
127610  -32.595  -8.235  -14.621 0.2857142985
62315  -31.492  -8.833  -13.773 0.2857142985
64073  -32.942  -7.195  -15.380 0.2857142985
64061  -32.496  -6.739  -14.567 0.4285714328
56688  -26.226  -14.744  -12.539 0.1428571492
56705  -26.085  -14.216  -13.047 0.1428571492
56686  -25.046  -14.870  -12.972 0.1428571492
57665  -27.320  -13.615  -12.706 0.2857142985
58761  -27.035  -12.909  -13.080 0.2857142985
59723  -30.605  -11.260  -13.285 0.2857142985
59724  -31.695  -11.031  -13.767 0.2857142985
60582  -30.889  -10.354  -13.483 0.2857142985
123043  -29.128  -10.547  -13.539 0.2857142985
60583  -31.668  -10.178  -13.765 0.2857142985
57664  -26.798  -14.259  -12.658 0.1428571492
57667  -29.629  -13.257  -12.550 0.2857142985
58764  -29.408  -12.470  -12.744 0.2857142985
58762  -27.869  -12.930  -12.799 0.2857142985
59709  -29.226  -11.851  -12.995 0.2857142985
54823  -23.600  -16.074  -11.030 0.2857142985
55704  -25.765  -15.492  -11.611 0.1428571492
52265  -21.551  -19.369  -9.076 0.2857142985
52264  -20.730  -19.639  -9.672 0.2857142985
54806  -24.290  -16.273  -10.467 0.2857142985
132817  -22.179  -19.659  -8.524 0.1428571492
123170  -20.463  -20.454  -9.524 0.2857142985
57666  -28.156  -13.698  -12.482 0.2857142985
59710  -29.982  -11.904  -12.962 0.2857142985
60591  -32.288  -10.405  -14.388 0.2857142985
61471  -32.581  -9.618  -14.808 0.2857142985
62314  -30.517  -8.896  -13.697 0.4285714328
63206  -31.852  -7.989  -13.928 0.4285714328
63219  -32.929  -7.992  -15.445 0.2857142985
64074  -33.092  -6.920  -16.297 0.2857142985
65023  -25.215  -5.091  -18.475 0.7142857313
117941  -32.933  -6.414  -15.348 0.4285714328
67540  -26.896  -2.513  -17.595 0.5714285970
65854  -31.601  -4.277  -14.408 0.4285714328
67509  -32.159  -2.365  -15.046 0.4285714328
67529  -32.755  -2.349  -16.393 0.2857142985
126368  -32.643  -0.793  -16.999 0.5714285970
71056  -31.442  1.687  -16.163 0.7142857313
125376  -28.367  5.718  -18.404 0.8571428657
113717  -26.774  8.972  -21.631 0.4285714328
77271  -27.459  8.809  -21.102 0.5714285970
70243  -32.615  0.354  -17.711 0.2857142985
74486  -29.875  6.086  -17.959 0.8571428657
77238  -28.983  8.560  -20.033 0.8571428657
131204  -32.360  4.973  -18.031 0.5714285970
80671  -26.245  12.075  -24.465 0.2857142985
77260  -31.384  8.413  -20.191 0.4285714328
78176  -31.281  9.514  -21.122 0.4285714328
83484  -24.548  16.073  -24.155 0.1428571492
80656  -30.318  12.031  -22.791 0.2857142985
79064  -31.179  10.999  -22.180 0.1428571492
52266  -22.405  -18.926  -8.673 0.1428571492
53107  -23.159  -17.317  -9.405 0.1428571492
54824  -24.546  -15.846  -11.060 0.1428571492
56673  -26.992  -14.985  -12.193 0.1428571492
56689  -27.596  -14.353  -12.393 0.1428571492
58784  -26.707  -12.278  -13.576 0.2857142985
58763  -28.499  -12.192  -12.940 0.2857142985
59722  -29.449  -11.195  -13.231 0.2857142985
122154  -32.271  -11.213  -14.502 0.2857142985
123713  -32.605  -10.288  -15.337 0.2857142985
62350  -25.100  -8.493  -17.964 0.5714285970
61458  -29.266  -9.909  -13.730 0.2857142985
60581  -29.899  -10.471  -13.423 0.2857142985
63260  -24.180  -6.973  -19.398 0.2857142985
63220  -33.010  -7.672  -16.399 0.2857142985
64085  -32.962  -6.805  -17.363 0.2857142985
65011  -25.770  -5.349  -17.784 0.7142857313
65012  -26.218  -5.653  -17.140 0.5714285970
65917  -24.143  -4.548  -19.809 0.4285714328
65908  -25.129  -4.226  -18.777 0.5714285970
64992  -33.136  -6.152  -16.341 0.4285714328
68472  -24.206  -1.300  -19.836 0.2857142985
67574  -25.078  -2.403  -19.294 0.5714285970
120831  -31.603  -5.799  -14.166 0.4285714328
115632  -26.355  -3.393  -17.765 0.7142857313
65880  -33.126  -5.079  -17.105 0.1428571492
66717  -32.962  -3.473  -16.497 0.4285714328
118909  -32.639  -2.848  -15.542 0.4285714328
66726  -32.937  -3.732  -17.768 0.1428571492
71945  -29.047  2.036  -16.635 0.8571428657
119003  -32.775  -3.006  -18.165 0.1428571492
69323  -32.398  -0.157  -16.012 0.5714285970
69347  -32.640  -0.435  -17.478 0.2857142985
122867  -32.399  1.203  -16.591 0.5714285970
72781  -31.388  3.262  -16.847 0.7142857313
75370  -29.901  6.697  -18.413 0.8571428657
71098  -32.461  1.364  -19.959 0.2857142985
113853  -32.559  1.914  -18.985 0.1428571492
81361  -23.412  13.154  -23.881 0.2857142985
72806  -32.628  3.728  -18.207 0.4285714328
120492  -32.944  3.787  -19.658 0.1428571492
76299  -31.366  7.161  -18.840 0.5714285970
75373  -32.755  6.177  -18.968 0.1428571492
126340  -33.024  6.780  -20.400 0.1428571492
82081  -24.096  15.075  -23.700 0.1428571492
77240  -30.751  8.137  -19.630 0.5714285970
115564  -33.171  6.097  -19.879 0.1428571492
76333  -32.150  8.063  -20.466 0.1428571492
79914  -29.590  11.897  -22.489 0.2857142985
79063  -30.512  11.148  -21.888 0.2857142985
78177  -32.051  9.162  -21.622 0.2857142985
77277  -32.414  8.683  -22.184 0.1428571492
115253  -32.478  8.871  -22.849 0.1428571492
123931  -32.306  9.744  -23.392 0.1428571492
80673  -30.880  12.849  -24.234 0.2857142985
80667  -31.262  12.214  -23.894 0.1428571492
79078  -31.902  10.992  -23.789 0.1428571492
53093  -23.825  -17.950  -8.856 0.1428571492
61479  -32.715  -9.761  -16.002 0.2857142985
128014  -32.601  -1.324  -18.841 0.2857142985
79084  -32.263  9.881  -24.765 0.1428571492
134357  -31.380  12.491  -24.599 0.2857142985
118963  -20.247  -19.154  -10.268 0.2857142985
53092  -22.757  -18.052  -8.895 0.1428571492
53980  -23.585  -16.635  -10.056 0.1428571492
55720  -24.607  -15.238  -12.395 0.1428571492
56687  -25.662  -14.653  -12.857 0.1428571492
57685  -25.759  -13.568  -13.611 0.2857142985
134535  -26.146  -6.280  -16.994 0.5714285970
63238  -25.651  -7.744  -17.429 0.4285714328
65867  -32.331  -4.312  -14.746 0.4285714328
64095  -26.589  -6.021  -16.553 0.7142857313
66715  -27.670  -3.502  -16.579 0.7142857313
71055  -30.661  1.540  -16.003 0.7142857313
69346  -27.404  -0.328  -17.637 0.8571428657
68424  -27.799  -1.472  -17.059 0.8571428657
71964  -27.786  2.229  -17.701 0.8571428657
115242  -28.512  9.771  -21.241 0.7142857313
79921  -27.227  11.641  -23.342 0.2857142985
119043  -32.175  -1.640  -15.344 0.4285714328
55703  -24.946  -15.461  -11.690 0.1428571492
59721  -28.757  -11.529  -13.208 0.2857142985
121918  -31.854  -7.062  -14.014 0.4285714328
74470  -29.014  4.779  -17.556 0.8571428657
76297  -29.447  7.172  -18.837 0.8571428657
80669  -23.015  11.775  -25.548 0.2857142985
81382  -23.384  13.014  -26.811 0.2857142985
81367  -23.023  12.995  -24.932 0.2857142985
82802  -23.425  14.794  -27.268 0.2857142985
82797  -23.480  15.553  -26.982 0.2857142985
82094  -23.276  13.862  -26.586 0.2857142985
82104  -24.507  14.310  -27.329 0.2857142985
82796  -23.349  14.904  -26.038 0.1428571492
82087  -23.228  13.909  -25.429 0.1428571492
81364  -29.122  13.191  -23.713 0.2857142985
81369  -27.537  13.597  -24.333 0.2857142985
80672  -27.135  12.777  -24.009 0.2857142985
80665  -28.572  12.577  -23.262 0.2857142985
79913  -28.853  12.095  -22.730 0.2857142985
125506  -25.069  12.493  -26.227 0.2857142985
81377  -25.901  13.448  -25.784 0.2857142985
79915  -30.179  11.642  -22.243 0.2857142985
79923  -31.033  11.867  -23.169 0.1428571492
79071  -31.504  11.144  -22.940 0.1428571492
79079  -32.227  10.196  -23.953 0.1428571492
78183  -31.691  10.432  -22.341 0.1428571492
80666  -30.565  12.466  -23.483 0.1428571492
77272  -31.756  8.754  -20.874 0.1428571492
78174  -29.434  9.940  -21.061 0.5714285970
79051  -30.002  10.582  -21.419 0.4285714328
76334  -32.574  7.399  -19.979 0.1428571492
79052  -31.040  10.411  -21.609 0.2857142985
78184  -32.191  9.559  -22.571 0.2857142985
78175  -30.374  9.910  -21.036 0.4285714328
78157  -30.513  9.296  -20.595 0.5714285970
76313  -30.876  7.631  -19.165 0.5714285970
74488  -32.219  5.737  -18.236 0.5714285970
75371  -30.826  6.535  -18.234 0.7142857313
76312  -30.036  7.740  -19.223 0.7142857313
73601  -32.324  4.223  -17.794 0.5714285970
72798  -32.405  3.345  -17.698 0.4285714328
74471  -29.839  5.295  -17.514 0.8571428657
68453  -26.189  -1.230  -18.528 0.5714285970
69355  -26.187  -0.481  -18.641 0.5714285970
70241  -26.079  0.363  -18.836 0.4285714328
71946  -29.962  2.734  -16.493 0.8571428657
72780  -30.558  3.461  -16.742 0.8571428657
72782  -32.075  2.948  -17.113 0.4285714328
71082  -32.571  1.895  -17.945 0.5714285970
73600  -31.649  4.495  -17.424 0.8571428657
71948  -31.607  2.447  -16.592 0.7142857313
119651  -24.805  -5.689  -18.863 0.4285714328
65892  -26.349  -4.894  -17.294 0.7142857313
66742  -25.638  -3.436  -18.440 0.5714285970
67557  -25.515  -2.734  -18.796 0.5714285970
66751  -24.238  -3.668  -19.812 0.4285714328
65916  -23.501  -4.035  -20.245 0.2857142985
67541  -27.504  -2.017  -17.229 0.8571428657
70198  -31.979  0.425  -15.776 0.5714285970
71038  -32.048  1.147  -16.068 0.7142857313
62359  -24.696  -8.313  -18.756 0.5714285970
67542  -32.761  -2.169  -17.423 0.2857142985
63207  -32.526  -7.515  -14.538 0.4285714328
64990  -32.155  -5.082  -14.523 0.4285714328
65001  -33.136  -5.305  -16.292 0.4285714328
58785  -27.549  -12.206  -13.227 0.2857142985
61460  -31.154  -9.572  -13.636 0.2857142985
62327  -32.849  -8.882  -15.422 0.2857142985
55722  -26.238  -15.192  -12.050 0.1428571492
121080  -28.749  -13.047  -12.602 0.2857142985
115816  -21.095  -20.125  -9.175 0.1428571492
52254  -22.921  -19.603  -8.322 0.1428571492
136029  -32.873  -2.918  -17.209 0.2857142985
53969  -24.083  -17.223  -9.360 0.1428571492
76309  -27.240  7.221  -20.131 0.5714285970
74503  -26.415  5.676  -19.805 0.4285714328
75387  -26.782  6.481  -19.981 0.5714285970
73631  -26.211  4.783  -19.636 0.4285714328
74504  -27.218  5.967  -19.291 0.5714285970
71991  -26.040  3.012  -19.315 0.4285714328
73615  -26.785  4.222  -18.829 0.4285714328
72818  -26.099  3.874  -19.501 0.4285714328
74484  -26.919  5.157  -19.097 0.5714285970
71080  -26.536  1.627  -18.582 0.5714285970
134325  -31.691  -9.500  -18.612 0.1428571492
62337  -32.533  -8.111  -17.802 0.1428571492
56722  -22.927  -15.038  -15.167 0.2857142985
60633  -31.108  -10.308  -20.042 0.1428571492
60621  -31.299  -10.021  -19.341 0.1428571492
61504  -31.739  -9.914  -20.146 0.1428571492
121774  -31.440  -9.240  -19.402 0.1428571492
61505  -33.198  -9.591  -19.859 0.1428571492
59741  -32.299  -11.448  -16.173 0.1428571492
60610  -31.408  -10.734  -18.381 0.1428571492
60635  -33.681  -10.862  -19.252 0.1428571492
117454  -30.932  -10.874  -19.569 0.1428571492
61494  -35.698  -9.493  -17.309 0.1428571492
121109  -34.566  -10.119  -19.141 0.1428571492
61506  -35.495  -9.467  -18.429 0.1428571492
54868  -22.145  -15.862  -14.351 0.2857142985
55750  -21.396  -15.603  -14.510 0.2857142985
58786  -31.123  -12.548  -13.255 0.1428571492
58799  -32.084  -12.604  -15.169 0.1428571492
119924  -32.040  -11.896  -14.258 0.1428571492
116178  -31.388  -11.924  -13.515 0.1428571492
59733  -32.317  -11.751  -15.260 0.1428571492
115436  -30.740  -11.510  -18.974 0.1428571492
58807  -31.875  -12.302  -16.627 0.1428571492
59772  -31.368  -11.482  -19.695 0.1428571492
59751  -31.675  -11.496  -17.512 0.1428571492
59773  -32.882  -11.506  -19.331 0.1428571492
60636  -34.994  -10.947  -18.544 0.1428571492
60611  -35.595  -10.249  -16.852 0.1428571492
54867  -21.584  -16.131  -13.966 0.2857142985
55733  -20.854  -15.992  -13.949 0.2857142985
54852  -20.355  -16.320  -13.300 0.2857142985
57668  -30.448  -13.633  -12.692 0.1428571492
57687  -31.159  -13.284  -13.203 0.1428571492
58787  -31.759  -12.805  -13.939 0.1428571492
58829  -30.482  -12.314  -19.292 0.1428571492
58839  -32.200  -12.228  -19.350 0.1428571492
59774  -34.309  -11.556  -18.719 0.1428571492
58840  -33.742  -12.189  -18.803 0.1428571492
61486  -35.657  -9.522  -16.289 0.1428571492
119515  -29.027  -13.818  -12.335 0.1428571492
56692  -30.392  -14.441  -12.482 0.1428571492
56726  -31.605  -14.407  -15.055 0.1428571492
123057  -31.612  -14.702  -14.037 0.1428571492
57737  -30.287  -13.724  -18.447 0.1428571492
57708  -31.804  -13.504  -15.060 0.1428571492
57757  -30.317  -13.188  -19.297 0.1428571492
121206  -30.956  -13.744  -17.323 0.1428571492
57758  -31.501  -13.066  -19.394 0.1428571492
59763  -35.472  -10.985  -17.469 0.1428571492
60603  -35.562  -10.301  -15.833 0.1428571492
59752  -35.545  -11.059  -16.420 0.1428571492
55737  -31.617  -15.501  -13.965 0.1428571492
56706  -31.198  -14.246  -13.092 0.1428571492
56772  -30.826  -14.836  -18.976 0.1428571492
124317  -30.779  -15.079  -18.363 0.1428571492
56781  -31.031  -13.976  -19.315 0.1428571492
58830  -34.500  -12.744  -18.307 0.1428571492
133028  -35.177  -11.645  -18.019 0.1428571492
118705  -31.538  -16.117  -14.801 0.1428571492
55724  -31.479  -15.610  -13.110 0.1428571492
56693  -31.015  -15.018  -12.732 0.1428571492
55778  -30.903  -15.536  -17.410 0.1428571492
55766  -31.192  -16.015  -16.181 0.1428571492
57750  -32.758  -13.812  -18.764 0.1428571492
56742  -31.232  -15.032  -16.276 0.1428571492
113593  -31.636  -13.824  -13.991 0.1428571492
56758  -30.739  -14.532  -17.687 0.1428571492
57738  -30.835  -13.052  -17.753 0.1428571492
130327  -35.721  -8.931  -15.809 0.1428571492
60634  -31.861  -10.729  -19.893 0.1428571492
121211  -32.718  -9.193  -16.636 0.1428571492
62351  -31.689  -8.590  -19.167 0.1428571492
54853  -21.289  -16.512  -13.297 0.2857142985
58831  -35.160  -12.347  -17.720 0.1428571492
59742  -35.485  -11.939  -16.018 0.1428571492
61480  -35.598  -9.556  -15.308 0.1428571492
62328  -35.669  -8.665  -14.887 0.1428571492
71975  -26.649  2.584  -18.624 0.4285714328
62346  -35.852  -8.694  -16.753 0.1428571492
60622  -35.462  -10.224  -17.983 0.1428571492
126693  -35.855  -8.889  -17.759 0.1428571492
63231  -32.901  -7.387  -17.185 0.1428571492
75399  -26.440  7.037  -20.656 0.4285714328
80674  -31.520  12.361  -25.456 0.1428571492
76331  -27.661  7.906  -20.278 0.4285714328
81372  -30.449  13.479  -24.691 0.1428571492
62345  -32.280  -8.993  -17.949 0.1428571492
123663  -30.709  -12.057  -13.124 0.1428571492
115559  -29.784  -13.942  -12.402 0.1428571492
58765  -30.387  -12.717  -12.837 0.1428571492
60592  -32.488  -10.969  -15.297 0.1428571492
65002  -33.047  -5.990  -17.565 0.1428571492
61485  -32.202  -9.847  -17.613 0.1428571492
61503  -31.288  -9.584  -20.058 0.1428571492
135997  -31.036  -10.947  -19.818 0.1428571492
125674  -33.034  -10.228  -19.685 0.1428571492
62360  -31.344  -8.834  -20.037 0.1428571492
61516  -33.161  -8.901  -20.177 0.1428571492
60602  -32.384  -10.670  -16.565 0.1428571492
59761  -30.852  -11.570  -19.531 0.1428571492
58818  -30.807  -12.281  -18.368 0.1428571492
58838  -30.861  -12.254  -19.525 0.1428571492
57709  -31.654  -13.238  -16.317 0.1428571492
58817  -30.134  -13.027  -18.927 0.1428571492
57759  -33.214  -12.937  -18.797 0.1428571492
59762  -34.695  -12.115  -18.329 0.1428571492
56691  -29.476  -14.611  -12.115 0.1428571492
55754  -31.520  -15.281  -15.008 0.1428571492
125665  -31.411  -15.005  -13.362 0.1428571492
56780  -30.168  -13.931  -19.218 0.1428571492
57725  -31.424  -14.096  -16.253 0.1428571492
56773  -32.327  -14.708  -18.684 0.1428571492
57751  -34.265  -13.577  -18.280 0.1428571492
51411  -18.926  -20.750  -9.789 0.1428571492
51424  -20.018  -19.982  -10.128 0.1428571492
51422  -18.425  -20.031  -10.068 0.1428571492
51423  -19.240  -20.135  -10.246 0.1428571492
52279  -19.484  -19.416  -10.519 0.1428571492
53104  -19.712  -18.704  -10.824 0.1428571492
53994  -19.953  -18.044  -11.479 0.1428571492
54005  -19.508  -17.267  -12.050 0.1428571492
53995  -20.584  -17.328  -12.109 0.1428571492
122358  -18.906  -17.736  -11.566 0.1428571492
54840  -19.931  -16.737  -12.657 0.1428571492
130924  -20.707  -16.810  -12.811 0.1428571492
54851  -19.369  -15.902  -12.984 0.1428571492
55732  -20.009  -15.559  -13.744 0.1428571492
55749  -20.597  -15.221  -14.381 0.1428571492
56721  -21.186  -14.852  -14.993 0.2857142985
55765  -22.059  -15.227  -15.116 0.1428571492
56739  -22.485  -14.497  -15.627 0.1428571492
57722  -23.665  -13.770  -15.944 0.2857142985
60632  -24.102  -10.867  -18.693 0.4285714328
61493  -24.747  -9.919  -18.003 0.4285714328
61502  -24.643  -9.214  -18.587 0.4285714328
70261  -25.457  0.678  -19.383 0.2857142985
71096  -25.302  1.693  -19.627 0.2857142985
71097  -25.983  2.123  -19.139 0.2857142985
73643  -24.640  5.315  -20.797 0.2857142985
74502  -25.591  5.398  -20.327 0.2857142985
75386  -25.822  6.270  -20.624 0.4285714328
56720  -20.417  -14.378  -14.722 0.1428571492
56738  -21.723  -14.342  -15.547 0.2857142985
56740  -23.252  -14.392  -15.569 0.1428571492
53118  -19.147  -18.345  -11.198 0.1428571492
53993  -18.550  -16.961  -11.831 0.1428571492
55748  -19.820  -14.694  -14.121 0.1428571492
122134  -20.739  -13.201  -15.537 0.2857142985
57721  -22.157  -13.903  -16.009 0.2857142985
57734  -22.273  -13.320  -16.477 0.2857142985
56757  -22.859  -13.822  -16.185 0.2857142985
57735  -23.390  -13.278  -16.611 0.2857142985
58828  -24.078  -12.007  -17.533 0.4285714328
60631  -23.533  -10.813  -18.792 0.2857142985
69354  -25.571  -0.206  -19.194 0.2857142985
71095  -24.646  0.988  -19.742 0.2857142985
71079  -25.978  1.215  -19.030 0.2857142985
71989  -24.430  1.880  -20.005 0.2857142985
71990  -25.445  2.638  -19.711 0.2857142985
131657  -24.944  3.836  -20.349 0.2857142985
72830  -23.550  4.465  -21.063 0.2857142985
126694  -22.819  -13.221  -16.739 0.2857142985
70260  -24.845  0.081  -19.568 0.2857142985
70277  -23.928  0.343  -19.828 0.2857142985
137009  -24.879  2.426  -20.004 0.2857142985
72007  -24.913  3.131  -20.207 0.2857142985
117607  -24.266  3.708  -20.595 0.2857142985
73630  -25.386  4.436  -20.207 0.2857142985
123589  -23.030  1.755  -20.450 0.2857142985
136192  -23.716  2.084  -20.283 0.2857142985
72006  -24.140  2.786  -20.365 0.2857142985
59759  -24.411  -11.257  -17.904 0.4285714328
60619  -24.471  -10.613  -18.281 0.4285714328
54841  -21.335  -16.872  -12.449 0.1428571492
58814  -23.760  -12.665  -17.049 0.4285714328
53103  -18.921  -18.869  -10.834 0.1428571492
54839  -19.029  -16.508  -12.343 0.1428571492
56737  -20.952  -13.967  -15.331 0.2857142985
59758  -23.739  -11.471  -18.305 0.4285714328
72831  -24.433  4.510  -20.694 0.2857142985
58827  -23.457  -12.133  -17.676 0.4285714328
72005  -23.193  2.701  -20.634 0.2857142985
62369  -23.998  -8.809  -19.361 0.2857142985
61514  -24.182  -9.500  -19.117 0.2857142985
63248  -24.704  -7.433  -18.830 0.2857142985
127381  -28.394  15.851  -28.540 0.1428571492
82807  -28.563  15.452  -27.274 0.1428571492
82799  -28.038  15.300  -26.277 0.1428571492
82098  -28.498  14.791  -25.504 0.1428571492
82091  -29.041  14.304  -24.905 0.1428571492
82827  -28.869  16.406  -29.740 0.1428571492
82097  -27.530  14.798  -25.576 0.1428571492
82105  -25.751  15.077  -26.980 0.1428571492
84236  -24.618  17.266  -29.164 0.1428571492
120378  -24.309  -8.065  -19.232 0.2857142985
63259  -23.761  -7.920  -19.481 0.2857142985
81379  -30.579  13.688  -25.619 0.1428571492
82808  -29.300  14.993  -27.091 0.1428571492
81371  -29.585  13.705  -24.392 0.1428571492
82099  -29.298  14.624  -25.763 0.1428571492
81370  -28.595  13.763  -24.247 0.1428571492
82090  -28.037  14.328  -24.821 0.1428571492
82805  -26.248  16.000  -27.894 0.1428571492
126667  -25.632  17.292  -29.521 0.1428571492
118918  -25.360  16.534  -28.849 0.1428571492
82814  -23.940  15.818  -28.341 0.1428571492
83511  -23.729  16.803  -28.314 0.1428571492
82804  -24.684  15.643  -28.170 0.1428571492
82096  -26.492  14.568  -25.957 0.1428571492
61501  -24.329  -10.134  -18.735 0.2857142985
82817  -28.060  16.447  -29.195 0.1428571492
82800  -28.790  15.088  -26.229 0.1428571492
82798  -27.001  15.286  -26.561 0.1428571492
82806  -27.634  15.773  -27.661 0.1428571492
83530  -28.498  17.114  -29.927 0.1428571492
82100  -29.948  14.305  -26.233 0.1428571492
71113  -21.800  0.980  -20.717 0.1428571492
70276  -23.032  0.622  -20.407 0.1428571492
71115  -23.764  1.292  -20.046 0.1428571492
124040  -22.591  3.484  -21.133 0.1428571492
72826  -20.549  4.079  -20.252 0.1428571492
73639  -21.295  4.776  -21.094 0.1428571492
69373  -24.257  -0.449  -19.735 0.1428571492
73629  -21.201  5.801  -21.083 0.1428571492
73641  -22.667  5.311  -21.444 0.1428571492
74512  -22.603  6.214  -21.436 0.2857142985
65031  -23.606  -4.992  -20.060 0.1428571492
68486  -23.358  -1.511  -20.353 0.1428571492
120462  -22.651  -0.225  -20.583 0.1428571492
70262  -32.568  0.258  -18.714 0.1428571492
71114  -22.328  1.323  -20.725 0.1428571492
74514  -24.902  5.969  -20.874 0.1428571492
74513  -23.737  6.267  -21.375 0.1428571492
76329  -25.529  7.000  -21.228 0.2857142985
77268  -24.503  8.678  -22.056 0.2857142985
124961  -23.775  9.076  -21.256 0.2857142985
78171  -24.571  9.257  -22.187 0.2857142985
115091  -24.890  12.020  -20.217 0.1428571492
75398  -24.654  6.633  -21.310 0.2857142985
76344  -26.166  7.643  -21.317 0.2857142985
77269  -25.421  7.963  -21.894 0.2857142985
77254  -24.128  8.176  -21.738 0.2857142985
78182  -26.056  9.017  -22.414 0.2857142985
79911  -24.197  10.688  -22.576 0.1428571492
78155  -24.050  9.608  -21.231 0.2857142985
81354  -24.543  13.372  -22.305 0.1428571492
82057  -25.390  14.441  -21.575 0.1428571492
77253  -23.295  8.856  -21.018 0.1428571492
76308  -22.882  8.182  -21.026 0.1428571492
79048  -24.310  10.044  -21.813 0.1428571492
79901  -24.335  10.984  -21.386 0.1428571492
113978  -24.296  10.771  -19.903 0.1428571492
74499  -20.963  6.045  -20.716 0.2857142985
78138  -23.846  9.836  -19.816 0.1428571492
131430  -24.694  11.780  -18.637 0.1428571492
73592  -20.251  4.999  -18.240 0.1428571492
133604  -32.505  0.893  -19.269 0.1428571492
121343  -32.675  -2.173  -18.477 0.1428571492
67584  -23.889  -2.186  -20.039 0.1428571492
133796  -22.390  -0.618  -20.621 0.1428571492
132438  -32.512  0.146  -19.540 0.1428571492
69386  -22.069  -0.265  -20.671 0.1428571492
117207  -21.213  1.111  -20.465 0.1428571492
71112  -20.799  2.177  -20.366 0.1428571492
72004  -22.289  2.466  -20.903 0.1428571492
72829  -22.718  4.365  -21.366 0.1428571492
73642  -23.607  5.357  -21.199 0.1428571492
73650  -21.791  6.055  -21.331 0.2857142985
75397  -23.454  7.217  -21.518 0.1428571492
76328  -24.363  7.358  -21.626 0.1428571492
76343  -25.237  7.487  -21.673 0.2857142985
76327  -23.330  7.990  -21.403 0.1428571492
79028  -24.085  10.411  -19.514 0.1428571492
79894  -24.510  11.272  -20.462 0.1428571492
132258  -24.303  11.571  -21.871 0.1428571492
79886  -24.638  11.481  -19.603 0.1428571492
69356  -32.625  -0.475  -18.265 0.1428571492
69375  -32.540  -0.527  -19.250 0.1428571492
78181  -25.302  9.109  -22.755 0.2857142985
81334  -25.011  12.674  -20.834 0.1428571492
80642  -24.614  11.858  -21.072 0.1428571492
82056  -24.824  14.168  -22.144 0.1428571492
76330  -26.963  7.707  -20.742 0.2857142985
67573  -24.413  -2.792  -19.732 0.1428571492
115477  -22.995  -3.209  -20.455 0.1428571492
77255  -26.815  8.292  -21.211 0.2857142985
69374  -24.978  -0.753  -19.472 0.1428571492
67559  -32.615  -3.211  -19.299 0.1428571492
70275  -22.251  0.446  -20.683 0.1428571492
124897  -21.630  1.784  -20.729 0.1428571492
72003  -21.408  2.827  -20.788 0.1428571492
70274  -21.612  0.350  -20.568 0.1428571492
72828  -21.781  3.592  -21.156 0.1428571492
72827  -21.105  3.890  -20.746 0.1428571492
73640  -21.888  5.154  -21.433 0.1428571492
117384  -23.446  -0.512  -20.239 0.1428571492
68484  -22.085  -1.020  -20.623 0.1428571492
113697  -22.653  6.981  -21.366 0.2857142985
77275  -24.967  8.898  -22.401 0.2857142985
78154  -23.688  9.434  -20.520 0.1428571492
80628  -25.073  12.162  -19.406 0.1428571492
77270  -26.157  8.365  -21.766 0.2857142985
77276  -25.454  8.530  -22.224 0.2857142985
78139  -23.987  10.089  -20.204 0.2857142985
82068  -25.115  14.883  -22.244 0.1428571492
79037  -24.234  10.475  -20.778 0.2857142985
135803  -19.783  -12.870  -14.979 0.1428571492
57720  -21.499  -13.309  -16.002 0.1428571492
57732  -21.329  -12.342  -16.513 0.1428571492
58806  -19.665  -11.717  -15.590 0.1428571492
59746  -19.919  -11.125  -16.129 0.1428571492
60607  -20.257  -10.650  -16.594 0.1428571492
59748  -21.246  -11.535  -16.858 0.1428571492
60617  -20.702  -10.249  -17.106 0.1428571492
58813  -22.467  -12.730  -17.032 0.1428571492
61492  -21.054  -9.833  -17.604 0.1428571492
59770  -22.430  -10.846  -18.250 0.1428571492
58837  -23.146  -11.697  -18.085 0.1428571492
60629  -22.360  -10.232  -18.515 0.1428571492
59771  -23.075  -11.186  -18.505 0.1428571492
61499  -21.703  -9.699  -18.186 0.1428571492
127666  -22.798  -10.074  -18.942 0.1428571492
62368  -23.314  -8.775  -19.342 0.1428571492
122188  -23.422  -6.966  -19.611 0.1428571492
74501  -21.986  6.725  -21.010 0.1428571492
58812  -21.994  -12.030  -17.229 0.1428571492
57748  -23.112  -12.755  -17.180 0.1428571492
57704  -19.385  -13.109  -14.482 0.1428571492
133380  -19.437  -12.340  -14.999 0.1428571492
58811  -20.539  -11.851  -16.164 0.1428571492
64113  -24.370  -5.920  -19.434 0.1428571492
60643  -23.791  -10.272  -19.047 0.1428571492
136361  -20.853  -12.654  -15.948 0.1428571492
57733  -21.902  -12.743  -16.678 0.1428571492
58826  -22.777  -12.167  -17.599 0.1428571492
61513  -23.578  -9.555  -19.237 0.1428571492
57719  -20.178  -12.570  -15.448 0.1428571492
59739  -19.174  -11.022  -15.606 0.1428571492
59747  -20.603  -11.175  -16.570 0.1428571492
59756  -21.065  -10.852  -17.072 0.1428571492
60618  -21.625  -10.429  -17.784 0.1428571492
59757  -21.836  -11.182  -17.558 0.1428571492
61491  -20.369  -9.591  -17.046 0.1428571492
58836  -22.553  -11.499  -17.923 0.1428571492
60616  -19.896  -10.055  -16.562 0.1428571492
55736  -24.309  -15.111  -13.151 0.1428571492
56771  -30.196  -14.265  -18.854 0.1428571492
57749  -30.025  -13.646  -19.142 0.1428571492
60630  -22.977  -10.565  -18.824 0.2857142985
60642  -23.222  -10.140  -19.078 0.1428571492
64057  -28.812  -6.651  -14.654 0.7142857313
65918  -24.622  -4.166  -19.399 0.4285714328
66716  -28.033  -2.928  -16.432 1.0000000000
67493  -31.581  -2.682  -14.714 0.5714285970
67583  -23.203  -2.379  -20.407 0.1428571492
68439  -27.424  -1.109  -17.451 1.0000000000
68485  -22.556  -1.739  -20.563 0.1428571492
69322  -31.821  -0.319  -15.560 0.5714285970
70196  -30.482  0.226  -15.613 0.8571428657
70217  -30.023  0.974  -15.893 0.7142857313
70218  -32.423  0.588  -16.327 0.5714285970
70242  -26.478  0.879  -18.550 0.5714285970
70273  -20.936  0.349  -20.188 0.1428571492
71057  -32.120  1.760  -16.541 0.5714285970
71072  -32.447  1.666  -17.145 0.5714285970
71094  -20.512  1.183  -19.909 0.1428571492
71965  -28.432  2.590  -17.199 0.8571428657
72817  -25.488  3.479  -19.899 0.2857142985
73585  -31.112  4.012  -17.033 0.8571428657
73617  -32.714  4.412  -18.427 0.5714285970
75390  -32.251  7.021  -19.187 0.1428571492
78188  -32.441  9.233  -23.256 0.1428571492
79077  -25.171  10.330  -24.585 0.7142857313
79928  -25.650  11.103  -24.563 0.4285714328
79931  -23.455  11.076  -26.021 0.4285714328
81378  -29.893  14.085  -25.201 0.1428571492
81384  -24.049  13.210  -27.150 0.2857142985
83518  -23.941  16.662  -28.826 0.1428571492
116142  -26.374  -6.748  -16.583 0.5714285970
119356  -23.630  14.872  -27.824 0.2857142985
124004  -23.433  3.575  -20.890 0.2857142985
124237  -24.530  13.870  -22.805 0.1428571492
124315  -28.954  11.623  -22.316 0.4285714328
126207  -31.530  11.609  -23.633 0.1428571492
126383  -22.761  -0.943  -20.589 0.1428571492
131767  -32.543  -0.820  -16.356 0.2857142985
132288  -27.463  -1.571  -17.351 0.7142857313
132643  -22.049  4.265  -21.405 0.1428571492
134133  -23.368  -10.465  -18.974 0.2857142985
134228  -32.041  4.767  -17.696 0.8571428657
135159  -27.003  -7.773  -15.699 0.7142857313
