#!ascii label  , from subject sub-v2s17x50031_ses-1 vox2ras=TkReg
760
84434  41.844  19.673  33.482 0.0000000000
85224  48.590  20.660  27.523 0.0000000000
86547  47.501  22.798  28.485 0.0000000000
83729  46.664  19.271  15.428 0.0000000000
80997  43.494  15.540  32.661 0.0000000000
87849  50.132  25.065  33.914 0.0000000000
85270  51.940  20.494  21.600 0.0000000000
114691  41.498  23.039  22.256 0.0000000000
85825  50.033  22.253  34.655 0.0000000000
84445  45.938  19.496  32.672 0.0000000000
81888  45.519  16.544  26.964 0.0000000000
133481  42.746  24.824  27.181 0.0000000000
129494  45.303  23.121  22.657 0.0000000000
86543  54.098  22.379  28.347 0.0000000000
86640  50.823  22.413  22.366 0.0000000000
87924  39.649  25.051  22.699 0.0000000000
85829  45.574  21.048  34.594 0.0000000000
84419  44.207  18.887  34.461 0.0000000000
130603  43.745  16.539  29.879 0.0000000000
87877  46.284  24.327  30.603 0.0000000000
89132  44.645  26.532  28.593 0.0000000000
87247  44.874  23.458  28.531 0.0000000000
87268  44.017  22.806  25.812 0.0000000000
86576  46.559  22.522  26.088 0.0000000000
85863  49.286  21.345  31.360 0.0000000000
85860  52.658  22.471  32.033 0.0000000000
85886  51.686  21.498  28.280 0.0000000000
85290  50.872  21.316  18.358 0.0000000000
85948  53.484  22.105  20.875 0.0000000000
120647  50.257  22.092  17.974 0.0000000000
85284  47.372  21.082  20.124 0.0000000000
84545  45.350  19.205  17.002 0.0000000000
81114  44.007  16.000  20.058 0.0000000000
83608  39.756  18.155  34.142 0.0000000000
133923  43.157  17.834  34.581 0.0000000000
87207  48.545  23.683  31.303 0.0000000000
113986  47.909  18.620  24.782 0.0000000000
85256  50.290  20.340  24.782 0.0000000000
122827  49.514  18.570  22.512 0.0000000000
83710  49.590  18.729  19.191 0.0000000000
88465  48.996  25.290  36.553 0.0000000000
86483  46.966  22.713  35.342 0.0000000000
85170  47.425  20.653  33.482 0.0000000000
85203  47.110  20.643  30.099 0.0000000000
136898  44.370  18.131  32.559 0.0000000000
84464  44.582  19.190  30.043 0.0000000000
83653  46.004  19.016  27.322 0.0000000000
81903  47.675  16.278  24.446 0.0000000000
83623  37.383  18.731  33.873 0.0000000000
130249  43.641  28.084  25.256 0.0000000000
89149  40.921  26.652  25.139 0.0000000000
87914  41.983  23.801  24.701 0.0000000000
87298  43.201  23.208  22.544 0.0000000000
85943  44.361  21.633  22.508 0.0000000000
87835  52.898  24.318  35.809 0.0000000000
87205  52.308  23.567  31.759 0.0000000000
86544  50.771  23.136  28.076 0.0000000000
85918  53.427  21.647  25.668 0.0000000000
116641  52.906  22.506  24.820 0.0000000000
86591  49.251  22.494  25.608 0.0000000000
86625  47.951  22.638  23.218 0.0000000000
85278  45.955  20.551  21.794 0.0000000000
118155  38.980  24.641  21.265 0.0000000000
88544  39.559  25.877  23.081 0.0000000000
85831  43.888  20.917  33.849 0.0000000000
85164  43.445  19.481  34.113 0.0000000000
122828  47.050  23.226  29.672 0.0000000000
87238  45.327  23.684  29.289 0.0000000000
126648  46.701  22.802  28.294 0.0000000000
129956  46.169  22.573  26.875 0.0000000000
86575  46.992  22.545  26.936 0.0000000000
85884  49.046  21.256  29.450 0.0000000000
85883  50.271  21.408  29.788 0.0000000000
85211  49.216  21.073  28.109 0.0000000000
84550  48.443  20.406  16.033 0.0000000000
85298  50.801  21.984  18.157 0.0000000000
85311  48.105  21.201  16.276 0.0000000000
85306  47.533  21.063  16.751 0.0000000000
84557  46.019  19.826  15.609 0.0000000000
82815  44.746  17.867  16.994 0.0000000000
81964  46.188  17.149  17.353 0.0000000000
81848  40.763  16.905  34.575 0.0000000000
87859  47.794  24.670  31.987 0.0000000000
87198  49.013  23.976  32.089 0.0000000000
81909  48.583  17.092  23.240 0.0000000000
83679  48.957  18.972  23.911 0.0000000000
113579  49.294  17.045  21.827 0.0000000000
81937  49.910  17.162  19.116 0.0000000000
81961  50.239  17.558  17.066 0.0000000000
131378  49.444  18.551  17.504 0.0000000000
84416  46.271  19.793  34.260 0.0000000000
85160  46.652  20.626  34.354 0.0000000000
85185  46.998  20.301  33.099 0.0000000000
85195  47.605  20.809  31.554 0.0000000000
84453  46.207  20.081  31.817 0.0000000000
81856  43.581  16.400  34.057 0.0000000000
82714  44.466  17.414  34.014 0.0000000000
81861  43.591  16.452  32.728 0.0000000000
81874  44.513  16.544  28.571 0.0000000000
133473  43.964  17.886  29.397 0.0000000000
82733  44.847  18.136  28.036 0.0000000000
115440  45.405  19.455  28.775 0.0000000000
83663  45.559  17.806  26.917 0.0000000000
83672  46.674  18.062  25.672 0.0000000000
81895  46.423  17.049  25.781 0.0000000000
80218  48.491  14.159  24.618 0.0000000000
89135  43.571  26.238  27.607 0.0000000000
89698  44.199  27.535  26.684 0.0000000000
89137  42.957  26.421  26.961 0.0000000000
89705  42.322  27.399  25.475 0.0000000000
89139  41.602  26.100  26.120 0.0000000000
88534  40.922  25.245  25.364 0.0000000000
87904  41.903  24.151  25.704 0.0000000000
86610  44.671  22.801  23.998 0.0000000000
87279  43.940  23.282  23.371 0.0000000000
86628  44.680  23.259  22.923 0.0000000000
129587  44.284  22.695  22.300 0.0000000000
118049  44.990  22.450  22.112 0.0000000000
87170  49.205  23.448  36.608 0.0000000000
87823  51.148  24.801  37.662 0.0000000000
129250  51.501  23.290  35.907 0.0000000000
85873  53.715  22.772  30.109 0.0000000000
87204  53.405  23.214  31.874 0.0000000000
87233  53.513  23.312  30.352 0.0000000000
87234  51.192  23.476  29.829 0.0000000000
87241  53.186  23.302  28.756 0.0000000000
128251  50.729  19.884  23.083 0.0000000000
85243  51.192  20.818  25.316 0.0000000000
85262  52.644  20.968  23.511 0.0000000000
133677  51.936  22.180  21.803 0.0000000000
86620  53.394  22.141  23.468 0.0000000000
86622  51.454  22.504  23.238 0.0000000000
86590  50.497  22.575  25.667 0.0000000000
114046  49.985  22.507  24.852 0.0000000000
114045  48.809  22.485  24.815 0.0000000000
86624  48.932  22.530  23.286 0.0000000000
84538  46.435  19.774  19.703 0.0000000000
85962  46.979  21.166  20.983 0.0000000000
123323  45.867  19.329  21.052 0.0000000000
84524  45.587  19.490  21.807 0.0000000000
88477  50.366  26.235  34.639 0.0000000000
87300  39.887  23.063  21.298 0.0000000000
87291  40.500  23.260  21.851 0.0000000000
86505  44.855  22.363  33.872 0.0000000000
85839  44.342  21.668  33.836 0.0000000000
85162  45.276  20.048  34.577 0.0000000000
83602  45.289  18.736  34.276 0.0000000000
81867  43.502  16.031  31.734 0.0000000000
88511  45.191  25.410  29.747 0.0000000000
87890  44.061  24.698  28.526 0.0000000000
87892  43.383  24.526  27.760 0.0000000000
87259  43.160  23.373  26.376 0.0000000000
87258  43.940  23.088  26.826 0.0000000000
113929  45.031  22.605  25.740 0.0000000000
130073  46.180  22.559  24.352 0.0000000000
130786  49.875  21.536  33.044 0.0000000000
85835  50.847  21.926  33.347 0.0000000000
85862  50.372  21.487  31.765 0.0000000000
85874  51.578  21.645  30.455 0.0000000000
136060  52.947  21.775  28.434 0.0000000000
85283  51.500  20.848  19.459 0.0000000000
85269  53.230  21.295  21.802 0.0000000000
85967  52.316  22.008  19.290 0.0000000000
86677  51.823  22.237  19.418 0.0000000000
85949  50.291  21.985  20.743 0.0000000000
85950  49.186  22.296  20.963 0.0000000000
125916  49.293  21.665  19.549 0.0000000000
85292  47.065  20.326  18.860 0.0000000000
84539  45.768  19.138  18.998 0.0000000000
81130  44.921  16.189  19.671 0.0000000000
84422  40.930  18.814  33.806 0.0000000000
83605  42.443  18.413  34.302 0.0000000000
83606  41.520  18.277  34.213 0.0000000000
81846  42.659  16.405  34.528 0.0000000000
119316  42.892  15.064  33.772 0.0000000000
88496  46.803  25.758  31.339 0.0000000000
114040  46.930  23.945  30.915 0.0000000000
137085  47.752  23.252  29.973 0.0000000000
84485  48.229  20.040  26.241 0.0000000000
85245  49.038  20.277  25.964 0.0000000000
84493  49.245  19.995  25.158 0.0000000000
115506  49.739  19.451  23.518 0.0000000000
84515  50.840  19.794  22.199 0.0000000000
113516  49.647  16.869  20.648 0.0000000000
83705  49.610  18.269  20.174 0.0000000000
84530  49.908  19.308  19.818 0.0000000000
84537  49.894  19.816  18.767 0.0000000000
84549  49.099  19.557  16.870 0.0000000000
83728  47.622  18.745  15.499 0.0000000000
82813  46.865  17.510  16.378 0.0000000000
87171  48.331  23.567  36.297 0.0000000000
86482  48.049  22.824  35.877 0.0000000000
86493  46.661  21.982  35.020 0.0000000000
120352  47.237  21.488  34.766 0.0000000000
85837  48.730  21.468  33.852 0.0000000000
127614  48.496  21.174  32.705 0.0000000000
85194  48.338  21.146  30.978 0.0000000000
85213  47.600  20.581  28.525 0.0000000000
83604  43.980  18.075  34.559 0.0000000000
83619  44.945  18.054  34.213 0.0000000000
83633  45.114  18.804  32.700 0.0000000000
82729  43.506  17.469  30.929 0.0000000000
83634  44.266  18.602  31.596 0.0000000000
84454  45.359  19.534  31.595 0.0000000000
85205  45.773  20.088  29.937 0.0000000000
84469  46.197  19.947  28.523 0.0000000000
114397  47.188  19.974  27.254 0.0000000000
83661  47.137  18.954  25.902 0.0000000000
83681  47.689  17.899  24.582 0.0000000000
115847  48.495  15.993  23.443 0.0000000000
81063  47.610  15.469  24.799 0.0000000000
80230  48.608  14.928  23.785 0.0000000000
84436  39.687  19.190  33.450 0.0000000000
83609  38.899  18.148  34.193 0.0000000000
118911  36.892  17.327  34.649 0.0000000000
90324  45.310  28.181  26.221 0.0000000000
90350  43.273  28.416  24.093 0.0000000000
124609  39.974  25.913  23.980 0.0000000000
87916  40.614  24.492  23.691 0.0000000000
123903  41.863  23.347  22.599 0.0000000000
87270  42.522  23.572  25.546 0.0000000000
87281  42.534  23.544  23.638 0.0000000000
87299  42.453  23.081  22.439 0.0000000000
116489  51.550  24.744  34.494 0.0000000000
86502  52.954  23.425  33.684 0.0000000000
87187  52.896  23.569  33.669 0.0000000000
87189  50.791  24.338  33.472 0.0000000000
87206  49.791  23.672  31.518 0.0000000000
87235  49.672  23.318  29.813 0.0000000000
86545  49.525  22.883  28.222 0.0000000000
85222  50.464  21.133  27.063 0.0000000000
85908  51.651  21.362  26.811 0.0000000000
85894  54.055  21.874  27.188 0.0000000000
85253  53.397  21.782  23.637 0.0000000000
85926  53.982  22.012  25.501 0.0000000000
130991  53.970  22.641  27.017 0.0000000000
123542  52.064  22.867  26.620 0.0000000000
86556  49.966  22.753  27.322 0.0000000000
118825  49.028  22.586  26.984 0.0000000000
86592  48.196  22.473  25.515 0.0000000000
114044  47.800  22.487  24.699 0.0000000000
86626  47.034  22.808  23.017 0.0000000000
86662  47.999  22.438  21.861 0.0000000000
86663  46.761  22.193  21.683 0.0000000000
86664  46.182  22.259  21.822 0.0000000000
123576  45.323  21.276  22.180 0.0000000000
81115  42.954  15.759  20.243 0.0000000000
89165  39.226  26.014  22.098 0.0000000000
89164  39.648  26.692  22.641 0.0000000000
85173  41.819  20.546  32.907 0.0000000000
84433  42.690  20.014  33.532 0.0000000000
135628  47.289  22.961  29.080 0.0000000000
87246  46.719  22.996  28.983 0.0000000000
86558  47.267  22.654  27.693 0.0000000000
85212  48.372  20.793  28.282 0.0000000000
85888  48.913  21.119  28.735 0.0000000000
135333  47.582  19.936  15.507 0.0000000000
85305  48.582  21.125  16.380 0.0000000000
84556  46.906  20.380  15.499 0.0000000000
85312  47.238  20.929  15.887 0.0000000000
83730  45.766  19.057  15.758 0.0000000000
82822  46.114  18.352  15.886 0.0000000000
88478  49.556  25.704  33.685 0.0000000000
87850  49.195  25.055  33.166 0.0000000000
87858  48.533  24.693  32.488 0.0000000000
114250  49.528  24.455  32.886 0.0000000000
82779  49.053  17.107  22.439 0.0000000000
82811  49.807  17.374  15.783 0.0000000000
86649  42.243  22.748  22.395 0.0000000000
84431  46.374  19.660  33.579 0.0000000000
84444  46.518  19.999  32.660 0.0000000000
137349  43.535  16.153  33.410 0.0000000000
81855  43.904  16.781  33.701 0.0000000000
81880  45.024  16.765  27.674 0.0000000000
82734  44.606  17.447  28.208 0.0000000000
82740  45.090  17.645  27.542 0.0000000000
114609  45.363  17.188  27.097 0.0000000000
82748  45.781  17.143  26.530 0.0000000000
81887  46.023  16.367  26.354 0.0000000000
88521  43.095  25.469  27.449 0.0000000000
88522  42.430  25.508  26.905 0.0000000000
89138  42.169  26.229  26.477 0.0000000000
88523  41.807  25.498  26.339 0.0000000000
87895  42.205  24.665  26.517 0.0000000000
86609  45.567  22.826  23.547 0.0000000000
86646  44.638  23.086  22.431 0.0000000000
86480  50.277  22.781  35.605 0.0000000000
87169  50.577  23.480  36.696 0.0000000000
86541  53.894  22.788  29.311 0.0000000000
86534  53.889  23.026  30.293 0.0000000000
87232  53.792  23.122  29.557 0.0000000000
130494  52.742  23.463  29.603 0.0000000000
87240  53.971  22.713  28.663 0.0000000000
85263  51.512  20.406  23.508 0.0000000000
123104  52.090  20.572  22.653 0.0000000000
86639  52.280  22.245  22.505 0.0000000000
86604  50.757  22.586  24.026 0.0000000000
86623  50.103  22.568  23.258 0.0000000000
86605  49.447  22.517  24.059 0.0000000000
86641  49.462  22.578  22.494 0.0000000000
84532  45.697  19.038  20.163 0.0000000000
84531  46.217  19.638  20.622 0.0000000000
83698  45.328  18.796  21.069 0.0000000000
87929  39.610  24.107  21.725 0.0000000000
87923  40.167  24.349  22.635 0.0000000000
86506  44.114  22.484  33.233 0.0000000000
85840  43.598  21.719  33.264 0.0000000000
85163  44.319  19.922  34.380 0.0000000000
84417  45.641  19.450  34.398 0.0000000000
84418  45.002  19.158  34.506 0.0000000000
89120  45.736  25.912  30.326 0.0000000000
89125  45.420  26.392  29.679 0.0000000000
87878  45.688  24.844  30.224 0.0000000000
87889  44.617  24.113  28.959 0.0000000000
87248  44.071  23.857  28.233 0.0000000000
87252  43.587  23.629  27.381 0.0000000000
86561  44.485  23.170  27.626 0.0000000000
86577  45.612  22.588  26.383 0.0000000000
113992  45.820  22.534  25.643 0.0000000000
130445  46.374  22.505  25.145 0.0000000000
113438  49.385  21.374  32.349 0.0000000000
85875  50.324  21.439  30.852 0.0000000000
115337  50.924  21.431  28.945 0.0000000000
85882  51.544  21.570  29.650 0.0000000000
114224  52.287  21.698  29.074 0.0000000000
85282  52.516  21.509  19.941 0.0000000000
130410  51.423  22.045  18.516 0.0000000000
85968  51.115  22.163  18.592 0.0000000000
85958  50.791  22.158  19.593 0.0000000000
85969  50.181  22.122  18.861 0.0000000000
85959  49.718  21.803  20.096 0.0000000000
85970  49.473  21.796  18.438 0.0000000000
84544  46.161  19.826  17.343 0.0000000000
85300  47.756  20.943  17.959 0.0000000000
122267  46.404  19.734  18.503 0.0000000000
137388  45.783  19.245  18.018 0.0000000000
83718  44.554  17.817  17.693 0.0000000000
81951  45.616  16.838  18.119 0.0000000000
81939  45.236  16.517  18.845 0.0000000000
83620  40.117  18.725  33.759 0.0000000000
83607  40.623  18.191  34.141 0.0000000000
81847  41.870  16.846  34.635 0.0000000000
120702  41.950  16.084  34.555 0.0000000000
80985  43.108  15.981  34.202 0.0000000000
80986  42.427  15.594  34.324 0.0000000000
114007  48.102  24.059  31.776 0.0000000000
87867  47.394  24.301  31.476 0.0000000000
87208  47.678  23.765  31.115 0.0000000000
87225  47.293  23.541  30.446 0.0000000000
87224  48.098  23.445  30.582 0.0000000000
83670  47.820  19.087  25.304 0.0000000000
84494  48.419  19.698  25.530 0.0000000000
84502  48.532  19.239  24.719 0.0000000000
83688  49.293  18.721  23.191 0.0000000000
84509  49.904  19.256  22.703 0.0000000000
84516  49.897  18.961  21.803 0.0000000000
81930  50.003  16.623  19.895 0.0000000000
82798  49.597  17.882  19.247 0.0000000000
84522  49.942  19.082  20.798 0.0000000000
83722  48.874  18.491  16.247 0.0000000000
83723  48.300  19.212  15.817 0.0000000000
83727  48.220  18.276  15.625 0.0000000000
81973  47.855  17.353  15.823 0.0000000000
87839  46.783  24.053  34.878 0.0000000000
87838  47.283  24.594  35.245 0.0000000000
87172  47.387  23.592  35.565 0.0000000000
86495  45.490  21.980  34.487 0.0000000000
126042  45.439  22.690  34.238 0.0000000000
120089  46.037  21.735  34.750 0.0000000000
85159  47.400  20.902  34.099 0.0000000000
85827  48.088  21.443  34.332 0.0000000000
85838  48.109  21.090  33.482 0.0000000000
85847  49.006  21.391  33.194 0.0000000000
135909  46.784  20.499  31.040 0.0000000000
128198  47.574  20.820  30.714 0.0000000000
85202  48.094  21.018  29.978 0.0000000000
85208  47.402  20.651  29.297 0.0000000000
117395  43.344  18.615  34.384 0.0000000000
82700  44.336  17.714  34.365 0.0000000000
83627  44.784  18.013  33.565 0.0000000000
83626  45.393  18.553  33.887 0.0000000000
81869  43.516  16.497  30.784 0.0000000000
134841  43.556  17.153  30.239 0.0000000000
83644  44.180  18.518  29.648 0.0000000000
83641  43.689  17.924  30.163 0.0000000000
83640  44.081  18.658  30.551 0.0000000000
84455  44.619  19.198  30.988 0.0000000000
84463  45.207  19.652  30.481 0.0000000000
84467  45.210  19.587  29.575 0.0000000000
84470  45.703  19.251  27.989 0.0000000000
84477  46.432  19.625  27.638 0.0000000000
85226  46.973  20.233  28.048 0.0000000000
84487  46.634  19.209  26.777 0.0000000000
84486  47.478  19.702  26.487 0.0000000000
82755  47.102  17.475  25.088 0.0000000000
82762  47.595  17.045  24.474 0.0000000000
81902  48.084  16.620  23.924 0.0000000000
80202  47.501  14.680  25.507 0.0000000000
118492  48.136  14.998  24.430 0.0000000000
80229  49.299  14.539  23.176 0.0000000000
85188  39.092  20.026  32.790 0.0000000000
83622  38.395  18.752  33.805 0.0000000000
83610  38.024  18.104  34.240 0.0000000000
82706  38.557  17.503  34.491 0.0000000000
89703  44.035  27.863  25.902 0.0000000000
132652  44.664  27.928  26.281 0.0000000000
90335  44.812  28.222  25.677 0.0000000000
114025  44.960  28.454  25.035 0.0000000000
90336  44.324  28.311  25.145 0.0000000000
115079  44.015  28.568  23.754 0.0000000000
90349  43.809  28.375  24.581 0.0000000000
89706  41.515  27.069  25.290 0.0000000000
134943  40.454  27.009  24.210 0.0000000000
89158  40.020  26.688  23.683 0.0000000000
89150  40.399  26.429  24.577 0.0000000000
87915  41.169  24.488  24.868 0.0000000000
88535  40.423  25.356  24.585 0.0000000000
87282  41.598  23.795  23.478 0.0000000000
87269  43.194  23.130  25.184 0.0000000000
87288  43.277  23.449  23.019 0.0000000000
87280  43.237  23.346  23.968 0.0000000000
87289  42.522  23.400  22.812 0.0000000000
86648  43.011  22.930  22.346 0.0000000000
117192  50.125  26.391  37.039 0.0000000000
131437  52.333  24.458  37.212 0.0000000000
88455  51.721  25.438  37.379 0.0000000000
87836  52.639  24.987  36.521 0.0000000000
135290  52.046  25.615  36.367 0.0000000000
130028  52.438  24.881  35.616 0.0000000000
85846  51.810  22.244  32.801 0.0000000000
86503  52.218  22.698  33.779 0.0000000000
86512  53.101  22.940  32.940 0.0000000000
86510  53.129  23.186  32.790 0.0000000000
87195  52.962  23.442  32.642 0.0000000000
87196  51.982  23.836  32.994 0.0000000000
115347  51.197  23.729  32.091 0.0000000000
87197  50.238  23.957  32.521 0.0000000000
114042  50.957  23.610  31.356 0.0000000000
87243  50.252  23.240  28.953 0.0000000000
87244  49.041  23.020  29.060 0.0000000000
85244  49.983  20.528  25.651 0.0000000000
85233  49.718  20.693  26.493 0.0000000000
85242  52.549  21.290  24.993 0.0000000000
85231  52.075  21.331  25.925 0.0000000000
85907  53.107  21.575  26.554 0.0000000000
85275  53.622  21.792  21.177 0.0000000000
85261  53.330  21.546  22.721 0.0000000000
85941  53.715  21.981  21.923 0.0000000000
130747  53.303  22.211  24.193 0.0000000000
86603  53.690  22.089  24.950 0.0000000000
86588  53.541  22.460  25.582 0.0000000000
86570  54.011  22.338  26.205 0.0000000000
86571  53.265  22.756  26.349 0.0000000000
86554  52.837  23.025  27.174 0.0000000000
86572  50.882  22.750  26.526 0.0000000000
86573  49.672  22.579  26.442 0.0000000000
114515  48.607  22.503  26.311 0.0000000000
86606  48.367  22.516  24.010 0.0000000000
86607  47.421  22.560  23.869 0.0000000000
85960  48.715  21.881  20.421 0.0000000000
85951  48.300  22.371  21.121 0.0000000000
85961  47.733  21.879  20.675 0.0000000000
130074  46.466  20.624  21.275 0.0000000000
85952  47.132  21.893  21.355 0.0000000000
86644  46.662  22.718  22.206 0.0000000000
85942  45.605  22.189  21.899 0.0000000000
85954  45.918  21.516  21.795 0.0000000000
129244  44.466  18.578  22.403 0.0000000000
84518  44.887  19.367  22.591 0.0000000000
132023  43.580  16.475  19.282 0.0000000000
81132  43.290  16.169  19.669 0.0000000000
88550  39.293  25.298  22.126 0.0000000000
85841  42.933  20.979  33.197 0.0000000000
85172  43.444  20.273  33.830 0.0000000000
87226  46.525  23.691  30.247 0.0000000000
87884  45.770  23.965  30.006 0.0000000000
87237  46.146  23.424  29.532 0.0000000000
86548  45.835  23.082  28.685 0.0000000000
86549  45.319  22.988  27.996 0.0000000000
86559  46.236  22.705  27.683 0.0000000000
85876  49.181  21.330  30.387 0.0000000000
85887  49.743  21.303  28.834 0.0000000000
85897  50.335  21.259  28.011 0.0000000000
85304  49.230  20.991  16.723 0.0000000000
85299  50.047  21.521  17.421 0.0000000000
85983  49.330  21.362  17.058 0.0000000000
85977  49.374  21.680  17.425 0.0000000000
85985  48.442  21.398  17.063 0.0000000000
85307  46.661  20.538  16.490 0.0000000000
84551  45.891  19.904  16.250 0.0000000000
126225  44.912  18.421  16.887 0.0000000000
82823  45.284  18.429  16.307 0.0000000000
82814  45.514  17.755  16.630 0.0000000000
82704  40.258  17.561  34.403 0.0000000000
88495  47.300  25.163  31.728 0.0000000000
88488  47.922  25.495  32.330 0.0000000000
83680  48.296  18.393  24.234 0.0000000000
83689  48.678  18.125  23.539 0.0000000000
82770  49.082  17.929  22.829 0.0000000000
83693  49.440  17.887  21.995 0.0000000000
81948  50.209  17.146  18.242 0.0000000000
82805  49.743  17.776  18.129 0.0000000000
129768  49.556  18.362  18.549 0.0000000000
82812  49.550  18.023  16.601 0.0000000000
87179  46.506  23.355  34.899 0.0000000000
85161  45.981  20.274  34.544 0.0000000000
85828  46.355  21.199  34.648 0.0000000000
85171  46.875  20.263  33.901 0.0000000000
85184  47.714  20.797  32.626 0.0000000000
128446  46.939  20.453  32.120 0.0000000000
81845  43.377  16.763  34.426 0.0000000000
82701  43.678  17.417  34.521 0.0000000000
82715  43.973  17.064  34.289 0.0000000000
81860  44.033  17.361  32.949 0.0000000000
81870  44.037  16.715  29.249 0.0000000000
81871  43.774  17.275  29.614 0.0000000000
82731  44.157  17.346  28.930 0.0000000000
83647  44.427  18.203  28.773 0.0000000000
83643  44.740  19.015  29.160 0.0000000000
83646  45.057  18.773  28.357 0.0000000000
117358  45.417  18.464  27.532 0.0000000000
83662  45.995  18.482  26.818 0.0000000000
130060  46.485  18.510  26.273 0.0000000000
117345  46.109  17.844  26.294 0.0000000000
124582  47.108  16.415  25.068 0.0000000000
80201  48.091  14.151  25.297 0.0000000000
79278  49.891  13.310  24.157 0.0000000000
89134  44.083  26.304  28.135 0.0000000000
89691  44.590  26.985  27.943 0.0000000000
89695  43.732  26.978  27.171 0.0000000000
89699  43.408  27.294  26.499 0.0000000000
89704  43.148  27.641  25.720 0.0000000000
89700  42.601  27.007  26.239 0.0000000000
89142  41.892  26.714  25.905 0.0000000000
89143  41.272  26.366  25.649 0.0000000000
88527  40.753  25.935  25.287 0.0000000000
88526  41.249  25.652  25.818 0.0000000000
87896  41.466  24.907  25.839 0.0000000000
128027  44.604  22.658  25.006 0.0000000000
86594  43.903  22.909  24.558 0.0000000000
87297  43.910  23.303  22.699 0.0000000000
86647  43.756  23.050  22.414 0.0000000000
87830  49.116  24.131  36.878 0.0000000000
87824  50.088  25.003  37.362 0.0000000000
87162  50.248  24.045  37.409 0.0000000000
86479  52.310  23.880  36.680 0.0000000000
86490  52.603  23.620  35.511 0.0000000000
115184  52.929  22.391  30.991 0.0000000000
86511  53.423  23.124  32.100 0.0000000000
86523  53.628  23.087  31.544 0.0000000000
87220  53.714  23.138  31.074 0.0000000000
87221  52.931  23.499  30.893 0.0000000000
87222  51.662  23.563  30.807 0.0000000000
117743  52.471  23.517  30.305 0.0000000000
87242  51.697  23.416  28.843 0.0000000000
84500  50.513  20.092  23.922 0.0000000000
85255  51.679  20.680  24.323 0.0000000000
85254  52.867  21.347  24.214 0.0000000000
124873  53.285  22.243  21.540 0.0000000000
86638  53.555  22.146  22.581 0.0000000000
86621  52.631  22.283  23.186 0.0000000000
114002  52.340  22.500  23.961 0.0000000000
86589  52.109  22.682  25.754 0.0000000000
114047  51.431  22.592  24.836 0.0000000000
86642  48.451  22.569  22.560 0.0000000000
85285  46.662  20.350  20.584 0.0000000000
84523  46.187  19.925  21.271 0.0000000000
84525  44.931  18.688  21.841 0.0000000000
87934  39.182  23.461  20.993 0.0000000000
86496  44.982  21.585  34.302 0.0000000000
85830  44.744  20.846  34.382 0.0000000000
84432  45.863  19.115  34.114 0.0000000000
81005  43.719  15.679  31.009 0.0000000000
81004  43.909  15.806  30.259 0.0000000000
81008  44.265  15.953  29.391 0.0000000000
81873  44.966  16.048  28.062 0.0000000000
81022  45.375  15.958  27.485 0.0000000000
81037  45.838  15.798  26.875 0.0000000000
89131  45.220  26.823  29.042 0.0000000000
88512  44.787  25.986  29.241 0.0000000000
87885  45.163  24.426  29.610 0.0000000000
87886  44.627  24.994  29.175 0.0000000000
88517  44.255  25.644  28.675 0.0000000000
88519  43.675  25.458  28.089 0.0000000000
87894  42.852  24.110  27.012 0.0000000000
86560  45.399  22.739  27.233 0.0000000000
86578  44.710  22.776  26.644 0.0000000000
115284  45.471  22.575  24.790 0.0000000000
85836  49.715  21.748  33.794 0.0000000000
86504  50.846  22.245  34.070 0.0000000000
85861  51.389  21.813  32.121 0.0000000000
114433  51.559  21.752  31.391 0.0000000000
85881  52.728  22.114  29.905 0.0000000000
114646  53.607  22.335  28.997 0.0000000000
85277  51.752  20.565  20.582 0.0000000000
85276  52.967  21.213  20.909 0.0000000000
85957  53.017  22.061  20.070 0.0000000000
85297  51.625  22.000  18.616 0.0000000000
85966  52.535  22.114  19.639 0.0000000000
86671  53.074  22.176  20.261 0.0000000000
86658  52.340  22.335  20.973 0.0000000000
86659  51.058  22.134  21.366 0.0000000000
86660  49.862  22.390  21.617 0.0000000000
85971  48.466  21.397  19.597 0.0000000000
85978  48.632  21.419  18.178 0.0000000000
85291  47.780  20.840  19.145 0.0000000000
124607  47.022  20.475  19.729 0.0000000000
83712  44.366  17.815  18.702 0.0000000000
81953  43.676  16.878  18.836 0.0000000000
129890  44.633  17.529  17.795 0.0000000000
81952  44.574  16.993  18.289 0.0000000000
81940  44.226  16.543  18.987 0.0000000000
123926  41.190  19.356  33.531 0.0000000000
84421  41.752  18.949  33.863 0.0000000000
120914  42.206  17.662  34.526 0.0000000000
82703  41.207  17.580  34.442 0.0000000000
82702  42.898  17.136  34.648 0.0000000000
80994  43.328  15.662  33.607 0.0000000000
89119  46.428  26.361  30.791 0.0000000000
88507  46.231  25.304  30.795 0.0000000000
87868  46.772  24.723  31.190 0.0000000000
87245  47.942  22.977  29.214 0.0000000000
85235  47.985  20.283  26.973 0.0000000000
85234  48.809  20.492  26.736 0.0000000000
84501  49.495  19.692  24.336 0.0000000000
81924  49.543  16.512  21.343 0.0000000000
82786  49.468  17.338  21.287 0.0000000000
82792  49.663  17.353  19.987 0.0000000000
117789  49.584  17.577  20.681 0.0000000000
83697  49.640  18.177  21.156 0.0000000000
84521  50.755  19.790  21.261 0.0000000000
84529  50.639  19.956  20.267 0.0000000000
84536  50.508  20.220  19.338 0.0000000000
84543  49.726  20.412  17.647 0.0000000000
132987  49.464  19.152  18.178 0.0000000000
82821  47.202  18.190  15.649 0.0000000000
81963  47.731  16.909  16.403 0.0000000000
87831  48.123  24.343  36.085 0.0000000000
86481  49.174  22.786  35.982 0.0000000000
114377  49.252  22.330  35.197 0.0000000000
86494  46.101  22.524  34.790 0.0000000000
132151  47.380  22.224  35.290 0.0000000000
86492  48.239  22.127  35.149 0.0000000000
85826  48.954  21.851  34.490 0.0000000000
85207  48.218  20.921  29.040 0.0000000000
84420  42.592  19.187  33.941 0.0000000000
83603  44.701  18.379  34.395 0.0000000000
136531  45.781  19.088  33.520 0.0000000000
82725  43.475  16.969  31.811 0.0000000000
82724  43.765  17.841  31.789 0.0000000000
83635  43.713  18.171  30.986 0.0000000000
135440  44.778  19.077  31.703 0.0000000000
84462  45.907  20.111  30.836 0.0000000000
85204  46.380  20.376  30.245 0.0000000000
84466  45.765  19.949  29.219 0.0000000000
85209  46.470  20.348  29.417 0.0000000000
85214  46.902  20.392  28.746 0.0000000000
85225  47.765  20.453  27.755 0.0000000000
114049  47.786  19.512  25.863 0.0000000000
83671  47.362  18.361  25.196 0.0000000000
82761  48.148  17.513  23.984 0.0000000000
81084  48.919  16.196  22.758 0.0000000000
81051  46.533  15.988  25.780 0.0000000000
81050  47.081  15.510  25.417 0.0000000000
80219  47.950  14.679  24.914 0.0000000000
81062  48.097  15.731  24.122 0.0000000000
81074  48.962  15.394  23.115 0.0000000000
126865  41.051  19.929  33.146 0.0000000000
84435  40.423  19.401  33.390 0.0000000000
84437  38.908  19.400  33.286 0.0000000000
83621  39.291  18.719  33.778 0.0000000000
82705  39.392  17.550  34.431 0.0000000000
126826  37.197  17.998  34.344 0.0000000000
82707  37.720  17.415  34.566 0.0000000000
81850  38.252  16.812  34.737 0.0000000000
90365  43.174  28.531  23.244 0.0000000000
89709  42.928  28.046  24.858 0.0000000000
128939  42.481  28.236  24.029 0.0000000000
90366  42.123  28.280  23.249 0.0000000000
88543  39.982  25.225  23.546 0.0000000000
87290  41.019  23.652  22.603 0.0000000000
87260  42.471  23.910  26.308 0.0000000000
113250  42.662  23.455  24.622 0.0000000000
85944  43.619  22.468  22.424 0.0000000000
88456  50.953  25.699  37.460 0.0000000000
88470  51.051  27.143  35.957 0.0000000000
87837  51.285  25.746  35.364 0.0000000000
86491  51.556  22.822  34.875 0.0000000000
116736  52.698  23.376  34.551 0.0000000000
87178  52.924  23.865  34.877 0.0000000000
87848  52.825  24.176  34.735 0.0000000000
87188  52.344  24.094  33.885 0.0000000000
87223  50.298  23.488  30.645 0.0000000000
116653  49.086  23.441  30.628 0.0000000000
87236  48.559  23.220  29.876 0.0000000000
86546  48.485  22.786  28.389 0.0000000000
85223  49.479  20.885  27.311 0.0000000000
85896  51.280  21.359  27.551 0.0000000000
85232  50.769  20.980  26.212 0.0000000000
85895  52.726  21.599  27.569 0.0000000000
85885  54.017  21.948  28.055 0.0000000000
127969  54.334  22.143  27.691 0.0000000000
85934  53.278  22.146  22.928 0.0000000000
120604  53.515  21.963  23.942 0.0000000000
85917  53.987  21.920  25.672 0.0000000000
85916  54.117  22.083  26.017 0.0000000000
85905  54.214  22.167  26.893 0.0000000000
86553  54.255  22.382  27.772 0.0000000000
87250  53.666  22.999  27.888 0.0000000000
87251  52.257  23.260  27.988 0.0000000000
86555  51.395  23.022  27.278 0.0000000000
86557  48.849  22.669  27.639 0.0000000000
126819  48.053  22.667  27.844 0.0000000000
86574  48.053  22.565  27.076 0.0000000000
114048  47.606  22.496  26.214 0.0000000000
86593  47.234  22.486  25.368 0.0000000000
114043  46.919  22.510  24.534 0.0000000000
86608  46.533  22.666  23.666 0.0000000000
86627  46.102  22.975  22.759 0.0000000000
86661  48.841  22.551  21.732 0.0000000000
133280  47.660  22.216  21.378 0.0000000000
127413  47.290  22.385  21.822 0.0000000000
86643  47.568  22.619  22.480 0.0000000000
86645  45.645  22.866  22.211 0.0000000000
85271  44.748  20.386  22.764 0.0000000000
84517  45.377  20.154  22.339 0.0000000000
81950  46.677  16.598  18.091 0.0000000000
81131  44.028  16.241  19.553 0.0000000000
81965  45.095  17.383  17.498 0.0000000000
82820  48.021  17.814  15.636 0.0000000000
83717  45.070  18.535  18.036 0.0000000000
84552  45.440  19.155  16.181 0.0000000000
85183  48.436  21.162  31.919 0.0000000000
85281  53.335  21.819  20.570 0.0000000000
85289  51.861  21.675  19.041 0.0000000000
85301  46.946  20.403  17.689 0.0000000000
85313  46.515  20.386  15.797 0.0000000000
85906  54.040  21.896  26.285 0.0000000000
85927  53.632  21.866  24.801 0.0000000000
85953  46.485  21.418  21.517 0.0000000000
85975  51.874  22.088  18.892 0.0000000000
85976  50.018  21.793  17.530 0.0000000000
85984  48.786  21.345  16.782 0.0000000000
86524  53.598  22.946  31.706 0.0000000000
86535  53.768  23.022  31.045 0.0000000000
86657  53.129  22.282  20.686 0.0000000000
86672  52.526  22.280  20.163 0.0000000000
86673  51.488  22.223  20.372 0.0000000000
87160  52.779  24.454  36.625 0.0000000000
87161  51.529  24.178  37.469 0.0000000000
87168  52.961  24.072  35.982 0.0000000000
87822  51.940  24.748  37.505 0.0000000000
87829  52.440  24.991  37.177 0.0000000000
89694  44.440  27.297  27.326 0.0000000000
90347  45.384  28.576  24.620 0.0000000000
114789  50.582  21.625  32.570 0.0000000000
128428  44.070  26.782  27.650 0.0000000000
132255  53.973  22.187  25.673 0.0000000000
134266  47.791  20.887  15.749 0.0000000000
135087  52.216  23.631  32.421 0.0000000000
