#!ascii label  , from subject sub-v2s17x50031_ses-1 vox2ras=TkReg
771
45567  21.847  -22.423  70.505 0.0000000000
59853  40.963  -8.305  56.516 0.0000000000
64605  49.024  -1.318  57.693 0.0000000000
50251  43.786  -17.376  64.308 0.0000000000
41697  29.223  -26.543  66.498 0.0000000000
40738  26.483  -27.254  69.656 0.0000000000
128388  44.912  -5.743  56.904 0.0000000000
59756  44.599  -7.359  61.812 0.0000000000
48275  39.633  -20.815  66.111 0.0000000000
119538  34.334  -25.805  67.612 0.0000000000
62849  55.109  -4.158  51.439 0.0000000000
128297  47.608  -1.960  52.727 0.0000000000
51302  41.117  -16.233  61.607 0.0000000000
117086  41.723  -11.323  63.031 0.0000000000
43681  25.355  -25.159  67.388 0.0000000000
43616  24.525  -24.856  70.249 0.0000000000
59836  43.186  -7.216  57.268 0.0000000000
61793  44.927  -5.418  61.059 0.0000000000
59802  42.157  -7.395  60.247 0.0000000000
43702  41.574  -25.059  63.562 0.0000000000
40747  30.200  -27.797  68.406 0.0000000000
42653  31.848  -26.143  67.193 0.0000000000
118243  32.696  -27.784  67.298 0.0000000000
63813  53.514  -3.015  50.652 0.0000000000
62852  53.066  -4.358  52.502 0.0000000000
64664  51.926  -2.407  52.870 0.0000000000
64640  44.950  -2.560  54.441 0.0000000000
64691  45.613  -2.960  51.934 0.0000000000
115988  47.341  -1.221  54.738 0.0000000000
63737  47.996  -2.364  54.853 0.0000000000
62751  48.927  -3.579  56.894 0.0000000000
122078  42.238  -19.169  65.661 0.0000000000
49293  40.391  -18.072  64.220 0.0000000000
51260  41.553  -16.105  65.267 0.0000000000
53207  41.336  -14.122  62.582 0.0000000000
53177  42.873  -14.855  63.821 0.0000000000
55053  43.811  -13.375  62.730 0.0000000000
51277  44.654  -15.820  62.538 0.0000000000
41660  27.784  -26.442  68.601 0.0000000000
62786  44.606  -5.037  54.420 0.0000000000
63703  45.949  -3.280  57.524 0.0000000000
62697  46.883  -4.404  60.294 0.0000000000
123653  46.327  -6.877  61.119 0.0000000000
45574  37.166  -23.130  67.732 0.0000000000
44686  39.945  -22.831  65.863 0.0000000000
45625  41.908  -22.306  64.291 0.0000000000
115863  43.500  -21.174  62.781 0.0000000000
48346  44.058  -19.332  61.585 0.0000000000
43679  35.055  -24.356  67.236 0.0000000000
41676  36.273  -26.236  66.842 0.0000000000
60933  55.185  -6.108  49.731 0.0000000000
64704  49.502  -3.133  51.057 0.0000000000
64649  49.986  -2.137  53.529 0.0000000000
62826  47.612  -4.896  52.967 0.0000000000
58853  41.205  -8.845  59.137 0.0000000000
58791  43.039  -8.842  62.274 0.0000000000
55994  44.680  -11.182  61.641 0.0000000000
44632  22.142  -23.292  71.522 0.0000000000
44641  22.976  -23.447  70.649 0.0000000000
42569  23.648  -24.870  70.577 0.0000000000
59852  41.927  -7.920  56.621 0.0000000000
60844  42.949  -6.904  58.807 0.0000000000
59838  41.632  -8.092  57.929 0.0000000000
39880  31.032  -27.900  67.888 0.0000000000
63839  51.649  -3.536  49.729 0.0000000000
64702  52.872  -2.875  51.431 0.0000000000
63815  51.460  -3.202  50.652 0.0000000000
64606  46.554  -1.528  56.902 0.0000000000
65593  45.947  -1.265  54.614 0.0000000000
65563  48.420  -0.632  56.541 0.0000000000
64616  49.061  -1.450  56.291 0.0000000000
132965  43.309  -18.630  64.795 0.0000000000
116307  41.991  -17.825  65.792 0.0000000000
51259  42.333  -16.479  65.170 0.0000000000
130462  42.269  -15.553  64.366 0.0000000000
51257  43.520  -16.449  64.198 0.0000000000
132256  43.780  -15.385  63.309 0.0000000000
50280  44.513  -17.163  62.932 0.0000000000
131396  27.130  -25.963  68.482 0.0000000000
129351  27.323  -27.109  69.564 0.0000000000
40749  28.262  -27.902  69.213 0.0000000000
60871  44.654  -6.361  55.366 0.0000000000
116960  43.970  -6.240  53.795 0.0000000000
61851  44.886  -5.431  55.693 0.0000000000
63715  45.190  -3.885  56.319 0.0000000000
62735  45.777  -4.242  57.678 0.0000000000
62709  46.688  -3.380  59.433 0.0000000000
61812  45.519  -4.923  59.356 0.0000000000
126637  44.741  -6.326  61.987 0.0000000000
60807  45.547  -5.840  61.521 0.0000000000
60790  45.733  -6.884  61.582 0.0000000000
58827  45.958  -7.433  61.103 0.0000000000
119478  44.992  -8.453  61.231 0.0000000000
43678  38.529  -24.549  66.521 0.0000000000
44674  38.705  -23.188  66.711 0.0000000000
43677  39.181  -24.112  66.127 0.0000000000
44706  41.834  -24.042  63.667 0.0000000000
46483  42.570  -21.610  63.914 0.0000000000
42628  32.771  -25.997  67.189 0.0000000000
42651  33.549  -25.316  66.804 0.0000000000
43664  34.658  -24.943  67.855 0.0000000000
43646  35.631  -24.736  67.823 0.0000000000
41653  35.354  -25.754  67.382 0.0000000000
63852  55.746  -3.415  49.552 0.0000000000
61930  55.722  -5.313  50.657 0.0000000000
62823  51.500  -3.799  52.917 0.0000000000
64669  46.845  -2.124  52.604 0.0000000000
63793  46.017  -3.240  51.238 0.0000000000
64689  47.466  -2.562  51.973 0.0000000000
63818  48.113  -3.604  50.420 0.0000000000
126174  48.418  -2.683  51.812 0.0000000000
64666  50.145  -1.950  52.912 0.0000000000
128379  48.892  -1.885  53.226 0.0000000000
62769  47.498  -4.293  55.248 0.0000000000
63753  48.076  -3.207  54.308 0.0000000000
47327  39.168  -21.107  66.384 0.0000000000
47373  39.360  -19.819  65.222 0.0000000000
50293  40.721  -17.496  62.599 0.0000000000
49324  40.416  -18.111  62.243 0.0000000000
55091  41.393  -12.498  62.707 0.0000000000
55107  41.681  -12.680  60.658 0.0000000000
122021  41.500  -11.187  61.208 0.0000000000
56969  40.999  -10.169  59.240 0.0000000000
56955  41.421  -10.142  61.179 0.0000000000
58829  41.779  -8.665  61.808 0.0000000000
56917  42.402  -10.310  62.686 0.0000000000
54087  44.592  -13.930  62.509 0.0000000000
55072  44.310  -12.813  62.281 0.0000000000
55090  44.897  -13.207  61.937 0.0000000000
55099  45.356  -12.295  61.238 0.0000000000
43649  25.167  -24.790  69.477 0.0000000000
114590  25.859  -26.690  69.862 0.0000000000
40751  25.342  -27.681  69.571 0.0000000000
41628  24.420  -26.346  70.251 0.0000000000
60852  44.467  -6.344  56.993 0.0000000000
61813  44.956  -5.638  58.663 0.0000000000
60843  43.644  -6.586  58.506 0.0000000000
60821  43.618  -6.436  61.072 0.0000000000
60809  43.669  -6.889  61.989 0.0000000000
122343  29.693  -26.687  68.088 0.0000000000
41696  30.215  -26.342  66.394 0.0000000000
42629  31.251  -26.705  67.616 0.0000000000
40744  32.630  -27.027  67.283 0.0000000000
113512  33.507  -26.652  67.106 0.0000000000
39910  34.607  -27.285  66.872 0.0000000000
39911  34.099  -27.947  66.899 0.0000000000
123341  54.520  -3.144  51.250 0.0000000000
62850  54.479  -4.258  51.912 0.0000000000
64683  53.622  -2.999  52.290 0.0000000000
63747  53.103  -3.028  53.050 0.0000000000
63769  51.927  -2.918  53.173 0.0000000000
63754  44.540  -3.618  53.386 0.0000000000
64652  44.995  -2.792  53.510 0.0000000000
65611  46.118  -1.376  53.918 0.0000000000
65610  46.980  -1.203  53.849 0.0000000000
64637  48.459  -1.880  54.072 0.0000000000
64638  48.009  -1.903  54.854 0.0000000000
63723  47.872  -3.026  55.561 0.0000000000
48288  40.606  -19.695  65.722 0.0000000000
49251  40.154  -19.089  65.764 0.0000000000
114421  40.743  -18.247  65.633 0.0000000000
51261  41.125  -16.714  65.614 0.0000000000
51278  40.975  -16.253  63.704 0.0000000000
133106  41.362  -14.743  62.026 0.0000000000
53190  41.763  -14.913  64.184 0.0000000000
119567  41.907  -14.323  63.921 0.0000000000
55038  42.663  -13.980  63.581 0.0000000000
55963  42.846  -11.994  62.821 0.0000000000
54076  43.661  -14.273  63.152 0.0000000000
53196  44.477  -14.767  62.687 0.0000000000
52301  45.281  -15.618  61.822 0.0000000000
42655  25.471  -25.772  66.406 0.0000000000
41699  27.380  -26.413  66.588 0.0000000000
114613  28.704  -26.507  67.196 0.0000000000
41658  29.199  -27.098  68.602 0.0000000000
39882  28.916  -28.359  68.873 0.0000000000
63738  44.757  -3.450  54.864 0.0000000000
63724  45.313  -3.050  56.245 0.0000000000
64594  47.009  -1.358  57.998 0.0000000000
64580  47.636  -2.551  59.247 0.0000000000
62695  47.986  -4.847  59.699 0.0000000000
61790  47.407  -5.892  60.183 0.0000000000
61792  45.603  -5.377  61.237 0.0000000000
61781  46.389  -5.679  60.931 0.0000000000
45603  36.832  -22.775  66.765 0.0000000000
46458  38.021  -21.858  67.156 0.0000000000
47328  38.747  -21.603  66.770 0.0000000000
46446  39.718  -21.922  65.999 0.0000000000
43692  40.498  -24.214  64.914 0.0000000000
45600  40.450  -22.290  65.577 0.0000000000
46455  40.768  -21.576  65.534 0.0000000000
47357  41.950  -20.806  65.301 0.0000000000
47372  42.635  -20.350  64.808 0.0000000000
48312  43.965  -19.705  63.521 0.0000000000
115943  44.476  -18.880  62.466 0.0000000000
47407  43.710  -20.163  61.869 0.0000000000
44677  36.628  -23.470  67.782 0.0000000000
43662  37.297  -24.201  67.325 0.0000000000
42650  37.473  -25.701  66.601 0.0000000000
40782  36.276  -27.726  66.341 0.0000000000
128001  37.261  -27.508  66.003 0.0000000000
60945  56.421  -6.159  48.931 0.0000000000
63816  49.857  -3.556  50.219 0.0000000000
133759  50.615  -2.954  51.264 0.0000000000
64665  50.982  -1.996  53.053 0.0000000000
63750  50.539  -2.411  53.527 0.0000000000
64650  49.165  -2.195  53.769 0.0000000000
63752  48.779  -3.095  53.796 0.0000000000
62825  48.601  -4.428  53.080 0.0000000000
48325  39.571  -19.384  63.945 0.0000000000
57938  40.642  -9.240  57.936 0.0000000000
58874  41.225  -8.452  58.124 0.0000000000
59816  41.661  -7.949  59.719 0.0000000000
58828  42.328  -8.111  61.957 0.0000000000
58790  43.571  -8.483  62.073 0.0000000000
56901  43.457  -11.246  62.411 0.0000000000
56916  43.777  -10.554  62.152 0.0000000000
57859  44.302  -8.921  61.553 0.0000000000
56944  45.007  -10.547  61.217 0.0000000000
49322  44.758  -17.914  61.513 0.0000000000
50302  45.177  -17.216  61.132 0.0000000000
45561  22.242  -22.852  71.215 0.0000000000
45554  21.993  -22.891  71.704 0.0000000000
45562  21.584  -22.566  71.428 0.0000000000
45566  22.688  -22.960  70.390 0.0000000000
44631  22.659  -23.594  70.864 0.0000000000
59837  42.352  -7.663  57.482 0.0000000000
117621  41.480  -8.111  57.189 0.0000000000
128177  50.760  -3.578  50.024 0.0000000000
65552  47.605  -0.686  57.241 0.0000000000
65564  47.384  -0.969  56.204 0.0000000000
65551  48.513  -0.635  57.471 0.0000000000
132253  49.176  -1.277  56.885 0.0000000000
64604  49.243  -2.133  57.769 0.0000000000
49278  43.835  -18.306  64.185 0.0000000000
50252  43.337  -17.837  65.018 0.0000000000
126659  43.260  -16.909  65.066 0.0000000000
51258  43.052  -16.152  64.794 0.0000000000
50266  44.116  -16.808  63.592 0.0000000000
116669  44.277  -17.787  63.513 0.0000000000
41626  26.512  -26.804  69.735 0.0000000000
41641  26.831  -26.682  69.676 0.0000000000
41625  27.012  -27.129  69.654 0.0000000000
39872  26.667  -27.717  69.475 0.0000000000
60862  44.796  -6.045  56.244 0.0000000000
61835  45.035  -5.286  56.476 0.0000000000
61834  45.323  -5.166  57.258 0.0000000000
62721  45.957  -4.159  58.874 0.0000000000
61822  45.500  -5.063  58.202 0.0000000000
59774  44.400  -6.932  62.026 0.0000000000
60792  44.715  -6.434  61.940 0.0000000000
59773  45.002  -6.843  61.813 0.0000000000
58810  45.329  -7.449  61.510 0.0000000000
58788  44.721  -7.950  61.582 0.0000000000
42648  39.117  -25.233  65.851 0.0000000000
42608  33.532  -26.053  67.428 0.0000000000
42627  33.554  -25.683  67.420 0.0000000000
43648  34.242  -25.515  67.734 0.0000000000
43665  34.044  -25.246  67.647 0.0000000000
42607  35.093  -25.375  67.691 0.0000000000
41654  34.443  -26.104  67.341 0.0000000000
63811  55.684  -4.037  50.815 0.0000000000
63835  56.194  -3.841  50.104 0.0000000000
62878  55.739  -4.687  50.775 0.0000000000
62894  56.287  -5.144  50.230 0.0000000000
64668  48.296  -2.114  52.599 0.0000000000
64667  49.209  -2.237  52.545 0.0000000000
61863  47.311  -5.499  55.137 0.0000000000
125713  47.216  -4.896  54.487 0.0000000000
47359  39.588  -20.132  65.964 0.0000000000
48290  39.813  -19.843  65.904 0.0000000000
114432  40.942  -16.879  62.119 0.0000000000
126503  40.785  -16.865  61.349 0.0000000000
55074  41.619  -12.177  63.172 0.0000000000
121319  41.404  -11.664  62.105 0.0000000000
55995  41.524  -11.121  62.624 0.0000000000
56945  41.454  -10.684  62.056 0.0000000000
56931  41.747  -10.295  62.563 0.0000000000
56918  42.060  -10.706  62.881 0.0000000000
53206  45.292  -14.617  61.922 0.0000000000
54100  45.159  -14.022  62.111 0.0000000000
124740  45.737  -14.508  61.331 0.0000000000
54118  45.809  -13.972  61.052 0.0000000000
43632  24.524  -24.297  69.840 0.0000000000
43650  24.565  -24.243  68.764 0.0000000000
43631  24.846  -24.873  70.042 0.0000000000
42590  25.531  -25.423  69.833 0.0000000000
42578  25.048  -25.417  70.161 0.0000000000
41627  25.081  -25.981  70.286 0.0000000000
41619  24.437  -25.172  70.370 0.0000000000
59864  42.643  -7.784  55.903 0.0000000000
59874  43.448  -7.600  55.236 0.0000000000
59863  43.503  -7.526  56.007 0.0000000000
60872  44.146  -7.150  55.639 0.0000000000
59850  43.824  -7.045  56.597 0.0000000000
60842  44.367  -6.210  58.055 0.0000000000
60853  43.765  -6.731  57.549 0.0000000000
60834  42.566  -7.088  59.463 0.0000000000
60833  43.431  -6.528  59.633 0.0000000000
122037  42.853  -6.878  60.319 0.0000000000
60822  42.746  -7.168  61.210 0.0000000000
41657  30.179  -26.952  68.236 0.0000000000
41677  30.461  -26.628  67.863 0.0000000000
41637  30.699  -27.194  68.094 0.0000000000
137067  32.243  -28.134  67.468 0.0000000000
40745  31.977  -27.386  67.515 0.0000000000
135397  32.382  -27.509  67.354 0.0000000000
135392  33.066  -26.973  67.167 0.0000000000
39895  33.330  -27.636  67.091 0.0000000000
39894  33.728  -27.228  66.993 0.0000000000
63838  52.622  -3.407  49.648 0.0000000000
63837  53.630  -3.307  49.620 0.0000000000
129026  54.465  -3.130  50.398 0.0000000000
64700  54.271  -3.128  51.933 0.0000000000
64701  53.795  -2.849  51.764 0.0000000000
123700  52.021  -2.577  51.904 0.0000000000
64684  53.092  -2.792  52.287 0.0000000000
129493  52.574  -2.617  52.739 0.0000000000
63748  52.415  -2.715  53.013 0.0000000000
63749  51.667  -2.475  53.079 0.0000000000
64639  45.426  -1.881  54.103 0.0000000000
65577  46.829  -1.204  55.206 0.0000000000
65592  46.749  -1.090  54.412 0.0000000000
119051  47.367  -1.130  54.276 0.0000000000
65591  47.754  -1.480  54.545 0.0000000000
63713  48.535  -2.606  56.280 0.0000000000
62752  47.983  -3.864  56.174 0.0000000000
61833  48.606  -4.610  56.653 0.0000000000
48287  41.510  -19.533  65.871 0.0000000000
49249  41.018  -18.772  65.987 0.0000000000
49248  41.766  -18.551  65.897 0.0000000000
123605  41.596  -16.462  65.404 0.0000000000
131245  41.236  -17.016  65.691 0.0000000000
131180  41.395  -16.474  65.499 0.0000000000
121263  41.118  -16.510  64.708 0.0000000000
51269  41.546  -16.190  65.169 0.0000000000
52287  41.165  -15.515  63.551 0.0000000000
52265  41.791  -15.651  64.615 0.0000000000
52263  42.723  -15.251  64.076 0.0000000000
53179  42.072  -14.923  64.181 0.0000000000
54067  42.451  -14.657  63.893 0.0000000000
54078  42.203  -13.984  63.772 0.0000000000
54066  42.860  -14.653  63.770 0.0000000000
55037  43.124  -13.974  63.374 0.0000000000
54077  43.230  -14.521  63.545 0.0000000000
122204  44.219  -15.538  62.906 0.0000000000
52273  44.115  -15.043  62.926 0.0000000000
52285  44.567  -15.245  62.617 0.0000000000
52284  44.949  -15.077  62.303 0.0000000000
52302  44.899  -15.522  62.295 0.0000000000
114247  25.985  -25.602  67.250 0.0000000000
42631  27.288  -26.052  67.539 0.0000000000
41680  28.033  -26.378  67.396 0.0000000000
41679  28.735  -26.629  68.166 0.0000000000
41659  28.302  -27.045  68.990 0.0000000000
61883  44.220  -5.341  53.811 0.0000000000
131841  43.967  -4.808  53.275 0.0000000000
127745  44.620  -4.173  54.445 0.0000000000
63714  45.602  -3.664  56.917 0.0000000000
64607  45.883  -2.677  56.938 0.0000000000
63702  46.314  -2.340  57.782 0.0000000000
130904  47.509  -1.678  58.616 0.0000000000
63686  46.809  -2.327  58.682 0.0000000000
128260  46.728  -4.115  60.094 0.0000000000
63671  47.318  -3.606  59.825 0.0000000000
130144  48.160  -5.755  59.550 0.0000000000
61791  47.069  -4.954  60.332 0.0000000000
61802  44.884  -5.447  59.851 0.0000000000
60806  46.041  -6.374  61.431 0.0000000000
60805  46.720  -6.493  60.783 0.0000000000
59787  46.887  -6.843  60.613 0.0000000000
45590  36.948  -22.879  67.731 0.0000000000
45602  37.536  -22.400  67.376 0.0000000000
45589  37.392  -22.791  67.455 0.0000000000
44687  39.298  -23.183  66.261 0.0000000000
45587  38.995  -22.688  66.503 0.0000000000
45586  39.246  -22.234  66.312 0.0000000000
46447  39.167  -21.729  66.398 0.0000000000
45601  39.728  -22.468  66.023 0.0000000000
42669  40.344  -25.264  64.841 0.0000000000
43703  40.953  -25.204  64.265 0.0000000000
45626  41.658  -23.099  64.183 0.0000000000
45613  41.096  -22.607  64.885 0.0000000000
126482  41.233  -21.862  65.156 0.0000000000
47358  41.255  -20.914  65.502 0.0000000000
46468  41.899  -21.491  64.863 0.0000000000
118115  43.258  -21.247  63.374 0.0000000000
47371  42.953  -20.818  63.968 0.0000000000
48313  43.345  -20.025  64.116 0.0000000000
47383  43.688  -20.504  63.277 0.0000000000
48324  44.196  -19.716  62.837 0.0000000000
47392  43.809  -20.380  62.491 0.0000000000
42630  30.854  -26.378  67.278 0.0000000000
42675  30.549  -26.143  65.517 0.0000000000
115287  31.118  -26.046  66.415 0.0000000000
43695  34.608  -24.680  66.124 0.0000000000
118087  35.032  -24.771  65.151 0.0000000000
43694  35.226  -24.247  66.010 0.0000000000
116292  35.723  -23.788  66.842 0.0000000000
44689  35.910  -23.920  67.769 0.0000000000
41652  35.998  -25.574  67.273 0.0000000000
42605  36.488  -24.770  67.422 0.0000000000
42625  37.037  -25.150  67.042 0.0000000000
41675  36.882  -26.070  66.710 0.0000000000
40772  35.511  -27.261  66.704 0.0000000000
40780  37.850  -27.589  65.644 0.0000000000
60932  56.168  -5.963  49.740 0.0000000000
60946  55.397  -6.303  48.849 0.0000000000
60947  54.295  -6.297  48.748 0.0000000000
62851  53.876  -4.294  52.295 0.0000000000
64692  44.907  -3.270  51.935 0.0000000000
63795  44.584  -3.614  51.297 0.0000000000
63794  45.241  -3.374  51.285 0.0000000000
64705  48.644  -3.174  51.041 0.0000000000
63817  48.944  -3.581  50.283 0.0000000000
63841  49.251  -3.852  49.448 0.0000000000
65607  50.181  -1.927  53.365 0.0000000000
64648  50.749  -2.237  53.342 0.0000000000
63736  48.506  -2.214  54.261 0.0000000000
62802  47.962  -4.159  53.655 0.0000000000
135546  49.319  -3.477  53.380 0.0000000000
49279  40.447  -18.130  65.269 0.0000000000
49280  39.949  -18.740  64.631 0.0000000000
53219  41.478  -14.168  61.597 0.0000000000
126469  41.213  -11.914  59.414 0.0000000000
57925  41.237  -9.358  59.628 0.0000000000
56985  40.676  -10.081  58.388 0.0000000000
57926  40.912  -9.365  58.772 0.0000000000
58875  40.795  -8.743  57.532 0.0000000000
58865  40.994  -8.786  58.375 0.0000000000
58864  41.398  -8.450  59.010 0.0000000000
58852  41.448  -8.587  60.012 0.0000000000
58812  42.057  -8.859  62.226 0.0000000000
130349  41.821  -8.151  61.489 0.0000000000
58811  42.762  -8.433  62.184 0.0000000000
59776  43.309  -7.723  62.121 0.0000000000
55054  43.312  -12.953  62.903 0.0000000000
133534  43.225  -11.878  62.616 0.0000000000
55962  43.616  -12.281  62.526 0.0000000000
55976  44.405  -11.891  61.967 0.0000000000
125294  43.879  -11.592  62.258 0.0000000000
56915  44.215  -10.995  61.918 0.0000000000
118374  44.086  -9.946  61.822 0.0000000000
129607  44.472  -9.864  61.473 0.0000000000
116028  45.505  -12.298  60.573 0.0000000000
49308  44.473  -18.739  61.849 0.0000000000
49307  44.723  -18.085  62.119 0.0000000000
44640  23.860  -23.861  70.219 0.0000000000
43617  24.231  -24.385  70.218 0.0000000000
43601  23.952  -24.529  70.430 0.0000000000
44630  23.490  -23.945  70.480 0.0000000000
43602  22.961  -24.357  70.805 0.0000000000
59851  42.938  -7.574  56.664 0.0000000000
60854  43.004  -7.060  58.016 0.0000000000
59825  42.289  -7.486  58.555 0.0000000000
59815  42.016  -7.570  59.359 0.0000000000
39881  30.240  -28.345  68.311 0.0000000000
39897  30.984  -28.458  67.868 0.0000000000
39007  31.778  -28.539  67.569 0.0000000000
63814  52.323  -3.148  50.481 0.0000000000
131837  52.071  -2.887  51.186 0.0000000000
64703  51.537  -2.787  51.480 0.0000000000
65578  45.787  -1.522  55.369 0.0000000000
120034  45.337  -1.849  54.785 0.0000000000
65565  46.471  -1.405  55.949 0.0000000000
65576  47.970  -1.371  55.577 0.0000000000
64627  49.017  -0.922  56.145 0.0000000000
49264  42.577  -18.398  65.422 0.0000000000
50253  42.532  -17.396  65.445 0.0000000000
125528  42.080  -16.137  65.067 0.0000000000
124554  42.549  -15.810  64.561 0.0000000000
52262  43.156  -15.604  63.909 0.0000000000
53176  43.104  -14.885  63.712 0.0000000000
51268  43.846  -15.980  63.469 0.0000000000
51267  44.308  -16.259  62.945 0.0000000000
122615  44.791  -16.668  62.454 0.0000000000
42633  26.027  -25.268  68.160 0.0000000000
42611  26.589  -25.656  68.856 0.0000000000
42588  27.062  -26.295  69.284 0.0000000000
121097  27.561  -26.862  69.442 0.0000000000
41640  27.876  -27.367  69.319 0.0000000000
40750  27.493  -27.488  69.429 0.0000000000
60881  44.147  -7.025  54.588 0.0000000000
61865  44.771  -5.531  54.991 0.0000000000
62770  44.798  -4.559  55.147 0.0000000000
62754  44.979  -4.552  56.014 0.0000000000
62753  45.363  -4.522  56.771 0.0000000000
63687  46.226  -3.265  58.366 0.0000000000
62710  46.127  -4.237  59.997 0.0000000000
124489  44.425  -5.912  61.413 0.0000000000
61782  44.983  -5.872  61.812 0.0000000000
61772  44.977  -6.178  61.867 0.0000000000
60791  45.293  -6.394  61.774 0.0000000000
59772  45.974  -7.248  61.245 0.0000000000
134762  45.622  -7.723  61.209 0.0000000000
57877  45.345  -8.248  61.101 0.0000000000
44676  37.704  -23.624  67.339 0.0000000000
44675  38.155  -23.403  67.078 0.0000000000
43660  38.692  -23.713  66.720 0.0000000000
43691  41.233  -24.435  64.228 0.0000000000
135874  42.628  -22.498  63.329 0.0000000000
46498  43.116  -21.851  63.061 0.0000000000
118636  31.916  -26.320  67.144 0.0000000000
42674  31.968  -25.807  66.243 0.0000000000
42652  32.742  -25.733  66.998 0.0000000000
42673  32.782  -25.563  65.939 0.0000000000
43696  34.020  -25.005  66.148 0.0000000000
43680  34.340  -24.817  66.964 0.0000000000
43663  35.448  -24.591  67.867 0.0000000000
42606  35.796  -25.055  67.687 0.0000000000
128985  56.689  -4.875  49.845 0.0000000000
61944  56.311  -5.550  50.068 0.0000000000
60919  55.159  -5.758  50.602 0.0000000000
62822  52.526  -3.708  52.889 0.0000000000
64670  45.988  -2.371  52.611 0.0000000000
64690  46.450  -2.750  51.919 0.0000000000
63792  46.902  -3.141  51.190 0.0000000000
63819  47.301  -3.600  50.505 0.0000000000
63791  47.802  -3.148  51.137 0.0000000000
64688  49.123  -2.778  51.682 0.0000000000
64687  49.875  -2.554  52.012 0.0000000000
65623  49.618  -1.905  53.233 0.0000000000
65608  49.320  -2.009  53.578 0.0000000000
116770  47.693  -3.417  54.889 0.0000000000
62784  47.564  -4.167  54.335 0.0000000000
46470  38.684  -21.121  66.535 0.0000000000
50281  40.752  -17.242  63.749 0.0000000000
49309  40.436  -18.119  63.088 0.0000000000
50303  40.572  -17.596  61.641 0.0000000000
54101  41.376  -13.370  63.079 0.0000000000
54120  41.643  -13.451  61.101 0.0000000000
55100  41.506  -12.616  61.658 0.0000000000
124564  41.620  -11.999  61.151 0.0000000000
56016  41.603  -11.782  60.300 0.0000000000
56027  40.843  -11.138  58.823 0.0000000000
119335  41.459  -10.860  60.472 0.0000000000
56968  41.346  -10.127  60.111 0.0000000000
57909  41.362  -9.276  60.631 0.0000000000
58838  41.533  -8.567  61.117 0.0000000000
57897  41.502  -9.244  61.556 0.0000000000
133234  41.970  -9.519  62.439 0.0000000000
57862  42.657  -9.659  62.496 0.0000000000
119957  44.316  -13.692  62.574 0.0000000000
55073  43.986  -12.611  62.441 0.0000000000
55071  44.580  -13.363  62.299 0.0000000000
55975  44.614  -12.474  61.969 0.0000000000
56008  44.999  -12.304  61.689 0.0000000000
55098  45.352  -13.159  61.473 0.0000000000
43667  24.657  -24.624  67.625 0.0000000000
43666  25.343  -24.801  68.452 0.0000000000
42577  25.898  -26.169  69.892 0.0000000000
39873  26.084  -27.674  69.540 0.0000000000
40739  25.664  -27.231  69.741 0.0000000000
40740  24.883  -27.151  69.856 0.0000000000
41620  24.280  -25.554  70.417 0.0000000000
133937  44.445  -6.650  56.136 0.0000000000
61823  44.929  -5.724  57.648 0.0000000000
60832  44.287  -6.107  59.137 0.0000000000
60820  44.243  -5.951  60.368 0.0000000000
60808  44.398  -6.355  61.971 0.0000000000
60793  44.316  -6.756  62.135 0.0000000000
42670  39.796  -26.014  65.097 0.0000000000
113797  29.978  -26.499  67.317 0.0000000000
40746  31.148  -27.446  67.870 0.0000000000
41636  31.808  -27.007  67.568 0.0000000000
42610  31.815  -26.602  67.286 0.0000000000
42609  32.691  -26.468  67.264 0.0000000000
41655  33.072  -26.601  67.208 0.0000000000
119703  33.753  -26.210  67.312 0.0000000000
40760  34.225  -26.728  67.005 0.0000000000
39926  34.643  -28.617  66.474 0.0000000000
63836  55.343  -3.419  50.563 0.0000000000
63812  54.939  -3.573  51.433 0.0000000000
63790  54.342  -3.619  51.999 0.0000000000
63766  53.782  -3.387  52.331 0.0000000000
64662  53.389  -3.135  52.489 0.0000000000
63768  52.804  -3.135  52.945 0.0000000000
63770  51.012  -3.067  53.292 0.0000000000
116862  44.606  -3.473  52.640 0.0000000000
64671  45.286  -2.836  52.668 0.0000000000
64651  45.634  -2.080  53.348 0.0000000000
65626  46.427  -1.721  53.258 0.0000000000
65625  47.306  -1.614  53.272 0.0000000000
65624  48.112  -1.713  53.279 0.0000000000
65609  47.834  -1.382  53.894 0.0000000000
64617  48.528  -1.665  55.541 0.0000000000
48289  40.009  -19.978  65.724 0.0000000000
49250  40.264  -19.074  65.668 0.0000000000
49265  40.515  -18.322  65.602 0.0000000000
50241  41.284  -17.805  65.800 0.0000000000
50242  40.881  -17.381  65.674 0.0000000000
50267  40.799  -17.362  64.967 0.0000000000
133318  40.897  -16.802  62.954 0.0000000000
51292  41.077  -16.015  62.683 0.0000000000
52318  41.299  -15.450  61.902 0.0000000000
52303  41.226  -14.978  62.902 0.0000000000
53197  41.503  -14.239  63.545 0.0000000000
52264  41.910  -15.626  64.504 0.0000000000
54089  41.709  -13.550  63.618 0.0000000000
135850  41.896  -12.910  63.481 0.0000000000
55978  41.989  -12.094  63.267 0.0000000000
55964  42.431  -12.081  63.094 0.0000000000
55055  42.809  -13.003  63.235 0.0000000000
115893  43.584  -13.996  63.095 0.0000000000
133398  43.902  -13.962  62.866 0.0000000000
52274  43.541  -14.933  63.385 0.0000000000
53188  43.923  -14.500  62.990 0.0000000000
54075  44.005  -14.028  62.826 0.0000000000
54088  44.361  -14.218  62.689 0.0000000000
126508  45.421  -15.232  61.716 0.0000000000
41716  28.527  -26.735  65.500 0.0000000000
41698  28.225  -26.587  66.451 0.0000000000
41678  29.288  -26.555  67.497 0.0000000000
41638  29.656  -27.463  68.605 0.0000000000
41639  28.710  -27.531  69.011 0.0000000000
40748  29.184  -27.918  68.879 0.0000000000
116025  29.591  -28.221  68.660 0.0000000000
117793  44.664  -3.458  54.056 0.0000000000
63725  44.923  -3.633  55.677 0.0000000000
64628  45.096  -2.505  55.391 0.0000000000
64618  45.770  -2.069  56.163 0.0000000000
65544  47.881  -0.960  58.153 0.0000000000
64592  48.872  -1.810  58.543 0.0000000000
64593  48.242  -1.666  58.704 0.0000000000
64579  48.596  -2.391  59.129 0.0000000000
62707  48.748  -4.296  59.202 0.0000000000
63670  48.106  -3.228  59.537 0.0000000000
61801  45.567  -4.936  60.510 0.0000000000
62698  46.253  -4.826  60.647 0.0000000000
62688  46.015  -5.320  61.105 0.0000000000
133524  46.430  -5.035  60.667 0.0000000000
45615  37.069  -22.668  65.498 0.0000000000
46471  38.172  -21.600  66.425 0.0000000000
45588  37.959  -22.606  67.198 0.0000000000
46448  38.071  -22.127  67.109 0.0000000000
46457  38.521  -21.520  66.965 0.0000000000
47343  38.907  -21.035  66.629 0.0000000000
47326  39.612  -21.297  66.000 0.0000000000
43693  39.798  -24.746  65.465 0.0000000000
43676  39.821  -23.622  65.703 0.0000000000
44696  41.144  -23.534  64.553 0.0000000000
44685  40.450  -23.086  65.325 0.0000000000
115408  40.192  -21.990  65.759 0.0000000000
46456  40.180  -21.491  65.742 0.0000000000
47341  40.174  -20.671  65.689 0.0000000000
47340  40.986  -20.362  65.671 0.0000000000
47339  41.637  -20.308  65.631 0.0000000000
48303  42.198  -19.967  65.516 0.0000000000
116753  42.385  -21.041  64.614 0.0000000000
49263  42.895  -19.407  64.997 0.0000000000
116959  43.681  -19.176  64.160 0.0000000000
49292  44.297  -18.862  63.328 0.0000000000
48335  44.155  -19.570  62.149 0.0000000000
47393  43.455  -21.001  62.114 0.0000000000
47408  43.259  -20.757  61.523 0.0000000000
41715  29.594  -26.518  65.334 0.0000000000
129911  31.323  -25.866  65.464 0.0000000000
44697  36.448  -23.310  65.583 0.0000000000
44688  36.400  -23.327  67.449 0.0000000000
45575  36.892  -23.067  67.668 0.0000000000
44678  36.163  -24.105  67.798 0.0000000000
43644  36.787  -24.007  67.599 0.0000000000
44663  37.217  -23.531  67.596 0.0000000000
42624  37.779  -24.851  66.833 0.0000000000
42649  38.273  -25.736  66.175 0.0000000000
40759  34.991  -26.547  67.073 0.0000000000
40771  35.707  -26.336  66.953 0.0000000000
131128  36.075  -26.920  66.621 0.0000000000
121389  36.878  -27.782  66.068 0.0000000000
41695  36.707  -27.028  66.385 0.0000000000
41694  37.539  -26.707  66.174 0.0000000000
46432  21.236  -22.103  70.083 0.0000000000
127683  55.737  -6.522  48.069 0.0000000000
64685  51.349  -2.435  52.291 0.0000000000
64686  50.616  -2.355  52.426 0.0000000000
131118  51.203  -2.499  53.386 0.0000000000
63771  50.091  -3.210  53.337 0.0000000000
124011  48.530  -1.801  53.652 0.0000000000
63751  49.694  -2.514  53.632 0.0000000000
61892  49.003  -5.107  52.335 0.0000000000
58901  40.536  -8.673  56.050 0.0000000000
48304  39.867  -19.522  65.795 0.0000000000
48314  39.674  -19.418  64.989 0.0000000000
57959  40.381  -9.117  57.128 0.0000000000
58887  40.595  -8.690  56.767 0.0000000000
59839  41.003  -8.401  57.322 0.0000000000
59826  41.648  -8.028  58.807 0.0000000000
59790  41.729  -7.909  60.757 0.0000000000
134064  42.130  -7.517  60.923 0.0000000000
60810  42.997  -7.483  61.938 0.0000000000
59775  43.942  -7.275  62.232 0.0000000000
59757  44.027  -7.569  62.100 0.0000000000
56903  42.474  -11.090  62.811 0.0000000000
56902  42.990  -11.085  62.597 0.0000000000
57846  42.813  -10.281  62.558 0.0000000000
57845  43.310  -10.299  62.374 0.0000000000
57861  43.165  -9.459  62.322 0.0000000000
57860  43.725  -9.373  62.001 0.0000000000
58789  44.159  -8.147  61.857 0.0000000000
57878  44.842  -9.597  61.157 0.0000000000
56009  45.070  -11.540  61.453 0.0000000000
135641  44.592  -18.081  62.766 0.0000000000
133703  44.787  -17.466  62.393 0.0000000000
127514  45.068  -17.220  61.865 0.0000000000
49323  44.429  -18.515  61.254 0.0000000000
114599  45.329  -16.700  61.391 0.0000000000
51290  45.507  -16.144  61.264 0.0000000000
39896  31.887  -27.933  67.616 0.0000000000
40761  32.870  -27.186  67.208 0.0000000000
41656  32.486  -26.804  67.291 0.0000000000
42626  36.485  -25.534  67.075 0.0000000000
42632  26.613  -25.709  67.793 0.0000000000
43591  22.442  -23.963  71.032 0.0000000000
43645  36.273  -24.325  67.678 0.0000000000
43647  34.925  -25.134  67.864 0.0000000000
43661  38.071  -24.002  67.078 0.0000000000
44662  37.655  -23.099  67.440 0.0000000000
44664  36.743  -23.569  67.733 0.0000000000
45547  21.830  -22.996  71.892 0.0000000000
45553  22.403  -23.096  71.178 0.0000000000
46469  41.405  -21.315  65.302 0.0000000000
47342  39.281  -20.599  66.044 0.0000000000
49266  40.059  -18.845  65.562 0.0000000000
50240  41.865  -17.273  65.666 0.0000000000
50254  40.796  -17.509  65.656 0.0000000000
51252  41.249  -16.544  65.617 0.0000000000
51291  45.138  -16.216  61.986 0.0000000000
51301  45.466  -16.593  60.773 0.0000000000
52275  41.292  -15.525  64.103 0.0000000000
52286  41.423  -14.996  63.802 0.0000000000
52319  41.265  -15.660  61.136 0.0000000000
53178  42.431  -15.074  64.074 0.0000000000
53189  43.415  -14.547  63.414 0.0000000000
53195  44.764  -14.440  62.474 0.0000000000
54108  45.361  -13.910  61.742 0.0000000000
54109  41.403  -13.370  62.146 0.0000000000
55052  43.826  -13.405  62.765 0.0000000000
55056  42.378  -13.015  63.440 0.0000000000
55977  44.168  -11.972  62.144 0.0000000000
56026  41.309  -11.011  59.704 0.0000000000
56904  42.097  -11.412  63.095 0.0000000000
57863  42.163  -9.936  62.631 0.0000000000
57879  41.748  -9.375  62.156 0.0000000000
58792  42.385  -9.203  62.400 0.0000000000
59758  43.510  -7.955  62.153 0.0000000000
59789  42.200  -7.706  61.454 0.0000000000
60794  43.744  -7.211  62.235 0.0000000000
60918  55.891  -5.737  50.340 0.0000000000
61866  44.558  -6.009  54.447 0.0000000000
62696  47.576  -4.087  59.862 0.0000000000
62708  48.307  -3.867  59.526 0.0000000000
62820  53.875  -3.804  52.357 0.0000000000
62821  53.078  -3.986  52.802 0.0000000000
63669  48.858  -3.224  59.156 0.0000000000
63767  53.337  -3.321  52.592 0.0000000000
64591  49.184  -2.266  58.368 0.0000000000
64647  52.448  -2.625  52.940 0.0000000000
64661  54.129  -3.000  52.044 0.0000000000
64663  52.985  -2.848  52.701 0.0000000000
65543  48.579  -1.153  58.171 0.0000000000
65562  49.014  -0.754  56.870 0.0000000000
113751  38.604  -22.243  66.756 0.0000000000
116999  38.297  -22.864  66.941 0.0000000000
123388  41.544  -12.856  63.278 0.0000000000
124668  40.668  -21.051  65.588 0.0000000000
126518  36.206  -23.358  66.486 0.0000000000
127637  41.487  -11.721  62.811 0.0000000000
130983  25.207  -26.689  70.013 0.0000000000
132529  23.195  -24.158  70.696 0.0000000000
132922  41.519  -9.885  62.001 0.0000000000
136839  22.558  -23.037  70.900 0.0000000000
