#!ascii label  , from subject sub-v2s17x50031_ses-1 vox2ras=TkReg
653
57768  22.539  -10.432  -14.520 0.0000000000
65394  28.058  -2.954  -19.775 0.0000000000
73456  24.681  6.173  -23.583 0.0000000000
69771  19.111  1.824  -17.770 0.0000000000
53967  23.175  -14.399  -11.434 0.0000000000
56830  26.430  -11.891  -13.716 0.0000000000
59663  25.311  -7.948  -18.533 0.0000000000
64456  22.742  -3.140  -19.462 0.0000000000
69019  26.073  1.577  -22.132 0.0000000000
75937  28.004  9.221  -21.552 0.0000000000
134901  22.422  9.104  -30.891 0.0000000000
55891  22.571  -12.324  -13.422 0.0000000000
55876  24.707  -12.828  -12.821 0.0000000000
56842  24.637  -12.115  -14.974 0.0000000000
62561  21.685  -4.907  -17.382 0.0000000000
65376  20.320  -2.137  -17.335 0.0000000000
70597  20.746  4.595  -20.898 0.0000000000
68994  22.169  1.502  -20.791 0.0000000000
71561  25.317  4.400  -23.343 0.0000000000
72494  26.900  5.796  -20.999 0.0000000000
134526  26.457  7.653  -23.429 0.0000000000
112593  21.903  13.158  -27.475 0.0000000000
76883  22.163  10.148  -26.548 0.0000000000
136465  19.725  13.580  -31.197 0.0000000000
62573  27.322  -5.813  -20.044 0.0000000000
60652  27.892  -7.798  -17.338 0.0000000000
63517  28.504  -4.426  -16.936 0.0000000000
72481  19.767  5.924  -20.741 0.0000000000
68095  28.997  0.740  -17.871 0.0000000000
59637  21.797  -8.239  -15.036 0.0000000000
58702  23.515  -9.361  -16.314 0.0000000000
60662  22.994  -6.998  -17.474 0.0000000000
119217  24.223  -5.837  -19.889 0.0000000000
64464  26.113  -3.984  -21.255 0.0000000000
67244  20.607  -0.041  -18.736 0.0000000000
67267  24.121  -0.862  -21.404 0.0000000000
67251  27.109  -0.730  -20.641 0.0000000000
70584  27.683  3.373  -19.335 0.0000000000
75113  23.962  8.176  -23.338 0.0000000000
74369  25.096  7.830  -26.961 0.0000000000
123016  21.081  13.845  -32.568 0.0000000000
77837  24.802  10.284  -31.541 0.0000000000
134158  25.992  9.922  -26.494 0.0000000000
78766  27.296  12.567  -25.196 0.0000000000
57786  26.779  -10.674  -16.501 0.0000000000
58672  21.414  -9.476  -13.479 0.0000000000
57755  21.540  -10.269  -13.343 0.0000000000
56832  22.345  -11.481  -13.622 0.0000000000
55901  23.943  -12.260  -14.400 0.0000000000
57767  23.191  -10.968  -14.892 0.0000000000
119486  22.984  5.034  -22.476 0.0000000000
70629  22.454  3.797  -22.078 0.0000000000
116245  24.837  4.805  -23.466 0.0000000000
72519  26.056  5.492  -23.263 0.0000000000
74334  26.072  7.437  -23.989 0.0000000000
112894  19.640  14.914  -29.709 0.0000000000
115193  21.053  13.702  -30.011 0.0000000000
128795  17.599  14.156  -30.873 0.0000000000
63540  27.890  -4.334  -19.683 0.0000000000
62565  27.902  -5.291  -18.343 0.0000000000
64446  28.258  -3.480  -18.223 0.0000000000
71498  18.628  5.109  -18.277 0.0000000000
72453  18.599  5.805  -18.840 0.0000000000
54952  21.990  -13.885  -11.949 0.0000000000
53956  21.906  -14.927  -10.974 0.0000000000
118113  23.599  -14.699  -10.728 0.0000000000
53966  24.016  -14.115  -11.129 0.0000000000
55875  25.479  -12.392  -12.867 0.0000000000
55865  25.538  -12.567  -12.028 0.0000000000
60645  22.329  -7.792  -15.987 0.0000000000
60654  22.455  -7.033  -16.679 0.0000000000
130471  22.201  -4.098  -18.755 0.0000000000
62567  22.826  -5.570  -18.597 0.0000000000
63543  23.676  -4.515  -19.949 0.0000000000
63554  25.642  -4.567  -20.958 0.0000000000
65407  24.493  -3.126  -20.718 0.0000000000
130532  19.189  -0.313  -17.000 0.0000000000
68098  19.455  0.750  -17.892 0.0000000000
69021  24.648  1.572  -22.528 0.0000000000
67268  22.956  0.352  -21.027 0.0000000000
67274  25.031  0.066  -22.026 0.0000000000
67264  25.995  -0.879  -21.640 0.0000000000
68127  26.312  0.396  -21.662 0.0000000000
68993  27.137  1.274  -20.488 0.0000000000
69817  26.869  2.410  -21.126 0.0000000000
131426  27.356  7.409  -21.029 0.0000000000
73401  27.810  6.425  -19.784 0.0000000000
76902  22.095  9.816  -28.709 0.0000000000
136420  23.701  9.237  -25.310 0.0000000000
75971  23.627  8.699  -27.196 0.0000000000
74371  24.609  7.952  -26.051 0.0000000000
75994  23.887  8.306  -29.134 0.0000000000
126022  25.550  10.475  -28.838 0.0000000000
78783  25.851  11.881  -27.760 0.0000000000
119632  26.279  11.433  -26.375 0.0000000000
59644  24.454  -8.747  -17.473 0.0000000000
57788  24.874  -10.380  -16.504 0.0000000000
58708  25.941  -9.599  -17.514 0.0000000000
133037  28.608  -7.898  -15.892 0.0000000000
59635  28.268  -8.860  -16.186 0.0000000000
55880  21.424  -12.358  -12.267 0.0000000000
54966  22.472  -13.470  -12.506 0.0000000000
54950  23.600  -13.849  -11.869 0.0000000000
55877  23.772  -13.165  -13.155 0.0000000000
55889  24.301  -12.718  -13.716 0.0000000000
56841  25.448  -12.263  -14.966 0.0000000000
63518  21.136  -4.677  -16.729 0.0000000000
64439  21.137  -3.406  -17.672 0.0000000000
65384  21.542  -2.330  -18.562 0.0000000000
69795  19.417  2.982  -18.785 0.0000000000
127746  20.163  1.711  -19.139 0.0000000000
69806  21.293  2.960  -20.671 0.0000000000
69833  23.609  2.824  -22.504 0.0000000000
70625  25.465  3.097  -22.783 0.0000000000
71540  26.689  3.818  -21.385 0.0000000000
126720  26.242  4.801  -22.349 0.0000000000
125334  26.696  6.949  -22.409 0.0000000000
75111  27.055  8.902  -22.866 0.0000000000
125839  22.245  11.538  -25.238 0.0000000000
77819  21.728  11.176  -27.176 0.0000000000
78799  22.140  11.962  -29.537 0.0000000000
78804  21.571  11.846  -30.946 0.0000000000
60675  26.823  -7.259  -19.540 0.0000000000
60659  26.970  -8.206  -18.456 0.0000000000
61640  27.612  -7.076  -18.316 0.0000000000
61630  28.187  -5.994  -17.041 0.0000000000
69757  18.023  2.660  -16.251 0.0000000000
70574  19.191  4.120  -18.784 0.0000000000
71529  20.605  5.442  -21.189 0.0000000000
73443  23.214  6.267  -22.350 0.0000000000
54937  24.849  -13.817  -10.864 0.0000000000
66335  28.173  -1.299  -18.824 0.0000000000
123072  28.658  -1.896  -17.880 0.0000000000
58684  22.330  -9.635  -14.807 0.0000000000
57779  22.965  -10.171  -15.214 0.0000000000
59646  22.938  -8.619  -16.278 0.0000000000
59645  23.710  -8.719  -16.943 0.0000000000
60660  24.463  -7.887  -18.157 0.0000000000
61642  22.977  -6.252  -17.950 0.0000000000
61651  23.528  -6.362  -18.773 0.0000000000
61649  25.298  -6.921  -19.466 0.0000000000
61663  26.391  -6.251  -20.349 0.0000000000
63552  27.124  -4.726  -20.976 0.0000000000
65395  27.713  -3.193  -20.562 0.0000000000
66318  20.241  -1.255  -17.683 0.0000000000
66327  21.433  -1.525  -18.790 0.0000000000
68106  21.100  0.461  -19.443 0.0000000000
67242  22.168  -0.691  -19.756 0.0000000000
66348  23.317  -1.917  -20.295 0.0000000000
65418  25.342  -2.482  -21.357 0.0000000000
66356  26.981  -1.720  -21.038 0.0000000000
66346  27.457  -1.643  -20.412 0.0000000000
68105  27.877  0.347  -19.028 0.0000000000
68971  28.380  1.581  -18.443 0.0000000000
126818  27.083  4.190  -20.603 0.0000000000
74316  21.204  7.237  -21.706 0.0000000000
74335  24.577  6.852  -23.870 0.0000000000
74345  25.142  7.456  -25.277 0.0000000000
112839  19.451  13.387  -31.728 0.0000000000
78815  21.796  11.925  -32.063 0.0000000000
78814  23.092  12.133  -32.562 0.0000000000
76005  24.306  9.169  -31.995 0.0000000000
76000  24.898  8.857  -29.693 0.0000000000
75979  25.408  8.474  -27.593 0.0000000000
75126  25.708  8.109  -25.741 0.0000000000
75119  26.075  8.608  -24.913 0.0000000000
76861  26.842  9.878  -23.774 0.0000000000
76860  27.313  10.678  -23.319 0.0000000000
116722  24.462  -10.731  -15.984 0.0000000000
57777  25.241  -11.184  -16.010 0.0000000000
56851  26.667  -11.648  -15.510 0.0000000000
58698  27.240  -9.999  -16.844 0.0000000000
58691  27.545  -10.440  -16.103 0.0000000000
57769  21.934  -9.905  -14.050 0.0000000000
57754  22.170  -10.694  -13.823 0.0000000000
56833  21.801  -10.984  -13.280 0.0000000000
56844  22.757  -11.206  -14.258 0.0000000000
72508  23.312  5.566  -22.562 0.0000000000
71563  24.012  4.982  -23.090 0.0000000000
72521  24.736  5.440  -23.501 0.0000000000
73455  25.326  6.101  -23.761 0.0000000000
73468  25.412  7.025  -24.295 0.0000000000
64454  28.065  -3.546  -19.280 0.0000000000
125557  28.047  -4.114  -18.845 0.0000000000
54951  22.785  -14.002  -12.044 0.0000000000
53968  22.327  -14.450  -11.512 0.0000000000
53955  22.757  -14.874  -10.956 0.0000000000
132951  25.789  -12.212  -13.403 0.0000000000
56818  26.254  -11.929  -12.631 0.0000000000
56817  27.240  -11.357  -13.034 0.0000000000
60655  22.023  -6.946  -15.964 0.0000000000
61633  21.865  -6.227  -16.412 0.0000000000
130350  22.288  -3.471  -19.036 0.0000000000
63544  22.852  -4.061  -19.381 0.0000000000
64466  23.434  -3.576  -19.888 0.0000000000
125345  24.210  -3.798  -20.415 0.0000000000
116788  23.869  -3.157  -20.290 0.0000000000
68965  19.157  1.055  -17.527 0.0000000000
120815  19.376  1.443  -18.095 0.0000000000
68140  24.709  0.747  -22.281 0.0000000000
122187  25.051  1.102  -22.461 0.0000000000
68138  25.923  0.869  -22.108 0.0000000000
69006  26.403  1.197  -21.688 0.0000000000
69005  26.821  1.603  -21.161 0.0000000000
69818  26.458  2.019  -21.751 0.0000000000
75093  27.706  8.360  -21.266 0.0000000000
74308  28.189  8.086  -20.453 0.0000000000
76909  22.202  9.582  -30.058 0.0000000000
75995  22.804  8.806  -28.526 0.0000000000
127530  22.913  8.675  -29.604 0.0000000000
75980  23.673  8.466  -28.087 0.0000000000
76002  22.953  8.580  -30.722 0.0000000000
78797  25.361  12.046  -29.198 0.0000000000
78793  25.700  12.502  -28.340 0.0000000000
59656  25.128  -8.489  -17.996 0.0000000000
58709  25.194  -9.233  -17.529 0.0000000000
59655  25.968  -9.023  -17.949 0.0000000000
61622  29.227  -7.307  -15.248 0.0000000000
55892  21.746  -11.746  -12.924 0.0000000000
55879  22.115  -12.749  -12.803 0.0000000000
55878  22.916  -13.131  -13.155 0.0000000000
55900  24.864  -12.464  -14.372 0.0000000000
65367  20.160  -2.783  -16.737 0.0000000000
125550  20.636  -3.466  -16.963 0.0000000000
116951  20.654  -2.885  -17.343 0.0000000000
65385  21.078  -2.618  -17.919 0.0000000000
123183  19.854  3.284  -19.381 0.0000000000
69807  20.546  3.652  -20.225 0.0000000000
70628  23.242  3.642  -22.516 0.0000000000
69834  22.913  3.110  -22.230 0.0000000000
70627  24.249  3.437  -22.898 0.0000000000
69832  24.426  2.516  -22.704 0.0000000000
70626  25.081  3.648  -23.152 0.0000000000
71552  25.730  3.924  -22.888 0.0000000000
71560  25.968  4.780  -23.081 0.0000000000
74324  26.385  7.070  -23.288 0.0000000000
73442  26.317  6.171  -23.133 0.0000000000
75103  26.792  7.894  -22.790 0.0000000000
119768  21.578  13.878  -27.600 0.0000000000
78773  21.754  12.927  -26.457 0.0000000000
78767  21.839  12.300  -25.568 0.0000000000
132851  21.787  11.748  -26.484 0.0000000000
78785  21.860  12.181  -27.305 0.0000000000
115218  20.523  13.310  -30.867 0.0000000000
79718  21.906  13.338  -29.550 0.0000000000
79726  21.401  12.888  -30.500 0.0000000000
78803  21.898  11.678  -30.255 0.0000000000
78805  21.104  12.620  -31.342 0.0000000000
61656  27.193  -6.518  -19.843 0.0000000000
60668  27.185  -7.536  -18.789 0.0000000000
61648  27.399  -6.798  -19.037 0.0000000000
62558  28.164  -5.235  -17.479 0.0000000000
62559  27.841  -6.174  -18.117 0.0000000000
131709  28.373  -6.595  -16.643 0.0000000000
137343  17.450  3.320  -15.847 0.0000000000
70547  17.912  3.836  -16.522 0.0000000000
70564  18.515  3.561  -17.356 0.0000000000
126990  18.744  4.294  -18.086 0.0000000000
72465  19.302  5.672  -19.989 0.0000000000
71522  19.762  5.301  -20.205 0.0000000000
71530  20.100  5.637  -20.814 0.0000000000
130740  21.490  5.885  -21.719 0.0000000000
72496  20.758  6.168  -21.525 0.0000000000
54964  24.064  -13.395  -12.396 0.0000000000
54949  24.413  -13.558  -11.584 0.0000000000
54963  24.767  -13.060  -12.011 0.0000000000
54936  25.665  -13.517  -10.683 0.0000000000
67230  28.473  -0.582  -18.411 0.0000000000
59629  21.488  -8.381  -14.276 0.0000000000
58694  22.156  -8.966  -15.083 0.0000000000
59636  22.372  -8.594  -15.599 0.0000000000
60653  23.161  -7.838  -16.957 0.0000000000
59657  23.951  -8.200  -17.562 0.0000000000
60661  23.647  -7.527  -17.811 0.0000000000
62553  21.960  -5.667  -17.058 0.0000000000
62560  22.398  -5.556  -17.722 0.0000000000
62577  23.463  -5.439  -19.501 0.0000000000
61660  24.001  -6.168  -19.448 0.0000000000
61650  24.383  -6.749  -19.109 0.0000000000
61659  24.699  -6.347  -19.759 0.0000000000
61658  25.557  -6.397  -20.135 0.0000000000
62576  24.909  -5.862  -20.303 0.0000000000
123925  25.998  -5.142  -20.888 0.0000000000
64463  26.870  -4.065  -21.218 0.0000000000
64462  27.426  -3.989  -20.837 0.0000000000
64473  27.171  -3.341  -21.110 0.0000000000
67232  20.083  -0.441  -18.027 0.0000000000
67223  19.516  -0.778  -17.131 0.0000000000
67231  20.774  -0.944  -18.450 0.0000000000
68981  20.817  1.544  -19.694 0.0000000000
68117  21.630  1.005  -20.145 0.0000000000
133374  23.426  -0.211  -21.231 0.0000000000
67253  22.697  -0.316  -20.463 0.0000000000
67252  23.372  -1.054  -20.740 0.0000000000
66337  22.700  -1.258  -20.008 0.0000000000
66347  24.044  -1.736  -21.012 0.0000000000
134221  24.444  -1.390  -21.343 0.0000000000
67263  26.583  -0.920  -21.318 0.0000000000
66357  26.360  -1.738  -21.414 0.0000000000
67241  27.533  -0.915  -19.925 0.0000000000
120562  27.512  -0.096  -19.821 0.0000000000
120247  27.423  1.999  -19.860 0.0000000000
68980  27.856  1.767  -19.049 0.0000000000
69793  27.800  2.594  -19.178 0.0000000000
69782  28.329  2.396  -18.538 0.0000000000
70573  28.226  3.239  -18.672 0.0000000000
127277  26.626  4.671  -21.466 0.0000000000
126820  27.009  5.106  -20.740 0.0000000000
118674  22.229  10.761  -25.924 0.0000000000
75965  22.793  10.092  -25.986 0.0000000000
126197  23.885  8.939  -23.585 0.0000000000
75946  23.585  9.005  -22.692 0.0000000000
75105  22.731  8.619  -21.967 0.0000000000
75094  21.123  7.875  -21.748 0.0000000000
74317  20.712  7.362  -21.593 0.0000000000
74326  22.127  7.741  -21.949 0.0000000000
74370  24.813  7.956  -26.790 0.0000000000
74347  24.447  7.528  -24.123 0.0000000000
74358  24.960  7.658  -25.833 0.0000000000
74346  24.914  7.340  -24.809 0.0000000000
74357  25.142  7.696  -26.357 0.0000000000
79744  18.133  13.895  -32.425 0.0000000000
128857  20.335  13.522  -32.172 0.0000000000
112904  21.189  12.663  -31.884 0.0000000000
130756  21.811  12.712  -32.184 0.0000000000
78810  24.161  11.758  -32.047 0.0000000000
78813  23.734  11.868  -32.381 0.0000000000
77842  24.010  10.770  -32.190 0.0000000000
77845  23.198  11.170  -32.377 0.0000000000
76917  24.577  9.929  -31.998 0.0000000000
121397  24.587  8.738  -30.584 0.0000000000
76908  25.017  9.535  -30.300 0.0000000000
77806  25.737  10.082  -27.604 0.0000000000
76891  25.506  9.065  -28.001 0.0000000000
75970  25.763  9.199  -27.062 0.0000000000
75963  25.703  8.414  -26.465 0.0000000000
122449  25.988  9.502  -26.181 0.0000000000
75956  26.000  9.035  -25.579 0.0000000000
77798  26.609  11.597  -25.489 0.0000000000
77789  26.555  10.733  -25.037 0.0000000000
76868  26.915  10.727  -24.166 0.0000000000
77788  27.024  11.653  -24.585 0.0000000000
58692  23.395  -9.915  -15.777 0.0000000000
57778  23.765  -10.676  -15.542 0.0000000000
57789  24.050  -10.079  -16.190 0.0000000000
57787  25.813  -10.630  -16.589 0.0000000000
57776  26.275  -11.254  -16.061 0.0000000000
56852  25.866  -11.774  -15.508 0.0000000000
59653  27.427  -8.556  -17.686 0.0000000000
59643  27.657  -9.153  -16.907 0.0000000000
132325  28.399  -9.376  -15.717 0.0000000000
122222  27.924  -9.670  -16.252 0.0000000000
58690  28.174  -10.057  -15.577 0.0000000000
57774  27.749  -10.789  -15.366 0.0000000000
55890  23.437  -12.644  -13.679 0.0000000000
56831  23.054  -11.955  -14.016 0.0000000000
132603  23.360  -11.617  -14.555 0.0000000000
56843  23.965  -11.569  -15.073 0.0000000000
125195  21.251  4.708  -21.355 0.0000000000
70611  21.227  3.893  -20.990 0.0000000000
71554  22.682  4.430  -22.323 0.0000000000
71553  23.618  4.276  -22.812 0.0000000000
71562  24.554  4.221  -23.248 0.0000000000
72520  25.476  5.244  -23.490 0.0000000000
73454  25.934  6.527  -23.729 0.0000000000
113133  20.555  14.781  -28.822 0.0000000000
112591  21.344  14.263  -28.262 0.0000000000
115304  21.993  13.631  -28.883 0.0000000000
112870  20.556  14.298  -29.585 0.0000000000
112588  20.075  14.022  -30.395 0.0000000000
112799  18.960  14.147  -30.974 0.0000000000
63532  27.593  -5.131  -19.884 0.0000000000
62566  27.602  -5.829  -19.214 0.0000000000
63531  27.873  -4.850  -19.011 0.0000000000
63525  28.147  -4.412  -17.988 0.0000000000
71510  18.923  5.300  -19.174 0.0000000000
73419  19.525  6.138  -20.615 0.0000000000
133067  21.319  -13.489  -11.615 0.0000000000
55866  20.828  -12.926  -11.292 0.0000000000
53969  21.489  -14.280  -11.299 0.0000000000
53070  23.189  -15.200  -10.444 0.0000000000
53069  23.991  -15.209  -10.045 0.0000000000
53954  24.460  -14.492  -10.459 0.0000000000
60646  21.708  -7.313  -15.350 0.0000000000
63533  21.688  -4.089  -17.982 0.0000000000
63526  22.243  -4.828  -18.279 0.0000000000
62578  22.702  -4.821  -19.094 0.0000000000
135531  23.098  -4.746  -19.521 0.0000000000
63542  24.312  -5.260  -20.185 0.0000000000
63555  24.688  -4.537  -20.561 0.0000000000
64465  25.161  -3.781  -20.989 0.0000000000
67233  19.514  -0.029  -17.603 0.0000000000
68097  19.944  0.415  -18.327 0.0000000000
69007  23.245  1.463  -21.900 0.0000000000
68129  22.809  1.074  -21.234 0.0000000000
68128  23.411  0.615  -21.623 0.0000000000
67275  24.185  0.112  -21.830 0.0000000000
130443  24.721  -0.493  -21.734 0.0000000000
67266  24.845  -1.148  -21.560 0.0000000000
67273  25.743  0.023  -21.902 0.0000000000
137409  26.258  -0.307  -21.599 0.0000000000
131499  26.668  -0.078  -21.161 0.0000000000
68115  27.099  0.348  -20.480 0.0000000000
133200  27.120  1.979  -20.623 0.0000000000
69794  27.452  2.799  -19.752 0.0000000000
73428  26.857  6.509  -21.559 0.0000000000
72480  27.351  5.752  -20.232 0.0000000000
73418  27.319  6.532  -20.590 0.0000000000
74298  27.936  7.227  -20.109 0.0000000000
76892  21.976  9.768  -27.138 0.0000000000
127898  22.097  9.458  -27.860 0.0000000000
75964  23.522  9.219  -26.122 0.0000000000
75128  24.081  8.513  -25.467 0.0000000000
75120  24.173  8.342  -24.329 0.0000000000
75133  24.198  8.336  -26.568 0.0000000000
75142  24.388  8.269  -27.492 0.0000000000
75155  24.600  8.332  -28.106 0.0000000000
78802  24.617  11.372  -31.077 0.0000000000
77832  24.982  10.416  -30.739 0.0000000000
127124  25.304  10.703  -29.603 0.0000000000
77818  25.680  10.838  -28.072 0.0000000000
123251  25.966  10.411  -26.772 0.0000000000
77805  25.892  11.194  -27.212 0.0000000000
78782  26.293  12.272  -26.903 0.0000000000
58701  24.435  -9.493  -16.882 0.0000000000
58700  25.408  -9.956  -17.087 0.0000000000
58699  26.362  -10.124  -17.116 0.0000000000
60651  28.289  -7.382  -16.656 0.0000000000
60644  28.045  -8.288  -16.780 0.0000000000
59634  28.750  -8.741  -15.494 0.0000000000
136597  21.217  -12.816  -11.802 0.0000000000
54967  21.735  -13.174  -12.208 0.0000000000
54965  23.251  -13.566  -12.594 0.0000000000
55888  25.120  -12.526  -13.606 0.0000000000
55899  25.696  -12.334  -14.203 0.0000000000
63527  21.113  -4.131  -17.228 0.0000000000
64447  21.700  -3.256  -18.464 0.0000000000
64457  22.112  -2.750  -19.026 0.0000000000
69783  19.145  2.770  -18.235 0.0000000000
68973  19.409  2.133  -18.435 0.0000000000
68983  19.749  2.321  -18.966 0.0000000000
68982  20.318  2.481  -19.572 0.0000000000
69009  21.957  2.452  -21.031 0.0000000000
69820  21.733  3.267  -21.194 0.0000000000
69819  22.370  2.998  -21.660 0.0000000000
69008  22.589  1.949  -21.492 0.0000000000
69022  23.793  1.931  -22.400 0.0000000000
69831  25.170  2.327  -22.710 0.0000000000
69830  25.908  2.384  -22.359 0.0000000000
70608  26.442  3.012  -21.761 0.0000000000
70609  25.969  3.261  -22.472 0.0000000000
71541  26.225  3.973  -22.163 0.0000000000
72495  26.548  5.529  -21.821 0.0000000000
72507  26.308  5.473  -22.745 0.0000000000
73429  26.539  6.117  -22.383 0.0000000000
135651  26.967  7.165  -21.707 0.0000000000
75102  27.363  8.626  -22.087 0.0000000000
75945  27.608  9.545  -22.299 0.0000000000
77807  21.819  10.675  -26.660 0.0000000000
79717  22.310  12.888  -29.035 0.0000000000
78794  22.193  12.097  -28.856 0.0000000000
122530  21.819  11.327  -28.142 0.0000000000
77828  21.965  11.028  -29.239 0.0000000000
77833  21.890  10.870  -30.159 0.0000000000
77838  21.642  10.881  -31.048 0.0000000000
60670  25.933  -7.555  -19.140 0.0000000000
59662  26.108  -8.294  -18.494 0.0000000000
60669  26.608  -7.769  -18.902 0.0000000000
122988  27.547  -7.739  -18.056 0.0000000000
61631  28.006  -6.977  -17.465 0.0000000000
69772  18.698  2.425  -17.277 0.0000000000
123107  19.238  3.512  -18.607 0.0000000000
70586  19.865  4.361  -19.765 0.0000000000
71511  18.968  4.567  -18.698 0.0000000000
117874  19.331  4.790  -19.379 0.0000000000
118564  20.255  4.927  -20.533 0.0000000000
125116  21.313  5.409  -21.585 0.0000000000
72522  23.985  5.769  -23.089 0.0000000000
54948  25.197  -13.187  -11.355 0.0000000000
127055  28.343  -1.822  -18.513 0.0000000000
65383  28.244  -2.627  -18.601 0.0000000000
58685  21.739  -9.027  -14.328 0.0000000000
58693  22.770  -9.335  -15.611 0.0000000000
134468  24.480  -8.324  -17.798 0.0000000000
61632  22.441  -6.290  -17.217 0.0000000000
61641  23.446  -6.863  -18.081 0.0000000000
60672  24.026  -7.168  -18.470 0.0000000000
60671  24.894  -7.404  -18.825 0.0000000000
60676  26.201  -6.926  -19.861 0.0000000000
62574  26.967  -6.061  -20.355 0.0000000000
62575  25.799  -5.751  -20.591 0.0000000000
62584  26.640  -5.443  -20.775 0.0000000000
62583  27.244  -5.321  -20.526 0.0000000000
63541  27.547  -4.561  -20.450 0.0000000000
64455  27.888  -3.787  -20.212 0.0000000000
66319  19.734  -1.516  -16.989 0.0000000000
66328  20.915  -1.793  -18.134 0.0000000000
129258  21.955  -2.042  -19.022 0.0000000000
68972  19.755  1.390  -18.554 0.0000000000
68107  20.366  0.890  -18.994 0.0000000000
68116  22.387  0.618  -20.568 0.0000000000
67254  21.902  0.073  -19.917 0.0000000000
67243  21.413  -0.592  -19.216 0.0000000000
66338  22.034  -1.390  -19.375 0.0000000000
65397  22.598  -2.180  -19.557 0.0000000000
65396  23.303  -2.751  -19.983 0.0000000000
65408  23.925  -2.527  -20.553 0.0000000000
65419  24.615  -2.461  -21.031 0.0000000000
64475  25.744  -3.237  -21.342 0.0000000000
66358  25.568  -1.634  -21.515 0.0000000000
65417  26.084  -2.553  -21.446 0.0000000000
65416  26.799  -2.584  -21.278 0.0000000000
65406  27.369  -2.516  -20.810 0.0000000000
126988  27.831  -2.335  -20.143 0.0000000000
66336  27.811  -1.486  -19.615 0.0000000000
67240  27.901  -0.582  -19.144 0.0000000000
118934  28.296  0.007  -18.605 0.0000000000
118731  27.525  0.958  -19.634 0.0000000000
119873  27.951  1.074  -18.856 0.0000000000
68970  28.898  1.367  -17.925 0.0000000000
70596  26.974  3.243  -20.914 0.0000000000
70585  27.282  3.398  -20.081 0.0000000000
126817  27.400  4.963  -19.932 0.0000000000
127188  28.033  4.068  -18.866 0.0000000000
75952  23.699  9.707  -23.417 0.0000000000
116299  19.918  6.444  -21.169 0.0000000000
73431  20.688  6.844  -21.543 0.0000000000
74325  23.228  7.112  -22.328 0.0000000000
73444  22.169  6.822  -21.899 0.0000000000
73457  23.963  6.509  -23.058 0.0000000000
73469  25.063  6.874  -24.227 0.0000000000
128845  16.937  14.053  -31.008 0.0000000000
128780  17.705  13.145  -31.439 0.0000000000
128813  18.139  12.958  -32.179 0.0000000000
130767  20.181  13.184  -31.605 0.0000000000
78811  21.526  11.777  -31.644 0.0000000000
76915  21.852  10.435  -31.767 0.0000000000
79738  22.194  13.338  -32.395 0.0000000000
77846  22.410  11.519  -32.350 0.0000000000
77843  22.446  10.630  -32.195 0.0000000000
76007  22.893  8.958  -31.476 0.0000000000
76006  23.980  8.613  -31.458 0.0000000000
134991  24.411  8.451  -29.808 0.0000000000
75154  25.087  8.471  -28.180 0.0000000000
76907  25.335  9.655  -29.326 0.0000000000
75992  25.230  8.932  -28.830 0.0000000000
75140  25.144  8.052  -27.446 0.0000000000
118702  25.298  7.877  -26.842 0.0000000000
74356  25.330  7.696  -25.837 0.0000000000
74344  25.615  7.740  -24.951 0.0000000000
125446  26.177  8.175  -24.342 0.0000000000
75951  26.504  8.984  -24.129 0.0000000000
76876  26.281  9.924  -25.490 0.0000000000
76869  26.473  9.715  -24.719 0.0000000000
133195  26.823  9.189  -23.461 0.0000000000
75950  27.212  9.813  -23.015 0.0000000000
76851  27.854  10.536  -22.561 0.0000000000
77787  27.930  12.436  -24.234 0.0000000000
76859  27.921  11.294  -23.000 0.0000000000
75944  28.350  10.050  -21.886 0.0000000000
117583  24.481  -11.302  -15.585 0.0000000000
56853  25.036  -11.805  -15.428 0.0000000000
118954  26.434  -12.016  -14.808 0.0000000000
59654  26.679  -8.769  -18.113 0.0000000000
58707  26.795  -9.409  -17.558 0.0000000000
57775  27.149  -11.192  -15.866 0.0000000000
57766  27.237  -11.462  -15.103 0.0000000000
56840  27.185  -11.451  -14.151 0.0000000000
65375  28.716  -2.683  -17.468 0.0000000000
64438  28.572  -3.621  -17.273 0.0000000000
61657  26.766  -6.677  -20.049 0.0000000000
62585  25.214  -5.199  -20.623 0.0000000000
63553  26.469  -4.674  -21.093 0.0000000000
64474  26.509  -3.345  -21.347 0.0000000000
64476  25.098  -3.035  -21.121 0.0000000000
66326  28.634  -1.230  -18.155 0.0000000000
66359  24.803  -1.821  -21.353 0.0000000000
67265  25.343  -0.655  -21.729 0.0000000000
68083  28.787  0.116  -18.090 0.0000000000
68096  28.450  0.744  -18.392 0.0000000000
68126  26.757  0.783  -21.131 0.0000000000
68139  25.329  0.709  -22.241 0.0000000000
68141  23.960  1.032  -22.199 0.0000000000
68995  21.445  1.961  -20.429 0.0000000000
68996  20.874  2.495  -20.118 0.0000000000
69020  25.465  1.492  -22.430 0.0000000000
69023  23.047  2.353  -22.097 0.0000000000
69784  18.970  3.636  -18.208 0.0000000000
69805  27.191  2.634  -20.391 0.0000000000
70587  19.460  3.874  -19.092 0.0000000000
70610  21.825  3.920  -21.529 0.0000000000
71542  22.083  5.228  -21.967 0.0000000000
72452  18.845  5.834  -19.543 0.0000000000
72497  20.196  6.094  -21.218 0.0000000000
72509  22.353  5.905  -21.968 0.0000000000
73430  21.327  6.522  -21.694 0.0000000000
73432  20.328  6.924  -21.467 0.0000000000
74315  27.132  7.740  -21.878 0.0000000000
74336  24.008  7.296  -23.167 0.0000000000
74359  24.584  7.756  -25.163 0.0000000000
75104  23.388  8.009  -22.476 0.0000000000
75112  26.564  8.310  -23.581 0.0000000000
75127  25.417  7.851  -26.325 0.0000000000
75141  24.903  8.076  -27.311 0.0000000000
75957  23.795  9.285  -24.456 0.0000000000
75972  22.756  9.568  -26.834 0.0000000000
75981  22.781  9.153  -27.642 0.0000000000
75993  24.738  8.417  -29.029 0.0000000000
76001  23.852  8.302  -30.301 0.0000000000
76008  23.607  9.053  -31.968 0.0000000000
76877  23.402  9.844  -25.166 0.0000000000
76882  26.244  10.534  -25.961 0.0000000000
76901  25.562  9.804  -28.476 0.0000000000
76913  24.770  9.399  -31.432 0.0000000000
76914  21.958  9.762  -31.166 0.0000000000
76918  23.827  9.723  -32.094 0.0000000000
76919  22.758  9.712  -31.933 0.0000000000
76920  23.264  10.347  -32.188 0.0000000000
77779  27.504  11.525  -23.728 0.0000000000
77791  22.834  11.700  -24.421 0.0000000000
77799  21.912  11.373  -25.957 0.0000000000
77827  25.574  11.424  -28.621 0.0000000000
77839  21.548  11.135  -31.553 0.0000000000
77841  24.436  10.893  -31.749 0.0000000000
77844  21.788  11.134  -32.012 0.0000000000
78784  22.167  12.606  -28.223 0.0000000000
78809  24.367  11.809  -31.655 0.0000000000
78816  21.292  13.297  -32.337 0.0000000000
79725  22.023  12.491  -29.899 0.0000000000
79742  20.350  14.048  -32.495 0.0000000000
79743  19.252  13.431  -32.095 0.0000000000
112589  21.377  14.033  -29.175 0.0000000000
112592  22.038  13.411  -28.295 0.0000000000
112875  18.289  12.580  -31.973 0.0000000000
114642  25.889  5.858  -23.555 0.0000000000
116219  24.913  3.006  -22.903 0.0000000000
116344  20.338  6.551  -21.413 0.0000000000
117033  22.377  12.459  -32.393 0.0000000000
118255  23.458  12.742  -32.483 0.0000000000
119979  21.928  4.622  -21.807 0.0000000000
120385  21.732  10.261  -27.542 0.0000000000
124557  28.647  -5.943  -16.269 0.0000000000
126365  28.917  3.051  -17.994 0.0000000000
127058  28.063  -2.095  -19.245 0.0000000000
128705  17.781  12.993  -31.906 0.0000000000
128809  18.889  13.167  -31.700 0.0000000000
131433  24.524  -11.721  -15.285 0.0000000000
135017  26.062  4.358  -22.706 0.0000000000
135357  20.493  13.260  -31.939 0.0000000000
135596  24.315  8.252  -27.110 0.0000000000
135611  28.255  11.093  -22.623 0.0000000000
135780  26.744  5.273  -21.246 0.0000000000
136702  25.508  8.247  -27.134 0.0000000000
