#!ascii label  , from subject sub-v2s17x50031_ses-1 vox2ras=TkReg
1569
24880  34.657  -47.141  -1.889 0.6000000238
25607  34.486  -46.841  -0.956 0.5000000000
27237  34.867  -44.314  -2.443 0.6999999881
26429  35.315  -44.940  -3.142 0.6000000238
27243  35.670  -44.234  -3.716 0.6000000238
28052  36.058  -43.516  -4.095 0.6000000238
125296  34.588  -46.288  -1.595 0.6999999881
26422  34.914  -45.156  -2.468 0.6000000238
25614  35.118  -45.924  -2.808 0.5000000000
123843  35.576  -45.768  -3.493 0.5000000000
26428  35.873  -45.173  -3.934 0.5000000000
27251  36.374  -44.469  -4.429 0.6000000238
28063  36.653  -43.538  -4.667 0.6000000238
122766  34.464  -46.127  -0.918 0.5000000000
24869  34.477  -47.749  -0.965 0.5000000000
24879  35.002  -46.876  -2.749 0.6000000238
27250  37.048  -44.303  -5.040 0.6000000238
23192  34.638  -49.941  0.590 0.5000000000
23174  34.861  -49.355  1.047 0.5000000000
29652  36.113  -41.954  -3.850 0.6000000238
29660  36.674  -41.891  -4.399 0.6999999881
28043  34.667  -43.437  -2.109 0.6000000238
28042  35.037  -43.595  -2.736 0.6999999881
29653  35.449  -42.238  -3.212 0.6000000238
28884  35.983  -42.715  -3.862 0.6000000238
132172  36.408  -42.947  -4.326 0.6000000238
27238  34.494  -44.105  -1.586 0.6000000238
25597  34.413  -46.424  -0.221 0.5000000000
27231  34.386  -44.751  -0.919 0.5000000000
28062  37.107  -43.491  -5.231 0.6000000238
130875  34.477  -47.876  0.374 0.5000000000
28066  37.421  -43.545  -5.815 0.6000000238
118782  34.633  -48.398  0.752 0.5000000000
28071  37.551  -43.481  -6.595 0.6000000238
28078  37.576  -43.334  -7.704 0.6999999881
28070  38.048  -44.173  -7.119 0.6000000238
121218  37.014  -42.407  -7.931 0.6999999881
28081  38.181  -43.634  -8.767 0.6000000238
27270  38.998  -44.063  -9.896 0.6000000238
29718  37.938  -41.419  -12.129 0.5000000000
32187  36.604  -38.807  -12.273 0.6999999881
134764  37.320  -41.097  -11.934 0.6000000238
31300  36.256  -39.462  -11.722 0.8000000119
30413  36.437  -41.228  -3.950 0.6000000238
30422  37.068  -41.291  -4.538 0.6999999881
28873  34.909  -42.155  -2.534 0.6999999881
30414  35.676  -41.283  -3.356 0.6000000238
28895  36.810  -42.657  -4.748 0.6999999881
29659  37.063  -41.883  -4.888 0.6999999881
28033  34.339  -43.272  -1.262 0.6000000238
28874  34.531  -42.495  -1.862 0.6000000238
29669  37.228  -41.772  -5.280 0.8000000119
126544  34.447  -43.728  0.415 0.5000000000
125365  34.263  -43.272  -0.274 0.5000000000
28912  37.077  -42.230  -5.899 0.8000000119
28903  37.098  -42.638  -5.369 0.6000000238
25587  34.526  -45.954  0.548 0.5000000000
134749  34.351  -44.904  -0.278 0.5000000000
28913  36.865  -41.823  -6.496 0.8000000119
125110  37.283  -42.925  -6.031 0.6000000238
23996  35.116  -48.559  1.302 0.5000000000
28925  36.713  -41.741  -7.298 0.8000000119
28924  37.047  -42.589  -6.843 0.6999999881
116162  37.365  -41.537  -9.125 0.6999999881
136502  37.266  -42.128  -8.694 0.6999999881
29711  38.160  -41.516  -10.222 0.6999999881
118312  37.562  -40.795  -9.582 0.6999999881
28932  37.637  -42.809  -8.722 0.6999999881
30475  38.375  -40.705  -10.705 0.6000000238
28936  37.850  -42.245  -9.526 0.6000000238
113580  38.598  -40.559  -11.860 0.6999999881
29710  38.656  -41.476  -11.454 0.6999999881
28935  38.617  -42.322  -10.686 0.6000000238
30484  38.158  -39.900  -12.374 0.6999999881
29717  38.433  -41.430  -11.846 0.6000000238
31299  37.279  -39.591  -12.304 0.8000000119
31307  37.905  -39.357  -12.543 0.8000000119
115063  38.370  -40.602  -12.171 0.6000000238
33054  36.057  -37.841  -12.368 0.8999999762
31293  35.477  -39.227  -10.962 0.6999999881
32173  35.731  -38.571  -11.679 0.8000000119
30476  35.820  -40.193  -11.161 0.6999999881
30421  37.681  -40.778  -4.689 0.6000000238
114348  37.411  -41.373  -4.900 0.6999999881
30420  38.426  -40.455  -4.979 0.6999999881
31232  38.199  -40.466  -5.360 0.6000000238
31202  35.525  -39.697  -2.547 0.4000000060
30402  35.282  -40.602  -2.703 0.6000000238
31212  36.012  -40.320  -3.416 0.6000000238
30426  37.658  -41.067  -5.192 0.6999999881
30394  34.740  -40.903  -1.887 0.6000000238
29676  37.145  -41.502  -5.825 0.8000000119
29615  34.750  -41.558  0.231 0.4000000060
29624  34.463  -41.625  -0.508 0.5000000000
28863  34.275  -42.423  -0.862 0.6000000238
29677  36.751  -41.042  -6.650 0.8000000119
27217  34.553  -44.407  0.711 0.5000000000
26390  34.683  -45.209  1.040 0.4000000060
30452  36.575  -40.133  -8.005 0.8000000119
126443  35.262  -46.689  1.515 0.5000000000
32172  38.042  -38.478  -10.586 0.8000000119
30465  37.760  -40.008  -9.916 0.6999999881
29703  36.876  -40.860  -8.591 0.8000000119
31291  38.731  -39.252  -11.811 0.8000000119
31278  37.888  -39.234  -10.218 0.6999999881
33052  38.028  -37.454  -12.361 0.8999999762
32186  38.660  -38.918  -11.998 0.8999999762
31292  38.564  -39.262  -11.217 0.6999999881
32194  38.424  -38.858  -12.272 0.8999999762
120206  38.661  -40.488  -11.490 0.6999999881
30483  38.589  -39.941  -12.154 0.6000000238
135112  36.850  -38.328  -12.598 0.8999999762
31308  37.357  -38.906  -12.565 0.8999999762
33041  33.864  -37.506  -11.223 0.8000000119
123337  34.236  -38.417  -10.336 0.8000000119
32174  34.930  -38.348  -10.961 0.8000000119
133094  34.871  -38.986  -10.353 0.8000000119
32188  34.992  -37.602  -11.756 0.8000000119
30412  36.921  -40.603  -4.088 0.6000000238
31221  38.300  -40.138  -4.600 0.5000000000
31242  38.548  -39.829  -5.795 0.6999999881
32086  36.465  -38.495  -2.699 0.4000000060
31201  36.193  -39.333  -3.036 0.5000000000
133173  36.681  -39.839  -3.659 0.6000000238
30433  37.377  -40.827  -5.846 0.6999999881
31193  35.291  -39.299  -1.614 0.5000000000
30434  36.961  -40.352  -6.496 0.6999999881
31169  35.471  -39.886  0.234 0.5000000000
30382  34.539  -40.887  -0.933 0.6000000238
30350  35.596  -41.100  1.035 0.4000000060
30369  35.167  -40.803  0.393 0.4000000060
32149  36.755  -38.543  -8.479 0.8000000119
31249  36.644  -39.458  -7.484 0.8000000119
28831  35.409  -42.546  1.485 0.4000000060
31260  37.152  -39.268  -9.218 0.8000000119
31261  36.663  -39.355  -8.302 0.8000000119
29690  36.618  -40.928  -7.640 0.8000000119
26389  35.270  -45.313  1.574 0.3000000119
120566  37.919  -36.812  -10.771 0.8000000119
33028  37.495  -37.468  -9.829 0.8000000119
32162  37.288  -38.423  -9.477 0.8000000119
34080  38.143  -36.211  -11.697 0.8000000119
34088  37.970  -36.546  -12.437 0.8999999762
33039  38.448  -38.181  -12.060 0.8999999762
34087  37.694  -36.889  -12.802 0.8999999762
33061  38.001  -38.047  -12.582 0.8999999762
116033  37.374  -35.794  -13.145 0.8999999762
33062  37.416  -37.530  -12.767 0.8999999762
33063  36.792  -37.664  -12.790 0.8999999762
32175  33.254  -37.994  -10.544 0.8000000119
116883  36.100  -37.070  -12.750 0.8999999762
33055  34.033  -36.685  -12.064 0.8000000119
33064  35.162  -36.880  -12.470 0.8000000119
31220  39.051  -40.006  -4.888 0.6000000238
31231  39.010  -40.043  -5.168 0.6000000238
119283  39.028  -39.359  -6.028 0.6000000238
32106  38.619  -39.432  -4.418 0.6000000238
32085  37.121  -38.071  -3.093 0.4000000060
32095  37.039  -39.084  -3.520 0.4000000060
132757  37.859  -39.482  -4.130 0.5000000000
32130  37.509  -39.206  -6.481 0.6999999881
32087  35.803  -38.848  -2.249 0.4000000060
31244  36.924  -39.642  -6.752 0.6999999881
32067  36.153  -38.127  -1.012 0.5000000000
32077  35.763  -38.586  -1.507 0.4000000060
32131  36.859  -38.815  -7.074 0.6999999881
117797  36.499  -38.310  -0.300 0.5000000000
33018  36.913  -37.648  -8.627 0.8000000119
32150  36.632  -38.789  -7.764 0.8000000119
117151  37.845  -35.859  -10.484 0.8000000119
34943  37.805  -34.813  -13.223 0.8999999762
33053  38.218  -37.204  -11.856 0.8999999762
34944  36.516  -35.722  -13.203 0.8999999762
34093  35.586  -36.152  -12.998 1.0000000000
33042  32.558  -37.256  -11.361 0.8000000119
33056  32.851  -36.602  -11.923 0.8000000119
34094  34.321  -36.035  -12.618 1.0000000000
34089  33.115  -35.872  -12.335 0.8000000119
31241  39.480  -39.642  -5.512 0.6000000238
125599  38.932  -38.553  -6.360 0.6000000238
31230  39.565  -39.685  -5.138 0.6000000238
33000  38.642  -37.360  -6.589 0.6999999881
32966  37.847  -37.644  -3.330 0.4000000060
32093  38.737  -38.276  -4.100 0.4000000060
32960  36.763  -37.779  -2.319 0.4000000060
32141  37.284  -38.249  -6.734 0.6999999881
32938  36.896  -37.675  -0.762 0.5000000000
32958  38.009  -36.796  -2.684 0.4000000060
129710  37.208  -37.443  -7.036 0.8000000119
116302  37.116  -36.883  -8.849 0.8000000119
34036  37.059  -36.921  -7.843 0.8000000119
35706  37.978  -34.957  -10.300 0.8000000119
34065  37.462  -36.439  -9.616 0.8000000119
34932  38.341  -34.558  -12.213 0.8000000119
34933  38.188  -35.280  -11.430 0.8000000119
34939  38.115  -35.416  -12.542 0.8999999762
127466  36.881  -34.723  -13.360 0.8999999762
35713  37.509  -33.754  -13.435 0.8999999762
128037  36.045  -34.308  -13.195 1.0000000000
34945  35.763  -35.122  -13.158 1.0000000000
116115  34.689  -35.335  -12.815 1.0000000000
34946  34.121  -34.941  -12.329 1.0000000000
34095  33.826  -35.479  -12.449 0.8000000119
32116  40.022  -39.335  -5.442 0.6000000238
33001  37.908  -37.770  -6.558 0.6999999881
34021  38.508  -36.461  -6.767 0.6999999881
32973  39.324  -37.198  -4.022 0.4000000060
32105  39.416  -39.393  -4.766 0.5000000000
34022  37.715  -36.743  -6.910 0.8000000119
34035  38.112  -35.977  -7.028 0.8000000119
34891  37.608  -36.041  -7.687 0.8000000119
33983  39.501  -35.931  -2.568 0.4000000060
33993  38.845  -36.446  -3.121 0.4000000060
34923  37.626  -35.558  -9.389 0.8000000119
34048  37.358  -36.186  -8.595 0.8000000119
122854  38.313  -34.521  -11.218 0.8000000119
35712  38.025  -33.748  -13.286 0.8999999762
37329  38.067  -32.347  -13.028 0.8000000119
35714  36.711  -33.694  -13.367 1.0000000000
35715  35.922  -33.673  -12.965 1.0000000000
36541  36.167  -33.082  -12.564 1.0000000000
35716  35.127  -34.458  -12.718 1.0000000000
34934  33.831  -35.018  -10.802 1.0000000000
34942  32.497  -35.632  -11.930 0.8999999762
33057  32.025  -36.622  -11.794 0.8000000119
33058  31.444  -36.334  -11.637 0.8999999762
34935  33.003  -35.216  -11.506 1.0000000000
34926  33.108  -35.531  -10.272 1.0000000000
34936  32.198  -35.562  -11.278 1.0000000000
35699  34.602  -34.866  -10.224 1.0000000000
34908  35.075  -35.452  -8.664 1.0000000000
34925  34.342  -35.461  -9.513 1.0000000000
34910  33.706  -35.928  -9.039 1.0000000000
34892  35.238  -35.575  -7.719 1.0000000000
34909  34.446  -35.985  -8.217 1.0000000000
32999  39.755  -38.277  -6.588 0.6999999881
34020  39.441  -36.839  -6.821 0.6999999881
32127  40.833  -38.932  -6.391 0.6000000238
32128  40.024  -39.306  -6.017 0.6000000238
32104  39.989  -39.253  -5.001 0.6000000238
116426  40.128  -37.751  -4.611 0.5000000000
34890  38.247  -35.223  -7.505 0.8000000119
34001  40.197  -36.615  -4.140 0.4000000060
35685  38.036  -34.603  -9.231 0.8000000119
35697  38.455  -33.887  -10.555 0.8000000119
36539  38.371  -32.824  -12.686 0.6999999881
35705  38.461  -33.717  -11.873 0.8000000119
37330  37.665  -32.332  -13.044 0.8999999762
37326  38.008  -31.691  -12.610 0.8000000119
36540  36.924  -32.516  -12.958 0.8999999762
37327  37.419  -31.912  -12.518 1.0000000000
37322  37.123  -31.837  -11.623 1.0000000000
36537  35.867  -33.256  -11.669 1.0000000000
36529  36.391  -32.710  -11.041 1.0000000000
35707  35.189  -34.020  -11.356 1.0000000000
130109  36.349  -33.268  -9.904 1.0000000000
36530  35.771  -33.651  -10.625 1.0000000000
35686  35.769  -34.178  -9.560 1.0000000000
34924  35.183  -34.944  -9.439 1.0000000000
34067  32.012  -35.761  -10.266 1.0000000000
34066  32.868  -36.082  -9.145 1.0000000000
34049  33.563  -36.333  -8.182 1.0000000000
34893  34.712  -36.047  -7.216 1.0000000000
34037  34.027  -36.394  -7.285 1.0000000000
34033  40.311  -36.772  -7.177 0.6999999881
34034  39.706  -35.689  -7.047 0.6999999881
32126  41.400  -38.711  -6.719 0.5000000000
32998  40.669  -37.990  -7.009 0.6999999881
34879  38.852  -35.771  -6.934 0.6999999881
32115  40.746  -39.071  -5.875 0.6000000238
32983  41.197  -38.423  -5.649 0.5000000000
32103  40.453  -38.790  -5.221 0.5000000000
35666  38.735  -34.344  -7.782 0.8000000119
35684  38.520  -33.977  -8.622 0.8000000119
115055  38.561  -33.663  -9.527 0.8000000119
36535  38.629  -32.695  -11.717 0.8000000119
36528  38.852  -32.702  -10.553 0.8000000119
37325  38.309  -31.861  -12.476 0.6999999881
37321  37.856  -31.251  -12.058 0.8999999762
38095  38.251  -30.750  -11.397 0.8000000119
38086  38.864  -29.939  -10.079 0.8000000119
38075  38.781  -30.335  -8.719 0.8000000119
123412  37.581  -31.267  -11.277 0.8999999762
38087  38.436  -30.394  -10.628 0.8000000119
38076  38.160  -30.929  -9.265 0.8000000119
37316  37.746  -31.096  -10.442 0.8999999762
37317  37.004  -32.129  -10.358 0.8999999762
116810  36.735  -32.931  -9.217 1.0000000000
35698  35.172  -34.400  -10.353 1.0000000000
35687  35.726  -34.789  -8.420 1.0000000000
34038  33.213  -36.546  -7.407 1.0000000000
35652  36.342  -34.487  -6.575 1.0000000000
35668  35.846  -35.056  -7.179 1.0000000000
34880  35.219  -35.699  -6.665 1.0000000000
34023  34.369  -36.158  -6.346 1.0000000000
34032  41.004  -37.094  -7.455 0.6999999881
135033  40.662  -37.311  -7.246 0.6999999881
34889  40.528  -35.746  -7.470 0.6999999881
120048  40.009  -34.673  -7.398 0.6999999881
33009  41.624  -38.251  -7.268 0.6000000238
116315  39.168  -34.858  -7.208 0.6999999881
32114  41.500  -38.780  -6.283 0.5000000000
35665  39.477  -34.054  -7.750 0.6999999881
36501  39.074  -33.699  -8.260 0.8000000119
37315  39.376  -31.684  -10.652 0.6999999881
36515  39.060  -32.941  -9.238 0.6999999881
126354  38.804  -31.526  -11.697 0.6999999881
38100  38.504  -30.995  -11.922 0.6999999881
38940  39.912  -29.660  -9.800 0.8000000119
38927  39.663  -29.988  -8.488 0.8000000119
38941  39.341  -29.859  -9.400 0.8000000119
38928  39.178  -30.172  -8.317 0.8000000119
38061  38.807  -30.448  -7.480 0.8000000119
36516  37.343  -32.163  -8.999 1.0000000000
37302  37.695  -31.860  -8.051 0.8999999762
119834  38.239  -31.168  -7.616 0.8000000119
38048  38.022  -31.567  -6.359 0.8000000119
36517  36.798  -33.289  -8.201 1.0000000000
131070  36.338  -33.835  -8.806 1.0000000000
35667  36.356  -34.229  -7.697 1.0000000000
34024  33.517  -36.428  -6.609 1.0000000000
123729  32.837  -36.563  -6.822 1.0000000000
35653  35.790  -35.221  -6.082 1.0000000000
35638  35.505  -35.049  -5.173 1.0000000000
34865  35.032  -35.680  -5.708 1.0000000000
34881  33.630  -36.178  -5.980 1.0000000000
35639  34.671  -35.219  -4.989 1.0000000000
34905  41.341  -35.975  -8.020 0.6999999881
35664  40.283  -33.693  -8.029 0.6000000238
36514  40.743  -32.651  -8.902 0.6000000238
36500  39.764  -33.019  -8.589 0.6999999881
37301  39.718  -32.116  -9.596 0.6999999881
37314  40.025  -31.056  -10.512 0.6999999881
37320  39.371  -30.506  -11.211 0.6999999881
38093  39.871  -29.822  -10.986 0.6999999881
38955  39.607  -29.689  -10.502 0.8000000119
120282  39.712  -30.194  -7.366 0.8000000119
38916  39.482  -30.241  -6.493 0.8000000119
38047  38.467  -30.819  -6.675 0.8000000119
37287  37.641  -32.180  -6.966 0.8000000119
36503  36.751  -33.617  -7.071 1.0000000000
36488  37.184  -33.057  -6.480 1.0000000000
37273  37.562  -32.450  -5.903 0.6999999881
36473  37.070  -33.229  -5.464 1.0000000000
37260  37.340  -32.541  -4.893 0.8999999762
36489  36.762  -33.885  -6.004 1.0000000000
35637  36.216  -34.579  -5.545 1.0000000000
36455  36.163  -33.667  -4.301 1.0000000000
34882  32.052  -36.069  -5.885 1.0000000000
35625  35.858  -34.352  -4.702 1.0000000000
35626  35.091  -34.561  -4.501 1.0000000000
34866  34.131  -35.757  -5.557 1.0000000000
34867  33.120  -35.707  -5.602 1.0000000000
34008  32.895  -36.312  -6.193 1.0000000000
35683  40.934  -34.593  -8.102 0.6999999881
37300  40.373  -31.866  -9.536 0.6000000238
38074  40.620  -30.737  -10.165 0.6999999881
38085  40.132  -30.114  -10.960 0.6999999881
38092  40.053  -29.805  -10.976 0.6999999881
38939  40.442  -29.940  -9.944 0.8000000119
38926  40.305  -30.303  -7.916 0.6999999881
38915  40.071  -30.384  -6.690 0.6999999881
38905  39.376  -30.251  -5.531 0.6999999881
118399  38.811  -30.467  -5.202 0.6999999881
38020  37.617  -31.774  -4.331 0.8000000119
38019  38.204  -31.001  -4.779 0.6999999881
35624  36.540  -33.898  -5.052 1.0000000000
135247  36.421  -33.114  -3.948 1.0000000000
115947  32.331  -35.315  -5.489 1.0000000000
36456  35.448  -33.865  -4.113 1.0000000000
35641  32.895  -34.748  -5.241 1.0000000000
35627  34.282  -34.479  -4.554 1.0000000000
35682  41.825  -33.828  -9.201 0.6000000238
114485  41.071  -33.445  -8.662 0.6000000238
37312  42.164  -32.004  -9.674 0.6000000238
37299  41.353  -31.628  -9.582 0.6000000238
37313  41.285  -31.109  -9.653 0.6000000238
38938  40.996  -30.643  -9.683 0.6000000238
38925  40.780  -30.395  -8.987 0.6999999881
38046  40.756  -30.844  -6.888 0.6999999881
38033  40.467  -30.808  -5.834 0.6999999881
38904  39.854  -30.377  -5.852 0.6999999881
38018  40.136  -30.544  -4.745 0.6999999881
132220  39.299  -30.243  -4.569 0.6999999881
42495  44.524  -26.311  -5.699 0.3000000119
38001  37.956  -31.033  -3.822 0.6999999881
38894  38.656  -30.519  -4.231 0.6999999881
42496  44.025  -25.614  -6.028 0.3000000119
34894  29.202  -36.036  -7.158 0.8999999762
37247  36.952  -32.521  -3.906 1.0000000000
131297  30.362  -35.943  -6.212 1.0000000000
34868  31.475  -35.245  -5.607 1.0000000000
34883  31.088  -36.043  -6.027 1.0000000000
36442  35.129  -33.253  -3.673 1.0000000000
36458  33.994  -33.683  -4.320 1.0000000000
36457  34.732  -33.881  -4.096 1.0000000000
35640  33.756  -35.080  -5.039 1.0000000000
124676  33.429  -34.086  -4.794 1.0000000000
36527  42.693  -33.264  -10.067 0.6000000238
36513  41.918  -32.659  -9.620 0.6000000238
37311  42.649  -32.466  -9.783 0.6000000238
37298  42.745  -32.195  -9.282 0.6000000238
38058  42.201  -31.561  -8.869 0.6999999881
38073  41.635  -31.219  -9.420 0.6000000238
127735  41.703  -31.326  -8.118 0.6999999881
37270  46.649  -32.922  -5.958 0.3000000119
37256  45.968  -32.977  -5.391 0.3000000119
38060  41.118  -30.819  -7.993 0.6999999881
41543  45.007  -27.035  -5.231 0.3000000119
41537  44.902  -27.373  -4.248 0.4000000060
42490  44.563  -26.576  -4.653 0.4000000060
42485  44.174  -26.047  -4.045 0.4000000060
34895  28.532  -35.747  -7.286 0.6999999881
44547  42.141  -23.727  -5.675 0.3000000119
42491  44.118  -25.844  -5.110 0.3000000119
38882  38.403  -30.482  -3.309 0.6999999881
34884  29.106  -35.524  -6.693 0.8999999762
43521  43.686  -25.379  -4.562 0.3000000119
38002  37.281  -31.671  -3.432 0.8000000119
116774  29.847  -35.254  -6.148 0.8999999762
137272  42.559  -24.304  -5.595 0.3000000119
37219  35.976  -32.235  -2.961 1.0000000000
37231  34.856  -32.499  -3.373 1.0000000000
35642  32.100  -34.491  -5.398 1.0000000000
37248  34.406  -33.118  -3.846 1.0000000000
124517  33.664  -32.859  -4.371 1.0000000000
123400  33.123  -33.207  -4.926 1.0000000000
37261  33.144  -32.315  -5.068 1.0000000000
37286  42.696  -32.355  -8.074 0.6999999881
37272  42.603  -32.596  -6.724 0.6999999881
36486  45.618  -34.077  -6.141 0.3000000119
36470  45.355  -33.639  -5.613 0.4000000060
38044  42.135  -31.882  -7.543 0.6999999881
38045  41.483  -31.409  -7.103 0.6999999881
38032  41.257  -31.454  -5.993 0.6999999881
37257  45.145  -33.117  -5.046 0.4000000060
38017  41.088  -31.368  -4.938 0.6999999881
38030  45.760  -32.226  -4.860 0.3000000119
37243  44.880  -32.559  -4.507 0.5000000000
38000  41.061  -31.151  -3.968 0.6999999881
38014  45.283  -31.753  -4.286 0.5000000000
38880  40.517  -30.575  -3.420 0.6999999881
40653  45.345  -28.916  -3.916 0.4000000060
38856  44.072  -30.194  -2.611 0.6000000238
40654  44.863  -28.826  -3.254 0.5000000000
114780  39.773  -30.289  -3.892 0.6999999881
40661  45.173  -28.213  -3.979 0.3000000119
38881  39.149  -30.197  -3.658 0.6999999881
45430  42.772  -23.327  -1.527 0.4000000060
41516  44.218  -27.664  -2.538 0.4000000060
118869  27.688  -35.250  -7.362 0.6999999881
46299  42.976  -22.516  -2.895 0.4000000060
42484  44.475  -26.861  -3.645 0.4000000060
42467  44.051  -26.332  -2.905 0.4000000060
45468  42.374  -23.145  -4.758 0.3000000119
45451  43.289  -24.041  -3.109 0.3000000119
45452  42.986  -23.218  -3.619 0.4000000060
43512  43.808  -25.480  -3.479 0.4000000060
38883  37.637  -30.958  -2.947 0.6999999881
39767  38.499  -29.758  -2.055 0.6999999881
34885  28.453  -35.112  -6.867 0.6999999881
44496  43.332  -24.465  -2.150 0.4000000060
42448  43.618  -26.276  -1.894 0.4000000060
44534  42.742  -24.080  -4.596 0.3000000119
44533  43.419  -24.772  -3.961 0.3000000119
133615  43.440  -25.090  -2.082 0.4000000060
37984  36.864  -31.388  -2.702 0.8000000119
37985  36.131  -31.667  -2.600 0.8999999762
38004  35.373  -31.849  -2.865 1.0000000000
36474  32.625  -33.789  -5.212 1.0000000000
38022  33.588  -31.860  -4.483 1.0000000000
125627  34.135  -32.239  -3.793 1.0000000000
37262  32.445  -32.764  -5.503 1.0000000000
38036  33.247  -31.535  -5.170 1.0000000000
38037  32.717  -31.695  -5.758 1.0000000000
37297  43.255  -32.805  -8.567 0.6000000238
37285  43.171  -33.081  -7.208 0.6000000238
37271  43.230  -33.238  -5.883 0.6000000238
118163  44.211  -34.055  -6.707 0.5000000000
36471  44.290  -33.665  -5.611 0.6000000238
38031  41.960  -32.061  -6.316 0.6999999881
36453  44.424  -33.096  -4.855 0.4000000060
38016  41.868  -32.044  -5.223 0.6999999881
36472  43.745  -33.128  -4.959 0.6000000238
38015  44.523  -32.059  -3.968 0.6000000238
37999  41.914  -31.821  -4.159 0.6999999881
37996  44.943  -31.241  -3.736 0.6000000238
38878  44.520  -30.698  -3.200 0.6000000238
125240  41.678  -31.326  -3.335 0.6999999881
131127  41.415  -30.753  -2.607 0.6999999881
39784  44.754  -29.789  -3.120 0.5000000000
39762  44.256  -29.285  -2.559 0.6000000238
38857  43.238  -30.504  -2.359 0.6000000238
115491  40.604  -30.300  -2.549 0.6000000238
45417  40.975  -23.503  -0.360 0.4000000060
41529  44.648  -27.775  -3.270 0.4000000060
40638  44.298  -28.388  -2.564 0.4000000060
40639  43.705  -28.817  -1.995 0.5000000000
39764  42.711  -30.043  -1.812 0.6000000238
38860  39.820  -30.072  -2.945 0.6999999881
46275  42.268  -23.206  -0.819 0.4000000060
41517  43.802  -27.968  -1.978 0.5000000000
44516  43.169  -23.822  -2.133 0.4000000060
45416  41.835  -23.645  -0.485 0.5000000000
120779  43.856  -27.096  -2.112 0.4000000060
133365  43.378  -26.819  -1.438 0.4000000060
38861  38.896  -30.035  -2.775 0.6999999881
35655  28.997  -34.518  -6.382 0.8999999762
42449  43.115  -26.215  -1.120 0.4000000060
38863  37.114  -30.624  -2.194 0.6999999881
38862  38.029  -30.298  -2.506 0.6999999881
121268  43.123  -24.899  -1.437 0.4000000060
35654  30.006  -34.180  -5.867 0.8999999762
38865  35.660  -31.038  -2.354 0.8999999762
35643  30.784  -34.594  -5.675 0.8999999762
133489  31.423  -34.293  -5.534 1.0000000000
38005  34.565  -31.652  -3.265 1.0000000000
36475  31.854  -33.597  -5.521 1.0000000000
38021  33.960  -31.325  -3.861 1.0000000000
37263  31.564  -32.797  -5.820 1.0000000000
39803  33.479  -29.357  -5.434 0.8999999762
38917  33.345  -30.185  -5.477 1.0000000000
38907  33.127  -30.931  -5.621 1.0000000000
38918  32.662  -30.892  -6.255 1.0000000000
37274  32.012  -32.047  -6.100 1.0000000000
135086  33.039  -30.369  -6.098 1.0000000000
132252  32.133  -30.858  -6.803 0.8999999762
39813  33.187  -29.669  -6.182 1.0000000000
39814  32.643  -30.125  -6.768 0.8999999762
37258  43.105  -32.871  -5.038 0.6999999881
37246  42.611  -32.424  -4.664 0.6999999881
37245  43.367  -32.617  -4.428 0.6999999881
37228  42.866  -32.182  -3.881 0.6999999881
37227  43.710  -32.219  -3.826 0.6000000238
37998  43.298  -31.689  -3.301 0.6000000238
126213  42.438  -31.656  -3.333 0.6999999881
37983  42.873  -31.193  -2.772 0.6999999881
130141  42.144  -31.203  -2.818 0.6000000238
38858  42.384  -30.734  -2.273 0.6000000238
38845  41.857  -30.251  -1.785 0.6000000238
46277  40.603  -22.683  -0.494 0.3000000119
38879  43.724  -31.025  -2.863 0.6000000238
38859  41.061  -30.119  -1.913 0.6000000238
45418  39.884  -23.483  -0.515 0.4000000060
39741  42.979  -29.227  -1.525 0.6000000238
39742  42.149  -29.548  -1.319 0.6000000238
40615  42.381  -28.718  -1.010 0.5000000000
39765  40.255  -29.871  -2.040 0.6000000238
41494  42.616  -27.820  -0.885 0.4000000060
39743  39.886  -29.307  -1.574 0.6000000238
44483  40.978  -24.978  -0.338 0.5000000000
42418  42.348  -26.148  -0.537 0.4000000060
116565  42.847  -26.961  -0.872 0.4000000060
39744  39.012  -29.239  -1.677 0.6000000238
133503  41.666  -24.863  -0.378 0.5000000000
43479  42.836  -25.447  -0.931 0.4000000060
39745  38.061  -29.130  -1.618 0.6000000238
43457  42.236  -25.172  -0.514 0.4000000060
42419  41.371  -26.453  -0.365 0.4000000060
38864  36.168  -30.308  -1.918 0.8999999762
122041  36.886  -29.974  -1.818 0.8000000119
36491  29.303  -33.417  -6.139 0.8999999762
36490  30.175  -33.085  -5.950 0.8999999762
36476  30.939  -33.586  -5.689 0.8999999762
118754  34.318  -30.912  -3.330 1.0000000000
38896  33.537  -30.878  -4.737 1.0000000000
136273  32.246  -31.388  -6.335 0.8999999762
39822  32.965  -29.211  -6.942 1.0000000000
39823  32.394  -29.549  -7.528 1.0000000000
40689  33.233  -28.340  -7.143 1.0000000000
40690  32.744  -28.803  -7.721 0.8999999762
47182  41.622  -21.258  -1.254 0.3000000119
47168  40.197  -21.926  -0.641 0.3000000119
46279  39.100  -23.021  -0.812 0.3000000119
131272  41.447  -29.714  -1.435 0.6000000238
44485  39.422  -24.496  -0.591 0.5000000000
45419  39.029  -23.781  -0.743 0.4000000060
40595  41.770  -28.103  -0.628 0.5000000000
41468  42.046  -27.173  -0.482 0.5000000000
40596  41.009  -28.282  -0.667 0.5000000000
40617  40.376  -28.733  -0.984 0.5000000000
44484  40.445  -24.304  -0.381 0.5000000000
41469  41.020  -27.433  -0.485 0.5000000000
40597  40.428  -27.990  -0.681 0.5000000000
43460  40.105  -25.123  -0.425 0.5000000000
43459  40.701  -25.764  -0.378 0.5000000000
43458  41.575  -25.563  -0.353 0.5000000000
39746  37.101  -29.332  -1.625 0.6999999881
42422  38.622  -26.618  -0.907 0.5000000000
42421  39.490  -26.611  -0.678 0.5000000000
37986  34.893  -30.996  -2.763 0.8999999762
38884  34.398  -30.186  -3.078 0.8999999762
40672  33.662  -28.585  -5.310 0.8999999762
40663  33.698  -29.103  -4.711 0.8999999762
38895  33.909  -30.422  -3.863 0.8999999762
37275  31.253  -32.134  -6.272 0.8999999762
37264  30.870  -32.753  -5.961 0.8999999762
38049  31.670  -31.463  -6.600 0.8999999762
117706  33.408  -28.706  -6.203 0.8000000119
38919  31.429  -30.866  -7.140 0.8999999762
47183  40.677  -21.209  -0.874 0.3000000119
46291  39.232  -22.060  -0.890 0.3000000119
47185  38.418  -21.802  -1.366 0.3000000119
46292  38.435  -22.651  -1.204 0.3000000119
45431  38.335  -23.552  -1.106 0.4000000060
115524  40.740  -29.503  -1.419 0.6000000238
119883  38.719  -25.123  -0.789 0.5000000000
127174  37.976  -24.910  -1.101 0.4000000060
41495  39.722  -28.058  -0.891 0.5000000000
40618  39.449  -28.701  -1.275 0.5000000000
43480  38.111  -25.797  -1.003 0.5000000000
42420  40.392  -26.583  -0.482 0.5000000000
131205  38.726  -28.697  -1.410 0.5000000000
115889  38.340  -27.424  -1.116 0.5000000000
118808  38.137  -28.248  -1.318 0.5000000000
41496  37.475  -27.599  -1.292 0.5000000000
40619  37.267  -28.492  -1.427 0.5000000000
42450  37.686  -26.649  -1.179 0.5000000000
41497  36.542  -27.790  -1.490 0.6000000238
39747  36.344  -28.763  -1.601 0.6000000238
41518  35.183  -27.655  -2.380 0.6999999881
39771  35.136  -29.151  -2.260 0.6999999881
129667  35.166  -30.088  -2.317 0.6999999881
40641  34.825  -28.441  -2.591 0.6999999881
39785  34.560  -29.282  -2.837 0.8000000119
37276  30.432  -32.263  -6.284 0.8999999762
39793  33.975  -29.372  -3.800 0.8999999762
41545  33.675  -28.070  -5.799 0.6999999881
38062  30.757  -30.835  -7.339 0.8999999762
39824  31.713  -29.676  -8.022 0.8999999762
40699  33.055  -28.064  -7.986 1.0000000000
47186  37.738  -21.579  -1.849 0.3000000119
114278  37.754  -22.390  -1.636 0.4000000060
48089  37.694  -20.925  -2.095 0.3000000119
45432  37.561  -23.728  -1.483 0.4000000060
46300  37.133  -22.168  -2.195 0.3000000119
44500  37.274  -24.552  -1.511 0.4000000060
45433  36.966  -23.886  -1.789 0.4000000060
45439  36.497  -23.662  -2.283 0.4000000060
134389  37.502  -25.999  -1.228 0.4000000060
43482  36.640  -25.271  -1.720 0.4000000060
44517  36.535  -24.443  -1.978 0.4000000060
42451  36.860  -26.163  -1.451 0.4000000060
42452  36.217  -26.890  -1.664 0.5000000000
117485  36.932  -27.009  -1.372 0.5000000000
41519  34.620  -27.664  -3.057 0.6000000238
40655  34.306  -28.439  -3.400 0.8000000119
40662  33.940  -28.341  -4.443 0.6999999881
41552  33.634  -27.698  -6.499 0.6999999881
39828  32.182  -29.103  -8.212 0.8999999762
39829  31.600  -29.217  -8.561 0.8999999762
41573  32.876  -27.837  -8.793 0.8999999762
40701  31.908  -28.743  -8.872 0.8000000119
41585  33.220  -27.215  -9.124 0.6999999881
41595  33.060  -27.107  -9.856 0.8000000119
48100  37.256  -20.563  -2.568 0.3000000119
47194  37.184  -21.349  -2.421 0.3000000119
46301  36.465  -22.776  -2.654 0.3000000119
46306  36.099  -22.266  -3.343 0.4000000060
44518  36.016  -24.285  -2.610 0.4000000060
45440  35.989  -23.525  -2.940 0.4000000060
127779  35.587  -24.897  -3.003 0.5000000000
42468  35.897  -26.016  -1.980 0.5000000000
43513  35.221  -25.572  -3.303 0.5000000000
44536  35.175  -24.786  -3.910 0.5000000000
42486  35.351  -26.219  -2.628 0.5000000000
42487  34.854  -26.323  -3.455 0.5000000000
42470  34.989  -26.941  -2.841 0.5000000000
134067  34.601  -27.015  -3.511 0.6000000238
41530  34.290  -27.573  -3.917 0.6999999881
41538  34.073  -27.411  -4.859 0.6999999881
41544  33.908  -27.449  -5.701 0.6999999881
42504  34.188  -26.320  -6.444 0.6999999881
42505  33.877  -26.901  -6.954 0.6999999881
42514  34.101  -26.143  -7.298 0.6999999881
41572  33.358  -27.351  -8.300 0.8000000119
42523  34.024  -26.049  -8.194 0.6999999881
48099  37.957  -20.253  -2.139 0.3000000119
49087  36.707  -20.129  -3.222 0.3000000119
48108  36.286  -20.765  -3.543 0.4000000060
47195  36.682  -21.011  -2.985 0.3000000119
47199  36.201  -21.471  -3.451 0.4000000060
46307  35.658  -22.695  -3.871 0.4000000060
45453  35.614  -23.424  -3.643 0.4000000060
128984  35.230  -23.298  -4.445 0.3000000119
44548  35.308  -23.970  -4.009 0.5000000000
43514  34.806  -25.678  -4.157 0.6000000238
44549  34.917  -24.211  -4.707 0.3000000119
124427  34.739  -25.022  -4.758 0.5000000000
134659  34.676  -24.630  -5.149 0.4000000060
120177  34.431  -26.613  -4.352 0.6999999881
43522  34.495  -25.787  -5.049 0.6999999881
44557  34.553  -25.075  -5.553 0.6000000238
42497  34.222  -26.616  -5.519 0.6999999881
40671  33.825  -27.957  -5.226 0.6999999881
43525  34.412  -25.769  -5.909 0.6999999881
43535  34.361  -25.477  -6.702 0.6000000238
48109  35.839  -21.067  -4.046 0.3000000119
47200  35.747  -21.894  -3.977 0.3000000119
46322  35.350  -22.374  -4.568 0.3000000119
47203  35.464  -21.526  -4.662 0.3000000119
46337  35.076  -21.996  -5.297 0.3000000119
47217  34.844  -21.597  -6.039 0.3000000119
45469  34.824  -23.581  -5.139 0.3000000119
46338  34.694  -22.469  -5.987 0.4000000060
134713  34.460  -25.284  -6.115 0.5000000000
125828  34.621  -23.354  -5.843 0.5000000000
45479  34.501  -23.967  -6.500 0.5000000000
44573  34.447  -24.638  -7.151 0.6000000238
50088  37.127  -18.191  -4.047 0.4000000060
49111  36.237  -19.409  -4.327 0.3000000119
48115  36.089  -20.170  -4.071 0.3000000119
49112  35.741  -19.701  -4.991 0.3000000119
48116  35.583  -20.663  -4.767 0.3000000119
48127  35.345  -20.398  -5.571 0.3000000119
47216  35.227  -21.179  -5.386 0.3000000119
47230  35.048  -20.899  -6.024 0.3000000119
47231  34.779  -21.080  -6.701 0.3000000119
117002  34.505  -23.053  -6.719 0.4000000060
46353  34.549  -22.014  -6.926 0.4000000060
45488  34.486  -23.725  -7.455 0.4000000060
118331  34.460  -22.786  -7.644 0.4000000060
43544  34.302  -25.358  -7.711 0.6000000238
43557  33.840  -26.007  -9.946 0.6999999881
41596  32.521  -27.409  -10.530 0.8000000119
50089  36.710  -18.198  -4.591 0.4000000060
49116  36.222  -18.849  -4.823 0.3000000119
50097  35.789  -18.887  -5.758 0.3000000119
49117  35.439  -19.711  -5.853 0.3000000119
48149  35.063  -20.243  -6.449 0.3000000119
48150  34.743  -20.510  -7.270 0.4000000060
46361  34.467  -21.943  -7.935 0.4000000060
135595  34.466  -22.557  -8.397 0.4000000060
45493  34.496  -23.399  -8.450 0.4000000060
44579  34.455  -24.465  -8.269 0.5000000000
119680  34.503  -22.773  -9.113 0.4000000060
123964  34.247  -25.352  -8.681 0.6000000238
45499  34.542  -24.007  -9.034 0.4000000060
43556  34.173  -25.492  -9.465 0.6999999881
44586  34.460  -24.746  -9.437 0.4000000060
45513  34.764  -23.797  -10.541 0.4000000060
43567  34.254  -25.349  -10.266 0.6000000238
44596  34.625  -24.567  -10.648 0.5000000000
43568  33.773  -25.913  -10.900 0.6000000238
42542  33.273  -26.673  -10.526 0.6999999881
52080  37.288  -17.011  -4.777 0.3000000119
50096  36.352  -18.162  -5.331 0.3000000119
49136  35.336  -19.360  -6.550 0.3000000119
48167  34.955  -19.780  -7.207 0.3000000119
129341  34.610  -20.689  -7.907 0.4000000060
47254  34.518  -21.210  -8.296 0.3000000119
118810  34.517  -21.099  -8.966 0.3000000119
46369  34.467  -21.879  -8.861 0.3000000119
47258  34.535  -21.390  -9.595 0.3000000119
115531  34.616  -23.954  -9.804 0.4000000060
46377  34.546  -22.215  -9.755 0.3000000119
46380  34.707  -22.489  -10.623 0.3000000119
45506  34.639  -23.135  -9.995 0.3000000119
46386  34.964  -22.735  -11.396 0.3000000119
45517  34.965  -24.040  -11.423 0.3000000119
117681  35.232  -23.418  -11.897 0.4000000060
44599  34.817  -24.773  -11.912 0.5000000000
43573  34.287  -25.293  -11.314 0.5000000000
43574  33.711  -25.823  -11.878 0.5000000000
51086  36.514  -17.448  -5.678 0.3000000119
50110  36.112  -18.010  -6.152 0.3000000119
50111  35.623  -18.528  -6.733 0.3000000119
121221  35.237  -19.053  -7.355 0.3000000119
131487  34.932  -19.489  -7.801 0.3000000119
48184  34.628  -20.620  -9.475 0.3000000119
48191  34.633  -20.929  -10.157 0.3000000119
47271  34.825  -21.973  -11.310 0.3000000119
46385  35.306  -22.561  -12.327 0.3000000119
45520  35.319  -24.246  -12.697 0.4000000060
43579  34.322  -25.342  -12.394 0.5000000000
44605  34.974  -24.956  -13.064 0.5000000000
43580  33.661  -25.759  -12.768 0.5000000000
53005  36.854  -15.905  -6.104 0.3000000119
51098  35.915  -17.709  -6.957 0.3000000119
50128  35.532  -18.216  -7.703 0.3000000119
49148  35.099  -18.944  -8.151 0.3000000119
49162  34.783  -19.810  -9.275 0.3000000119
49168  34.796  -20.081  -10.306 0.3000000119
48197  34.761  -20.965  -11.088 0.3000000119
45516  35.543  -23.483  -12.893 0.4000000060
45519  35.915  -24.079  -13.842 0.4000000060
44611  35.083  -24.955  -14.094 0.4000000060
45532  35.476  -24.577  -15.032 0.4000000060
44606  34.322  -25.313  -13.324 0.5000000000
135385  34.233  -25.213  -13.871 0.4000000060
53004  37.299  -15.270  -5.579 0.3000000119
51112  35.902  -17.361  -7.700 0.3000000119
51128  35.681  -17.627  -8.428 0.3000000119
49157  34.979  -19.017  -8.972 0.3000000119
49161  34.984  -19.116  -9.889 0.3000000119
49167  35.043  -19.171  -10.929 0.3000000119
47270  35.061  -21.483  -12.105 0.3000000119
133420  35.005  -20.685  -11.981 0.3000000119
46389  35.940  -22.963  -13.791 0.4000000060
44610  35.956  -24.491  -14.618 0.3000000119
53018  36.885  -15.028  -6.351 0.3000000119
53019  36.562  -15.684  -6.860 0.3000000119
53027  36.412  -15.569  -7.648 0.3000000119
52119  36.349  -16.285  -7.334 0.3000000119
52124  35.982  -16.901  -8.310 0.3000000119
52142  35.783  -17.103  -9.139 0.3000000119
120596  35.995  -16.441  -9.526 0.3000000119
51146  35.505  -17.680  -9.783 0.3000000119
50151  35.287  -18.301  -10.441 0.3000000119
51152  35.568  -17.520  -10.578 0.3000000119
48190  34.967  -20.027  -11.452 0.3000000119
122651  36.579  -14.876  -7.148 0.3000000119
52123  36.236  -16.232  -8.055 0.3000000119
119759  36.437  -14.788  -8.000 0.3000000119
53035  36.315  -15.549  -8.487 0.3000000119
52141  36.113  -16.314  -8.830 0.3000000119
131742  35.467  -17.926  -10.967 0.3000000119
49173  35.294  -19.272  -12.038 0.3000000119
48196  35.231  -20.096  -12.514 0.3000000119
53918  36.591  -14.068  -7.462 0.3000000119
115017  36.471  -13.935  -8.350 0.3000000119
53050  36.244  -15.642  -9.459 0.3000000119
53927  36.380  -14.742  -8.927 0.4000000060
52154  36.068  -16.211  -10.187 0.3000000119
52161  35.884  -16.755  -10.927 0.3000000119
53937  36.389  -14.734  -9.890 0.4000000060
118126  36.449  -13.786  -9.403 0.4000000060
53066  36.310  -15.476  -10.392 0.4000000060
54904  36.495  -13.069  -8.640 0.3000000119
54929  36.527  -13.202  -10.192 0.4000000060
34940  33.778  -34.853  -11.738 1.0000000000
35708  34.493  -34.574  -11.113 1.0000000000
34941  33.293  -35.314  -12.093 0.8999999762
41560  33.483  -27.512  -7.443 0.6999999881
42524  33.648  -26.669  -8.662 0.8000000119
42535  33.518  -26.621  -9.525 0.8000000119
43549  33.929  -26.028  -9.068 0.6999999881
28053  35.486  -43.310  -3.347 0.6000000238
122692  34.485  -46.780  0.456 0.5000000000
126240  34.720  -46.712  1.060 0.5000000000
29642  35.083  -41.477  -2.674 0.6000000238
32195  37.993  -38.868  -12.569 0.8999999762
28844  34.910  -42.205  0.842 0.4000000060
30370  34.698  -41.014  -0.229 0.5000000000
27206  34.974  -44.513  1.374 0.4000000060
30439  36.674  -40.228  -7.159 0.6999999881
33040  38.181  -37.808  -11.180 0.8999999762
32129  38.147  -38.818  -6.319 0.6999999881
31182  35.222  -39.484  -0.628 0.5000000000
133897  35.313  -43.948  1.596 0.4000000060
32951  36.716  -37.653  -1.531 0.4000000060
35709  38.308  -33.713  -12.838 0.8000000119
34090  32.133  -36.059  -12.098 0.8000000119
32965  38.493  -37.195  -3.485 0.4000000060
33975  37.997  -36.618  -1.730 0.4000000060
34907  37.718  -35.356  -8.418 0.8000000119
35711  34.618  -34.428  -11.967 1.0000000000
38094  39.184  -30.081  -11.107 0.8000000119
38906  38.903  -30.389  -6.330 0.8000000119
36502  37.240  -32.740  -7.599 1.0000000000
36441  35.823  -33.238  -3.745 1.0000000000
37229  36.248  -32.685  -3.444 1.0000000000
38072  42.153  -31.764  -9.560 0.6000000238
38059  41.520  -30.924  -8.960 0.6999999881
39792  45.662  -29.498  -4.287 0.4000000060
34028  29.777  -36.046  -6.665 1.0000000000
34869  30.635  -35.385  -5.857 1.0000000000
124818  45.782  -30.257  -4.351 0.4000000060
38877  45.274  -30.268  -3.738 0.5000000000
45415  42.459  -23.878  -0.839 0.4000000060
44481  42.629  -24.653  -0.869 0.4000000060
40614  43.168  -28.357  -1.414 0.5000000000
40700  32.523  -28.469  -8.472 0.8000000119
133830  39.393  -25.302  -0.595 0.5000000000
41471  39.179  -27.360  -0.886 0.5000000000
39770  35.757  -29.414  -1.881 0.6999999881
137167  36.006  -28.165  -1.649 0.6000000238
42469  35.553  -26.815  -2.190 0.5000000000
43499  35.590  -25.548  -2.610 0.5000000000
42515  33.760  -26.764  -7.801 0.6999999881
49149  34.822  -19.623  -8.444 0.3000000119
28086  39.080  -43.226  -10.976 0.5000000000
28943  38.621  -42.179  -11.812 0.5000000000
26452  40.070  -45.843  -9.775 0.5000000000
28085  39.518  -44.150  -11.264 0.5000000000
125421  39.081  -45.209  -8.426 0.5000000000
27269  39.373  -45.045  -9.310 0.5000000000
131154  39.838  -44.964  -10.507 0.5000000000
27264  38.630  -44.913  -7.664 0.5000000000
27253  38.101  -45.155  -5.950 0.4000000060
27260  38.397  -44.969  -6.702 0.5000000000
26435  36.979  -45.070  -4.872 0.5000000000
27261  37.914  -44.272  -6.248 0.5000000000
33030  29.305  -37.343  -9.931 0.6999999881
32166  29.197  -38.021  -9.707 0.6999999881
33029  29.858  -37.066  -10.350 0.8000000119
34082  30.947  -36.378  -11.134 0.8000000119
34083  30.452  -36.724  -10.785 0.8000000119
34081  31.372  -35.903  -11.108 0.8999999762
34071  28.894  -36.992  -9.403 0.6999999881
34069  30.140  -36.580  -10.173 0.8999999762
34068  30.733  -36.247  -10.620 0.8999999762
119803  31.276  -36.024  -10.202 0.8999999762
120137  29.329  -36.517  -8.637 0.6000000238
34070  29.498  -36.799  -9.752 0.8000000119
34051  30.847  -36.328  -9.421 0.8999999762
131107  31.472  -36.477  -8.279 0.8999999762
34050  31.943  -36.305  -8.989 0.8999999762
122994  32.817  -36.449  -8.217 0.8999999762
136506  42.940  -34.259  -10.473 0.5000000000
35681  42.575  -34.324  -9.879 0.5000000000
135665  41.970  -36.105  -8.562 0.6000000238
117025  41.840  -35.039  -8.772 0.5000000000
34042  28.845  -36.251  -7.863 0.6000000238
34052  30.081  -36.520  -9.108 0.8999999762
118142  30.799  -36.471  -8.360 0.8999999762
34039  32.294  -36.585  -7.608 0.8999999762
36525  43.528  -33.422  -9.851 0.5000000000
37310  43.166  -32.767  -9.654 0.5000000000
35695  43.398  -33.981  -10.363 0.5000000000
36526  43.027  -33.062  -10.276 0.5000000000
35696  43.040  -33.804  -10.468 0.5000000000
115751  29.696  -36.288  -7.453 0.8999999762
34041  30.312  -36.443  -7.888 0.8999999762
34040  31.324  -36.537  -7.355 0.8999999762
34025  32.156  -36.509  -6.638 0.8999999762
36512  43.701  -33.361  -8.887 0.5000000000
36511  44.095  -33.846  -9.120 0.5000000000
36524  44.078  -34.146  -9.788 0.5000000000
34027  30.583  -36.343  -6.776 0.8999999762
34026  31.448  -36.378  -6.463 0.8999999762
35663  44.309  -34.151  -7.856 0.5000000000
36499  43.694  -33.568  -7.602 0.5000000000
35669  28.035  -34.402  -6.823 0.6000000238
36493  27.584  -33.540  -6.850 0.6000000238
36492  28.425  -33.559  -6.470 0.8000000119
37289  27.228  -32.674  -7.049 0.6999999881
38066  26.978  -31.760  -7.521 0.6999999881
37279  27.993  -32.758  -6.617 0.6999999881
37288  27.779  -31.992  -6.934 0.6999999881
124353  27.877  -31.314  -7.506 0.6999999881
38944  28.117  -30.781  -8.105 0.6999999881
37277  29.594  -32.494  -6.266 0.8000000119
38064  29.260  -31.312  -7.071 0.8000000119
114885  28.792  -30.357  -8.342 0.6999999881
38933  28.660  -30.997  -7.608 0.6999999881
38932  29.457  -30.710  -7.695 0.8000000119
38943  29.693  -30.129  -8.258 0.6999999881
38942  30.408  -29.996  -8.215 0.8000000119
39839  30.384  -29.113  -9.277 0.6000000238
38050  30.808  -31.485  -6.797 0.8000000119
38063  30.079  -31.085  -7.209 0.8000000119
40707  30.734  -28.636  -9.829 0.6000000238
40717  30.252  -28.294  -10.559 0.6000000238
131316  30.931  -29.557  -8.548 0.8000000119
40706  31.558  -28.465  -9.594 0.6000000238
40716  31.164  -28.215  -10.375 0.6000000238
38930  31.089  -30.253  -7.784 0.8000000119
41597  31.660  -27.818  -10.898 0.6000000238
39838  31.186  -28.946  -9.113 0.6999999881
41587  32.009  -27.992  -10.066 0.6000000238
42543  32.677  -27.032  -11.371 0.6999999881
41608  32.061  -27.446  -11.354 0.6000000238
42550  33.236  -26.455  -11.538 0.6000000238
40705  32.282  -28.202  -9.243 0.6999999881
41586  32.661  -27.612  -9.597 0.6999999881
26436  36.561  -45.573  -4.508 0.4000000060
26439  37.506  -45.081  -5.348 0.5000000000
27254  37.560  -44.297  -5.609 0.5000000000
27267  38.682  -44.485  -8.653 0.5000000000
35651  44.961  -34.415  -6.781 0.3000000119
26448  39.594  -45.830  -8.765 0.5000000000
34904  42.428  -35.523  -9.333 0.5000000000
38052  29.042  -31.943  -6.558 0.8000000119
38065  28.477  -31.576  -6.975 0.6999999881
38051  29.867  -31.729  -6.645 0.8000000119
39831  29.219  -29.753  -8.873 0.6999999881
39830  30.029  -29.610  -8.754 0.6999999881
115771  41.062  -36.363  -4.420 0.4000000060
33999  42.660  -36.443  -5.059 0.4000000060
32982  41.843  -37.959  -5.902 0.4000000060
32981  42.516  -37.313  -5.988 0.4000000060
32997  42.078  -38.675  -6.875 0.5000000000
34019  43.157  -37.388  -6.459 0.4000000060
34007  43.312  -36.680  -5.596 0.4000000060
33017  41.901  -37.314  -8.045 0.5000000000
119184  43.083  -38.606  -7.906 0.5000000000
115471  42.829  -38.247  -7.287 0.4000000060
129953  42.096  -38.393  -6.381 0.4000000060
32995  43.765  -37.556  -6.973 0.4000000060
33007  43.508  -38.364  -7.766 0.4000000060
32996  42.477  -38.169  -6.649 0.4000000060
33006  44.421  -37.735  -7.433 0.4000000060
34047  42.426  -36.675  -8.873 0.5000000000
33008  42.548  -38.269  -7.645 0.5000000000
32139  43.569  -38.626  -8.449 0.4000000060
32138  44.138  -38.433  -8.159 0.4000000060
31275  46.065  -39.778  -10.123 0.4000000060
32159  45.660  -39.236  -9.533 0.4000000060
130473  44.950  -37.921  -7.852 0.4000000060
32158  46.628  -39.078  -9.245 0.4000000060
32146  45.941  -38.579  -8.702 0.4000000060
33016  42.626  -37.755  -8.497 0.5000000000
32140  43.086  -38.529  -8.340 0.4000000060
32198  49.618  -38.659  -14.748 0.3000000119
31310  49.007  -39.567  -14.419 0.3000000119
32147  44.166  -38.789  -8.869 0.4000000060
31301  49.718  -40.029  -13.555 0.3000000119
30487  48.930  -40.520  -13.431 0.3000000119
30481  47.368  -41.143  -12.490 0.3000000119
30482  46.451  -40.905  -12.453 0.3000000119
125531  45.696  -40.269  -10.892 0.4000000060
31276  45.171  -39.576  -10.103 0.4000000060
31259  44.915  -39.000  -9.267 0.4000000060
30480  48.423  -41.288  -12.250 0.3000000119
117165  47.724  -41.157  -11.827 0.3000000119
31288  46.458  -40.510  -10.880 0.4000000060
34064  42.878  -36.125  -9.782 0.4000000060
33027  42.844  -37.085  -9.247 0.4000000060
32148  43.539  -38.602  -9.032 0.4000000060
33015  43.095  -37.930  -9.147 0.4000000060
33066  49.568  -37.881  -14.740 0.3000000119
33047  47.989  -37.751  -12.560 0.3000000119
32190  48.833  -38.640  -14.636 0.3000000119
31303  47.346  -39.945  -13.777 0.3000000119
32193  46.344  -39.607  -13.135 0.3000000119
31305  45.738  -39.720  -12.620 0.4000000060
31289  45.253  -39.866  -10.999 0.4000000060
31302  48.013  -40.238  -13.906 0.3000000119
30489  47.100  -40.644  -13.271 0.3000000119
130248  45.813  -40.490  -12.250 0.3000000119
33036  47.027  -37.617  -11.386 0.3000000119
34076  46.521  -37.042  -10.749 0.3000000119
135564  45.031  -37.221  -11.608 0.4000000060
34086  44.549  -36.969  -11.445 0.4000000060
33038  44.058  -37.023  -11.269 0.4000000060
135898  43.708  -37.214  -10.688 0.4000000060
33048  47.335  -38.034  -12.233 0.3000000119
33037  45.738  -37.581  -11.624 0.3000000119
33050  44.942  -37.828  -11.846 0.4000000060
33051  44.430  -37.739  -11.434 0.4000000060
32161  43.573  -37.952  -9.907 0.4000000060
33049  46.352  -38.238  -12.213 0.3000000119
32184  45.212  -38.879  -12.157 0.4000000060
128606  44.431  -38.590  -10.942 0.4000000060
32160  44.060  -38.741  -9.864 0.4000000060
32182  47.510  -38.544  -13.322 0.3000000119
127164  45.852  -38.933  -12.689 0.3000000119
31297  44.917  -39.181  -11.378 0.4000000060
31290  44.703  -39.272  -10.401 0.4000000060
35694  44.139  -34.611  -10.256 0.4000000060
34929  44.360  -35.358  -10.556 0.4000000060
35704  43.648  -34.797  -10.636 0.4000000060
34922  42.944  -35.031  -10.262 0.4000000060
34062  45.108  -36.068  -10.486 0.3000000119
34930  43.840  -35.625  -10.999 0.4000000060
34063  43.409  -35.757  -10.624 0.4000000060
34077  45.275  -36.744  -11.131 0.4000000060
115749  44.406  -36.172  -11.060 0.4000000060
34078  44.095  -36.387  -11.249 0.4000000060
33026  43.307  -36.908  -10.083 0.4000000060
132563  28.519  -29.852  -8.971 0.6000000238
38956  27.865  -30.264  -8.760 0.6000000238
40708  29.872  -28.724  -9.946 0.5000000000
39840  29.546  -29.241  -9.411 0.5000000000
41598  30.748  -27.858  -11.105 0.5000000000
41609  31.341  -27.465  -11.588 0.5000000000
42551  32.022  -27.102  -12.053 0.5000000000
42561  33.131  -26.296  -12.352 0.4000000060
50163  35.758  -18.618  -12.684 0.3000000119
50162  36.351  -18.072  -13.219 0.3000000119
50169  36.233  -18.863  -13.673 0.3000000119
118490  36.201  -16.027  -10.848 0.3000000119
52160  36.294  -16.212  -11.582 0.3000000119
51165  35.902  -17.785  -12.284 0.3000000119
51164  36.414  -17.236  -12.861 0.3000000119
51172  36.756  -17.507  -13.631 0.3000000119
50168  36.560  -18.305  -13.859 0.3000000119
51176  36.898  -17.696  -14.087 0.3000000119
53950  36.476  -14.755  -10.803 0.3000000119
53077  36.427  -15.478  -11.232 0.3000000119
53083  36.672  -15.608  -12.122 0.3000000119
52167  36.561  -16.426  -12.493 0.3000000119
52175  36.908  -16.681  -13.367 0.3000000119
53089  37.585  -15.340  -13.636 0.3000000119
52174  37.396  -16.109  -13.876 0.3000000119
52179  37.494  -16.276  -14.524 0.3000000119
52182  37.407  -16.384  -15.088 0.3000000119
126329  36.490  -13.995  -10.397 0.3000000119
53963  36.697  -14.809  -11.698 0.3000000119
53975  37.208  -14.935  -12.691 0.3000000119
132886  37.698  -14.674  -13.441 0.3000000119
53096  37.826  -15.543  -14.431 0.3000000119
53101  37.835  -15.761  -15.064 0.3000000119
55848  36.671  -12.762  -10.893 0.3000000119
54945  36.915  -13.294  -11.625 0.3000000119
53962  37.032  -14.110  -12.090 0.3000000119
54972  37.726  -13.287  -13.184 0.3000000119
54971  38.483  -13.501  -14.305 0.3000000119
53980  38.545  -14.340  -14.656 0.3000000119
54978  38.925  -13.926  -15.183 0.3000000119
56797  36.980  -11.626  -11.664 0.3000000119
116676  37.260  -12.128  -12.175 0.3000000119
55872  37.624  -12.349  -12.868 0.3000000119
56827  37.930  -11.815  -13.424 0.3000000119
135524  38.596  -12.877  -14.378 0.3000000119
116762  37.743  -11.076  -13.216 0.3000000119
57748  37.849  -10.502  -13.599 0.3000000119
122753  38.185  -11.260  -13.925 0.3000000119
57735  37.420  -10.387  -12.627 0.3000000119
58664  37.603  -9.643  -13.297 0.3000000119
119338  45.840  -37.956  -7.827 0.4000000060
114729  41.952  -36.230  -4.550 0.4000000060
33005  45.341  -37.540  -7.159 0.4000000060
34018  43.959  -36.847  -6.089 0.4000000060
123182  47.477  -39.101  -8.919 0.4000000060
32145  47.031  -38.589  -8.297 0.4000000060
136449  46.444  -38.248  -8.056 0.4000000060
32189  50.507  -38.688  -13.512 0.3000000119
31295  50.195  -40.375  -12.521 0.3000000119
30478  49.540  -40.745  -12.764 0.3000000119
30479  49.083  -41.221  -12.534 0.3000000119
30471  48.661  -41.124  -11.289 0.3000000119
31287  47.576  -40.636  -10.937 0.3000000119
31309  50.034  -39.266  -14.223 0.3000000119
34091  49.065  -37.226  -14.179 0.3000000119
33035  47.861  -37.353  -11.460 0.3000000119
34084  48.778  -36.731  -13.120 0.3000000119
35693  44.814  -35.034  -9.517 0.4000000060
34921  45.189  -35.628  -9.886 0.4000000060
34060  47.168  -36.560  -9.880 0.3000000119
35680  44.670  -34.527  -8.668 0.4000000060
38077  27.374  -30.934  -8.175 0.6000000238
55841  36.563  -12.387  -10.156 0.3000000119
57719  36.720  -11.113  -11.029 0.3000000119
57718  37.020  -10.793  -11.769 0.3000000119
58656  37.249  -9.269  -12.240 0.3000000119
128888  50.058  -37.352  -14.876 0.3000000119
32972  40.749  -37.522  -4.964 0.4000000060
136908  43.918  -38.838  -9.081 0.4000000060
32181  48.197  -38.224  -13.884 0.3000000119
133679  43.463  -35.032  -10.705 0.4000000060
121408  36.665  -14.056  -11.251 0.3000000119
53990  38.317  -14.964  -15.033 0.3000000119
55885  38.151  -12.657  -13.726 0.3000000119
56826  38.552  -12.189  -14.391 0.3000000119
59614  37.450  -8.685  -13.076 0.3000000119
33991  40.685  -35.946  -3.572 0.3000000119
134000  42.170  -35.949  -3.920 0.3000000119
31294  35.030  -39.756  -10.317 0.6000000238
31279  34.352  -39.230  -9.696 0.6999999881
33998  43.460  -36.343  -4.614 0.3000000119
28830  35.910  -42.912  1.961 0.3000000119
30343  36.193  -41.069  1.624 0.3000000119
31281  32.508  -38.829  -9.166 0.6999999881
33982  40.314  -35.745  -2.249 0.3000000119
127286  33.486  -39.006  -9.244 0.6999999881
33981  41.786  -35.959  -2.545 0.3000000119
33989  42.456  -36.065  -3.339 0.3000000119
130497  33.714  -38.561  -9.829 0.6999999881
33988  43.251  -36.313  -3.661 0.3000000119
32113  45.777  -38.213  -4.871 0.3000000119
122695  44.521  -37.114  -3.948 0.3000000119
33997  44.294  -36.666  -4.604 0.3000000119
32112  46.381  -38.478  -5.493 0.3000000119
32978  46.248  -37.786  -6.141 0.3000000119
32970  45.409  -37.420  -5.065 0.3000000119
31168  36.273  -39.621  0.751 0.3000000119
32937  37.752  -37.410  -0.582 0.4000000060
32164  31.823  -38.258  -10.015 0.6999999881
33973  40.609  -36.161  -1.530 0.3000000119
33962  38.708  -36.542  -1.274 0.3000000119
32163  32.857  -38.392  -9.873 0.6999999881
33980  42.557  -36.353  -2.542 0.3000000119
32964  43.671  -36.749  -3.200 0.3000000119
32102  44.892  -37.993  -3.778 0.3000000119
32980  44.702  -36.816  -5.459 0.3000000119
123440  46.491  -39.404  -5.172 0.3000000119
32048  36.957  -38.846  0.491 0.4000000060
32165  30.801  -38.158  -10.125 0.6999999881
32935  39.655  -37.325  -0.416 0.3000000119
32936  38.697  -37.181  -0.543 0.3000000119
33971  42.288  -36.626  -1.886 0.3000000119
33960  40.143  -36.702  -0.884 0.3000000119
32177  31.183  -37.585  -10.804 0.6999999881
32956  43.579  -37.204  -2.584 0.3000000119
32176  32.173  -37.771  -10.725 0.6999999881
32136  46.832  -38.205  -7.378 0.3000000119
32993  45.649  -37.414  -6.372 0.3000000119
32124  47.432  -38.833  -6.770 0.3000000119
32135  47.516  -38.732  -7.542 0.3000000119
32948  41.024  -36.885  -0.995 0.3000000119
33044  30.895  -36.861  -11.194 0.6999999881
32074  43.243  -38.489  -1.502 0.3000000119
32946  42.702  -37.501  -1.573 0.3000000119
33043  31.614  -37.077  -11.399 0.6999999881
31248  47.996  -39.341  -7.329 0.3000000119
32933  41.407  -37.773  -0.638 0.3000000119
31258  47.906  -39.111  -8.174 0.3000000119
35678  46.593  -35.258  -8.024 0.3000000119
29715  35.755  -41.169  -11.178 0.5000000000
30467  34.121  -40.797  -8.951 0.6999999881
30477  35.091  -40.694  -10.417 0.6000000238
29712  34.599  -41.215  -9.716 0.6000000238
31263  32.139  -39.342  -8.470 0.6999999881
31282  31.505  -38.753  -9.246 0.6999999881
30349  36.564  -40.197  1.447 0.3000000119
31283  30.541  -38.722  -9.297 0.6999999881
32047  37.946  -38.506  0.580 0.4000000060
120498  29.944  -38.113  -10.018 0.6999999881
32065  38.295  -37.886  0.027 0.4000000060
32179  29.704  -37.571  -10.192 0.6999999881
32063  40.018  -38.002  -0.034 0.3000000119
128619  39.565  -38.204  0.451 0.3000000119
32045  40.228  -38.266  0.589 0.3000000119
34848  40.925  -35.711  -2.813 0.3000000119
32178  30.330  -37.393  -10.594 0.6999999881
30466  34.556  -40.248  -9.622 0.6000000238
134104  41.769  -38.254  -0.328 0.3000000119
32046  38.860  -38.353  0.658 0.3000000119
129245  39.434  -44.324  -11.934 0.5000000000
118159  38.289  -43.061  -12.328 0.5000000000
28090  39.146  -43.499  -11.920 0.4000000060
27276  32.351  -44.982  -10.128 0.4000000060
25651  30.244  -46.118  -9.893 0.5000000000
28944  38.402  -42.230  -12.094 0.4000000060
28093  38.776  -42.844  -12.075 0.5000000000
28945  37.589  -42.340  -12.086 0.5000000000
24931  28.876  -46.834  -9.748 0.4000000060
24932  28.327  -47.336  -9.474 0.4000000060
26453  31.530  -45.277  -9.788 0.5000000000
30486  36.645  -40.813  -11.691 0.4000000060
24925  29.091  -46.960  -8.800 0.4000000060
24104  27.493  -47.781  -9.132 0.4000000060
25647  30.168  -45.979  -9.163 0.4000000060
26451  30.799  -45.584  -9.478 0.5000000000
27271  32.879  -44.209  -9.707 0.5000000000
28087  33.601  -43.469  -9.496 0.4000000060
29716  35.046  -41.625  -10.520 0.5000000000
28937  34.564  -42.152  -9.846 0.4000000060
28938  34.006  -42.656  -9.259 0.4000000060
24926  28.532  -47.546  -8.484 0.4000000060
24905  28.506  -48.115  -5.592 0.4000000060
25643  30.361  -46.110  -8.025 0.4000000060
26440  29.032  -45.696  -5.923 0.4000000060
26450  31.414  -44.978  -8.985 0.5000000000
122278  30.781  -45.488  -8.569 0.4000000060
27256  29.772  -44.859  -5.920 0.4000000060
135236  31.910  -44.580  -8.934 0.5000000000
28904  29.753  -43.231  -5.883 0.4000000060
28067  29.378  -44.041  -5.893 0.4000000060
27268  32.406  -44.147  -8.812 0.5000000000
28083  32.796  -43.428  -8.330 0.5000000000
28916  29.525  -42.563  -5.993 0.4000000060
28073  28.488  -42.715  -6.325 0.4000000060
28088  33.013  -43.662  -9.031 0.5000000000
28082  33.383  -43.045  -8.754 0.6000000238
29713  34.137  -41.748  -9.072 0.5000000000
24913  28.981  -48.108  -6.465 0.4000000060
24904  29.085  -47.473  -6.011 0.4000000060
24918  29.276  -47.392  -7.715 0.4000000060
26445  29.931  -45.803  -6.178 0.4000000060
26447  31.333  -44.992  -7.922 0.5000000000
129088  31.868  -44.499  -8.302 0.5000000000
27255  30.254  -43.653  -5.894 0.4000000060
28934  33.018  -42.682  -8.077 0.5000000000
29680  29.171  -41.863  -6.284 0.4000000060
28933  33.564  -42.242  -8.537 0.6000000238
128685  30.819  -45.542  -7.448 0.4000000060
25641  29.736  -46.782  -6.446 0.4000000060
25640  30.347  -46.148  -6.933 0.4000000060
27263  30.621  -44.317  -6.098 0.4000000060
28079  32.503  -43.084  -7.592 0.5000000000
28072  31.062  -43.500  -6.213 0.4000000060
29679  30.143  -41.877  -6.090 0.4000000060
31280  33.942  -39.837  -8.966 0.6000000238
29704  33.572  -41.342  -8.390 0.6000000238
29705  33.050  -41.861  -7.878 0.6000000238
24098  28.086  -48.158  -8.004 0.4000000060
24912  29.463  -47.503  -6.839 0.4000000060
26444  30.603  -45.505  -6.645 0.4000000060
123358  30.450  -45.068  -6.242 0.4000000060
27265  31.683  -44.336  -7.376 0.5000000000
27262  31.317  -44.110  -6.627 0.5000000000
28080  31.864  -43.471  -6.934 0.5000000000
28914  31.417  -42.676  -6.420 0.5000000000
28926  32.627  -42.348  -7.548 0.5000000000
28927  32.109  -42.504  -7.028 0.5000000000
28915  30.486  -42.755  -5.961 0.4000000060
29693  29.833  -41.183  -6.607 0.4000000060
30453  33.429  -40.399  -8.371 0.6000000238
29691  32.299  -41.579  -7.308 0.6000000238
29678  30.931  -42.063  -6.249 0.5000000000
124225  32.890  -40.948  -7.814 0.6000000238
118779  31.489  -41.030  -7.059 0.6000000238
127178  31.555  -41.852  -6.715 0.5000000000
30454  32.628  -40.039  -7.952 0.6000000238
31262  33.076  -39.526  -8.598 0.6000000238
32151  28.735  -38.808  -9.016 0.5000000000
31284  29.642  -38.723  -9.240 0.6000000238
31266  29.372  -39.396  -8.544 0.5000000000
31265  30.264  -39.314  -8.540 0.6000000238
31251  29.944  -39.912  -7.856 0.5000000000
30442  29.456  -40.553  -7.281 0.5000000000
30440  32.113  -40.590  -7.474 0.6000000238
29692  30.793  -41.390  -6.591 0.5000000000
32167  28.457  -38.042  -9.315 0.5000000000
31250  30.875  -39.834  -7.821 0.6000000238
30441  30.557  -40.552  -7.174 0.5000000000
31264  31.194  -39.290  -8.494 0.6000000238
28095  37.188  -43.112  -12.065 0.4000000060
28940  35.667  -42.048  -11.188 0.4000000060
118286  36.721  -40.152  -11.844 0.5000000000
29719  36.764  -41.640  -11.722 0.4000000060
30455  31.755  -39.843  -7.830 0.6000000238
28089  39.137  -44.090  -12.233 0.5000000000
28094  37.711  -43.776  -12.250 0.5000000000
117669  38.633  -43.895  -12.359 0.5000000000
27272  32.041  -44.687  -9.443 0.5000000000
25648  29.668  -46.456  -8.813 0.4000000060
129992  28.912  -43.335  -6.052 0.4000000060
25644  29.868  -46.841  -7.536 0.4000000060
27266  31.063  -44.876  -6.809 0.4000000060
128492  31.378  -40.349  -7.432 0.6000000238
25635  28.811  -46.613  -5.829 0.3000000119
28074  28.050  -44.175  -6.111 0.3000000119
27257  28.284  -45.107  -6.054 0.3000000119
134949  27.874  -43.535  -6.319 0.3000000119
27258  26.886  -44.966  -6.299 0.3000000119
22333  34.992  -50.208  0.959 0.5000000000
24013  34.444  -49.245  0.214 0.5000000000
24823  35.018  -47.353  1.362 0.5000000000
24841  34.604  -47.492  0.781 0.5000000000
24853  34.382  -47.340  -0.065 0.5000000000
24919  28.979  -47.980  -7.342 0.4000000060
25577  34.923  -45.993  1.306 0.4000000060
25615  34.771  -46.380  -2.251 0.6000000238
26402  34.416  -45.045  0.281 0.5000000000
26409  34.402  -45.537  -0.404 0.5000000000
26414  34.513  -45.554  -1.316 0.5000000000
26423  34.707  -45.700  -2.079 0.6000000238
26449  39.183  -45.770  -7.922 0.5000000000
26454  31.034  -45.904  -10.104 0.5000000000
27224  34.296  -44.288  -0.106 0.5000000000
27244  35.248  -44.071  -3.094 0.6000000238
28011  35.348  -43.282  1.567 0.4000000060
28012  34.940  -42.935  1.148 0.4000000060
28021  34.557  -43.015  0.572 0.5000000000
28077  38.165  -44.108  -7.973 0.5000000000
28084  32.263  -43.867  -7.839 0.5000000000
28852  34.416  -42.326  0.029 0.4000000060
28896  36.422  -42.417  -4.242 0.6999999881
28931  38.339  -43.061  -9.770 0.6000000238
28939  38.862  -42.581  -11.629 0.4000000060
29597  35.600  -41.766  1.384 0.4000000060
29614  35.197  -41.478  0.778 0.4000000060
29635  34.436  -41.656  -1.366 0.6000000238
29643  34.675  -41.729  -2.094 0.6000000238
29689  36.838  -41.619  -8.225 0.6999999881
30368  35.839  -40.421  0.954 0.4000000060
30381  34.866  -40.314  -0.378 0.5000000000
30393  34.774  -40.092  -1.265 0.5000000000
30451  37.025  -40.072  -8.930 0.8000000119
30472  46.816  -41.033  -11.743 0.3000000119
30473  46.002  -40.830  -11.635 0.4000000060
30474  38.759  -39.833  -11.769 0.8000000119
30485  37.601  -40.525  -12.149 0.6000000238
30488  48.120  -40.938  -13.015 0.3000000119
31167  37.076  -39.529  1.239 0.3000000119
31181  35.911  -38.970  -0.052 0.5000000000
31211  37.429  -40.005  -4.158 0.5000000000
31240  47.054  -39.281  -5.859 0.3000000119
31243  37.591  -40.116  -6.112 0.6999999881
31274  47.302  -39.746  -9.880 0.4000000060
31277  44.451  -39.027  -9.557 0.4000000060
31296  45.399  -39.810  -11.865 0.4000000060
31298  38.668  -39.399  -12.077 0.8999999762
31304  46.288  -40.332  -12.953 0.3000000119
31306  38.386  -39.425  -12.404 0.8999999762
32064  39.183  -37.851  0.030 0.4000000060
32066  37.364  -38.059  -0.058 0.4000000060
32068  35.639  -38.744  -0.863 0.5000000000
32075  42.346  -38.159  -0.907 0.3000000119
32076  36.216  -38.180  -1.882 0.4000000060
32094  37.840  -38.639  -3.777 0.4000000060
32125  46.767  -38.298  -6.380 0.3000000119
32137  44.946  -38.434  -8.499 0.4000000060
32170  43.995  -37.893  -10.734 0.4000000060
32171  38.531  -38.700  -11.574 0.8000000119
32183  46.701  -38.792  -12.975 0.3000000119
32185  44.743  -38.420  -11.657 0.4000000060
32191  47.890  -39.263  -14.336 0.3000000119
32192  47.065  -39.448  -13.610 0.3000000119
32196  37.421  -38.257  -12.663 0.8999999762
32197  50.161  -38.546  -14.477 0.3000000119
32934  40.527  -37.543  -0.484 0.3000000119
32945  43.298  -37.662  -2.005 0.3000000119
32947  41.873  -37.222  -1.255 0.3000000119
32949  38.065  -36.870  -1.037 0.3000000119
32950  37.395  -37.152  -1.367 0.4000000060
32955  44.209  -37.451  -3.196 0.3000000119
32957  42.987  -36.903  -2.180 0.3000000119
32959  37.344  -37.373  -2.595 0.4000000060
32971  44.914  -37.264  -4.512 0.3000000119
32979  45.868  -37.657  -5.602 0.3000000119
32994  44.762  -37.149  -6.521 0.4000000060
33004  46.191  -37.695  -6.892 0.3000000119
33010  36.800  -37.988  -7.601 0.8000000119
33046  48.487  -37.475  -13.283 0.3000000119
33060  48.813  -37.889  -14.328 0.3000000119
33065  49.993  -38.103  -14.848 0.3000000119
33961  39.362  -36.703  -0.866 0.3000000119
33972  41.467  -36.338  -1.667 0.3000000119
33974  39.596  -36.140  -1.572 0.3000000119
33976  37.509  -36.959  -2.072 0.4000000060
33979  43.132  -36.500  -2.878 0.3000000119
33987  43.974  -36.640  -3.827 0.3000000119
33990  41.580  -35.876  -3.599 0.3000000119
33992  39.648  -36.243  -3.423 0.4000000060
34000  41.438  -37.069  -5.240 0.4000000060
34006  43.942  -36.568  -5.306 0.3000000119
34061  46.095  -36.462  -10.174 0.3000000119
34079  43.778  -36.407  -11.000 0.4000000060
34092  36.852  -36.722  -13.023 0.8999999762
34849  40.205  -35.758  -2.980 0.4000000060
34906  38.135  -34.666  -8.264 0.8000000119
34931  43.252  -34.409  -10.578 0.5000000000
34938  38.143  -34.451  -12.947 0.8000000119
35710  35.431  -33.790  -12.231 1.0000000000
36454  36.764  -33.206  -4.563 1.0000000000
36469  46.049  -33.530  -5.812 0.3000000119
36487  43.651  -33.628  -6.563 0.6000000238
36536  36.589  -32.461  -12.109 1.0000000000
36542  38.140  -33.040  -13.177 0.8000000119
36543  37.851  -32.952  -13.314 0.8999999762
36544  37.254  -32.979  -13.328 0.8999999762
36545  36.580  -33.117  -13.149 1.0000000000
37230  35.557  -32.631  -3.312 1.0000000000
37244  44.096  -32.693  -4.371 0.6000000238
37259  42.554  -32.601  -5.585 0.6999999881
37278  28.770  -32.708  -6.368 0.8000000119
37997  44.147  -31.553  -3.405 0.6000000238
38003  36.588  -32.068  -3.134 1.0000000000
38013  45.849  -31.395  -4.624 0.3000000119
38034  38.367  -30.920  -5.768 0.6999999881
38035  37.854  -31.722  -5.333 0.6999999881
38893  45.584  -30.936  -4.212 0.4000000060
38929  31.949  -30.270  -7.402 0.8999999762
38931  30.251  -30.480  -7.736 0.8000000119
38953  40.366  -30.226  -10.441 0.6999999881
38954  40.051  -29.737  -10.685 0.6999999881
38963  39.861  -29.744  -10.972 0.8000000119
39763  43.521  -29.683  -2.111 0.5000000000
39766  39.404  -29.729  -2.136 0.6999999881
39768  37.620  -29.904  -1.929 0.6999999881
39769  36.434  -29.571  -1.730 0.6000000238
39783  45.216  -29.452  -3.640 0.4000000060
39794  33.631  -29.885  -4.658 0.8999999762
40616  41.419  -29.009  -0.928 0.5000000000
40640  35.527  -28.468  -1.951 0.6000000238
41470  40.026  -27.346  -0.653 0.5000000000
41493  43.314  -27.509  -1.407 0.4000000060
41498  35.792  -27.626  -1.830 0.6000000238
41551  33.995  -26.996  -6.236 0.6999999881
42466  44.306  -27.131  -2.861 0.4000000060
43461  39.006  -25.887  -0.731 0.5000000000
43478  43.338  -25.591  -1.599 0.4000000060
43481  37.385  -25.439  -1.331 0.4000000060
43498  43.661  -25.608  -2.466 0.4000000060
43524  43.514  -25.235  -5.600 0.3000000119
44482  42.084  -24.392  -0.483 0.4000000060
44497  42.931  -24.168  -1.439 0.4000000060
44498  38.544  -24.348  -0.888 0.4000000060
44499  37.928  -24.220  -1.211 0.4000000060
44535  35.593  -24.142  -3.338 0.4000000060
44546  43.051  -24.815  -5.107 0.3000000119
44566  34.483  -24.784  -6.269 0.6000000238
44604  35.516  -24.621  -13.730 0.4000000060
45438  43.091  -23.220  -2.532 0.4000000060
46278  39.788  -22.621  -0.622 0.3000000119
46289  42.338  -22.581  -1.199 0.4000000060
46293  37.124  -23.087  -1.873 0.4000000060
46302  35.959  -22.934  -3.288 0.4000000060
46323  34.925  -22.839  -5.195 0.3000000119
47167  41.137  -21.933  -0.679 0.3000000119
47247  34.589  -21.239  -7.506 0.4000000060
47264  34.628  -21.654  -10.408 0.3000000119
48088  38.400  -20.892  -1.598 0.3000000119
48168  34.726  -20.081  -7.867 0.4000000060
48178  34.632  -20.444  -8.603 0.3000000119
50073  36.693  -18.822  -4.012 0.3000000119
50139  35.342  -18.338  -8.637 0.3000000119
50145  35.258  -18.381  -9.466 0.3000000119
51072  37.218  -17.650  -4.386 0.4000000060
51097  36.311  -17.220  -6.396 0.3000000119
51111  36.197  -16.972  -7.119 0.3000000119
51158  36.080  -16.982  -11.925 0.3000000119
51171  37.206  -16.930  -14.028 0.3000000119
52099  36.670  -16.701  -5.884 0.3000000119
52112  36.488  -16.463  -6.616 0.3000000119
52155  35.740  -16.931  -10.020 0.3000000119
52183  36.706  -16.566  -15.372 0.3000000119
53090  37.100  -15.864  -13.038 0.3000000119
53981  38.084  -14.860  -14.185 0.3000000119
54960  37.290  -13.517  -12.405 0.3000000119
55897  39.041  -13.175  -15.242 0.3000000119
56788  36.694  -11.883  -10.850 0.3000000119
56812  37.430  -11.445  -12.522 0.3000000119
57760  38.274  -10.698  -14.310 0.3000000119
57761  38.023  -9.944  -14.219 0.3000000119
113585  41.014  -35.815  -2.154 0.3000000119
114728  39.016  -21.282  -1.123 0.4000000060
115548  42.663  -36.109  -4.191 0.3000000119
116003  38.930  -28.084  -1.161 0.5000000000
116226  37.491  -14.105  -12.921 0.3000000119
116399  37.827  -35.896  -12.902 0.8999999762
117117  34.998  -40.060  -2.046 0.4000000060
117263  38.698  -36.239  -2.143 0.4000000060
117380  36.617  -21.838  -2.835 0.4000000060
117762  40.193  -29.968  -9.105 0.8000000119
118408  45.786  -36.012  -9.728 0.4000000060
119124  39.750  -38.561  -4.645 0.5000000000
120095  38.043  -14.138  -13.769 0.3000000119
121290  29.222  -46.624  -9.341 0.4000000060
121390  34.375  -48.240  -0.063 0.5000000000
122185  39.255  -30.247  -7.395 0.8000000119
122477  40.168  -36.084  -3.519 0.3000000119
122508  38.483  -39.940  -10.936 0.6999999881
123241  34.810  -43.680  1.092 0.4000000060
124332  44.873  -34.077  -6.097 0.4000000060
124986  34.613  -24.226  -5.587 0.4000000060
125149  42.065  -36.836  -5.394 0.4000000060
125215  37.298  -12.825  -12.289 0.3000000119
125301  43.561  -24.893  -2.880 0.4000000060
125500  45.327  -37.167  -5.821 0.3000000119
125692  32.727  -26.760  -12.038 0.5000000000
125978  36.952  -12.414  -11.585 0.3000000119
126496  34.619  -44.928  -1.831 0.6999999881
127035  34.903  -47.954  1.197 0.5000000000
127159  34.279  -43.933  -0.826 0.5000000000
127334  34.997  -42.865  -2.648 0.6999999881
127875  36.371  -31.060  -2.250 0.8999999762
127884  41.353  -24.268  -0.352 0.5000000000
128036  36.034  -25.073  -2.284 0.5000000000
128643  34.859  -23.267  -10.958 0.3000000119
129320  28.398  -32.174  -6.633 0.6999999881
129571  34.549  -23.453  -9.268 0.4000000060
129631  50.316  -39.563  -13.302 0.3000000119
130592  46.752  -40.072  -13.478 0.3000000119
130940  30.295  -34.856  -5.831 1.0000000000
131119  35.878  -42.277  1.839 0.3000000119
131513  36.611  -13.452  -10.878 0.3000000119
131859  39.825  -25.879  -0.522 0.5000000000
132664  31.871  -35.878  -11.701 0.8000000119
132969  33.537  -33.466  -4.591 1.0000000000
133006  45.329  -37.925  -4.430 0.3000000119
133860  37.095  -37.320  -1.984 0.4000000060
133927  37.824  -23.082  -1.451 0.4000000060
134340  40.922  -38.221  -0.055 0.3000000119
134662  35.597  -26.359  -2.248 0.5000000000
135083  41.154  -30.968  -3.331 0.6999999881
136189  45.517  -38.301  -12.179 0.4000000060
136361  42.686  -32.685  -9.899 0.6000000238
136683  30.053  -44.191  -5.856 0.4000000060
136708  45.624  -40.375  -11.528 0.4000000060
136820  35.530  -17.838  -9.091 0.3000000119
136987  36.147  -16.756  -7.706 0.3000000119
137327  38.890  -43.446  -12.291 0.5000000000
137339  35.998  -38.488  -0.538 0.5000000000
