#!ascii label  , from subject sub-v2s17x50031_ses-1 vox2ras=TkReg
1511
4587  18.106  -75.360  -7.976 0.6999999881
4087  18.229  -76.153  -7.533 0.8000000119
4079  18.128  -76.472  -6.506 0.8000000119
4064  17.958  -76.720  -5.675 0.6999999881
3649  17.669  -76.886  -9.011 0.6000000238
3641  17.981  -76.665  -8.099 0.6000000238
124096  18.035  -77.194  -6.056 0.6000000238
133984  17.658  -77.227  -9.871 0.6000000238
4574  17.062  -75.423  -6.361 0.8000000119
4556  17.735  -76.019  -5.779 0.6999999881
4557  17.109  -75.928  -4.804 0.6999999881
4055  17.261  -76.325  -3.829 0.6999999881
4093  18.188  -75.938  -8.720 0.6000000238
4054  17.632  -76.571  -4.869 0.6999999881
3668  18.006  -77.465  -10.411 0.6000000238
3667  18.511  -77.720  -10.761 0.6000000238
3234  17.483  -78.082  -9.711 0.6000000238
2785  19.055  -79.582  -10.460 0.6000000238
2778  18.411  -79.109  -9.990 0.6000000238
4575  16.140  -75.170  -5.875 0.8000000119
5077  15.556  -74.748  -5.280 0.8000000119
4558  16.368  -75.321  -4.922 0.6999999881
4546  16.043  -74.664  -4.041 0.6999999881
5047  16.384  -74.965  -2.162 0.6999999881
5093  16.107  -74.950  -6.848 0.8000000119
5061  16.626  -75.084  -2.986 0.6999999881
4588  17.326  -75.033  -7.407 0.6999999881
133482  16.875  -75.600  -5.537 0.8000000119
4545  16.769  -75.511  -3.948 0.6999999881
5110  17.404  -74.770  -8.499 0.6999999881
121496  17.864  -76.406  -9.693 0.6999999881
4118  18.323  -76.950  -10.849 0.6000000238
4107  17.968  -76.571  -10.512 0.6000000238
3239  18.828  -78.582  -10.562 0.6000000238
3233  18.124  -78.218  -10.260 0.6000000238
114761  19.608  -79.920  -10.775 0.6000000238
1666  19.307  -82.013  -10.387 0.6999999881
1667  18.571  -82.228  -10.355 0.6000000238
127183  19.178  -82.208  -9.067 0.5000000000
128222  18.677  -82.573  -9.455 0.6000000238
1658  18.537  -82.728  -8.628 0.5000000000
5094  15.284  -74.660  -6.281 0.8999999762
5650  15.165  -73.770  -3.843 0.6999999881
114144  15.197  -74.339  -8.313 0.6999999881
5062  15.989  -74.226  -2.662 0.6999999881
5123  16.106  -74.382  -9.176 0.8000000119
5111  16.233  -74.605  -7.934 0.8000000119
5141  16.350  -74.449  -10.415 0.8000000119
5154  17.266  -74.837  -11.281 0.6999999881
5122  17.349  -74.756  -9.608 0.6999999881
4624  17.849  -75.649  -10.895 0.8000000119
4632  18.058  -75.546  -11.073 0.8000000119
3672  18.845  -77.209  -11.094 0.6999999881
3238  19.462  -78.984  -10.761 0.6000000238
2407  19.735  -80.803  -10.825 0.6999999881
1657  19.340  -82.206  -9.904 0.6999999881
5113  14.284  -73.879  -7.332 0.8999999762
5078  14.721  -74.162  -5.676 0.8000000119
5125  14.508  -73.926  -8.088 0.8000000119
5142  15.337  -73.908  -10.125 0.6999999881
5164  16.943  -74.387  -11.741 0.6999999881
5155  16.405  -74.297  -11.500 0.6000000238
5140  17.274  -74.937  -10.700 0.8000000119
123227  17.712  -74.908  -11.423 0.8000000119
4123  18.502  -76.363  -11.074 0.8000000119
3671  19.647  -77.566  -11.290 0.6999999881
122627  20.179  -78.259  -11.314 0.8000000119
3242  19.156  -78.093  -11.016 0.6999999881
2786  20.315  -79.101  -11.110 0.8000000119
2034  21.032  -81.039  -10.218 0.6999999881
2406  20.478  -80.823  -10.674 0.6999999881
129397  19.878  -79.324  -10.957 0.6999999881
2029  20.712  -81.371  -9.825 0.6999999881
2035  20.427  -81.288  -10.372 0.6999999881
9529  14.476  -66.821  -7.735 0.6000000238
9546  15.178  -67.206  -8.747 0.6000000238
114908  15.770  -67.370  -9.859 0.6000000238
9561  16.063  -67.143  -10.508 0.6999999881
5095  14.453  -74.100  -6.600 0.8999999762
5651  14.317  -73.369  -5.035 0.6999999881
5156  15.443  -73.520  -10.913 0.6000000238
5726  16.372  -73.885  -11.844 0.6000000238
5716  15.887  -73.787  -11.484 0.6000000238
123239  17.607  -74.380  -11.875 0.6999999881
5169  19.509  -74.359  -11.837 0.6999999881
5170  18.498  -74.335  -11.889 0.6999999881
6890  14.429  -70.694  -5.311 0.6999999881
6870  13.884  -70.629  -3.956 0.6999999881
4630  19.277  -75.691  -11.477 0.8000000119
4631  18.527  -75.565  -11.294 0.8000000119
6889  15.060  -70.565  -5.474 0.6000000238
123137  14.134  -70.215  -4.650 0.6000000238
6871  13.677  -69.823  -3.882 0.6999999881
4122  19.207  -76.482  -11.315 0.6999999881
123828  14.354  -69.503  -4.482 0.5000000000
119159  13.864  -69.124  -4.332 0.6999999881
3669  20.964  -77.703  -11.421 0.8000000119
3670  20.395  -77.581  -11.427 0.8000000119
7503  14.705  -70.006  -4.832 0.5000000000
116366  15.056  -69.334  -4.579 0.5000000000
2783  20.804  -80.162  -10.811 0.6999999881
8130  15.925  -69.410  -4.119 0.5000000000
8131  15.462  -68.833  -4.410 0.5000000000
9488  15.187  -67.596  -4.722 0.6000000238
9489  14.270  -67.662  -4.693 0.6999999881
136129  13.427  -66.756  -6.298 0.6999999881
9487  16.197  -67.882  -4.668 0.5000000000
134754  14.671  -66.555  -5.807 0.6000000238
114420  16.157  -68.639  -4.330 0.6000000238
10240  15.348  -66.573  -5.808 0.6000000238
10258  15.785  -66.539  -6.647 0.6000000238
8772  17.006  -68.472  -4.524 0.5000000000
9498  15.787  -67.100  -5.192 0.5000000000
10281  16.322  -66.829  -7.621 0.6000000238
10302  16.060  -67.094  -8.715 0.6000000238
9545  16.628  -67.100  -9.734 0.6999999881
11055  17.251  -65.893  -10.707 0.6000000238
11056  16.466  -65.841  -10.794 0.6999999881
10239  16.274  -66.846  -5.935 0.6000000238
9512  17.220  -67.385  -6.387 0.6000000238
120285  16.892  -66.977  -8.582 0.6000000238
124708  17.391  -66.817  -9.409 0.6999999881
126922  18.969  -65.199  -9.472 0.5000000000
5661  14.065  -73.403  -6.083 0.8999999762
5700  15.014  -73.107  -10.198 0.6000000238
5688  14.720  -73.393  -9.537 0.6999999881
5641  15.213  -73.142  -2.701 0.6999999881
130070  13.961  -72.331  -5.006 0.6999999881
126998  13.867  -72.466  -5.839 0.8000000119
5732  17.895  -73.667  -12.184 0.6999999881
114962  14.577  -71.073  -6.210 0.8000000119
128979  13.941  -70.870  -4.876 0.6000000238
6229  16.098  -71.560  -5.223 0.6000000238
4120  20.654  -76.772  -11.465 0.8000000119
4628  20.852  -75.901  -11.477 0.8000000119
3666  21.513  -77.745  -10.912 0.8000000119
6869  15.818  -70.835  -4.470 0.5000000000
125601  21.307  -78.611  -11.164 0.8000000119
7502  15.313  -69.969  -4.570 0.5000000000
131257  17.339  -72.090  -3.567 0.5000000000
7484  16.825  -70.660  -3.211 0.6000000238
7485  16.146  -70.314  -3.929 0.6000000238
8112  16.661  -69.806  -3.525 0.6000000238
8129  16.848  -69.040  -3.979 0.6000000238
12604  19.322  -63.554  -9.955 0.5000000000
117978  16.962  -68.096  -4.899 0.5000000000
11820  19.424  -64.333  -9.746 0.5000000000
11838  17.974  -65.023  -10.567 0.6000000238
9496  17.831  -67.815  -5.883 0.6000000238
9528  17.267  -67.000  -7.465 0.6999999881
10257  18.090  -66.878  -7.644 0.6999999881
10301  17.843  -66.413  -9.941 0.6999999881
8787  17.665  -68.164  -5.069 0.6000000238
137276  18.414  -66.411  -8.048 0.6000000238
133722  18.264  -67.913  -5.435 0.6999999881
9510  18.531  -67.136  -6.801 0.6000000238
10256  18.916  -66.396  -7.290 0.5000000000
122210  14.241  -73.115  -8.711 0.6999999881
5683  13.972  -73.163  -7.729 0.6999999881
133356  13.933  -73.293  -6.911 0.6999999881
136592  13.822  -72.599  -6.550 0.8000000119
6910  14.067  -71.670  -6.642 0.6999999881
6888  15.318  -71.217  -6.349 0.6999999881
14189  19.055  -60.986  -8.577 0.5000000000
6843  18.239  -71.887  -2.230 0.5000000000
7468  17.383  -70.897  -2.348 0.6000000238
13441  18.563  -62.113  -9.467 0.5000000000
6827  17.938  -71.326  -1.797 0.5000000000
6826  18.709  -71.534  -1.546 0.5000000000
8111  17.149  -70.015  -2.799 0.6000000238
8771  17.602  -68.485  -4.318 0.6000000238
11801  19.470  -64.936  -8.741 0.5000000000
7459  18.340  -70.861  -1.180 0.5000000000
8101  17.565  -70.053  -1.986 0.6000000238
8770  18.119  -68.348  -4.103 0.6000000238
8744  17.625  -69.260  -2.600 0.6000000238
6290  14.479  -72.114  -8.749 0.6999999881
6278  13.981  -72.227  -8.041 0.6999999881
116183  14.261  -71.623  -7.483 0.6999999881
10232  18.898  -67.276  -4.506 0.5000000000
7458  19.213  -70.878  -0.883 0.5000000000
10255  19.271  -66.377  -6.283 0.5000000000
8091  18.056  -69.983  -1.157 0.5000000000
8756  18.014  -68.494  -3.202 0.5000000000
9485  18.541  -67.880  -4.561 0.5000000000
9495  18.542  -67.537  -6.063 0.5000000000
10222  18.890  -66.713  -3.695 0.5000000000
10221  19.107  -66.340  -4.545 0.5000000000
8725  18.460  -68.660  -0.173 0.5000000000
125532  18.500  -67.334  -1.779 0.5000000000
131745  19.101  -67.000  -5.098 0.5000000000
8085  18.540  -69.590  -0.396 0.5000000000
113627  18.188  -68.341  -1.718 0.5000000000
9474  18.531  -67.690  -3.696 0.5000000000
7449  18.656  -70.343  -0.667 0.5000000000
8100  17.882  -69.224  -1.758 0.5000000000
9444  18.325  -68.019  -0.889 0.5000000000
14934  17.234  -59.890  -8.558 0.6000000238
14190  16.743  -60.994  -8.373 0.6000000238
15668  18.263  -59.055  -7.858 0.5000000000
135750  16.024  -59.170  -7.115 0.6999999881
14191  16.276  -60.405  -7.843 0.6000000238
13423  16.212  -62.673  -7.078 0.6000000238
13413  15.740  -62.350  -5.464 0.6999999881
15654  15.535  -59.331  -6.538 0.6000000238
14923  15.668  -59.955  -7.088 0.6999999881
13424  15.981  -62.010  -6.534 0.6999999881
12580  16.101  -62.991  -6.020 0.6999999881
13398  15.614  -62.680  -4.322 0.8000000119
132856  15.493  -58.907  -6.125 0.5000000000
16466  16.074  -58.643  -6.619 0.5000000000
14176  15.315  -61.002  -6.179 0.8000000119
14910  14.484  -60.162  -5.708 0.6000000238
13387  15.458  -62.627  -3.303 0.6999999881
16435  15.705  -58.229  -5.049 0.5000000000
16434  16.583  -57.861  -5.170 0.5000000000
118817  15.126  -61.898  -3.961 0.6999999881
12541  15.576  -63.270  -3.612 0.6999999881
14177  14.571  -60.778  -5.456 0.6999999881
15655  14.799  -59.560  -5.786 0.6999999881
11703  15.337  -64.050  -1.915 0.6999999881
14141  15.026  -61.973  -3.064 0.6999999881
16436  14.533  -58.878  -4.665 0.6000000238
14900  13.606  -60.367  -5.253 0.8000000119
13341  8.537  -63.496  -0.126 0.6999999881
129973  9.241  -63.430  -0.204 0.8000000119
16401  15.673  -57.366  -1.827 0.4000000060
12518  15.134  -63.212  -1.224 0.6999999881
128140  15.841  -57.227  -2.552 0.5000000000
13378  15.284  -62.578  -2.442 0.6999999881
16423  14.765  -58.598  -3.849 0.6000000238
16424  13.711  -59.027  -3.987 0.6000000238
124979  14.253  -61.155  -4.775 0.6999999881
15638  13.945  -59.517  -5.086 0.8000000119
14901  12.542  -60.157  -5.159 0.8000000119
19289  9.057  -54.589  3.253 0.5000000000
18609  9.284  -55.240  2.875 0.5000000000
17891  8.916  -55.893  3.025 0.5000000000
16404  6.827  -58.857  -2.151 0.5000000000
15591  7.188  -59.710  -1.349 0.6000000238
16403  7.403  -59.117  -2.229 0.6000000238
135289  5.843  -59.207  -0.743 0.6000000238
17141  5.287  -57.732  1.600 0.6000000238
14849  6.268  -61.072  -0.889 0.6999999881
15607  6.762  -59.482  -1.578 0.6999999881
14123  6.911  -61.923  -0.896 0.6999999881
13343  6.236  -62.965  0.054 0.6999999881
13368  12.818  -62.142  -1.349 0.6999999881
13354  12.244  -62.441  -0.697 0.6999999881
13355  10.850  -62.710  -0.663 0.8000000119
16402  14.962  -58.386  -1.609 0.5000000000
123701  14.054  -62.148  -1.514 0.6999999881
128454  14.444  -58.695  -3.169 0.6000000238
14142  13.200  -61.539  -3.118 0.8000000119
113353  12.156  -59.617  -4.636 0.6999999881
14143  11.836  -61.449  -3.273 0.8000000119
14151  12.314  -61.212  -4.086 0.8000000119
19305  9.433  -54.064  2.751 0.5000000000
18608  9.639  -54.755  2.545 0.6000000238
20008  11.098  -53.580  2.262 0.5000000000
19318  10.053  -54.776  2.040 0.6000000238
18626  8.950  -55.578  2.161 0.6000000238
17892  7.746  -56.527  2.274 0.6000000238
18642  8.533  -55.497  1.139 0.6000000238
124203  6.843  -56.143  0.949 0.5000000000
16410  7.958  -58.627  -3.036 0.5000000000
17175  6.897  -58.314  -2.319 0.5000000000
16391  8.346  -59.027  -2.315 0.6000000238
17163  6.407  -57.464  -1.413 0.6000000238
16394  5.486  -58.849  -0.065 0.6999999881
17893  6.384  -56.615  1.522 0.6000000238
124937  8.354  -59.164  -0.185 0.6000000238
14848  7.267  -60.928  -1.003 0.6999999881
14835  5.643  -61.288  -0.272 0.6999999881
14850  5.730  -60.545  -0.530 0.6999999881
15584  5.273  -59.487  0.502 0.8000000119
17152  5.367  -57.630  0.815 0.6999999881
14823  8.577  -59.992  0.618 0.6999999881
14847  7.758  -61.548  -0.889 0.6999999881
14833  8.894  -60.582  0.272 0.6999999881
13357  8.903  -62.926  -0.673 0.8000000119
14121  9.691  -62.077  -0.678 0.8000000119
113808  9.655  -62.889  -0.520 0.8000000119
15617  14.019  -59.018  -2.318 0.5000000000
121808  12.377  -59.911  -0.974 0.6000000238
14134  11.507  -61.739  -2.394 0.8000000119
13370  10.720  -62.183  -1.216 0.8000000119
16409  13.400  -59.110  -3.295 0.6000000238
15618  12.605  -59.402  -2.872 0.6999999881
14144  10.940  -61.219  -3.238 0.8000000119
15630  11.530  -59.845  -4.280 0.6999999881
15620  10.996  -60.335  -3.708 0.6999999881
14168  11.821  -60.562  -4.633 0.8000000119
20724  9.022  -52.331  2.447 0.4000000060
20009  9.980  -53.458  2.545 0.5000000000
19317  10.704  -54.270  1.800 0.4000000060
119507  10.004  -54.700  1.305 0.5000000000
18657  7.921  -55.202  0.124 0.5000000000
131577  8.714  -58.339  -3.332 0.5000000000
17931  7.907  -57.107  -2.750 0.6000000238
18688  7.375  -56.249  -1.803 0.6000000238
17914  6.590  -56.024  0.096 0.6000000238
17150  9.152  -58.548  -1.019 0.6000000238
17164  5.839  -57.705  -0.696 0.6999999881
17151  5.633  -57.217  0.252 0.6999999881
16372  8.786  -59.057  0.969 0.6000000238
14846  9.235  -61.309  -0.352 0.8000000119
14843  11.307  -60.565  -1.272 0.6999999881
14860  10.982  -60.496  -2.409 0.6999999881
14135  10.823  -61.517  -2.104 0.8000000119
14136  10.414  -61.739  -0.963 0.8000000119
15605  11.694  -59.910  -2.282 0.6999999881
21487  9.636  -51.554  2.361 0.4000000060
21488  8.461  -51.375  2.530 0.4000000060
22327  8.035  -50.965  2.872 0.4000000060
20007  11.727  -53.109  2.028 0.5000000000
21486  10.906  -51.862  2.353 0.4000000060
21471  7.744  -51.634  3.442 0.5000000000
18656  9.005  -54.961  0.702 0.5000000000
19366  8.447  -54.715  -1.450 0.5000000000
18674  7.518  -55.350  -0.942 0.5000000000
19364  9.861  -54.050  -2.044 0.5000000000
17922  6.781  -56.281  -0.988 0.6999999881
15573  8.982  -59.501  1.201 0.6000000238
14845  9.836  -61.253  -0.333 0.8000000119
15590  12.965  -59.950  0.182 0.6000000238
14830  11.273  -60.530  0.157 0.6000000238
14820  11.270  -60.120  1.379 0.6999999881
14821  10.141  -60.100  1.378 0.6999999881
14862  10.711  -61.033  -1.853 0.6999999881
22302  7.326  -50.542  4.284 0.3000000119
21499  11.315  -51.230  2.060 0.4000000060
22324  10.304  -50.819  2.211 0.3000000119
123130  9.108  -50.520  2.327 0.4000000060
22326  8.522  -50.257  2.630 0.4000000060
22313  8.089  -49.932  3.066 0.4000000060
22314  7.691  -50.718  3.528 0.5000000000
20023  11.875  -52.762  1.483 0.4000000060
125792  8.073  -49.207  4.372 0.3000000119
19331  10.532  -54.121  0.849 0.4000000060
18686  8.869  -55.434  -2.504 0.5000000000
20038  9.833  -53.695  -0.340 0.4000000060
18705  9.427  -56.240  -3.619 0.6000000238
20037  10.815  -53.409  0.137 0.4000000060
19380  10.472  -54.876  -3.174 0.4000000060
20057  9.612  -53.673  -1.163 0.5000000000
14832  9.556  -60.617  0.481 0.6999999881
14831  10.362  -60.643  0.437 0.6999999881
22315  7.235  -51.390  4.084 0.4000000060
23152  8.363  -48.995  3.602 0.4000000060
23145  8.787  -48.904  4.534 0.3000000119
21498  12.005  -51.815  1.630 0.3000000119
20056  10.378  -53.346  -0.786 0.4000000060
20084  10.626  -53.817  -2.350 0.4000000060
20072  10.307  -53.400  -1.445 0.4000000060
23183  10.138  -48.869  1.689 0.3000000119
135638  9.362  -48.865  2.117 0.3000000119
23166  8.567  -49.193  2.773 0.4000000060
23969  9.234  -47.748  3.325 0.3000000119
23959  8.825  -48.287  3.730 0.3000000119
118739  10.974  -49.566  1.315 0.3000000119
20746  11.997  -52.200  0.481 0.3000000119
20776  11.577  -52.516  -1.372 0.3000000119
20760  11.728  -52.311  -0.672 0.3000000119
20775  12.198  -52.232  -1.900 0.3000000119
23988  9.234  -47.729  2.621 0.3000000119
23968  10.172  -47.785  3.497 0.3000000119
24009  9.393  -48.017  1.993 0.3000000119
21510  12.257  -51.401  -0.165 0.3000000119
21523  12.294  -51.693  -1.091 0.3000000119
21536  12.730  -51.580  -1.914 0.3000000119
23146  7.547  -49.768  4.751 0.3000000119
24008  10.062  -47.578  1.543 0.3000000119
24837  10.447  -46.653  1.743 0.3000000119
22363  12.717  -50.688  -0.518 0.3000000119
8774  13.844  -68.377  -4.427 0.6999999881
128319  13.493  -67.779  -4.574 0.6999999881
124661  13.686  -67.214  -5.057 0.6999999881
19333  8.365  -54.669  -0.483 0.4000000060
18687  8.012  -55.704  -2.101 0.6000000238
23144  9.724  -49.421  4.893 0.3000000119
3635  18.013  -77.071  -7.114 0.6999999881
130953  16.979  -75.779  -3.133 0.6999999881
4597  17.866  -75.619  -9.926 0.8000000119
2408  19.058  -80.604  -10.656 0.6000000238
132544  15.847  -74.172  -11.082 0.6000000238
116350  14.382  -72.785  -4.022 0.6999999881
4121  20.040  -76.734  -11.476 0.8000000119
134930  20.565  -79.689  -10.999 0.6999999881
3237  20.978  -79.433  -11.082 0.8000000119
10314  17.040  -66.616  -10.439 0.6999999881
8132  14.682  -68.736  -4.468 0.5000000000
10259  14.753  -66.474  -6.603 0.6000000238
11839  17.051  -65.011  -10.489 0.6000000238
9511  17.965  -67.430  -6.721 0.6999999881
6247  13.961  -71.438  -5.577 0.8000000119
8757  17.407  -69.067  -3.494 0.6000000238
14133  12.988  -61.793  -2.301 0.8000000119
1629  19.851  -82.760  -2.539 0.4000000060
1630  18.888  -82.296  -2.199 0.4000000060
1332  21.181  -83.780  -3.566 0.3000000119
1329  20.095  -83.770  -2.478 0.4000000060
1049  19.487  -84.351  -2.100 0.4000000060
1330  19.132  -83.269  -2.192 0.4000000060
2373  22.481  -81.169  -4.681 0.4000000060
1996  22.158  -81.721  -4.332 0.5000000000
1988  21.895  -81.628  -3.563 0.5000000000
1632  21.862  -82.334  -3.999 0.4000000060
1983  20.718  -82.233  -2.841 0.4000000060
1645  21.568  -82.235  -4.762 0.3000000119
136952  21.171  -82.907  -3.350 0.3000000119
1628  20.702  -83.291  -2.929 0.3000000119
1337  21.237  -83.576  -4.356 0.3000000119
2002  21.613  -81.596  -5.439 0.4000000060
2001  22.343  -81.184  -5.787 0.4000000060
2372  23.029  -80.803  -5.127 0.5000000000
2009  21.420  -81.252  -6.584 0.3000000119
2003  20.677  -82.098  -5.622 0.3000000119
1647  19.950  -82.557  -5.717 0.4000000060
1654  18.925  -82.014  -7.806 0.4000000060
1651  19.118  -82.341  -6.636 0.4000000060
1655  18.551  -82.909  -7.512 0.4000000060
2383  23.004  -81.132  -6.168 0.4000000060
2007  23.356  -81.285  -6.914 0.4000000060
2008  22.471  -81.184  -6.933 0.4000000060
2014  22.888  -81.265  -7.556 0.4000000060
2397  24.104  -81.118  -7.685 0.5000000000
2020  22.697  -81.244  -8.267 0.4000000060
2011  19.760  -81.882  -6.275 0.4000000060
2017  19.525  -81.523  -7.086 0.5000000000
2021  21.444  -81.225  -8.377 0.4000000060
116367  19.633  -81.502  -8.235 0.4000000060
1662  18.745  -82.475  -9.975 0.6000000238
2771  24.240  -80.027  -8.319 0.6000000238
2776  23.124  -79.993  -9.021 0.6000000238
2027  22.340  -81.120  -9.141 0.6000000238
2400  22.730  -80.761  -9.271 0.6000000238
133786  21.834  -80.860  -10.055 0.6000000238
2777  22.260  -80.195  -10.008 0.6999999881
2022  20.518  -81.333  -8.801 0.5000000000
2028  21.568  -81.168  -9.633 0.6000000238
136616  21.892  -79.860  -10.490 0.6999999881
3660  23.427  -78.106  -8.722 0.6999999881
3661  22.789  -77.436  -9.096 0.6999999881
3223  23.768  -79.088  -8.585 0.6000000238
3231  22.934  -79.100  -9.202 0.6999999881
4106  21.684  -76.812  -10.357 0.6999999881
4117  21.130  -76.820  -11.225 0.6999999881
119178  20.372  -75.954  -11.565 0.6999999881
3232  22.271  -79.398  -10.174 0.6999999881
3665  21.954  -78.596  -10.599 0.6999999881
126589  22.593  -76.023  -9.032 0.5000000000
4609  22.447  -75.184  -8.957 0.6000000238
3662  22.173  -77.638  -10.060 0.6999999881
128024  21.916  -75.976  -9.611 0.6000000238
4623  21.344  -75.815  -10.776 0.6999999881
5139  21.399  -74.761  -10.650 0.6999999881
123586  22.562  -78.383  -9.595 0.6999999881
5161  21.020  -74.970  -11.497 0.6999999881
5162  20.638  -75.070  -11.630 0.6000000238
4610  21.697  -75.252  -9.771 0.6000000238
5138  21.831  -74.430  -9.458 0.6000000238
5167  20.872  -74.226  -11.816 0.6000000238
125030  21.191  -74.090  -11.447 0.6000000238
5725  16.551  -73.226  -12.053 0.5000000000
4046  17.023  -76.504  -2.754 0.6000000238
3617  17.495  -77.234  -4.057 0.6000000238
5168  20.411  -74.323  -11.828 0.6000000238
5730  19.980  -73.629  -12.109 0.6000000238
6339  18.483  -72.748  -12.314 0.5000000000
6340  17.341  -73.000  -12.247 0.5000000000
4510  16.041  -75.539  -1.583 0.6000000238
4523  16.687  -75.678  -2.366 0.6000000238
4034  16.519  -76.312  -1.985 0.6000000238
5724  21.136  -73.408  -11.932 0.6000000238
6337  20.215  -72.826  -12.364 0.5000000000
5731  18.974  -73.634  -12.165 0.5000000000
5618  13.983  -73.527  -0.721 0.6000000238
5033  15.278  -73.651  -1.142 0.6000000238
5034  14.666  -74.116  -0.898 0.6000000238
4512  14.661  -75.036  -1.225 0.6000000238
123381  15.349  -74.695  -1.260 0.6000000238
120104  15.648  -73.634  -1.870 0.6000000238
5048  15.875  -74.434  -1.695 0.6000000238
5701  14.700  -72.654  -9.490 0.6000000238
5729  20.715  -73.530  -12.100 0.6000000238
6190  13.996  -72.524  -0.683 0.6000000238
6845  14.358  -71.518  -1.658 0.6000000238
5616  14.789  -72.690  -0.933 0.6000000238
6217  14.534  -71.782  -2.543 0.6000000238
6205  14.783  -72.173  -1.505 0.6000000238
6856  14.091  -71.003  -2.808 0.5000000000
5642  14.560  -72.344  -3.116 0.6000000238
6230  14.009  -71.630  -4.124 0.5000000000
5619  13.136  -73.855  -1.366 0.6999999881
120803  13.264  -72.971  -0.763 0.6000000238
6828  14.279  -71.876  -0.968 0.6000000238
6857  13.555  -70.364  -2.840 0.6000000238
8116  10.526  -69.459  -2.951 0.6000000238
6191  13.027  -72.128  -0.670 0.6000000238
6829  13.437  -71.585  -0.794 0.6000000238
7469  13.053  -70.202  -1.960 0.5000000000
7460  12.831  -70.707  -1.050 0.6000000238
8102  12.041  -69.615  -2.573 0.6000000238
8103  11.262  -69.630  -2.245 0.6000000238
8135  10.849  -69.322  -4.048 0.6000000238
6830  12.458  -71.375  -0.743 0.6000000238
7486  13.035  -69.895  -3.079 0.6000000238
7470  12.130  -69.975  -1.655 0.6000000238
7487  12.593  -69.815  -2.468 0.5000000000
8133  12.320  -69.021  -3.992 0.6000000238
8115  11.599  -69.395  -3.341 0.5000000000
8134  11.623  -69.082  -4.250 0.5000000000
8775  12.928  -68.287  -4.300 0.6000000238
8776  12.025  -68.287  -4.680 0.6000000238
9501  12.155  -67.646  -5.506 0.6000000238
9502  11.706  -67.950  -6.276 0.6999999881
8799  11.215  -68.629  -6.618 0.6999999881
126099  11.279  -68.853  -8.217 0.6999999881
8810  12.037  -68.527  -8.699 0.6999999881
9490  12.826  -67.580  -4.833 0.6000000238
9500  12.975  -67.009  -5.748 0.6999999881
9530  13.542  -67.251  -7.987 0.6999999881
9531  12.576  -67.649  -7.684 0.6999999881
114624  12.929  -67.938  -8.689 0.6999999881
9548  12.770  -68.484  -9.650 0.6000000238
10260  13.829  -66.679  -6.877 0.6000000238
6331  16.905  -72.541  -12.020 0.5000000000
6332  16.207  -72.794  -11.703 0.5000000000
6964  18.032  -71.691  -11.405 0.5000000000
6317  16.547  -72.334  -11.507 0.5000000000
6966  16.211  -72.053  -10.762 0.6000000238
6951  19.281  -71.319  -10.118 0.6000000238
136603  18.565  -71.548  -10.564 0.6000000238
6952  17.879  -71.826  -10.340 0.6000000238
6302  15.531  -72.187  -10.381 0.6000000238
132765  15.140  -71.934  -9.481 0.6000000238
6300  18.730  -71.771  -9.471 0.5000000000
6301  17.782  -71.830  -9.316 0.6000000238
6936  15.864  -71.615  -8.867 0.6000000238
6286  19.147  -71.878  -8.383 0.6000000238
6288  17.603  -71.811  -8.360 0.5000000000
6289  16.689  -71.694  -8.188 0.6000000238
6924  15.834  -71.534  -7.948 0.6000000238
124608  18.421  -71.985  -7.638 0.5000000000
6277  16.544  -71.770  -7.464 0.6000000238
6245  17.363  -72.329  -5.926 0.5000000000
6909  14.750  -71.208  -7.006 0.6000000238
6908  15.839  -71.567  -7.049 0.6000000238
2023  19.910  -81.735  -9.469 0.6000000238
6319  15.381  -72.772  -10.734 0.5000000000
8113  13.137  -69.169  -3.878 0.6000000238
9513  13.060  -67.007  -6.849 0.6999999881
132648  15.112  -72.479  -10.084 0.6000000238
6925  14.969  -71.321  -7.717 0.6000000238
1638  21.459  -82.954  -3.803 0.3000000119
1633  21.510  -82.274  -3.398 0.4000000060
1646  20.988  -82.794  -5.002 0.3000000119
2010  20.399  -81.522  -6.438 0.4000000060
2013  23.413  -81.248  -7.637 0.4000000060
136034  21.657  -81.170  -7.488 0.3000000119
2026  23.139  -81.083  -8.409 0.5000000000
117128  23.680  -80.726  -8.414 0.6000000238
2016  20.476  -81.173  -7.549 0.5000000000
132846  21.298  -81.294  -9.209 0.5000000000
135882  22.608  -79.737  -9.674 0.6000000238
4105  22.325  -76.749  -9.407 0.6999999881
6846  13.748  -70.966  -1.498 0.6000000238
8824  11.989  -68.862  -9.863 0.6000000238
6933  20.380  -71.393  -8.614 0.5000000000
6953  16.964  -71.861  -10.119 0.6000000238
6935  16.806  -71.692  -9.121 0.6000000238
6934  19.651  -71.617  -9.072 0.5000000000
6287  18.376  -71.864  -8.599 0.6000000238
6922  20.498  -71.619  -7.616 0.5000000000
6276  17.364  -71.912  -7.499 0.5000000000
6264  16.913  -72.014  -6.762 0.5000000000
715  23.782  -85.619  10.558 0.4000000060
950  23.937  -85.061  10.446 0.4000000060
714  23.796  -85.607  10.171 0.5000000000
292  22.542  -86.961  13.037 0.5000000000
293  22.108  -87.090  13.070 0.5000000000
294  21.310  -86.857  12.721 0.5000000000
302  22.803  -86.868  12.569 0.5000000000
463  23.092  -86.598  12.031 0.5000000000
960  24.178  -84.631  9.697 0.4000000060
1243  24.509  -84.234  9.109 0.4000000060
959  24.166  -84.521  9.151 0.5000000000
133043  18.241  -82.804  1.401 0.3000000119
132639  18.489  -83.217  1.671 0.3000000119
1609  17.770  -82.799  0.750 0.3000000119
1618  17.701  -82.562  -0.274 0.3000000119
131374  22.865  -86.568  13.242 0.4000000060
453  22.397  -86.844  13.715 0.5000000000
454  21.831  -86.777  13.905 0.5000000000
697  23.174  -86.161  12.544 0.4000000060
706  23.442  -86.036  11.415 0.4000000060
943  22.661  -84.931  11.846 0.3000000119
1258  25.780  -83.802  7.466 0.4000000060
1244  24.102  -83.934  9.422 0.3000000119
1252  24.790  -83.683  8.670 0.4000000060
969  24.713  -84.078  8.641 0.5000000000
133666  23.539  -83.078  8.779 0.3000000119
120475  18.874  -82.546  1.731 0.3000000119
1296  19.218  -83.436  1.923 0.3000000119
136696  17.955  -82.393  -1.065 0.3000000119
1325  17.927  -83.189  -1.084 0.3000000119
136133  22.911  -86.275  13.998 0.3000000119
445  22.697  -86.470  14.210 0.4000000060
698  22.799  -85.366  12.771 0.3000000119
1245  22.923  -83.568  9.635 0.3000000119
1552  25.658  -83.299  7.179 0.4000000060
120840  25.984  -83.781  6.879 0.4000000060
1541  24.566  -82.846  8.108 0.4000000060
1952  19.804  -81.328  1.357 0.4000000060
1600  19.510  -82.049  1.660 0.4000000060
130867  20.502  -82.699  1.621 0.4000000060
1294  21.082  -83.165  1.391 0.4000000060
1307  21.757  -83.783  1.002 0.4000000060
1018  22.492  -84.495  0.588 0.5000000000
1954  18.371  -81.329  0.856 0.3000000119
1601  18.290  -82.147  1.177 0.3000000119
1608  17.941  -81.918  0.407 0.3000000119
1625  18.395  -82.771  -1.686 0.3000000119
690  22.930  -85.773  13.769 0.3000000119
1577  24.354  -82.361  5.916 0.3000000119
1565  24.917  -82.669  6.636 0.3000000119
1282  25.542  -83.850  4.776 0.4000000060
1281  25.509  -84.015  4.680 0.4000000060
1253  22.547  -82.406  8.370 0.3000000119
118037  24.273  -82.352  7.310 0.3000000119
1542  23.534  -82.364  7.947 0.3000000119
787  24.601  -84.870  0.680 0.5000000000
775  25.051  -84.840  1.383 0.5000000000
2695  20.438  -79.310  0.425 0.3000000119
129118  20.318  -80.334  0.802 0.3000000119
116796  20.043  -79.874  0.735 0.3000000119
1961  20.591  -80.863  0.864 0.3000000119
1951  20.631  -81.570  1.147 0.4000000060
1305  23.580  -83.547  -0.139 0.5000000000
1028  23.961  -84.804  0.041 0.5000000000
2318  19.811  -80.516  0.978 0.3000000119
1598  21.125  -82.261  1.099 0.4000000060
1607  21.913  -82.915  0.783 0.4000000060
1306  22.661  -83.630  0.445 0.5000000000
1017  23.425  -84.374  0.121 0.5000000000
114139  18.065  -81.106  0.083 0.3000000119
1979  18.272  -81.772  -1.436 0.3000000119
1985  18.777  -81.455  -2.063 0.3000000119
1984  19.588  -81.786  -2.474 0.3000000119
2350  20.268  -81.190  -2.646 0.4000000060
1576  24.954  -82.932  5.691 0.3000000119
1583  25.407  -83.578  4.278 0.4000000060
1543  21.544  -82.238  8.714 0.3000000119
1554  23.343  -81.896  7.218 0.3000000119
1910  23.820  -82.001  6.416 0.3000000119
1284  25.482  -83.801  3.689 0.4000000060
1555  22.770  -81.996  7.769 0.3000000119
767  25.410  -84.405  3.347 0.4000000060
134824  25.311  -84.657  2.078 0.5000000000
1016  26.103  -83.712  0.896 0.4000000060
774  25.695  -84.197  1.560 0.5000000000
3153  21.458  -78.154  -0.171 0.3000000119
1026  24.900  -84.197  0.063 0.5000000000
786  25.427  -84.296  0.704 0.5000000000
2336  21.628  -79.856  0.062 0.3000000119
125990  24.853  -83.742  -0.834 0.4000000060
116807  25.187  -83.692  -0.649 0.5000000000
3141  20.106  -78.587  0.229 0.3000000119
122702  21.376  -80.783  0.455 0.4000000060
1959  22.149  -81.087  0.117 0.4000000060
121446  24.469  -83.521  -0.773 0.5000000000
1027  24.472  -84.109  -0.261 0.5000000000
2327  19.191  -79.970  0.675 0.3000000119
1960  21.343  -81.431  0.679 0.4000000060
114901  22.033  -82.043  0.416 0.5000000000
1606  22.813  -82.753  0.184 0.5000000000
2337  18.308  -80.289  -0.370 0.3000000119
2714  18.625  -79.686  -1.078 0.4000000060
2346  19.045  -80.008  -1.881 0.3000000119
2351  19.251  -80.861  -2.263 0.4000000060
2404  15.452  -80.826  -8.872 0.5000000000
1989  21.232  -81.464  -2.976 0.3000000119
1892  21.170  -81.557  8.354 0.3000000119
1902  22.496  -81.517  7.372 0.3000000119
1586  25.323  -82.939  3.416 0.3000000119
1891  21.981  -81.850  8.015 0.3000000119
1289  26.059  -83.306  2.661 0.3000000119
1003  26.089  -83.456  1.731 0.5000000000
1314  26.454  -83.107  -0.363 0.4000000060
1002  26.487  -83.033  1.072 0.3000000119
3570  22.048  -77.453  -0.367 0.3000000119
1315  25.867  -83.298  -0.910 0.5000000000
2703  21.864  -79.161  -0.145 0.3000000119
1615  24.770  -82.793  -1.120 0.4000000060
1316  25.396  -83.340  -1.104 0.4000000060
2325  21.726  -80.397  0.168 0.4000000060
2334  23.113  -80.993  -0.421 0.4000000060
1969  23.895  -81.838  -0.678 0.4000000060
2697  19.016  -79.262  0.189 0.3000000119
3143  19.053  -78.851  -0.275 0.3000000119
1970  22.941  -81.876  -0.145 0.4000000060
1616  23.747  -82.711  -0.442 0.5000000000
2713  19.122  -79.161  -1.612 0.3000000119
133693  19.578  -79.567  -2.201 0.4000000060
2722  19.891  -80.298  -2.447 0.4000000060
2781  15.552  -79.989  -8.968 0.5000000000
133578  21.357  -80.031  -2.934 0.5000000000
2032  15.616  -81.463  -8.780 0.5000000000
127747  21.649  -81.256  7.673 0.3000000119
128993  14.719  -75.733  -1.488 0.5000000000
1313  26.928  -82.460  -0.458 0.3000000119
1303  26.834  -82.743  0.375 0.3000000119
4035  15.882  -76.636  -1.716 0.5000000000
4534  13.464  -75.895  -2.653 0.6000000238
4010  21.679  -76.307  -0.421 0.3000000119
3152  22.460  -78.432  -0.440 0.3000000119
3571  21.083  -77.245  -0.228 0.3000000119
2702  22.873  -79.340  -0.530 0.3000000119
1623  26.114  -82.590  -1.535 0.4000000060
1622  26.276  -82.438  -1.382 0.4000000060
3627  17.498  -77.997  -4.609 0.5000000000
5070  11.684  -74.588  -4.125 0.5000000000
2335  22.403  -80.145  -0.239 0.3000000119
2333  24.035  -80.962  -0.838 0.3000000119
2345  24.902  -80.935  -1.282 0.3000000119
122369  17.656  -77.897  -5.603 0.5000000000
3154  19.391  -78.179  -0.587 0.3000000119
3155  18.941  -78.875  -0.834 0.3000000119
114983  17.271  -77.806  -7.196 0.5000000000
3176  19.731  -78.826  -2.298 0.3000000119
3225  15.728  -78.881  -8.574 0.5000000000
2772  16.047  -79.082  -8.982 0.6000000238
123034  20.917  -78.713  -3.377 0.4000000060
2726  20.968  -79.379  -2.991 0.5000000000
2780  16.652  -79.784  -9.050 0.5000000000
2725  21.620  -79.527  -3.343 0.4000000060
132437  21.676  -80.819  -3.156 0.4000000060
2402  17.471  -80.684  -9.398 0.6000000238
3193  24.437  -79.155  -5.317 0.3000000119
2745  24.038  -79.751  -5.157 0.4000000060
2363  22.546  -80.536  -4.172 0.4000000060
2038  17.640  -81.794  -9.962 0.6000000238
2031  16.585  -81.472  -9.096 0.5000000000
120547  25.288  -79.837  -5.583 0.3000000119
2371  24.421  -80.613  -5.621 0.5000000000
1669  17.112  -82.283  -9.586 0.6000000238
2743  26.108  -80.537  -6.086 0.3000000119
2370  25.252  -80.743  -5.849 0.5000000000
2381  24.843  -81.192  -6.338 0.4000000060
2382  23.818  -81.062  -6.032 0.4000000060
136137  25.568  -81.066  -6.412 0.4000000060
2392  24.216  -81.351  -6.966 0.4000000060
2391  25.159  -81.185  -7.074 0.5000000000
4524  14.051  -75.496  -1.739 0.6000000238
4535  12.724  -75.325  -3.143 0.6000000238
4500  22.095  -75.370  -0.506 0.3000000119
3569  22.679  -76.911  -0.605 0.3000000119
117684  23.021  -77.782  -0.718 0.3000000119
3151  23.358  -78.657  -0.773 0.3000000119
5049  12.846  -74.615  -2.247 0.6000000238
5063  12.215  -74.554  -3.194 0.6000000238
2701  23.716  -79.447  -0.855 0.3000000119
133231  24.348  -79.537  -1.178 0.3000000119
5644  11.663  -73.782  -3.201 0.6000000238
4521  21.087  -74.930  -1.764 0.3000000119
127338  23.375  -80.170  -0.662 0.3000000119
133545  24.215  -80.168  -1.005 0.3000000119
5645  10.994  -73.235  -3.612 0.6000000238
3166  19.328  -78.236  -1.429 0.3000000119
113287  9.672  -72.016  -3.093 0.6000000238
6231  10.266  -72.758  -3.920 0.6000000238
6232  9.448  -72.338  -4.133 0.6000000238
116195  8.741  -72.037  -4.245 0.5000000000
3186  21.785  -78.898  -3.868 0.4000000060
2362  22.987  -80.043  -4.458 0.4000000060
2762  26.609  -80.445  -7.326 0.4000000060
4499  22.661  -74.861  -0.535 0.3000000119
4020  23.039  -75.910  -0.659 0.3000000119
3582  23.698  -77.144  -1.028 0.3000000119
3165  23.848  -78.062  -1.042 0.3000000119
122717  24.793  -79.212  -1.575 0.3000000119
5035  13.809  -74.582  -1.342 0.5000000000
4501  21.391  -75.377  -0.681 0.3000000119
4509  20.827  -75.419  -1.171 0.3000000119
133397  12.601  -73.374  -1.410 0.5000000000
5643  12.349  -73.940  -2.263 0.6000000238
5032  21.396  -74.818  -1.057 0.3000000119
2711  24.962  -80.082  -1.497 0.3000000119
5631  11.334  -73.047  -2.678 0.6000000238
5046  21.534  -74.538  -2.262 0.3000000119
6218  10.601  -72.475  -2.665 0.6000000238
3185  21.963  -78.260  -4.440 0.3000000119
3180  21.211  -78.097  -3.984 0.3000000119
6219  8.905  -71.645  -3.478 0.6000000238
7489  8.170  -70.281  -3.525 0.6000000238
6207  11.453  -72.437  -1.570 0.6000000238
6831  11.351  -71.429  -0.980 0.5000000000
6847  10.411  -71.171  -1.428 0.6000000238
6858  9.975  -71.602  -2.116 0.6000000238
7488  8.923  -70.310  -2.885 0.6000000238
117652  8.470  -70.931  -3.291 0.6000000238
115494  8.575  -69.535  -4.482 0.6000000238
8118  8.846  -69.724  -3.560 0.6000000238
125572  8.616  -69.427  -5.416 0.5000000000
6192  12.161  -71.976  -0.827 0.5000000000
6832  10.901  -70.711  -1.072 0.5000000000
7473  9.590  -70.388  -2.176 0.5000000000
131345  9.308  -69.435  -4.270 0.6000000238
8812  9.049  -69.136  -7.844 0.5000000000
8842  10.759  -68.754  -10.015 0.6000000238
8826  10.309  -69.051  -8.992 0.6000000238
8843  9.844  -68.521  -9.575 0.5000000000
9565  10.113  -68.167  -10.249 0.6000000238
9566  9.394  -67.623  -10.029 0.6000000238
8104  10.313  -69.852  -2.067 0.5000000000
118465  10.170  -69.391  -4.880 0.5000000000
8170  10.037  -69.450  -6.632 0.5000000000
8153  9.341  -69.457  -5.192 0.6000000238
8169  10.606  -69.150  -6.914 0.6000000238
126558  10.153  -69.331  -7.409 0.5000000000
8184  9.540  -69.399  -7.240 0.5000000000
8182  10.617  -69.111  -8.091 0.6000000238
8825  11.179  -69.021  -9.244 0.6000000238
9584  9.959  -67.364  -10.512 0.5000000000
10178  11.809  -66.364  -0.123 0.5000000000
8136  9.821  -69.422  -3.651 0.5000000000
119748  10.929  -68.892  -6.013 0.6000000238
10894  11.785  -65.925  2.066 0.5000000000
10896  10.377  -66.012  2.263 0.6000000238
10149  12.451  -66.090  0.758 0.6000000238
10911  13.286  -65.652  0.517 0.6000000238
121986  11.156  -66.419  1.009 0.5000000000
10925  13.221  -65.774  -0.773 0.5000000000
10938  12.839  -65.737  -1.588 0.5000000000
123416  10.872  -65.627  -9.975 0.5000000000
11068  10.690  -66.332  -10.563 0.5000000000
13338  11.163  -62.965  0.034 0.6000000238
114808  11.003  -63.010  0.789 0.6999999881
113988  11.872  -62.866  0.759 0.6000000238
13316  12.029  -62.773  1.706 0.6999999881
12459  12.291  -63.563  3.688 0.6000000238
11625  11.978  -64.373  3.641 0.6000000238
12480  13.159  -63.362  1.911 0.6000000238
12470  12.944  -63.618  2.609 0.6000000238
116610  11.809  -62.732  -0.118 0.6000000238
13314  13.391  -63.136  1.149 0.6000000238
11647  13.275  -64.124  2.022 0.6000000238
11624  12.631  -63.971  3.226 0.5000000000
10858  10.671  -65.093  3.491 0.6000000238
13353  13.501  -62.524  -0.314 0.6000000238
11667  13.648  -64.369  1.366 0.6000000238
10878  12.411  -65.368  2.330 0.5000000000
135574  11.793  -65.495  2.629 0.6000000238
12495  14.012  -63.693  1.000 0.6000000238
10893  13.045  -65.598  1.180 0.6000000238
10909  14.569  -64.465  0.083 0.6000000238
11684  14.164  -64.432  0.700 0.6000000238
10924  13.988  -65.393  -0.607 0.6000000238
10937  13.688  -65.477  -1.411 0.5000000000
10953  12.435  -65.493  -2.424 0.5000000000
11717  12.966  -65.111  -3.130 0.5000000000
11756  12.740  -64.585  -4.470 0.5000000000
11775  12.374  -64.365  -5.216 0.5000000000
131990  11.573  -62.249  2.900 0.6000000238
13279  11.225  -61.951  3.691 0.6999999881
13335  14.394  -62.901  -0.239 0.5000000000
11704  15.018  -64.437  -1.185 0.6000000238
11715  14.868  -64.691  -1.977 0.6000000238
10952  13.324  -65.407  -2.232 0.5000000000
113686  14.495  -64.841  -2.753 0.6000000238
11755  14.237  -64.567  -4.270 0.5000000000
11773  14.586  -64.402  -5.020 0.6000000238
11774  13.424  -64.406  -5.010 0.6000000238
17139  10.575  -57.976  1.624 0.4000000060
13320  6.786  -63.250  0.746 0.6999999881
14085  7.053  -62.120  2.515 0.5000000000
14072  8.330  -61.587  3.874 0.5000000000
127261  10.875  -59.753  1.916 0.6000000238
126893  9.594  -59.645  1.542 0.5000000000
14084  7.996  -62.103  2.975 0.6000000238
14071  9.544  -61.610  3.971 0.5000000000
15558  11.960  -59.207  2.480 0.5000000000
13342  7.355  -63.478  0.117 0.6000000238
13298  8.526  -62.524  2.420 0.8000000119
12481  9.129  -63.728  0.308 0.6999999881
13297  10.597  -62.418  2.426 0.8000000119
14059  10.438  -61.758  4.157 0.6999999881
122540  15.183  -64.341  -2.737 0.6000000238
11754  15.058  -64.253  -4.278 0.6000000238
14073  7.227  -61.626  3.424 0.5000000000
16380  9.908  -58.302  1.322 0.5000000000
13321  6.096  -62.570  0.842 0.6999999881
14062  7.182  -61.406  4.399 0.5000000000
16358  12.457  -58.525  2.576 0.4000000060
17138  11.335  -57.820  2.048 0.4000000060
15557  12.816  -59.226  2.394 0.4000000060
15581  13.462  -59.766  1.069 0.5000000000
128003  13.778  -59.634  0.330 0.4000000060
14087  5.520  -61.017  2.205 0.5000000000
14074  6.380  -61.126  3.936 0.5000000000
120194  11.070  -57.467  1.075 0.3000000119
17149  10.069  -57.893  0.355 0.3000000119
14096  5.619  -61.630  1.084 0.6000000238
15556  13.697  -59.174  2.259 0.4000000060
15580  14.331  -59.505  0.909 0.4000000060
15603  14.240  -59.172  -1.174 0.4000000060
131655  5.279  -60.875  1.297 0.6000000238
14110  5.343  -61.153  0.477 0.6000000238
15588  14.527  -59.296  -0.080 0.4000000060
127743  5.145  -60.121  1.932 0.5000000000
14814  5.759  -60.659  3.367 0.5000000000
18655  12.976  -55.910  -0.129 0.3000000119
17148  10.965  -57.390  -0.354 0.3000000119
17162  10.127  -58.022  -1.626 0.3000000119
17174  9.350  -58.506  -2.919 0.4000000060
129606  15.303  -58.837  -0.019 0.3000000119
16390  15.095  -58.695  -0.747 0.4000000060
16389  15.744  -58.019  -0.419 0.4000000060
17161  11.014  -57.464  -2.005 0.4000000060
15575  5.112  -59.281  1.530 0.6000000238
15549  5.147  -59.258  3.414 0.4000000060
17173  10.281  -58.124  -3.403 0.4000000060
19330  13.648  -54.739  -0.189 0.3000000119
18672  13.266  -55.525  -0.857 0.3000000119
16373  5.064  -58.490  2.079 0.5000000000
17190  9.530  -58.157  -3.975 0.4000000060
17944  8.587  -58.062  -3.730 0.4000000060
17943  9.644  -57.426  -4.437 0.4000000060
18706  8.703  -56.843  -3.504 0.4000000060
20805  13.406  -53.615  -4.657 0.3000000119
20806  12.718  -53.061  -3.633 0.3000000119
19378  12.090  -54.566  -4.119 0.3000000119
20083  11.398  -53.623  -2.770 0.3000000119
20793  12.259  -52.664  -2.669 0.3000000119
20725  8.170  -52.265  2.774 0.4000000060
135736  13.695  -53.154  -4.624 0.3000000119
2344  25.961  -80.991  -1.724 0.3000000119
18704  10.329  -56.273  -4.352 0.3000000119
12566  15.813  -63.238  -5.105 0.6000000238
21472  7.194  -52.184  4.119 0.4000000060
15582  12.368  -60.059  1.021 0.5000000000
118650  11.275  -54.622  -3.490 0.3000000119
114751  22.207  -81.034  -3.824 0.3000000119
118131  23.611  -80.315  -5.190 0.4000000060
8117  9.594  -69.756  -2.775 0.5000000000
942  23.538  -85.480  11.189 0.4000000060
471  23.263  -86.357  11.141 0.5000000000
455  20.663  -86.226  13.433 0.5000000000
968  24.715  -84.180  8.280 0.5000000000
121830  19.768  -82.684  1.831 0.4000000060
707  23.282  -85.740  11.989 0.4000000060
1259  25.358  -83.385  7.904 0.4000000060
976  25.859  -84.122  6.879 0.4000000060
1953  18.913  -81.662  1.435 0.4000000060
1295  20.236  -83.336  1.816 0.4000000060
117092  20.876  -84.080  1.553 0.4000000060
439  22.217  -86.196  15.139 0.3000000119
1533  22.152  -82.911  9.107 0.3000000119
1564  25.610  -83.513  6.266 0.4000000060
1267  25.804  -83.939  6.330 0.4000000060
2319  19.026  -80.837  1.085 0.3000000119
2328  18.484  -80.515  0.492 0.4000000060
1575  25.424  -83.570  5.250 0.4000000060
996  25.385  -84.159  3.973 0.4000000060
1317  24.259  -84.135  -0.389 0.5000000000
127500  15.110  -79.543  -8.771 0.5000000000
2347  18.473  -80.694  -1.441 0.4000000060
1911  22.946  -81.386  6.597 0.3000000119
1288  25.790  -83.558  2.882 0.4000000060
120280  25.866  -84.247  3.018 0.4000000060
118430  25.677  -84.113  2.457 0.5000000000
1025  25.836  -83.746  -0.088 0.5000000000
3142  19.439  -78.613  0.051 0.3000000119
120582  18.654  -79.849  0.181 0.3000000119
2403  16.314  -80.562  -8.963 0.6000000238
1293  26.482  -82.960  1.788 0.3000000119
133031  25.938  -83.411  2.403 0.4000000060
1968  24.783  -81.797  -1.198 0.3000000119
3642  17.274  -77.587  -8.221 0.5000000000
2721  20.386  -79.669  -2.689 0.4000000060
1967  27.548  -81.767  -0.524 0.3000000119
1977  26.146  -81.757  -1.857 0.3000000119
2746  23.308  -79.426  -4.751 0.4000000060
2735  22.370  -79.764  -3.815 0.4000000060
2354  22.075  -80.288  -3.419 0.4000000060
3192  25.941  -79.364  -5.835 0.3000000119
130031  24.186  -77.689  -1.335 0.3000000119
6208  10.683  -71.848  -1.638 0.6000000238
2734  22.587  -79.130  -4.284 0.3000000119
3164  24.548  -78.272  -1.560 0.3000000119
118300  25.239  -78.800  -1.986 0.3000000119
5060  21.781  -74.691  -3.071 0.3000000119
8171  9.215  -69.476  -6.250 0.5000000000
8183  9.895  -69.237  -8.067 0.6000000238
13317  10.346  -63.071  1.358 0.6999999881
13280  10.094  -61.889  3.250 0.6999999881
13319  8.356  -63.306  1.574 0.6999999881
13300  6.827  -62.696  1.589 0.6000000238
17913  11.800  -57.015  0.473 0.3000000119
18673  12.809  -56.088  -0.811 0.3000000119
122597  23.567  -77.174  -8.710 0.6000000238
118016  11.107  -68.996  -5.049 0.4000000060
8788  11.489  -68.316  -5.622 0.5000000000
8858  11.478  -68.526  -10.682 0.5000000000
9547  13.798  -68.006  -9.481 0.5000000000
9563  13.357  -68.401  -10.473 0.5000000000
8840  12.117  -68.673  -10.530 0.5000000000
10328  11.537  -66.910  -11.093 0.5000000000
9596  13.114  -67.990  -11.462 0.5000000000
132595  14.391  -67.429  -8.743 0.5000000000
11060  11.621  -65.985  -10.405 0.4000000060
127094  14.367  -68.093  -10.648 0.5000000000
9580  13.628  -68.166  -11.209 0.5000000000
10315  12.775  -66.538  -11.064 0.5000000000
11044  12.479  -65.533  -9.796 0.5000000000
10325  15.355  -67.106  -11.182 0.6000000238
128279  14.494  -67.151  -11.389 0.5000000000
11059  13.457  -65.689  -10.224 0.5000000000
12583  13.336  -64.250  -6.473 0.5000000000
11065  15.912  -66.536  -11.011 0.6000000238
11805  12.917  -64.367  -7.696 0.5000000000
12596  12.905  -64.225  -6.975 0.5000000000
11067  14.024  -66.454  -11.143 0.6000000238
11842  13.958  -65.090  -9.458 0.6000000238
11825  12.406  -64.880  -8.652 0.5000000000
10323  16.585  -66.428  -10.784 0.6000000238
11057  15.482  -65.759  -10.681 0.6000000238
11058  14.479  -65.717  -10.485 0.6000000238
11804  14.050  -64.423  -7.869 0.6000000238
11840  15.959  -64.992  -10.154 0.6000000238
12582  14.431  -64.354  -6.469 0.5000000000
12567  15.066  -64.352  -5.760 0.5000000000
11822  15.460  -64.444  -9.155 0.6000000238
11824  13.455  -64.678  -8.559 0.6000000238
11626  11.211  -64.594  3.919 0.5000000000
12451  11.202  -63.370  4.917 0.5000000000
11607  11.758  -63.695  4.252 0.5000000000
126041  15.885  -63.837  -5.786 0.6000000238
11802  15.988  -63.857  -8.562 0.6000000238
12581  15.472  -64.189  -6.494 0.6000000238
11803  15.141  -64.305  -8.107 0.6000000238
12593  15.739  -63.960  -7.403 0.6000000238
17189  10.448  -57.805  -4.411 0.3000000119
20011  7.942  -52.839  2.932 0.3000000119
2396  24.785  -80.768  -7.793 0.4000000060
1668  17.829  -82.331  -10.121 0.5000000000
124216  18.285  -81.878  -10.433 0.5000000000
3648  24.338  -78.367  -8.506 0.4000000060
2409  18.358  -81.210  -10.321 0.4000000060
4103  24.083  -76.486  -8.805 0.4000000060
3224  16.470  -78.416  -8.706 0.4000000060
132200  17.751  -78.709  -9.689 0.4000000060
3235  16.805  -78.474  -9.143 0.4000000060
2779  17.680  -79.555  -9.438 0.4000000060
2401  18.439  -80.159  -9.963 0.4000000060
5137  24.317  -74.211  -9.040 0.4000000060
117622  22.814  -74.068  -8.779 0.4000000060
124567  24.277  -75.088  -9.001 0.4000000060
124188  23.428  -74.847  -8.753 0.4000000060
5714  21.670  -73.034  -10.140 0.4000000060
6316  21.438  -73.195  -11.185 0.5000000000
11821  16.449  -64.141  -9.778 0.5000000000
12616  17.732  -63.902  -10.289 0.5000000000
12606  16.822  -63.188  -9.303 0.5000000000
12605  17.894  -62.901  -9.723 0.5000000000
14199  18.661  -61.018  -9.060 0.5000000000
13432  16.566  -62.155  -8.256 0.5000000000
14943  18.053  -60.308  -8.974 0.5000000000
13265  10.347  -62.456  5.416 0.4000000060
14061  9.021  -61.653  4.708 0.4000000060
14201  17.146  -61.453  -8.778 0.5000000000
125590  16.112  -63.549  -6.668 0.5000000000
4104  23.098  -76.580  -8.809 0.5000000000
4608  23.507  -75.696  -8.801 0.4000000060
5699  21.974  -73.481  -9.351 0.4000000060
304  21.755  -87.254  12.091 0.4000000060
122100  20.182  -88.998  8.853 0.4000000060
303  22.386  -87.092  12.458 0.4000000060
312  22.176  -87.244  11.746 0.4000000060
132718  20.491  -88.608  8.419 0.4000000060
313  21.666  -87.422  11.507 0.4000000060
343  21.686  -87.273  7.906 0.4000000060
225  21.110  -88.182  8.178 0.4000000060
219  20.803  -88.507  8.778 0.4000000060
125101  23.031  -86.746  11.262 0.5000000000
311  22.770  -86.971  11.923 0.5000000000
320  22.903  -86.890  10.562 0.4000000060
117184  22.555  -87.102  11.204 0.4000000060
210  21.106  -88.193  9.447 0.4000000060
477  23.576  -85.953  10.604 0.5000000000
483  23.627  -85.989  9.987 0.5000000000
478  23.255  -86.415  10.550 0.5000000000
322  21.909  -87.451  11.091 0.4000000060
484  23.431  -86.168  9.443 0.4000000060
127092  23.195  -86.562  9.943 0.4000000060
740  22.674  -85.508  7.543 0.4000000060
124081  22.415  -86.466  7.988 0.4000000060
342  22.478  -86.962  8.537 0.4000000060
209  21.842  -87.605  9.639 0.4000000060
200  21.430  -87.807  10.289 0.4000000060
335  21.731  -87.622  8.472 0.4000000060
128520  23.245  -86.215  8.822 0.5000000000
492  22.938  -86.802  9.270 0.4000000060
327  22.603  -87.080  9.818 0.4000000060
321  22.227  -87.301  10.457 0.4000000060
499  23.577  -85.515  8.252 0.5000000000
500  23.086  -86.037  8.203 0.4000000060
334  22.175  -87.357  9.049 0.4000000060
518  24.018  -86.148  5.113 0.3000000119
527  23.569  -86.699  4.508 0.3000000119
517  24.543  -85.829  5.159 0.4000000060
747  23.948  -85.107  6.663 0.3000000119
757  25.034  -85.447  5.222 0.4000000060
507  24.370  -85.467  5.803 0.4000000060
368  23.533  -86.953  3.147 0.3000000119
360  23.666  -86.839  3.903 0.4000000060
526  24.123  -86.364  4.555 0.4000000060
525  24.702  -85.859  4.554 0.4000000060
536  23.785  -86.499  2.569 0.4000000060
128197  24.243  -86.313  4.034 0.4000000060
768  25.149  -85.118  3.532 0.4000000060
763  25.351  -84.717  4.209 0.3000000119
739  23.459  -85.220  7.617 0.3000000119
117686  25.376  -85.006  5.032 0.3000000119
127967  25.340  -84.978  5.821 0.4000000060
764  25.104  -85.338  4.309 0.3000000119
535  24.738  -85.530  2.931 0.4000000060
541  24.713  -85.346  2.093 0.4000000060
770  25.228  -84.866  2.748 0.4000000060
115469  24.010  -84.892  7.378 0.4000000060
746  24.605  -85.033  6.492 0.4000000060
377  23.253  -86.782  1.706 0.4000000060
994  25.425  -84.378  4.912 0.3000000119
553  23.324  -86.186  0.770 0.4000000060
120726  23.412  -86.375  1.221 0.4000000060
789  23.625  -85.493  0.399 0.4000000060
788  23.929  -85.526  0.682 0.4000000060
129782  24.308  -85.914  2.482 0.4000000060
738  23.872  -84.857  7.950 0.4000000060
117462  24.686  -84.685  7.082 0.4000000060
736  25.524  -84.485  6.396 0.3000000119
745  25.165  -84.846  6.439 0.4000000060
756  25.493  -84.516  5.740 0.3000000119
790  22.987  -86.069  0.429 0.4000000060
1019  22.212  -85.419  0.667 0.4000000060
120374  23.239  -85.255  0.297 0.4000000060
795  24.144  -84.784  0.269 0.4000000060
776  24.316  -85.504  1.223 0.4000000060
723  23.813  -85.321  9.644 0.4000000060
737  25.351  -84.426  6.976 0.3000000119
949  24.024  -85.159  9.972 0.4000000060
491  23.584  -85.632  8.857 0.4000000060
731  23.870  -84.831  8.710 0.4000000060
119628  24.645  -84.384  7.659 0.4000000060
6329  21.450  -72.538  -11.765 0.4000000060
552  23.814  -86.023  1.043 0.4000000060
218  21.454  -87.957  8.861 0.4000000060
372  23.121  -87.244  2.428 0.3000000119
519  23.678  -85.496  5.909 0.3000000119
532  24.641  -85.847  3.671 0.4000000060
533  24.049  -86.445  3.395 0.4000000060
542  23.956  -86.095  1.692 0.4000000060
758  24.900  -85.300  5.817 0.4000000060
977  25.417  -84.126  7.563 0.4000000060
985  25.676  -84.190  6.268 0.4000000060
992  25.586  -84.097  5.638 0.3000000119
1251  25.282  -83.914  8.124 0.5000000000
1276  25.632  -83.904  5.506 0.4000000060
1285  25.619  -83.630  3.469 0.4000000060
1304  26.430  -83.287  0.376 0.4000000060
1321  26.452  -83.008  -0.786 0.3000000119
1322  25.915  -82.922  -1.320 0.4000000060
1323  25.586  -83.059  -1.345 0.4000000060
1355  18.107  -82.657  -9.931 0.5000000000
1553  25.086  -82.802  7.484 0.4000000060
1599  20.249  -82.078  1.544 0.4000000060
1605  27.230  -82.221  0.055 0.3000000119
1617  17.890  -81.777  -0.492 0.3000000119
1624  25.595  -82.460  -1.538 0.4000000060
1912  22.155  -80.939  6.938 0.3000000119
1978  25.530  -81.719  -1.575 0.3000000119
2015  22.293  -81.286  -7.956 0.3000000119
2030  19.949  -81.683  -10.207 0.6999999881
2036  19.855  -81.425  -10.597 0.6999999881
2037  19.045  -81.531  -10.666 0.6000000238
2326  20.894  -80.108  0.474 0.3000000119
2355  20.847  -80.569  -2.779 0.4000000060
2380  26.083  -80.868  -6.806 0.4000000060
2405  21.120  -80.644  -10.478 0.6999999881
2694  21.134  -79.427  0.183 0.3000000119
2696  19.678  -79.232  0.461 0.3000000119
2704  18.725  -79.440  -0.338 0.3000000119
2712  24.109  -78.856  -1.117 0.3000000119
2744  24.709  -80.075  -5.436 0.5000000000
2782  21.486  -80.156  -10.597 0.6999999881
2784  20.193  -80.004  -10.920 0.6999999881
3236  21.652  -79.409  -10.790 0.6999999881
3240  20.711  -78.458  -11.329 0.8000000119
3241  19.775  -78.555  -11.107 0.8000000119
3626  17.812  -77.280  -5.141 0.6999999881
3650  17.176  -77.820  -9.186 0.5000000000
4023  15.253  -76.166  -1.525 0.5000000000
4124  18.193  -76.239  -10.930 0.8000000119
4511  15.249  -75.452  -1.320 0.6000000238
4525  13.321  -75.213  -2.208 0.6000000238
4573  17.997  -75.687  -6.911 0.8000000119
4629  19.917  -75.215  -11.640 0.8000000119
5069  15.084  -74.210  -4.781 0.8000000119
5112  15.044  -74.481  -7.353 0.8999999762
5124  14.815  -74.014  -9.038 0.8000000119
5163  18.984  -75.013  -11.569 0.8000000119
5171  17.003  -73.822  -12.119 0.6999999881
5617  14.562  -73.275  -0.802 0.6000000238
5628  15.239  -72.900  -1.631 0.6000000238
5629  14.994  -72.420  -2.225 0.6999999881
5630  11.937  -73.252  -2.023 0.5000000000
5715  21.517  -73.829  -10.361 0.6000000238
6206  12.420  -72.684  -1.051 0.5000000000
6216  16.636  -71.685  -4.012 0.6000000238
6246  16.414  -71.935  -6.090 0.5000000000
6263  17.900  -72.177  -6.714 0.5000000000
6265  13.870  -72.332  -7.250 0.6999999881
6318  15.863  -72.483  -11.131 0.5000000000
6333  15.704  -73.112  -11.382 0.5000000000
6844  17.689  -71.592  -2.436 0.5000000000
6848  9.787  -70.978  -1.851 0.6000000238
6855  16.468  -71.075  -3.698 0.6000000238
6923  19.891  -71.775  -8.215 0.5000000000
6926  14.470  -71.671  -8.116 0.6999999881
6937  15.070  -71.633  -8.490 0.6000000238
6954  15.984  -71.773  -9.843 0.6000000238
6965  17.105  -71.982  -11.111 0.5000000000
6981  17.428  -72.077  -11.865 0.5000000000
7461  11.779  -70.604  -0.880 0.5000000000
7471  11.059  -70.068  -1.380 0.5000000000
7472  10.255  -70.508  -1.541 0.6000000238
8114  12.467  -69.544  -3.247 0.5000000000
8732  18.160  -68.982  -0.957 0.5000000000
8773  15.410  -68.241  -4.474 0.6000000238
8811  11.079  -68.898  -7.467 0.6000000238
8827  9.456  -68.857  -8.706 0.5000000000
8839  12.845  -68.487  -10.913 0.5000000000
8841  11.530  -68.844  -10.112 0.6000000238
8856  13.007  -68.279  -11.233 0.5000000000
8857  12.353  -68.274  -11.144 0.5000000000
9460  18.352  -67.922  -2.612 0.5000000000
9486  18.237  -68.110  -4.842 0.6000000238
9497  16.880  -67.678  -5.422 0.5000000000
9499  14.705  -66.959  -5.208 0.6000000238
9514  12.315  -67.492  -6.535 0.6999999881
9549  8.945  -68.034  -9.271 0.6000000238
9562  15.253  -67.566  -10.625 0.5000000000
9564  12.590  -68.632  -10.333 0.5000000000
9578  15.517  -67.287  -10.946 0.6000000238
9579  14.670  -67.619  -11.146 0.6000000238
9581  12.376  -67.536  -11.432 0.5000000000
9582  11.455  -67.827  -11.195 0.5000000000
9583  10.713  -68.092  -10.729 0.5000000000
10150  11.761  -66.212  1.334 0.5000000000
10151  10.928  -66.245  1.698 0.5000000000
10163  11.646  -66.362  0.675 0.5000000000
10211  18.666  -67.032  -2.810 0.5000000000
10238  19.060  -67.089  -5.791 0.5000000000
10241  13.960  -66.627  -5.876 0.6000000238
10280  17.531  -66.863  -8.410 0.6999999881
10282  15.397  -66.730  -7.632 0.6000000238
10300  18.050  -66.491  -8.878 0.6000000238
10324  16.092  -66.886  -10.854 0.6000000238
10326  13.833  -67.654  -11.444 0.5000000000
10327  13.180  -67.407  -11.514 0.5000000000
10329  10.673  -67.193  -10.878 0.5000000000
10857  11.357  -65.162  3.170 0.6000000238
10879  10.492  -65.550  2.890 0.6000000238
10892  13.588  -65.081  0.985 0.6000000238
10895  11.134  -65.798  2.471 0.6000000238
10910  14.051  -65.137  0.201 0.6000000238
10923  14.573  -64.806  -0.503 0.6000000238
10936  14.450  -65.064  -1.270 0.5000000000
10951  14.144  -65.172  -2.061 0.6000000238
11042  18.744  -65.799  -8.533 0.5000000000
11043  18.405  -65.864  -9.736 0.5000000000
11053  18.626  -65.078  -10.210 0.5000000000
11054  17.940  -65.893  -10.430 0.6999999881
11066  15.022  -66.508  -11.190 0.6000000238
11608  10.982  -64.202  4.626 0.5000000000
11648  12.838  -64.556  2.565 0.6000000238
11649  12.209  -64.895  2.996 0.5000000000
11668  13.141  -65.062  1.806 0.6000000238
11694  15.233  -63.810  -1.180 0.6999999881
11695  14.945  -64.134  -0.471 0.6000000238
11716  13.781  -65.137  -2.738 0.5000000000
11730  15.381  -63.985  -3.532 0.6000000238
11731  14.768  -64.530  -3.510 0.6000000238
11732  13.849  -64.842  -3.508 0.5000000000
11753  15.559  -63.599  -4.297 0.6000000238
11772  15.440  -64.040  -5.035 0.6000000238
11823  14.477  -64.630  -8.762 0.6000000238
11837  18.725  -64.147  -10.340 0.6000000238
11841  14.936  -65.052  -9.754 0.6000000238
11843  13.128  -65.115  -9.272 0.6000000238
12458  12.496  -63.087  3.196 0.6000000238
12482  8.409  -63.753  0.669 0.6000000238
12483  7.604  -63.581  0.969 0.6999999881
12494  14.560  -63.707  0.220 0.6000000238
12505  14.919  -63.450  -0.603 0.6999999881
12517  15.349  -63.321  -1.836 0.6999999881
12530  15.477  -63.484  -2.748 0.6999999881
12568  13.948  -64.337  -5.773 0.5000000000
12569  12.893  -64.217  -5.851 0.5000000000
12592  16.288  -63.200  -7.910 0.5000000000
12594  14.846  -64.358  -7.208 0.5000000000
12595  13.707  -64.273  -7.118 0.5000000000
12615  18.687  -63.215  -9.993 0.5000000000
13263  11.677  -62.706  4.292 0.5000000000
13264  10.950  -62.338  4.830 0.6999999881
13278  11.998  -62.485  3.514 0.6000000238
13281  9.042  -61.900  3.116 0.6000000238
13294  12.666  -62.987  2.327 0.6000000238
13295  12.134  -62.598  2.685 0.6000000238
13296  11.320  -62.694  1.980 0.6999999881
13299  7.707  -62.676  2.106 0.6000000238
13315  12.689  -62.933  1.473 0.6000000238
13318  9.376  -63.481  1.162 0.6999999881
13336  14.005  -63.006  0.501 0.6000000238
13337  13.010  -62.674  0.289 0.6000000238
13339  10.456  -63.000  -0.240 0.6000000238
13340  9.882  -63.369  0.325 0.8000000119
13356  10.236  -62.467  -0.787 0.8000000119
13358  6.788  -62.719  -0.508 0.6999999881
13366  14.973  -62.552  -1.656 0.6999999881
13367  14.639  -62.752  -0.969 0.6999999881
13369  11.334  -62.173  -1.574 0.8000000119
13440  19.282  -61.876  -9.099 0.5000000000
13442  17.353  -62.212  -9.120 0.5000000000
14060  10.054  -61.844  4.815 0.4000000060
14086  6.192  -61.959  1.864 0.6000000238
14108  8.589  -61.608  -0.703 0.8000000119
14109  5.704  -62.077  0.187 0.6999999881
14122  7.796  -62.685  -0.703 0.6999999881
14124  6.159  -62.082  -0.484 0.6999999881
14150  14.033  -61.481  -3.689 0.6999999881
14152  11.204  -61.081  -4.090 0.8000000119
14166  15.308  -61.695  -4.979 0.6999999881
14167  12.953  -60.757  -4.740 0.8000000119
14181  16.202  -61.580  -7.568 0.6000000238
14182  15.818  -60.977  -7.099 0.6000000238
14200  17.956  -61.200  -9.156 0.5000000000
14815  5.170  -60.038  2.945 0.5000000000
14822  9.215  -60.085  1.100 0.6999999881
14824  5.224  -60.238  0.937 0.6000000238
14834  8.209  -60.621  -0.295 0.6999999881
14836  5.320  -60.450  0.046 0.6000000238
14844  10.496  -61.023  -0.687 0.6999999881
14861  10.780  -60.816  -3.008 0.6999999881
14872  10.900  -60.847  -3.766 0.6999999881
14885  11.239  -60.460  -4.285 0.8000000119
14911  13.570  -59.919  -5.303 0.8000000119
14933  18.028  -59.656  -8.512 0.5000000000
14944  17.393  -60.728  -8.824 0.5000000000
15559  11.063  -59.139  2.373 0.6000000238
15560  5.011  -59.261  2.573 0.5000000000
15568  14.006  -59.458  1.682 0.4000000060
15569  13.126  -59.604  1.794 0.5000000000
15570  12.208  -59.709  1.951 0.5000000000
15571  11.507  -59.639  2.113 0.5000000000
15572  10.244  -59.439  1.929 0.5000000000
15574  8.543  -59.516  0.597 0.6999999881
15583  7.716  -59.999  -0.336 0.6000000238
15589  13.503  -59.572  -0.558 0.4000000060
15592  6.771  -60.321  -1.175 0.6000000238
15593  6.160  -59.949  -0.993 0.6999999881
15594  5.562  -59.756  -0.339 0.6999999881
15604  13.057  -59.496  -1.689 0.6999999881
15606  11.061  -60.216  -2.983 0.6999999881
15608  6.287  -59.034  -1.385 0.6000000238
15619  11.545  -59.751  -3.417 0.6999999881
15629  12.417  -59.318  -3.989 0.6000000238
15639  12.704  -59.789  -4.973 0.6999999881
15640  11.806  -59.981  -4.846 0.8000000119
15671  16.517  -59.462  -7.746 0.6999999881
15681  17.480  -59.050  -8.056 0.5000000000
16356  14.276  -58.493  2.563 0.4000000060
16359  11.643  -58.489  2.447 0.4000000060
16369  10.972  -58.390  2.227 0.4000000060
16370  10.333  -58.671  2.003 0.4000000060
16371  9.416  -58.954  1.591 0.5000000000
16379  15.780  -58.421  0.453 0.3000000119
16381  9.183  -58.567  0.655 0.6000000238
16382  5.417  -57.988  0.039 0.6999999881
16392  7.678  -59.478  -1.350 0.6000000238
16393  5.816  -58.486  -0.782 0.6000000238
16408  15.506  -57.903  -3.262 0.5000000000
16411  7.359  -58.712  -2.694 0.5000000000
16422  15.552  -58.138  -4.174 0.6000000238
16451  15.895  -58.351  -5.861 0.5000000000
16452  15.088  -58.908  -5.489 0.5000000000
17126  12.143  -57.838  2.367 0.4000000060
17129  5.306  -57.932  2.438 0.6000000238
17140  5.583  -57.043  1.154 0.6999999881
17160  16.300  -56.888  -1.110 0.4000000060
17176  6.287  -58.347  -1.575 0.6000000238
17188  11.283  -57.350  -4.575 0.3000000119
17904  7.964  -56.043  1.540 0.6000000238
17912  12.438  -56.415  -0.089 0.3000000119
17915  6.031  -56.485  0.609 0.6999999881
17923  6.102  -56.781  -0.371 0.6999999881
17932  7.070  -57.299  -2.152 0.6000000238
17945  7.632  -58.280  -2.951 0.5000000000
18625  9.549  -55.119  2.289 0.6000000238
18641  9.463  -55.160  1.674 0.5000000000
18643  7.471  -55.725  0.579 0.5000000000
18654  13.278  -55.408  0.316 0.3000000119
18658  7.166  -55.609  -0.226 0.5000000000
19304  10.295  -54.274  2.335 0.5000000000
19332  9.357  -54.252  0.163 0.5000000000
19350  8.963  -54.026  -0.800 0.5000000000
19365  9.126  -54.347  -1.724 0.5000000000
19381  9.657  -55.141  -2.838 0.6000000238
19993  8.437  -53.528  3.076 0.3000000119
20010  8.689  -53.020  2.674 0.4000000060
20024  11.373  -53.541  1.446 0.4000000060
20036  11.638  -53.002  0.631 0.4000000060
20071  11.006  -53.109  -1.763 0.4000000060
20082  12.116  -53.428  -3.262 0.3000000119
20097  12.858  -54.277  -4.584 0.3000000119
20721  11.867  -52.561  2.017 0.5000000000
20722  11.442  -52.711  2.263 0.5000000000
20723  10.492  -52.659  2.475 0.4000000060
20726  7.810  -52.612  3.207 0.4000000060
20761  11.290  -52.905  -0.397 0.4000000060
20777  11.015  -52.998  -1.066 0.4000000060
20794  11.685  -52.835  -2.195 0.3000000119
21485  11.599  -52.083  2.154 0.5000000000
21489  8.030  -51.886  2.973 0.4000000060
21568  13.954  -52.397  -4.306 0.3000000119
22325  8.979  -49.484  2.378 0.3000000119
22341  10.747  -50.167  1.826 0.3000000119
23153  7.830  -49.833  3.877 0.5000000000
23165  8.954  -48.524  2.422 0.3000000119
23209  12.964  -49.625  -0.879 0.3000000119
23958  9.500  -48.399  4.057 0.3000000119
23970  8.779  -48.305  3.052 0.3000000119
24802  9.713  -47.106  2.889 0.3000000119
24816  11.000  -46.160  1.924 0.3000000119
24818  9.820  -47.202  2.208 0.3000000119
114375  11.709  -68.260  -7.356 0.6999999881
115225  9.440  -62.676  2.222 0.8000000119
116059  13.952  -62.433  -0.820 0.6999999881
117034  10.471  -69.254  -5.912 0.6000000238
118181  16.529  -74.549  -11.169 0.6000000238
118221  12.978  -57.857  2.543 0.4000000060
118446  13.124  -59.396  -4.597 0.6999999881
119434  14.872  -67.705  -9.854 0.5000000000
119853  6.344  -61.446  2.878 0.5000000000
120054  9.907  -69.472  -5.818 0.5000000000
120146  10.988  -66.481  0.339 0.5000000000
120574  18.734  -67.664  -5.227 0.5000000000
121416  15.111  -58.107  -2.418 0.5000000000
121565  18.000  -68.641  -2.386 0.5000000000
121611  25.097  -83.455  -1.134 0.4000000060
121956  23.634  -85.666  9.403 0.4000000060
122444  13.059  -64.806  -3.854 0.5000000000
122596  19.786  -76.033  -11.556 0.6999999881
122880  13.448  -64.643  -4.238 0.5000000000
123147  8.230  -49.327  5.032 0.3000000119
123167  18.075  -81.087  -0.726 0.3000000119
123287  5.213  -58.431  0.945 0.6999999881
123367  8.013  -61.619  4.707 0.5000000000
123670  18.974  -67.024  -6.466 0.5000000000
125102  15.525  -57.841  -1.137 0.4000000060
125673  17.961  -75.187  -8.896 0.6999999881
125963  16.593  -66.876  -6.779 0.6000000238
126357  12.476  -65.788  1.622 0.6000000238
126895  9.232  -71.107  -2.567 0.6000000238
127162  5.685  -57.215  1.964 0.6000000238
127305  22.023  -81.333  -8.843 0.5000000000
127408  11.254  -62.513  -0.972 0.6999999881
127694  17.038  -78.896  -9.217 0.4000000060
127695  19.366  -62.800  -9.564 0.5000000000
128445  14.699  -68.085  -4.532 0.6000000238
128669  21.447  -82.765  -4.297 0.3000000119
129031  14.372  -61.899  -2.447 0.8000000119
129499  19.449  -73.010  -12.323 0.5000000000
130490  17.801  -70.676  -1.637 0.5000000000
130696  9.202  -62.253  -0.711 0.8000000119
131343  12.820  -66.040  -0.088 0.5000000000
132872  24.324  -86.051  3.012 0.4000000060
132927  12.053  -60.254  -0.147 0.6000000238
133123  7.412  -63.230  1.406 0.6999999881
133341  12.571  -62.827  0.729 0.6000000238
133737  9.748  -49.756  2.126 0.4000000060
133760  12.182  -63.004  3.868 0.6000000238
134157  7.979  -54.975  -1.238 0.5000000000
134267  20.971  -80.994  8.000 0.3000000119
134792  16.658  -62.689  -8.664 0.5000000000
134952  9.939  -62.964  1.763 0.6999999881
134989  7.202  -56.323  1.545 0.5000000000
135324  8.499  -56.059  2.250 0.6000000238
135329  15.095  -59.929  -6.355 0.6000000238
135893  18.207  -74.836  -11.548 0.6999999881
136110  20.392  -78.984  -2.873 0.4000000060
136336  25.491  -83.833  4.184 0.4000000060
136391  13.530  -63.737  1.526 0.6000000238
136467  17.307  -76.889  -3.372 0.6000000238
136918  13.518  -65.654  -0.116 0.6000000238
136949  16.066  -73.378  -11.752 0.6000000238
137245  13.700  -67.081  -11.454 0.5000000000
137303  25.103  -85.437  4.794 0.3000000119
137346  26.168  -83.213  2.333 0.3000000119
137418  21.545  -74.503  -1.502 0.3000000119
