#!ascii label  , from subject sub-v2s17x50050_ses-1 vox2ras=TkReg
1740
91702  -48.021  -8.125  22.312 0.0000000000
94483  -60.344  -4.589  12.449 0.0000000000
93427  -55.400  -6.943  33.481 0.0000000000
91738  -56.732  -8.685  19.376 0.0000000000
87925  -54.369  -11.804  25.605 0.0000000000
98284  -56.025  -0.966  19.080 0.0000000000
100139  -53.764  0.283  24.214 0.0000000000
153365  -42.841  3.895  23.037 0.0000000000
83108  -49.434  -17.394  28.331 0.0000000000
90806  -51.920  -9.369  18.756 0.0000000000
94450  -55.545  -5.253  16.624 0.0000000000
95302  -51.660  -4.860  20.899 0.0000000000
96132  -54.346  -3.027  35.438 0.0000000000
98149  -58.510  -1.320  30.825 0.0000000000
159452  -50.780  -3.253  29.452 0.0000000000
98235  -46.891  -1.607  23.442 0.0000000000
101959  -46.608  2.367  27.456 0.0000000000
98388  -58.482  -0.871  9.450 0.0000000000
89806  -46.951  -10.439  27.899 0.0000000000
93455  -50.643  -6.678  27.639 0.0000000000
88904  -58.199  -11.462  21.899 0.0000000000
159363  -55.287  -10.009  22.452 0.0000000000
87961  -50.570  -12.749  20.914 0.0000000000
85107  -50.496  -16.038  24.686 0.0000000000
97298  -61.199  -2.048  15.803 0.0000000000
102085  -60.530  3.143  15.821 0.0000000000
96234  -55.641  -3.227  25.770 0.0000000000
100157  -60.344  0.940  23.934 0.0000000000
102970  -55.917  2.985  17.339 0.0000000000
100237  -51.039  0.541  16.921 0.0000000000
102057  -45.457  2.432  17.608 0.0000000000
91721  -49.484  -8.231  20.555 0.0000000000
93506  -51.531  -6.688  19.207 0.0000000000
93474  -50.026  -6.014  22.196 0.0000000000
98116  -50.774  -1.345  34.191 0.0000000000
96170  -52.730  -4.062  32.620 0.0000000000
98141  -48.354  -1.477  31.899 0.0000000000
98156  -46.584  -1.873  29.723 0.0000000000
97355  -59.074  -2.483  10.732 0.0000000000
91668  -46.039  -8.765  31.052 0.0000000000
90691  -47.977  -9.411  30.485 0.0000000000
88874  -54.379  -11.025  24.339 0.0000000000
88903  -53.366  -11.361  21.704 0.0000000000
152615  -52.939  -12.500  23.259 0.0000000000
84105  -49.736  -16.794  26.177 0.0000000000
85116  -45.332  -15.031  23.553 0.0000000000
88871  -44.387  -11.772  24.762 0.0000000000
87040  -43.033  -13.455  24.877 0.0000000000
92637  -59.447  -7.347  19.129 0.0000000000
97278  -55.377  -2.650  17.469 0.0000000000
96302  -58.776  -3.614  16.428 0.0000000000
98299  -57.963  -1.368  16.398 0.0000000000
100250  -60.392  0.874  15.261 0.0000000000
100226  -58.345  0.823  17.817 0.0000000000
93437  -52.741  -6.690  30.341 0.0000000000
95259  -53.149  -4.792  27.342 0.0000000000
94358  -55.324  -4.896  30.065 0.0000000000
99159  -55.990  -0.345  27.610 0.0000000000
99162  -59.478  -0.041  27.557 0.0000000000
156773  -57.228  1.697  24.691 0.0000000000
156817  -58.523  3.026  20.490 0.0000000000
101117  -55.051  1.983  20.866 0.0000000000
102059  -53.700  2.176  17.087 0.0000000000
100187  -52.133  0.448  20.659 0.0000000000
99204  -43.233  -0.323  23.724 0.0000000000
137052  -45.839  -0.934  19.899 0.0000000000
101115  -43.176  1.684  20.356 0.0000000000
103807  -44.661  4.538  18.480 0.0000000000
148866  -42.458  6.067  21.017 0.0000000000
90809  -54.879  -9.205  18.714 0.0000000000
92648  -56.300  -7.470  17.450 0.0000000000
93516  -53.344  -6.802  17.691 0.0000000000
148486  -53.440  -4.493  18.361 0.0000000000
96268  -53.825  -3.192  19.881 0.0000000000
94295  -57.476  -4.930  35.827 0.0000000000
148958  -58.489  -4.088  32.695 0.0000000000
96174  -57.275  -3.022  33.945 0.0000000000
97183  -54.509  -2.169  29.817 0.0000000000
98181  -52.758  -1.465  27.064 0.0000000000
99207  -50.514  -0.698  23.479 0.0000000000
97217  -49.052  -2.172  26.420 0.0000000000
98191  -44.586  -1.083  26.479 0.0000000000
101975  -44.440  2.213  25.492 0.0000000000
100281  -58.542  0.549  12.774 0.0000000000
90726  -46.851  -8.855  25.089 0.0000000000
92589  -48.883  -6.898  25.192 0.0000000000
90711  -48.790  -8.877  27.841 0.0000000000
91669  -50.847  -8.855  30.592 0.0000000000
91652  -52.643  -8.563  33.176 0.0000000000
93397  -49.888  -6.756  34.522 0.0000000000
93401  -53.628  -7.238  34.939 0.0000000000
90767  -59.147  -9.440  21.656 0.0000000000
90749  -57.711  -9.646  22.805 0.0000000000
90780  -55.705  -9.536  20.836 0.0000000000
89883  -53.956  -10.201  19.851 0.0000000000
89880  -51.430  -10.711  19.494 0.0000000000
87024  -54.702  -13.331  27.616 0.0000000000
84091  -52.156  -16.116  28.827 0.0000000000
85076  -52.584  -15.375  27.177 0.0000000000
87046  -52.987  -13.861  25.152 0.0000000000
86145  -51.044  -14.369  22.610 0.0000000000
89841  -46.588  -10.438  22.801 0.0000000000
94470  -63.459  -5.656  13.989 0.0000000000
93543  -58.818  -5.843  17.045 0.0000000000
95367  -61.765  -3.907  17.038 0.0000000000
96351  -63.039  -3.420  12.200 0.0000000000
99343  -61.644  -1.004  11.584 0.0000000000
101215  -60.588  1.799  13.095 0.0000000000
157418  -60.059  4.458  12.945 0.0000000000
94384  -51.083  -5.185  24.727 0.0000000000
96241  -53.544  -3.623  23.466 0.0000000000
97248  -55.530  -2.544  22.757 0.0000000000
96215  -58.016  -3.076  28.338 0.0000000000
97232  -58.157  -2.097  24.520 0.0000000000
156327  -58.266  -0.291  21.506 0.0000000000
101130  -60.809  2.654  19.769 0.0000000000
102972  -59.509  3.996  17.296 0.0000000000
104702  -57.350  5.655  13.132 0.0000000000
99244  -48.916  -0.936  20.163 0.0000000000
100220  -47.388  -0.044  16.968 0.0000000000
103007  -47.320  3.793  13.416 0.0000000000
104689  -46.577  5.750  14.896 0.0000000000
105515  -44.037  7.014  14.697 0.0000000000
146723  -48.555  -8.709  21.355 0.0000000000
92610  -49.415  -7.471  21.061 0.0000000000
92593  -48.436  -7.472  22.437 0.0000000000
98138  -49.502  -1.578  32.948 0.0000000000
99131  -47.761  -0.196  31.041 0.0000000000
95404  -59.844  -3.817  12.160 0.0000000000
88868  -54.604  -10.994  25.143 0.0000000000
88873  -53.848  -11.618  24.081 0.0000000000
87931  -53.556  -12.415  24.499 0.0000000000
85105  -45.145  -15.785  23.877 0.0000000000
86121  -43.954  -14.465  24.189 0.0000000000
91739  -58.368  -8.308  19.932 0.0000000000
92620  -58.219  -7.982  19.182 0.0000000000
97271  -55.069  -2.186  18.233 0.0000000000
97279  -56.172  -2.167  17.069 0.0000000000
98295  -56.276  -1.298  17.513 0.0000000000
100238  -57.640  -0.136  17.031 0.0000000000
99275  -57.082  -0.028  18.144 0.0000000000
93432  -53.735  -6.617  31.310 0.0000000000
94351  -54.091  -5.702  30.294 0.0000000000
94345  -54.995  -5.873  31.477 0.0000000000
99182  -55.324  0.058  25.985 0.0000000000
100127  -57.002  1.105  25.912 0.0000000000
100141  -55.585  0.990  24.531 0.0000000000
142116  -55.684  1.801  22.951 0.0000000000
101093  -54.902  1.578  22.513 0.0000000000
101116  -53.532  1.254  20.487 0.0000000000
100166  -52.556  0.400  22.317 0.0000000000
101081  -42.595  1.665  23.321 0.0000000000
100175  -42.774  0.876  21.788 0.0000000000
102009  -42.370  2.370  22.095 0.0000000000
153903  -42.506  3.951  21.266 0.0000000000
103786  -42.531  4.947  22.320 0.0000000000
90807  -52.805  -9.338  18.528 0.0000000000
91751  -53.764  -8.358  17.834 0.0000000000
92632  -52.437  -7.763  18.229 0.0000000000
94411  -51.297  -5.434  20.665 0.0000000000
94429  -52.414  -5.531  18.847 0.0000000000
95315  -52.326  -4.882  19.537 0.0000000000
96272  -53.485  -3.711  19.124 0.0000000000
96266  -52.810  -3.884  20.660 0.0000000000
96117  -56.271  -3.825  36.308 0.0000000000
149796  -58.287  -3.808  35.130 0.0000000000
96155  -56.072  -3.477  34.420 0.0000000000
149439  -52.277  -3.677  30.918 0.0000000000
96195  -54.274  -3.112  31.203 0.0000000000
97167  -52.976  -2.866  29.975 0.0000000000
97194  -53.397  -2.098  28.787 0.0000000000
160737  -51.514  -2.389  28.155 0.0000000000
98179  -50.996  -1.918  26.868 0.0000000000
97191  -49.564  -2.960  28.384 0.0000000000
100099  -45.888  0.256  28.648 0.0000000000
98166  -45.716  -1.350  28.433 0.0000000000
100098  -45.285  0.159  27.971 0.0000000000
101056  -44.098  1.010  26.196 0.0000000000
101967  -45.505  2.278  26.486 0.0000000000
99341  -58.908  0.262  11.471 0.0000000000
137924  -47.467  -9.697  26.873 0.0000000000
91689  -48.127  -8.344  26.275 0.0000000000
90710  -48.293  -9.753  28.309 0.0000000000
90681  -48.801  -9.117  32.003 0.0000000000
90693  -49.489  -9.492  30.445 0.0000000000
151042  -50.124  -9.400  31.616 0.0000000000
91663  -51.700  -8.957  32.244 0.0000000000
91640  -50.568  -8.728  33.697 0.0000000000
95219  -48.428  -4.596  33.867 0.0000000000
93399  -51.644  -6.854  34.657 0.0000000000
95207  -51.216  -4.986  34.985 0.0000000000
94291  -53.092  -5.127  35.688 0.0000000000
95188  -51.571  -3.198  36.438 0.0000000000
89872  -59.406  -10.286  21.218 0.0000000000
139751  -58.812  -10.766  21.650 0.0000000000
90741  -57.439  -9.851  23.520 0.0000000000
90764  -56.128  -9.650  22.697 0.0000000000
90765  -56.449  -9.453  21.826 0.0000000000
157362  -55.529  -9.780  21.792 0.0000000000
147431  -54.780  -9.854  20.269 0.0000000000
89871  -54.320  -10.318  20.771 0.0000000000
88902  -52.561  -11.846  21.195 0.0000000000
88914  -52.469  -11.466  20.453 0.0000000000
87974  -50.893  -12.041  20.410 0.0000000000
84077  -50.802  -16.935  29.014 0.0000000000
84107  -51.273  -16.170  26.758 0.0000000000
85083  -51.490  -15.749  25.941 0.0000000000
86098  -52.700  -14.925  26.320 0.0000000000
86122  -51.754  -14.942  24.576 0.0000000000
86135  -51.933  -14.321  23.897 0.0000000000
86133  -50.678  -15.082  23.103 0.0000000000
139572  -45.959  -9.927  24.018 0.0000000000
88878  -45.405  -11.410  23.744 0.0000000000
93558  -63.298  -6.304  14.496 0.0000000000
93531  -55.802  -6.747  16.956 0.0000000000
93533  -57.579  -6.680  17.165 0.0000000000
155132  -57.554  -5.518  16.522 0.0000000000
97286  -59.698  -2.332  16.302 0.0000000000
96303  -59.935  -3.300  16.449 0.0000000000
97288  -61.702  -2.811  16.076 0.0000000000
96322  -63.380  -3.662  14.910 0.0000000000
158802  -61.983  -2.324  14.485 0.0000000000
98341  -62.682  -2.052  12.193 0.0000000000
98323  -61.598  -1.771  13.986 0.0000000000
101182  -60.293  1.729  15.696 0.0000000000
100262  -60.743  0.889  14.271 0.0000000000
151788  -60.556  2.455  14.287 0.0000000000
102127  -60.079  2.473  12.883 0.0000000000
103013  -60.387  4.005  13.983 0.0000000000
93458  -49.774  -6.787  26.356 0.0000000000
93463  -49.995  -6.052  25.097 0.0000000000
94374  -50.905  -5.826  26.270 0.0000000000
95268  -54.295  -3.943  26.707 0.0000000000
139839  -53.017  -4.171  24.988 0.0000000000
96237  -54.698  -3.355  24.702 0.0000000000
97247  -54.630  -3.016  22.734 0.0000000000
96238  -55.468  -2.946  24.377 0.0000000000
96186  -59.107  -2.427  31.838 0.0000000000
96206  -58.516  -3.268  30.085 0.0000000000
96207  -59.021  -2.460  29.784 0.0000000000
99184  -60.241  0.317  25.124 0.0000000000
143120  -59.666  -1.598  26.329 0.0000000000
98241  -59.538  -1.162  24.144 0.0000000000
98256  -57.850  -1.330  22.947 0.0000000000
99234  -59.182  0.017  21.950 0.0000000000
100190  -59.672  0.992  20.779 0.0000000000
100191  -60.323  1.564  21.395 0.0000000000
102959  -57.387  3.041  19.045 0.0000000000
102960  -58.578  3.463  18.610 0.0000000000
141582  -57.462  3.540  17.092 0.0000000000
103822  -58.298  4.639  15.455 0.0000000000
102997  -56.290  3.949  15.720 0.0000000000
103845  -55.000  5.272  13.267 0.0000000000
141606  -55.416  3.880  15.419 0.0000000000
143706  -52.425  1.413  17.121 0.0000000000
102082  -52.455  2.527  15.081 0.0000000000
98236  -48.468  -1.395  23.519 0.0000000000
99217  -49.921  -0.734  22.256 0.0000000000
160397  -47.618  -1.407  21.848 0.0000000000
100208  -45.310  0.354  18.409 0.0000000000
145741  -46.648  -0.362  18.108 0.0000000000
100219  -46.057  0.754  17.276 0.0000000000
101175  -46.891  1.700  15.386 0.0000000000
102080  -46.709  2.719  15.346 0.0000000000
103843  -46.838  4.783  14.835 0.0000000000
102969  -46.066  3.931  16.772 0.0000000000
105479  -43.666  6.579  18.452 0.0000000000
105498  -45.158  6.930  16.298 0.0000000000
106302  -43.913  7.796  16.212 0.0000000000
105504  -42.638  6.909  14.747 0.0000000000
91735  -50.523  -9.069  19.446 0.0000000000
92631  -51.706  -7.666  18.711 0.0000000000
92618  -50.488  -7.480  19.859 0.0000000000
93497  -50.456  -6.674  20.448 0.0000000000
94399  -50.642  -5.662  21.701 0.0000000000
96153  -54.114  -3.614  34.253 0.0000000000
96151  -52.006  -3.379  33.733 0.0000000000
165768  -50.540  -3.518  32.508 0.0000000000
96191  -49.693  -3.595  30.773 0.0000000000
96202  -48.575  -3.289  29.784 0.0000000000
98146  -47.183  -1.785  30.550 0.0000000000
100089  -47.238  0.235  30.179 0.0000000000
97363  -58.617  -1.692  9.770 0.0000000000
165828  -46.653  -9.663  29.596 0.0000000000
90709  -48.000  -10.030  28.952 0.0000000000
90690  -47.065  -8.896  30.960 0.0000000000
89836  -54.724  -10.499  23.681 0.0000000000
89843  -54.063  -10.875  22.197 0.0000000000
88889  -54.142  -10.942  23.057 0.0000000000
87948  -53.193  -11.994  22.939 0.0000000000
87946  -51.919  -13.007  21.943 0.0000000000
158360  -49.130  -17.253  27.463 0.0000000000
84114  -48.711  -17.094  25.101 0.0000000000
87050  -46.087  -13.668  22.971 0.0000000000
87929  -44.841  -11.986  24.029 0.0000000000
87936  -44.770  -13.464  23.697 0.0000000000
87927  -43.553  -12.954  24.687 0.0000000000
95361  -55.716  -4.371  16.626 0.0000000000
95362  -56.729  -4.357  16.432 0.0000000000
96300  -56.873  -3.536  16.440 0.0000000000
140192  -57.692  -2.204  16.396 0.0000000000
141053  -59.467  -1.611  16.194 0.0000000000
98307  -60.702  -1.113  15.434 0.0000000000
99292  -59.265  -0.183  16.193 0.0000000000
100240  -58.836  0.431  16.525 0.0000000000
101155  -60.108  1.978  17.486 0.0000000000
92563  -51.805  -6.882  29.457 0.0000000000
94370  -51.832  -5.665  27.453 0.0000000000
94361  -52.687  -5.585  28.490 0.0000000000
162461  -53.895  -4.919  28.576 0.0000000000
95261  -55.004  -3.979  27.760 0.0000000000
98170  -56.820  -0.697  29.193 0.0000000000
99150  -59.108  -0.280  29.198 0.0000000000
100104  -57.640  0.488  27.605 0.0000000000
100128  -58.127  1.337  26.177 0.0000000000
101074  -59.147  1.862  24.491 0.0000000000
102002  -59.386  2.361  22.841 0.0000000000
102001  -58.362  2.491  22.604 0.0000000000
102024  -56.779  2.562  20.645 0.0000000000
102036  -55.603  2.415  19.349 0.0000000000
102073  -54.836  2.749  16.918 0.0000000000
101140  -54.085  1.861  18.714 0.0000000000
101138  -52.764  1.112  18.999 0.0000000000
100210  -51.629  0.380  18.953 0.0000000000
98233  -45.337  -1.546  23.371 0.0000000000
98251  -46.212  -1.518  22.185 0.0000000000
98249  -44.543  -1.149  22.022 0.0000000000
100186  -44.052  0.101  20.245 0.0000000000
101126  -44.365  1.547  19.024 0.0000000000
102958  -45.251  3.252  17.954 0.0000000000
161533  -43.926  3.061  19.381 0.0000000000
104654  -43.500  5.330  19.515 0.0000000000
105470  -42.673  6.887  19.885 0.0000000000
91737  -55.785  -9.007  19.080 0.0000000000
92634  -56.801  -8.113  18.295 0.0000000000
91765  -55.020  -8.166  17.642 0.0000000000
92646  -54.621  -7.508  17.382 0.0000000000
93530  -54.520  -6.076  17.033 0.0000000000
93514  -52.139  -6.932  18.499 0.0000000000
155055  -53.240  -5.961  17.837 0.0000000000
94440  -54.198  -5.401  17.274 0.0000000000
95329  -54.241  -4.053  17.758 0.0000000000
97270  -54.543  -2.628  18.651 0.0000000000
97260  -54.987  -2.102  19.998 0.0000000000
148993  -56.708  -6.248  34.726 0.0000000000
94341  -56.578  -5.683  32.971 0.0000000000
94343  -58.155  -4.642  34.112 0.0000000000
95221  -59.137  -3.105  33.714 0.0000000000
97161  -58.630  -2.071  32.402 0.0000000000
96172  -54.716  -3.731  32.824 0.0000000000
97159  -56.206  -2.370  31.688 0.0000000000
98147  -56.728  -1.353  30.308 0.0000000000
98169  -55.729  -1.065  28.813 0.0000000000
99157  -54.237  -0.839  27.007 0.0000000000
99180  -53.514  -0.449  25.477 0.0000000000
99209  -52.182  -0.194  23.679 0.0000000000
98208  -51.543  -1.175  25.596 0.0000000000
98206  -49.717  -1.510  25.176 0.0000000000
98217  -47.445  -1.851  24.845 0.0000000000
97189  -47.637  -2.788  28.346 0.0000000000
97214  -46.594  -2.283  26.332 0.0000000000
139337  -45.655  -1.830  25.185 0.0000000000
99191  -43.966  -1.078  24.855 0.0000000000
101062  -43.151  1.243  24.675 0.0000000000
102909  -43.858  2.920  24.254 0.0000000000
91698  -47.450  -8.021  23.634 0.0000000000
92591  -48.225  -7.241  23.427 0.0000000000
91693  -47.939  -7.744  25.178 0.0000000000
91690  -48.653  -7.827  26.396 0.0000000000
92578  -49.602  -7.618  27.551 0.0000000000
90700  -48.603  -9.707  29.202 0.0000000000
90702  -49.934  -8.852  29.332 0.0000000000
92562  -51.066  -7.580  29.344 0.0000000000
92558  -51.689  -7.560  30.063 0.0000000000
92553  -52.775  -7.838  31.765 0.0000000000
92550  -53.895  -7.849  33.230 0.0000000000
92531  -49.553  -7.919  34.545 0.0000000000
92533  -51.246  -7.790  34.474 0.0000000000
91630  -53.185  -8.150  34.146 0.0000000000
92536  -54.674  -7.431  34.517 0.0000000000
93377  -55.183  -6.456  35.464 0.0000000000
95192  -55.181  -4.520  36.402 0.0000000000
97087  -54.340  -2.956  36.807 0.0000000000
161193  -59.633  -9.184  21.200 0.0000000000
91725  -58.481  -8.655  20.859 0.0000000000
88883  -58.030  -10.676  23.210 0.0000000000
88905  -58.484  -10.691  22.455 0.0000000000
90750  -58.482  -9.629  22.230 0.0000000000
91724  -57.663  -8.920  21.053 0.0000000000
91723  -56.982  -8.878  20.356 0.0000000000
90796  -55.312  -9.460  19.707 0.0000000000
139576  -54.382  -9.697  19.284 0.0000000000
90794  -52.547  -10.041  18.978 0.0000000000
88915  -53.136  -11.242  20.828 0.0000000000
89881  -52.271  -10.644  19.455 0.0000000000
90793  -51.696  -10.075  19.092 0.0000000000
90778  -50.164  -9.935  19.725 0.0000000000
85056  -53.495  -15.498  29.416 0.0000000000
84099  -51.288  -16.325  27.613 0.0000000000
85067  -52.520  -15.701  28.142 0.0000000000
85068  -53.324  -15.320  28.530 0.0000000000
86087  -53.624  -14.489  27.202 0.0000000000
87041  -53.510  -13.703  25.883 0.0000000000
87047  -53.551  -13.066  25.212 0.0000000000
157285  -52.622  -13.700  24.299 0.0000000000
87062  -52.133  -13.320  22.725 0.0000000000
150290  -51.091  -13.285  21.511 0.0000000000
90745  -47.338  -9.293  22.452 0.0000000000
90737  -46.477  -9.369  23.714 0.0000000000
90725  -46.407  -9.600  25.453 0.0000000000
89814  -46.144  -10.452  26.685 0.0000000000
89798  -46.095  -10.474  28.285 0.0000000000
92685  -61.581  -6.668  13.496 0.0000000000
93564  -62.250  -5.898  13.455 0.0000000000
94485  -62.049  -5.248  12.907 0.0000000000
92650  -58.083  -7.202  17.893 0.0000000000
93534  -59.378  -6.304  17.769 0.0000000000
95364  -58.468  -4.511  16.474 0.0000000000
94455  -60.186  -4.821  17.095 0.0000000000
95345  -62.409  -4.479  17.632 0.0000000000
95374  -63.910  -4.456  15.274 0.0000000000
96343  -63.459  -4.176  12.867 0.0000000000
95393  -61.933  -4.004  12.188 0.0000000000
96361  -61.883  -2.742  11.385 0.0000000000
97357  -61.147  -1.973  10.982 0.0000000000
98381  -60.453  -0.586  10.403 0.0000000000
99310  -60.901  -0.040  13.857 0.0000000000
99342  -60.993  -0.165  11.744 0.0000000000
158639  -60.206  0.341  11.070 0.0000000000
101223  -59.966  1.531  12.296 0.0000000000
100271  -59.092  1.606  13.049 0.0000000000
161141  -58.151  3.948  12.858 0.0000000000
93470  -49.282  -6.332  23.201 0.0000000000
94390  -50.240  -5.610  22.976 0.0000000000
95286  -51.643  -4.631  22.508 0.0000000000
95271  -52.194  -4.790  25.678 0.0000000000
95277  -52.503  -4.283  24.275 0.0000000000
95282  -52.336  -4.197  22.719 0.0000000000
96251  -53.309  -3.576  22.002 0.0000000000
97254  -54.654  -2.688  21.276 0.0000000000
98277  -55.725  -1.668  20.648 0.0000000000
95239  -56.493  -4.510  30.387 0.0000000000
95250  -56.329  -3.882  28.937 0.0000000000
96231  -56.663  -3.133  26.896 0.0000000000
97221  -59.380  -1.829  27.097 0.0000000000
97227  -58.744  -2.315  26.198 0.0000000000
97226  -57.460  -2.590  25.644 0.0000000000
97239  -56.554  -2.203  23.237 0.0000000000
98269  -56.470  -1.526  21.675 0.0000000000
99248  -57.002  -0.587  20.428 0.0000000000
100199  -58.244  0.574  19.330 0.0000000000
101142  -60.859  2.781  18.273 0.0000000000
102027  -60.093  3.032  20.921 0.0000000000
102962  -60.463  3.686  18.573 0.0000000000
102986  -60.313  4.007  16.482 0.0000000000
103850  -59.939  5.052  14.071 0.0000000000
103861  -59.070  5.210  12.859 0.0000000000
160714  -53.907  3.633  14.841 0.0000000000
99219  -51.223  -0.309  22.439 0.0000000000
139232  -50.424  -0.370  19.875 0.0000000000
99273  -50.210  -0.264  18.248 0.0000000000
99243  -47.428  -1.137  20.177 0.0000000000
99271  -48.328  -0.669  18.453 0.0000000000
100235  -49.549  0.163  16.424 0.0000000000
101177  -48.540  0.966  14.829 0.0000000000
102104  -47.729  2.834  13.072 0.0000000000
103881  -47.335  4.619  10.933 0.0000000000
103820  -45.797  5.155  17.069 0.0000000000
105506  -45.834  6.741  14.974 0.0000000000
104619  -44.728  5.444  23.423 0.0000000000
105443  -44.268  6.812  22.884 0.0000000000
107020  -43.272  7.765  21.859 0.0000000000
107805  -42.810  8.947  20.192 0.0000000000
107831  -42.389  9.297  18.699 0.0000000000
91711  -48.443  -8.117  21.779 0.0000000000
88860  -54.947  -10.958  26.055 0.0000000000
88867  -54.111  -11.697  24.815 0.0000000000
87924  -53.926  -12.352  25.219 0.0000000000
84120  -44.660  -16.381  24.264 0.0000000000
91754  -57.570  -8.283  19.218 0.0000000000
98288  -55.485  -1.538  18.654 0.0000000000
98294  -55.646  -1.750  17.806 0.0000000000
98289  -56.025  -1.053  18.224 0.0000000000
99284  -56.560  -0.617  17.840 0.0000000000
99274  -56.575  -0.490  18.605 0.0000000000
93433  -54.375  -6.567  31.848 0.0000000000
93434  -55.190  -6.412  32.461 0.0000000000
99196  -54.059  0.037  24.939 0.0000000000
100125  -54.953  0.357  25.175 0.0000000000
100140  -54.571  0.539  24.387 0.0000000000
101082  -55.076  1.385  23.187 0.0000000000
100155  -54.317  0.963  23.031 0.0000000000
100167  -53.410  0.675  22.627 0.0000000000
100154  -53.584  0.479  23.460 0.0000000000
102917  -42.801  2.955  23.296 0.0000000000
101998  -42.485  2.321  22.899 0.0000000000
102926  -42.458  3.137  22.561 0.0000000000
153679  -42.410  4.060  22.193 0.0000000000
161701  -42.670  4.454  22.639 0.0000000000
91750  -52.992  -8.550  18.109 0.0000000000
91749  -52.144  -8.562  18.469 0.0000000000
94412  -51.721  -5.212  20.153 0.0000000000
95303  -52.202  -4.527  20.398 0.0000000000
95304  -52.644  -4.223  19.939 0.0000000000
95296  -52.250  -4.279  21.303 0.0000000000
155482  -55.755  -3.477  36.119 0.0000000000
163208  -56.258  -3.484  35.452 0.0000000000
96133  -55.208  -3.431  35.136 0.0000000000
140963  -51.151  -3.429  29.941 0.0000000000
159919  -52.433  -3.307  30.359 0.0000000000
96205  -52.051  -3.054  29.743 0.0000000000
97180  -51.887  -2.659  28.966 0.0000000000
97179  -51.037  -2.877  28.888 0.0000000000
97192  -50.506  -2.728  28.305 0.0000000000
96212  -50.060  -3.260  29.118 0.0000000000
101046  -46.530  1.170  28.687 0.0000000000
101045  -45.791  0.898  28.190 0.0000000000
101050  -46.167  1.619  27.886 0.0000000000
101049  -45.324  1.126  27.512 0.0000000000
101958  -45.819  1.985  27.195 0.0000000000
97372  -58.140  -1.164  9.235 0.0000000000
98387  -57.738  -0.970  9.161 0.0000000000
98378  -57.451  -0.830  9.565 0.0000000000
99357  -59.074  -0.045  10.387 0.0000000000
90714  -47.601  -10.055  27.653 0.0000000000
90672  -49.247  -8.858  32.946 0.0000000000
90673  -49.712  -9.254  32.188 0.0000000000
91650  -50.125  -9.039  32.985 0.0000000000
90674  -50.467  -9.287  32.229 0.0000000000
91639  -49.664  -8.600  33.726 0.0000000000
95206  -50.781  -3.990  35.390 0.0000000000
95189  -51.788  -4.129  35.785 0.0000000000
88916  -58.211  -11.479  20.956 0.0000000000
90779  -54.999  -9.947  21.098 0.0000000000
89858  -54.687  -10.315  21.766 0.0000000000
87962  -51.628  -12.487  21.120 0.0000000000
88901  -51.792  -11.793  20.436 0.0000000000
83109  -50.206  -17.155  28.652 0.0000000000
85093  -51.002  -15.887  25.328 0.0000000000
85094  -51.609  -15.383  25.224 0.0000000000
85108  -51.145  -15.502  24.593 0.0000000000
86134  -51.287  -15.049  23.867 0.0000000000
85122  -50.611  -15.600  23.916 0.0000000000
161208  -46.479  -11.987  22.646 0.0000000000
88879  -45.936  -11.720  23.049 0.0000000000
152410  -63.319  -5.581  17.961 0.0000000000
93540  -56.221  -5.903  16.579 0.0000000000
94452  -56.901  -5.292  16.445 0.0000000000
97287  -60.735  -2.541  16.293 0.0000000000
97299  -61.915  -2.555  15.263 0.0000000000
98308  -61.439  -1.785  15.016 0.0000000000
101170  -60.474  2.576  16.251 0.0000000000
151226  -60.595  1.688  14.743 0.0000000000
158513  -60.413  2.972  14.915 0.0000000000
102096  -60.418  3.264  14.030 0.0000000000
93459  -50.445  -6.429  26.738 0.0000000000
144007  -50.215  -6.210  25.908 0.0000000000
93456  -51.127  -6.039  27.125 0.0000000000
138800  -54.982  -3.575  26.376 0.0000000000
95273  -54.122  -3.833  26.012 0.0000000000
96233  -54.756  -3.479  25.499 0.0000000000
139308  -55.359  -3.164  25.100 0.0000000000
97172  -59.094  -2.023  31.382 0.0000000000
145964  -59.141  -2.004  30.617 0.0000000000
97184  -59.155  -1.528  30.043 0.0000000000
99211  -60.403  0.166  24.403 0.0000000000
99197  -60.202  -0.646  24.872 0.0000000000
99222  -60.350  0.029  23.627 0.0000000000
99221  -59.689  -0.204  22.848 0.0000000000
100168  -59.992  0.494  22.349 0.0000000000
100180  -60.327  1.265  22.224 0.0000000000
102971  -56.627  3.155  17.585 0.0000000000
138335  -57.509  3.292  18.046 0.0000000000
102998  -57.329  3.989  16.095 0.0000000000
103831  -56.024  4.584  14.827 0.0000000000
154722  -55.651  3.481  16.186 0.0000000000
101166  -51.697  1.233  16.449 0.0000000000
101165  -50.861  0.859  16.037 0.0000000000
100248  -50.026  0.630  15.767 0.0000000000
142255  -47.665  -1.496  23.182 0.0000000000
98253  -48.215  -1.337  22.466 0.0000000000
98252  -47.115  -1.521  22.531 0.0000000000
159563  -45.063  1.091  18.207 0.0000000000
99269  -45.984  0.181  17.906 0.0000000000
101149  -45.674  1.597  17.351 0.0000000000
101150  -46.142  1.433  16.713 0.0000000000
102058  -45.887  2.352  16.952 0.0000000000
102980  -46.439  3.512  16.004 0.0000000000
102968  -45.731  3.161  17.237 0.0000000000
106286  -43.262  7.344  18.130 0.0000000000
105488  -44.073  6.956  17.632 0.0000000000
149542  -50.659  -8.182  19.453 0.0000000000
91722  -50.089  -8.262  19.925 0.0000000000
93485  -49.523  -6.774  21.685 0.0000000000
93496  -49.850  -6.887  20.944 0.0000000000
93486  -50.201  -6.294  21.301 0.0000000000
94410  -50.793  -5.861  20.900 0.0000000000
97129  -51.687  -2.641  34.209 0.0000000000
97128  -50.864  -2.347  33.788 0.0000000000
98137  -48.955  -1.176  32.518 0.0000000000
97149  -49.611  -2.445  32.667 0.0000000000
97158  -49.196  -2.838  31.981 0.0000000000
96178  -49.595  -3.400  31.571 0.0000000000
97157  -48.525  -2.433  31.642 0.0000000000
97166  -48.217  -2.804  30.925 0.0000000000
97156  -47.841  -2.050  31.203 0.0000000000
101035  -48.632  1.509  30.446 0.0000000000
101040  -47.213  1.089  29.442 0.0000000000
96359  -58.068  -3.185  11.003 0.0000000000
96371  -58.166  -2.368  10.093 0.0000000000
140709  -59.471  -1.680  10.194 0.0000000000
150114  -46.391  -9.216  30.245 0.0000000000
90699  -47.243  -9.503  29.994 0.0000000000
89830  -54.969  -10.385  24.575 0.0000000000
88881  -54.152  -11.096  23.710 0.0000000000
87940  -53.368  -12.143  23.674 0.0000000000
87947  -52.600  -12.590  22.561 0.0000000000
85117  -46.849  -15.608  23.128 0.0000000000
86132  -46.035  -14.541  23.171 0.0000000000
149979  -45.368  -14.058  23.368 0.0000000000
86131  -44.669  -14.367  23.788 0.0000000000
87044  -43.603  -13.703  24.448 0.0000000000
96285  -55.449  -3.499  16.976 0.0000000000
96299  -56.171  -3.591  16.579 0.0000000000
97284  -55.891  -2.939  16.849 0.0000000000
164556  -57.312  -1.638  16.589 0.0000000000
138940  -56.937  -2.233  16.603 0.0000000000
97285  -58.680  -2.060  16.287 0.0000000000
98300  -58.846  -1.077  16.222 0.0000000000
100225  -57.640  0.261  17.641 0.0000000000
100239  -58.267  0.498  17.079 0.0000000000
163980  -58.640  0.982  17.377 0.0000000000
101168  -59.156  1.194  16.916 0.0000000000
101154  -59.133  1.386  17.753 0.0000000000
93441  -52.471  -6.430  29.633 0.0000000000
93447  -52.135  -6.162  28.892 0.0000000000
93442  -53.043  -6.139  29.859 0.0000000000
94357  -54.458  -5.246  29.796 0.0000000000
94363  -54.117  -5.063  29.052 0.0000000000
95243  -54.915  -4.684  29.224 0.0000000000
95248  -54.433  -4.549  28.392 0.0000000000
95249  -55.503  -4.110  28.561 0.0000000000
99147  -56.380  -0.516  28.404 0.0000000000
99148  -57.541  -0.171  28.779 0.0000000000
99174  -56.677  0.225  27.203 0.0000000000
100142  -56.625  1.311  25.048 0.0000000000
101064  -57.628  1.562  25.356 0.0000000000
100143  -58.866  1.595  25.420 0.0000000000
101073  -58.091  1.889  24.695 0.0000000000
101992  -58.625  2.329  23.272 0.0000000000
101095  -57.532  2.296  23.222 0.0000000000
164215  -55.353  2.055  21.515 0.0000000000
101999  -56.437  2.339  21.996 0.0000000000
102010  -55.971  2.326  21.296 0.0000000000
102037  -56.560  2.633  19.710 0.0000000000
102022  -54.958  2.103  19.848 0.0000000000
102035  -54.799  2.190  18.983 0.0000000000
100188  -52.923  0.782  20.926 0.0000000000
101128  -53.569  1.448  19.445 0.0000000000
101127  -52.726  0.867  19.945 0.0000000000
100211  -52.234  0.776  18.714 0.0000000000
149629  -51.874  0.390  19.831 0.0000000000
155181  -44.400  -1.291  23.316 0.0000000000
98232  -44.915  -1.403  22.652 0.0000000000
141478  -43.773  -0.724  22.314 0.0000000000
101103  -42.925  1.220  21.028 0.0000000000
99239  -43.655  -0.028  20.926 0.0000000000
100185  -43.523  0.787  20.399 0.0000000000
100196  -44.236  0.657  19.530 0.0000000000
101125  -43.779  1.541  19.679 0.0000000000
102034  -44.144  2.290  19.210 0.0000000000
102033  -43.492  2.347  19.819 0.0000000000
104646  -42.523  5.391  20.944 0.0000000000
103799  -43.277  4.558  19.946 0.0000000000
104647  -42.921  5.176  20.293 0.0000000000
140983  -43.262  6.261  19.311 0.0000000000
105463  -42.506  6.717  20.695 0.0000000000
91753  -55.354  -8.659  18.239 0.0000000000
92645  -53.881  -7.594  17.550 0.0000000000
91764  -54.350  -8.106  17.622 0.0000000000
151311  -54.947  -6.773  17.070 0.0000000000
93529  -54.162  -6.801  17.315 0.0000000000
92619  -51.066  -7.556  19.296 0.0000000000
94430  -52.991  -5.393  18.293 0.0000000000
93515  -52.671  -6.263  18.262 0.0000000000
94439  -53.566  -5.335  17.747 0.0000000000
95342  -53.963  -4.796  17.628 0.0000000000
96273  -54.019  -3.138  18.963 0.0000000000
97263  -54.430  -2.612  19.490 0.0000000000
97259  -54.470  -2.659  20.386 0.0000000000
93379  -56.849  -5.804  35.421 0.0000000000
94327  -57.496  -5.441  34.482 0.0000000000
94315  -57.512  -5.338  35.269 0.0000000000
137532  -58.105  -3.336  34.738 0.0000000000
96156  -58.703  -3.290  34.222 0.0000000000
97130  -58.559  -2.773  33.914 0.0000000000
97153  -58.906  -2.474  33.229 0.0000000000
97152  -58.090  -2.332  33.140 0.0000000000
96171  -53.791  -3.998  33.053 0.0000000000
96154  -54.880  -3.718  33.758 0.0000000000
96183  -54.127  -3.719  32.126 0.0000000000
97169  -54.868  -2.443  30.585 0.0000000000
96196  -55.241  -2.652  31.269 0.0000000000
157447  -55.746  -2.188  30.932 0.0000000000
97171  -56.825  -1.709  31.075 0.0000000000
97170  -55.669  -1.806  30.212 0.0000000000
98159  -56.185  -1.263  29.601 0.0000000000
98158  -55.008  -1.642  29.215 0.0000000000
98182  -53.272  -1.676  27.901 0.0000000000
98183  -54.337  -1.229  27.741 0.0000000000
146195  -53.564  -1.190  27.101 0.0000000000
99171  -53.760  -0.737  26.338 0.0000000000
99170  -52.973  -0.880  25.950 0.0000000000
98209  -52.269  -1.009  25.725 0.0000000000
161694  -51.906  -1.346  26.135 0.0000000000
97218  -49.941  -2.242  26.944 0.0000000000
98194  -49.815  -1.793  26.008 0.0000000000
147065  -49.012  -1.836  25.619 0.0000000000
144559  -48.968  -1.604  24.825 0.0000000000
97225  -48.243  -2.165  26.069 0.0000000000
97177  -47.264  -2.537  29.960 0.0000000000
138474  -47.920  -3.048  29.278 0.0000000000
97176  -46.968  -2.581  29.070 0.0000000000
98177  -45.452  -1.594  27.528 0.0000000000
98193  -45.906  -2.112  26.966 0.0000000000
98192  -45.208  -1.644  26.713 0.0000000000
97223  -46.559  -2.050  25.412 0.0000000000
98203  -44.981  -1.583  25.892 0.0000000000
142142  -44.759  -1.506  25.037 0.0000000000
98202  -44.265  -1.082  25.695 0.0000000000
155461  -44.101  1.570  25.738 0.0000000000
101063  -43.654  1.036  25.495 0.0000000000
101974  -43.767  1.823  25.164 0.0000000000
101983  -43.436  2.194  24.508 0.0000000000
101984  -44.147  2.538  24.848 0.0000000000
99340  -57.943  -0.309  12.268 0.0000000000
100270  -57.770  0.947  13.595 0.0000000000
91695  -47.359  -8.144  24.671 0.0000000000
91692  -47.594  -8.448  25.669 0.0000000000
91686  -48.423  -8.581  26.944 0.0000000000
91687  -49.018  -8.082  27.259 0.0000000000
92582  -49.362  -7.413  26.781 0.0000000000
142434  -49.345  -8.277  27.986 0.0000000000
139560  -47.999  -9.773  29.625 0.0000000000
140523  -48.723  -9.611  30.038 0.0000000000
90694  -50.126  -9.194  30.055 0.0000000000
91673  -50.590  -8.490  29.715 0.0000000000
91680  -50.277  -8.091  28.964 0.0000000000
91674  -51.184  -8.170  30.062 0.0000000000
143336  -51.979  -8.877  33.118 0.0000000000
91671  -52.036  -8.346  31.530 0.0000000000
91664  -52.403  -8.530  32.418 0.0000000000
92549  -53.135  -8.180  32.715 0.0000000000
91653  -53.215  -8.289  33.576 0.0000000000
94310  -48.910  -5.447  34.079 0.0000000000
155139  -49.240  -7.398  34.643 0.0000000000
164921  -49.913  -7.496  34.562 0.0000000000
92532  -50.367  -7.892  34.464 0.0000000000
93398  -50.628  -7.187  34.555 0.0000000000
93400  -52.703  -7.096  34.806 0.0000000000
151584  -52.160  -7.742  34.503 0.0000000000
92534  -53.021  -7.771  34.524 0.0000000000
92535  -53.850  -7.708  34.540 0.0000000000
93403  -55.444  -6.951  35.040 0.0000000000
93376  -54.230  -6.527  35.375 0.0000000000
95190  -53.320  -3.916  36.562 0.0000000000
95191  -54.138  -4.561  36.326 0.0000000000
95181  -53.976  -3.438  36.873 0.0000000000
95182  -54.694  -3.851  36.695 0.0000000000
147896  -59.503  -10.408  20.312 0.0000000000
90768  -59.655  -9.641  21.211 0.0000000000
91714  -59.235  -8.866  21.296 0.0000000000
91713  -58.498  -9.112  21.624 0.0000000000
89838  -57.539  -10.276  23.721 0.0000000000
89846  -58.159  -10.117  22.834 0.0000000000
90766  -57.568  -9.331  21.934 0.0000000000
90781  -56.758  -9.190  21.040 0.0000000000
90797  -56.229  -9.180  20.059 0.0000000000
90795  -53.447  -9.886  19.031 0.0000000000
89882  -53.120  -10.482  19.569 0.0000000000
89857  -53.850  -10.787  21.282 0.0000000000
89869  -51.999  -11.253  19.867 0.0000000000
89870  -52.792  -11.028  20.050 0.0000000000
90792  -50.899  -10.002  19.332 0.0000000000
89879  -50.620  -10.701  19.703 0.0000000000
87036  -54.440  -12.990  26.851 0.0000000000
84078  -51.515  -16.561  29.082 0.0000000000
153287  -52.297  -16.321  29.508 0.0000000000
84079  -52.971  -15.996  29.878 0.0000000000
85055  -52.764  -15.793  29.080 0.0000000000
83119  -49.872  -16.866  27.016 0.0000000000
84088  -50.008  -16.958  27.869 0.0000000000
84098  -50.625  -16.571  27.351 0.0000000000
85084  -52.023  -15.589  26.562 0.0000000000
85075  -51.915  -15.930  27.415 0.0000000000
85077  -53.185  -15.113  27.662 0.0000000000
86086  -53.091  -14.860  26.965 0.0000000000
86111  -52.551  -14.606  25.501 0.0000000000
86112  -53.046  -14.309  25.852 0.0000000000
87930  -53.164  -13.202  24.596 0.0000000000
163753  -51.354  -14.591  23.277 0.0000000000
87051  -51.746  -14.009  23.013 0.0000000000
87061  -51.449  -13.685  22.258 0.0000000000
87060  -50.645  -13.950  21.943 0.0000000000
153906  -47.050  -10.910  22.281 0.0000000000
88898  -47.615  -11.266  21.876 0.0000000000
160708  -47.523  -10.581  21.925 0.0000000000
90761  -47.785  -9.883  21.758 0.0000000000
89842  -47.134  -10.110  22.327 0.0000000000
90744  -46.747  -9.643  22.949 0.0000000000
89828  -45.490  -10.588  24.292 0.0000000000
140212  -45.679  -10.716  27.029 0.0000000000
89804  -45.485  -10.696  27.606 0.0000000000
91800  -61.834  -7.291  14.008 0.0000000000
93552  -63.863  -5.921  14.718 0.0000000000
93565  -62.870  -6.009  13.901 0.0000000000
94476  -62.900  -5.268  13.347 0.0000000000
92635  -57.738  -7.788  18.473 0.0000000000
92649  -57.207  -7.384  17.646 0.0000000000
93542  -57.963  -6.040  16.761 0.0000000000
146170  -58.440  -6.519  17.437 0.0000000000
96301  -57.673  -3.823  16.400 0.0000000000
95363  -57.573  -4.808  16.418 0.0000000000
95366  -60.626  -4.050  16.824 0.0000000000
95344  -61.275  -4.525  17.513 0.0000000000
95368  -62.811  -4.098  16.824 0.0000000000
160080  -63.484  -4.461  16.313 0.0000000000
96336  -63.576  -3.542  13.875 0.0000000000
96337  -63.725  -4.194  13.583 0.0000000000
96342  -63.456  -3.518  12.967 0.0000000000
95395  -63.048  -4.192  12.571 0.0000000000
96349  -61.592  -3.377  11.735 0.0000000000
96362  -62.495  -2.830  11.613 0.0000000000
145005  -62.143  -1.445  12.072 0.0000000000
97358  -61.995  -2.058  11.251 0.0000000000
98372  -61.681  -1.309  11.161 0.0000000000
98371  -61.152  -1.260  10.775 0.0000000000
99359  -61.023  -0.522  11.010 0.0000000000
99299  -60.182  -0.067  15.659 0.0000000000
98322  -61.054  -1.010  14.485 0.0000000000
99300  -60.759  -0.069  14.967 0.0000000000
100272  -60.824  1.012  13.145 0.0000000000
100284  -60.601  0.934  12.187 0.0000000000
100295  -60.527  0.297  11.379 0.0000000000
100283  -60.307  0.964  11.941 0.0000000000
102111  -59.956  3.715  12.889 0.0000000000
101214  -59.908  2.585  12.742 0.0000000000
142895  -58.878  2.518  13.235 0.0000000000
102110  -59.203  3.680  12.903 0.0000000000
93466  -48.641  -6.838  24.297 0.0000000000
93469  -48.824  -6.673  23.537 0.0000000000
94383  -50.393  -5.620  24.683 0.0000000000
94382  -49.848  -5.909  24.302 0.0000000000
94387  -50.474  -5.414  23.871 0.0000000000
94391  -50.993  -5.062  23.035 0.0000000000
94388  -51.189  -4.905  23.904 0.0000000000
94376  -52.349  -5.167  26.972 0.0000000000
94380  -52.104  -5.075  26.275 0.0000000000
95266  -52.784  -4.657  26.328 0.0000000000
95278  -53.290  -3.862  24.250 0.0000000000
152908  -52.764  -4.019  23.499 0.0000000000
96240  -53.052  -3.761  22.743 0.0000000000
140307  -53.830  -3.414  22.706 0.0000000000
154724  -54.872  -2.714  22.071 0.0000000000
150076  -55.071  -2.281  20.791 0.0000000000
97255  -55.490  -2.216  21.658 0.0000000000
94347  -57.021  -5.136  32.482 0.0000000000
94354  -56.692  -4.871  31.495 0.0000000000
137280  -57.626  -4.272  31.141 0.0000000000
140424  -58.344  -3.160  29.168 0.0000000000
163512  -57.730  -3.576  29.548 0.0000000000
96214  -57.234  -3.510  28.831 0.0000000000
96222  -56.517  -3.375  27.640 0.0000000000
96223  -57.626  -2.972  27.512 0.0000000000
154301  -59.211  0.032  28.530 0.0000000000
98185  -59.370  -0.930  28.738 0.0000000000
98199  -59.726  -1.101  27.068 0.0000000000
97233  -59.272  -1.935  25.388 0.0000000000
150059  -58.285  -2.295  25.211 0.0000000000
97231  -57.202  -2.423  24.680 0.0000000000
150588  -56.660  -2.412  23.972 0.0000000000
97240  -57.374  -2.130  23.922 0.0000000000
99233  -58.342  -0.671  22.333 0.0000000000
98270  -57.356  -1.208  22.195 0.0000000000
99232  -57.338  -0.771  21.411 0.0000000000
141566  -56.526  -1.127  20.826 0.0000000000
152696  -57.648  0.009  19.963 0.0000000000
165192  -58.186  0.138  20.513 0.0000000000
100201  -60.406  1.883  20.455 0.0000000000
100200  -59.414  1.168  19.817 0.0000000000
153024  -60.261  1.898  19.401 0.0000000000
154852  -60.787  2.533  19.032 0.0000000000
102013  -59.227  2.593  22.063 0.0000000000
155085  -59.899  2.717  21.558 0.0000000000
102942  -59.457  3.234  20.428 0.0000000000
102961  -59.650  3.834  18.152 0.0000000000
102951  -59.721  3.637  19.069 0.0000000000
102973  -60.322  3.903  17.546 0.0000000000
102963  -60.763  3.560  18.157 0.0000000000
103824  -59.930  4.471  15.350 0.0000000000
103823  -59.249  4.521  15.722 0.0000000000
103848  -57.305  5.459  13.969 0.0000000000
103849  -59.061  5.431  13.602 0.0000000000
104703  -58.189  5.513  13.020 0.0000000000
103860  -58.114  5.178  12.707 0.0000000000
104721  -56.544  5.543  12.312 0.0000000000
102072  -54.230  2.656  16.596 0.0000000000
102084  -54.055  3.100  15.699 0.0000000000
102071  -53.498  2.496  16.216 0.0000000000
102095  -52.173  2.862  14.275 0.0000000000
102994  -52.768  3.180  14.455 0.0000000000
99193  -51.622  -0.564  24.272 0.0000000000
99220  -51.947  0.010  22.839 0.0000000000
138709  -50.580  -0.585  22.800 0.0000000000
143121  -49.737  -0.740  21.360 0.0000000000
99246  -50.430  -0.448  20.908 0.0000000000
99245  -49.673  -0.706  20.484 0.0000000000
99258  -49.523  -0.661  19.585 0.0000000000
98274  -45.865  -1.180  20.558 0.0000000000
98275  -46.714  -1.328  20.799 0.0000000000
99242  -46.516  -1.100  20.049 0.0000000000
99281  -47.180  -0.344  17.655 0.0000000000
99270  -47.433  -0.616  18.319 0.0000000000
140401  -47.899  -0.477  17.648 0.0000000000
99282  -48.832  -0.450  17.607 0.0000000000
100221  -48.820  -0.137  16.766 0.0000000000
100247  -49.075  0.508  15.583 0.0000000000
100246  -48.031  0.577  15.593 0.0000000000
102081  -47.119  2.198  14.665 0.0000000000
103020  -47.561  3.862  12.454 0.0000000000
164464  -47.731  3.968  11.791 0.0000000000
103870  -47.319  4.586  11.858 0.0000000000
103857  -47.191  4.762  12.960 0.0000000000
153659  -46.816  5.431  14.252 0.0000000000
142808  -46.447  5.500  13.040 0.0000000000
155245  -46.111  5.938  13.713 0.0000000000
161218  -44.846  3.743  18.411 0.0000000000
103814  -45.739  4.508  17.244 0.0000000000
104664  -45.293  5.025  17.692 0.0000000000
106313  -44.671  7.257  15.271 0.0000000000
106304  -45.288  7.014  15.464 0.0000000000
106322  -45.182  6.917  14.953 0.0000000000
104697  -44.428  6.419  14.770 0.0000000000
163483  -44.418  7.506  22.580 0.0000000000
106246  -43.628  7.321  22.428 0.0000000000
107033  -44.469  8.688  21.804 0.0000000000
107806  -43.429  9.231  20.658 0.0000000000
107062  -42.508  8.880  19.472 0.0000000000
91712  -48.944  -8.143  21.181 0.0000000000
92602  -48.939  -7.477  21.708 0.0000000000
92594  -48.999  -6.972  22.228 0.0000000000
98115  -50.054  -1.233  33.516 0.0000000000
99129  -48.970  -0.472  32.411 0.0000000000
99132  -48.341  -0.530  31.799 0.0000000000
100087  -48.494  0.352  31.476 0.0000000000
101030  -48.883  1.129  31.187 0.0000000000
101938  -49.160  2.166  30.136 0.0000000000
96360  -59.971  -2.918  11.550 0.0000000000
165339  -45.727  -8.599  31.845 0.0000000000
85115  -44.448  -15.318  24.036 0.0000000000
91740  -59.358  -8.388  20.524 0.0000000000
92621  -58.973  -7.900  19.603 0.0000000000
92636  -58.550  -7.552  18.729 0.0000000000
99289  -56.741  -0.885  17.246 0.0000000000
99290  -57.326  -0.863  16.790 0.0000000000
99285  -57.113  -0.347  17.435 0.0000000000
100212  -57.860  0.506  18.424 0.0000000000
93438  -53.491  -6.238  30.501 0.0000000000
93439  -54.225  -6.059  30.984 0.0000000000
94352  -54.767  -5.490  30.585 0.0000000000
99173  -55.660  -0.173  26.800 0.0000000000
100116  -56.330  0.461  26.372 0.0000000000
100126  -55.958  0.700  25.490 0.0000000000
101072  -56.478  1.592  24.254 0.0000000000
101084  -56.505  1.936  23.489 0.0000000000
101083  -55.681  1.476  23.694 0.0000000000
101105  -54.844  1.765  21.712 0.0000000000
139355  -54.209  1.522  21.111 0.0000000000
101104  -54.024  1.268  22.031 0.0000000000
148688  -53.563  1.141  21.282 0.0000000000
100177  -52.363  0.453  21.485 0.0000000000
100152  -42.790  0.404  23.431 0.0000000000
99215  -43.167  -0.204  22.833 0.0000000000
100164  -42.742  0.564  22.600 0.0000000000
101102  -42.557  1.697  21.603 0.0000000000
102020  -42.534  2.443  21.292 0.0000000000
102021  -42.903  2.424  20.504 0.0000000000
102932  -42.393  3.186  21.728 0.0000000000
103793  -42.433  4.782  21.552 0.0000000000
104638  -42.460  5.684  21.713 0.0000000000
90808  -53.810  -9.175  18.395 0.0000000000
91752  -54.513  -8.661  17.999 0.0000000000
92633  -53.169  -7.730  17.857 0.0000000000
93498  -51.187  -6.032  20.061 0.0000000000
93507  -52.088  -6.208  18.829 0.0000000000
94422  -51.848  -5.728  19.431 0.0000000000
95328  -52.782  -4.887  18.839 0.0000000000
95316  -52.934  -4.287  19.269 0.0000000000
96267  -53.149  -3.753  19.884 0.0000000000
153455  -53.426  -3.474  20.497 0.0000000000
95194  -57.103  -4.321  36.191 0.0000000000
94296  -57.967  -4.672  35.563 0.0000000000
96118  -57.282  -3.929  36.080 0.0000000000
158705  -57.143  -3.438  35.108 0.0000000000
96181  -52.610  -3.937  31.663 0.0000000000
96182  -53.481  -3.663  31.561 0.0000000000
96194  -53.139  -3.351  30.804 0.0000000000
97168  -53.878  -2.698  30.296 0.0000000000
97182  -53.597  -2.389  29.533 0.0000000000
98157  -54.116  -2.011  29.166 0.0000000000
97193  -52.522  -2.211  28.433 0.0000000000
97208  -52.246  -1.885  27.630 0.0000000000
98180  -51.879  -1.625  26.816 0.0000000000
97207  -51.496  -2.032  27.395 0.0000000000
140565  -50.014  -2.595  27.763 0.0000000000
165880  -48.986  -2.499  27.090 0.0000000000
99146  -45.942  -0.594  29.043 0.0000000000
98167  -46.310  -2.031  28.758 0.0000000000
99145  -45.546  -0.466  28.443 0.0000000000
99156  -45.224  -0.812  27.891 0.0000000000
165558  -44.879  -0.366  27.492 0.0000000000
99155  -44.499  -0.414  26.925 0.0000000000
100103  -44.748  0.318  27.275 0.0000000000
100115  -44.653  1.044  26.835 0.0000000000
101976  -45.175  2.557  25.758 0.0000000000
99356  -58.008  -0.430  10.686 0.0000000000
90720  -47.119  -9.351  26.059 0.0000000000
90721  -47.813  -8.971  26.531 0.0000000000
90715  -48.108  -9.387  27.349 0.0000000000
90692  -48.765  -9.401  30.941 0.0000000000
90682  -49.518  -9.430  31.342 0.0000000000
140265  -50.186  -9.389  30.882 0.0000000000
90683  -50.696  -9.260  31.457 0.0000000000
91662  -51.345  -8.859  31.414 0.0000000000
90675  -51.078  -9.235  32.070 0.0000000000
91651  -51.085  -9.168  32.945 0.0000000000
91641  -51.486  -8.724  33.718 0.0000000000
94311  -49.779  -5.750  34.333 0.0000000000
94312  -50.745  -6.020  34.546 0.0000000000
94313  -51.611  -5.799  34.817 0.0000000000
94314  -52.411  -6.060  35.003 0.0000000000
93375  -53.324  -6.343  35.223 0.0000000000
94290  -52.091  -5.069  35.316 0.0000000000
151993  -52.554  -4.321  36.050 0.0000000000
88917  -58.863  -10.884  20.686 0.0000000000
89859  -58.987  -10.016  21.981 0.0000000000
90748  -56.925  -9.611  23.254 0.0000000000
144247  -57.007  -9.483  22.557 0.0000000000
88922  -51.172  -11.380  19.910 0.0000000000
88913  -50.312  -11.395  20.109 0.0000000000
84106  -50.462  -16.499  26.476 0.0000000000
158324  -50.923  -16.173  26.003 0.0000000000
85095  -52.097  -15.220  25.776 0.0000000000
86110  -52.091  -14.923  25.158 0.0000000000
86123  -52.334  -14.391  24.762 0.0000000000
87945  -47.413  -12.634  22.145 0.0000000000
88886  -47.091  -11.806  22.264 0.0000000000
88885  -46.505  -11.269  22.709 0.0000000000
89835  -45.979  -10.749  23.378 0.0000000000
92671  -63.032  -6.951  15.008 0.0000000000
93551  -63.558  -6.525  15.327 0.0000000000
93532  -56.700  -6.740  16.977 0.0000000000
93541  -57.148  -6.063  16.613 0.0000000000
152472  -59.039  -2.845  16.363 0.0000000000
96304  -61.188  -3.326  16.567 0.0000000000
96305  -62.255  -3.454  16.395 0.0000000000
96306  -63.136  -3.836  15.920 0.0000000000
96321  -62.541  -3.200  15.525 0.0000000000
97300  -62.738  -2.937  14.442 0.0000000000
97322  -63.215  -2.887  13.309 0.0000000000
97337  -63.102  -2.777  12.459 0.0000000000
157918  -62.843  -2.339  12.851 0.0000000000
98340  -62.097  -1.687  12.902 0.0000000000
101199  -60.712  1.801  13.655 0.0000000000
101225  -60.368  1.551  12.520 0.0000000000
148142  -60.425  2.622  13.326 0.0000000000
102112  -60.213  3.699  13.189 0.0000000000
103012  -60.219  4.600  13.504 0.0000000000
93462  -49.542  -6.563  25.551 0.0000000000
93467  -49.338  -6.394  24.730 0.0000000000
94378  -50.657  -5.667  25.412 0.0000000000
95267  -53.626  -4.288  26.602 0.0000000000
95272  -53.361  -4.194  25.761 0.0000000000
96236  -53.881  -3.741  25.060 0.0000000000
139804  -54.067  -3.506  24.163 0.0000000000
96242  -54.323  -3.301  23.438 0.0000000000
148620  -54.729  -3.226  24.040 0.0000000000
96243  -55.101  -2.933  23.517 0.0000000000
97238  -55.923  -2.612  23.702 0.0000000000
96185  -59.133  -2.996  32.020 0.0000000000
96197  -58.530  -3.512  31.041 0.0000000000
97195  -58.848  -2.558  28.686 0.0000000000
164950  -59.765  0.272  26.438 0.0000000000
99175  -59.871  -0.506  26.560 0.0000000000
98210  -59.957  -1.135  25.652 0.0000000000
98223  -59.688  -1.421  24.920 0.0000000000
98222  -58.985  -1.764  24.620 0.0000000000
98240  -58.307  -1.610  23.829 0.0000000000
98257  -58.914  -0.932  23.296 0.0000000000
99250  -58.776  0.269  21.065 0.0000000000
100179  -59.836  0.736  21.646 0.0000000000
101118  -60.508  2.189  21.112 0.0000000000
102038  -57.608  2.874  20.094 0.0000000000
102941  -58.714  3.296  19.671 0.0000000000
138286  -58.542  3.670  17.625 0.0000000000
102984  -58.616  4.070  16.552 0.0000000000
103832  -57.117  4.721  15.005 0.0000000000
103847  -56.544  5.131  14.226 0.0000000000
104701  -56.591  5.548  13.394 0.0000000000
103846  -55.841  5.176  13.839 0.0000000000
103830  -55.167  4.534  14.458 0.0000000000
101167  -53.006  1.912  16.717 0.0000000000
102070  -52.773  2.245  15.907 0.0000000000
101181  -52.075  1.854  15.698 0.0000000000
101180  -51.735  2.182  14.905 0.0000000000
98237  -49.355  -1.168  23.660 0.0000000000
99206  -49.925  -0.841  23.161 0.0000000000
98254  -49.167  -1.095  22.815 0.0000000000
98268  -49.078  -1.068  21.886 0.0000000000
99229  -49.024  -1.064  20.991 0.0000000000
99254  -45.408  -0.507  19.378 0.0000000000
99255  -46.246  -0.814  19.383 0.0000000000
99268  -45.937  -0.378  18.651 0.0000000000
99280  -46.606  0.057  17.387 0.0000000000
100232  -46.639  0.586  16.715 0.0000000000
100233  -47.307  0.519  16.192 0.0000000000
101163  -46.668  1.177  16.054 0.0000000000
103844  -47.108  4.809  13.898 0.0000000000
102993  -46.771  3.726  15.171 0.0000000000
153985  -46.621  4.324  15.590 0.0000000000
103829  -46.565  5.032  15.662 0.0000000000
104662  -43.948  5.781  18.706 0.0000000000
104672  -45.067  5.845  17.539 0.0000000000
105480  -44.394  6.188  17.967 0.0000000000
106296  -44.431  7.284  16.727 0.0000000000
151295  -44.130  7.588  15.542 0.0000000000
105514  -43.352  7.305  14.653 0.0000000000
106319  -43.178  7.775  14.631 0.0000000000
106318  -42.464  8.010  14.330 0.0000000000
91736  -51.285  -8.546  18.979 0.0000000000
93505  -50.910  -6.857  19.752 0.0000000000
92611  -49.943  -7.479  20.450 0.0000000000
143298  -51.182  -5.272  21.325 0.0000000000
96130  -52.578  -2.854  34.602 0.0000000000
96152  -52.926  -3.732  33.701 0.0000000000
154381  -51.952  -3.903  32.966 0.0000000000
97127  -50.109  -1.988  33.386 0.0000000000
96150  -51.143  -3.336  33.258 0.0000000000
96169  -51.974  -4.090  32.194 0.0000000000
96180  -51.533  -3.947  31.418 0.0000000000
96192  -50.763  -3.732  30.698 0.0000000000
96204  -50.271  -3.529  29.976 0.0000000000
96203  -49.371  -3.456  29.866 0.0000000000
96190  -48.755  -3.324  30.470 0.0000000000
97178  -47.976  -3.022  30.195 0.0000000000
164062  -46.764  -1.368  30.206 0.0000000000
98140  -47.664  -1.165  31.244 0.0000000000
99134  -47.096  -0.855  30.569 0.0000000000
99139  -46.487  -0.810  29.823 0.0000000000
100094  -46.483  0.254  29.355 0.0000000000
101951  -46.974  2.078  28.188 0.0000000000
98379  -59.177  -1.036  9.630 0.0000000000
159161  -46.892  -10.283  28.549 0.0000000000
155377  -47.546  -10.181  28.423 0.0000000000
89787  -47.284  -9.992  29.157 0.0000000000
91659  -46.448  -8.596  31.898 0.0000000000
90680  -47.991  -9.016  31.418 0.0000000000
89845  -55.409  -9.989  23.225 0.0000000000
89844  -54.716  -10.430  22.739 0.0000000000
88888  -53.564  -11.418  22.580 0.0000000000
88880  -53.695  -11.504  23.354 0.0000000000
88887  -52.948  -11.927  22.133 0.0000000000
87963  -52.364  -12.394  21.769 0.0000000000
83133  -49.271  -17.093  26.667 0.0000000000
84104  -49.023  -17.154  25.954 0.0000000000
84115  -49.487  -16.762  25.354 0.0000000000
147004  -45.429  -13.154  23.293 0.0000000000
87937  -45.420  -12.274  23.413 0.0000000000
163673  -44.919  -12.716  23.713 0.0000000000
87928  -44.240  -12.725  24.264 0.0000000000
87045  -44.165  -13.679  24.078 0.0000000000
163133  -43.867  -13.253  24.356 0.0000000000
87923  -43.778  -12.214  25.039 0.0000000000
95360  -55.083  -4.773  16.796 0.0000000000
94451  -56.221  -5.039  16.478 0.0000000000
147081  -56.532  -2.899  16.591 0.0000000000
146879  -57.288  -2.948  16.404 0.0000000000
146749  -58.180  -2.926  16.340 0.0000000000
98302  -60.331  -1.712  16.084 0.0000000000
98301  -59.836  -0.946  15.976 0.0000000000
99291  -58.235  -0.376  16.549 0.0000000000
100249  -59.689  0.906  16.095 0.0000000000
101169  -60.084  1.866  16.568 0.0000000000
92571  -51.369  -6.689  28.689 0.0000000000
93446  -51.372  -6.226  27.974 0.0000000000
164944  -51.733  -6.195  28.449 0.0000000000
94372  -53.097  -5.170  28.084 0.0000000000
94356  -53.630  -5.621  29.636 0.0000000000
94362  -53.427  -5.295  28.732 0.0000000000
95247  -53.658  -4.808  28.108 0.0000000000
95260  -54.109  -4.306  27.434 0.0000000000
96229  -54.764  -3.824  27.095 0.0000000000
96230  -55.627  -3.527  27.158 0.0000000000
98161  -58.290  -0.793  30.192 0.0000000000
99141  -58.754  -0.477  29.645 0.0000000000
99149  -58.614  0.012  29.117 0.0000000000
99161  -58.307  0.345  28.305 0.0000000000
100105  -58.598  0.644  27.521 0.0000000000
100117  -57.558  0.788  26.816 0.0000000000
100118  -58.598  1.008  26.824 0.0000000000
100106  -59.377  0.511  26.947 0.0000000000
100129  -59.820  0.931  25.574 0.0000000000
100144  -59.981  1.201  24.814 0.0000000000
101075  -59.917  1.671  24.136 0.0000000000
101087  -60.190  1.645  23.449 0.0000000000
101086  -59.455  2.107  23.643 0.0000000000
102012  -58.142  2.632  21.786 0.0000000000
101094  -56.470  2.197  22.696 0.0000000000
102011  -57.047  2.511  21.501 0.0000000000
102025  -57.849  2.732  20.958 0.0000000000
102050  -56.265  2.696  18.809 0.0000000000
102062  -56.000  2.780  18.000 0.0000000000
102982  -55.461  3.044  16.826 0.0000000000
102061  -55.216  2.641  17.581 0.0000000000
102048  -54.605  2.274  18.173 0.0000000000
102047  -53.879  1.988  17.905 0.0000000000
101129  -54.341  1.826  19.407 0.0000000000
101139  -53.332  1.532  18.449 0.0000000000
101153  -53.163  1.664  17.563 0.0000000000
101152  -52.523  1.135  18.085 0.0000000000
101151  -51.792  0.844  17.466 0.0000000000
100209  -51.106  0.245  17.995 0.0000000000
162470  -46.113  -1.629  23.682 0.0000000000
98234  -46.232  -1.555  22.965 0.0000000000
143695  -45.622  -1.503  22.624 0.0000000000
98250  -45.376  -1.406  21.989 0.0000000000
98264  -45.007  -1.166  21.137 0.0000000000
99228  -43.228  -0.023  21.849 0.0000000000
99240  -44.388  -0.533  20.610 0.0000000000
99253  -44.631  -0.227  19.805 0.0000000000
100197  -44.877  0.126  19.050 0.0000000000
100207  -44.718  0.888  18.718 0.0000000000
101136  -44.811  1.644  18.444 0.0000000000
102045  -44.584  2.193  18.709 0.0000000000
102957  -44.611  2.973  18.705 0.0000000000
102950  -44.315  3.780  18.983 0.0000000000
102940  -43.229  3.116  20.051 0.0000000000
102949  -43.608  3.825  19.625 0.0000000000
104655  -44.187  5.111  18.857 0.0000000000
105471  -42.955  7.097  19.005 0.0000000000
106285  -42.569  7.847  18.623 0.0000000000
150780  -56.106  -8.559  18.507 0.0000000000
91766  -55.837  -8.134  17.820 0.0000000000
92647  -55.423  -7.491  17.346 0.0000000000
93539  -55.289  -6.031  16.750 0.0000000000
152644  -52.717  -7.103  18.058 0.0000000000
155053  -53.799  -6.061  17.407 0.0000000000
94449  -54.835  -5.386  16.849 0.0000000000
95343  -54.942  -4.125  17.093 0.0000000000
96284  -54.820  -3.364  17.557 0.0000000000
96279  -53.870  -3.699  18.488 0.0000000000
96280  -54.335  -3.249  18.217 0.0000000000
97277  -54.762  -2.766  17.976 0.0000000000
97264  -54.915  -2.013  19.094 0.0000000000
98283  -55.534  -1.535  19.579 0.0000000000
147201  -56.156  -6.653  33.979 0.0000000000
93428  -55.989  -6.261  33.128 0.0000000000
93429  -56.740  -6.020  33.817 0.0000000000
94342  -57.365  -5.317  33.476 0.0000000000
95230  -57.957  -4.620  33.066 0.0000000000
95208  -58.294  -4.266  35.343 0.0000000000
154876  -58.728  -3.885  33.592 0.0000000000
95231  -59.030  -3.397  32.864 0.0000000000
96175  -59.236  -2.750  32.938 0.0000000000
97162  -58.977  -2.191  32.134 0.0000000000
98142  -58.106  -1.561  31.499 0.0000000000
96173  -55.762  -3.370  33.270 0.0000000000
96184  -55.261  -3.144  32.120 0.0000000000
97151  -56.692  -2.648  32.732 0.0000000000
97160  -57.533  -1.994  32.130 0.0000000000
98148  -57.690  -1.202  30.670 0.0000000000
98160  -57.293  -0.891  29.954 0.0000000000
98184  -55.341  -0.862  28.051 0.0000000000
98168  -54.148  -1.685  28.536 0.0000000000
99158  -55.016  -0.678  27.276 0.0000000000
99172  -54.711  -0.465  26.507 0.0000000000
99181  -54.382  -0.245  25.715 0.0000000000
99195  -53.251  -0.186  24.716 0.0000000000
100138  -52.995  0.064  23.963 0.0000000000
99194  -52.456  -0.377  24.491 0.0000000000
99178  -51.945  -0.733  25.058 0.0000000000
98221  -51.140  -0.946  24.889 0.0000000000
98196  -51.259  -1.528  26.220 0.0000000000
98207  -50.632  -1.407  25.556 0.0000000000
98220  -50.315  -1.150  24.668 0.0000000000
98219  -49.556  -1.302  24.398 0.0000000000
98218  -48.285  -1.618  24.418 0.0000000000
158713  -47.566  -1.610  23.960 0.0000000000
96211  -48.990  -3.277  29.121 0.0000000000
97190  -48.595  -2.979  28.395 0.0000000000
97203  -47.491  -2.621  27.475 0.0000000000
97188  -46.795  -2.500  28.138 0.0000000000
97202  -46.667  -2.423  27.233 0.0000000000
97215  -47.431  -2.439  26.603 0.0000000000
97224  -47.418  -2.169  25.729 0.0000000000
98216  -46.540  -1.774  24.389 0.0000000000
98215  -45.491  -1.658  24.297 0.0000000000
98214  -44.572  -1.416  24.152 0.0000000000
99190  -43.436  -0.396  24.598 0.0000000000
100124  -43.786  0.291  25.893 0.0000000000
100123  -43.374  0.339  25.108 0.0000000000
100137  -42.978  0.368  24.282 0.0000000000
100136  -42.706  1.079  23.837 0.0000000000
101991  -43.151  2.605  23.887 0.0000000000
102918  -43.449  3.384  23.685 0.0000000000
91699  -47.879  -7.814  22.891 0.0000000000
91696  -47.926  -7.478  24.349 0.0000000000
155185  -48.359  -7.261  24.920 0.0000000000
92586  -48.508  -7.457  25.590 0.0000000000
92587  -49.122  -7.154  25.980 0.0000000000
92583  -49.992  -7.026  27.143 0.0000000000
92579  -50.136  -7.259  27.806 0.0000000000
140353  -49.053  -9.186  28.723 0.0000000000
90701  -49.369  -9.360  29.548 0.0000000000
163221  -49.498  -9.023  29.076 0.0000000000
91679  -49.600  -8.580  28.673 0.0000000000
92569  -49.880  -7.802  28.268 0.0000000000
92570  -50.602  -7.235  28.426 0.0000000000
92564  -52.201  -7.011  30.049 0.0000000000
91670  -51.577  -8.224  30.724 0.0000000000
92559  -52.296  -7.512  30.793 0.0000000000
92560  -53.062  -6.978  31.161 0.0000000000
92554  -53.647  -7.341  32.115 0.0000000000
139357  -54.560  -7.184  32.834 0.0000000000
91627  -50.044  -8.262  34.217 0.0000000000
91628  -50.926  -8.322  34.203 0.0000000000
154439  -51.806  -8.291  34.220 0.0000000000
91629  -52.530  -8.179  34.263 0.0000000000
91642  -52.421  -8.502  33.786 0.0000000000
92546  -53.942  -7.940  34.033 0.0000000000
92551  -54.714  -7.523  33.834 0.0000000000
92537  -55.641  -6.993  34.458 0.0000000000
154044  -56.202  -6.555  35.070 0.0000000000
93378  -56.104  -6.191  35.503 0.0000000000
154850  -53.889  -5.644  35.669 0.0000000000
94292  -54.734  -5.549  35.854 0.0000000000
94294  -56.690  -5.199  35.980 0.0000000000
95193  -56.171  -4.394  36.404 0.0000000000
96116  -55.008  -3.467  36.502 0.0000000000
96115  -54.671  -2.964  36.301 0.0000000000
96106  -53.833  -2.694  37.041 0.0000000000
89873  -59.859  -9.948  20.815 0.0000000000
90782  -60.147  -9.554  20.722 0.0000000000
91726  -59.927  -8.768  20.918 0.0000000000
152752  -57.617  -8.588  20.149 0.0000000000
154911  -53.547  -10.701  20.373 0.0000000000
152293  -51.235  -9.415  19.074 0.0000000000
90777  -49.670  -9.160  20.106 0.0000000000
90763  -49.005  -8.912  20.791 0.0000000000
90746  -47.981  -8.859  21.896 0.0000000000
87917  -54.650  -12.061  26.436 0.0000000000
85048  -53.703  -15.738  30.231 0.0000000000
84089  -50.865  -16.653  28.286 0.0000000000
84090  -51.714  -16.224  28.237 0.0000000000
86068  -54.059  -14.950  28.892 0.0000000000
86080  -53.851  -14.714  28.007 0.0000000000
86088  -54.212  -14.031  27.481 0.0000000000
86099  -53.346  -14.356  26.473 0.0000000000
87035  -53.965  -13.731  26.696 0.0000000000
87916  -54.084  -12.832  25.967 0.0000000000
87939  -52.937  -12.912  23.868 0.0000000000
87052  -52.343  -13.544  23.494 0.0000000000
138024  -52.587  -12.963  23.189 0.0000000000
85121  -50.093  -15.634  23.338 0.0000000000
85135  -49.839  -15.277  22.725 0.0000000000
86144  -50.255  -14.621  22.362 0.0000000000
86143  -49.435  -14.712  22.254 0.0000000000
87073  -50.199  -13.438  21.390 0.0000000000
91701  -47.560  -8.460  22.721 0.0000000000
90738  -46.989  -8.851  23.261 0.0000000000
90732  -46.812  -8.685  24.150 0.0000000000
149532  -46.316  -10.000  23.361 0.0000000000
90731  -46.339  -9.358  24.556 0.0000000000
163363  -47.068  -9.882  26.571 0.0000000000
89815  -46.939  -10.275  27.057 0.0000000000
88872  -44.959  -11.200  24.554 0.0000000000
89805  -46.262  -10.590  27.434 0.0000000000
89786  -46.404  -10.047  29.037 0.0000000000
90698  -45.893  -9.526  29.623 0.0000000000
89785  -45.471  -9.968  28.984 0.0000000000
90697  -44.935  -9.391  29.689 0.0000000000
90689  -45.463  -9.040  30.380 0.0000000000
92684  -60.727  -6.914  13.006 0.0000000000
92678  -62.671  -6.690  14.336 0.0000000000
153264  -62.309  -6.456  13.854 0.0000000000
93572  -61.396  -6.054  13.119 0.0000000000
154395  -61.137  -5.580  12.777 0.0000000000
94484  -61.323  -4.793  12.515 0.0000000000
93517  -58.940  -6.939  18.249 0.0000000000
93518  -59.908  -6.692  18.676 0.0000000000
94453  -58.249  -5.331  16.582 0.0000000000
95365  -59.508  -4.274  16.607 0.0000000000
94442  -60.829  -5.244  17.908 0.0000000000
94443  -61.936  -5.019  18.259 0.0000000000
94456  -63.306  -4.876  17.223 0.0000000000
94464  -64.009  -5.096  16.125 0.0000000000
94465  -64.110  -5.330  15.002 0.0000000000
95381  -63.955  -4.775  14.276 0.0000000000
94477  -63.576  -4.899  13.552 0.0000000000
94486  -62.701  -4.632  12.767 0.0000000000
145674  -62.198  -4.527  12.533 0.0000000000
95392  -61.004  -3.985  12.194 0.0000000000
96348  -60.722  -3.354  11.840 0.0000000000
142836  -60.993  -2.708  11.396 0.0000000000
97346  -62.766  -2.471  11.736 0.0000000000
97356  -60.192  -2.135  10.831 0.0000000000
97364  -60.231  -1.271  10.321 0.0000000000
98380  -59.815  -0.645  10.011 0.0000000000
99371  -59.946  -0.240  10.209 0.0000000000
99311  -61.204  -0.982  13.374 0.0000000000
99326  -61.465  -0.911  12.346 0.0000000000
99325  -60.930  -0.018  12.713 0.0000000000
143623  -60.343  -0.026  10.676 0.0000000000
99358  -59.827  0.073  10.458 0.0000000000
100294  -59.843  0.434  11.107 0.0000000000
100282  -59.717  0.970  12.062 0.0000000000
101224  -60.103  1.726  12.509 0.0000000000
93472  -48.817  -6.805  22.873 0.0000000000
93473  -49.392  -6.473  22.503 0.0000000000
149232  -49.263  -6.306  23.929 0.0000000000
94386  -49.784  -5.900  23.521 0.0000000000
148354  -50.598  -5.486  22.401 0.0000000000
94400  -51.102  -5.125  22.107 0.0000000000
95295  -51.627  -4.726  21.686 0.0000000000
94375  -51.632  -5.505  26.641 0.0000000000
94379  -51.477  -5.275  25.730 0.0000000000
95270  -51.741  -4.853  25.113 0.0000000000
148980  -52.738  -4.464  25.559 0.0000000000
148323  -52.312  -4.525  25.005 0.0000000000
95276  -51.752  -4.670  24.415 0.0000000000
95281  -51.856  -4.499  23.480 0.0000000000
95287  -52.081  -4.340  22.045 0.0000000000
96259  -52.859  -3.796  21.443 0.0000000000
96260  -53.410  -3.484  21.219 0.0000000000
96261  -53.979  -3.108  20.861 0.0000000000
96252  -54.120  -3.171  21.848 0.0000000000
94346  -55.965  -5.620  32.113 0.0000000000
94353  -55.679  -5.232  30.980 0.0000000000
95240  -57.641  -3.884  30.256 0.0000000000
95244  -56.847  -3.935  29.554 0.0000000000
148152  -55.870  -4.350  29.442 0.0000000000
96221  -55.767  -3.685  27.894 0.0000000000
146495  -55.894  -3.285  26.447 0.0000000000
98171  -59.175  -0.849  29.562 0.0000000000
97210  -59.180  -1.955  28.047 0.0000000000
97209  -58.548  -2.625  27.926 0.0000000000
97220  -58.628  -2.440  27.218 0.0000000000
97219  -57.644  -2.727  26.585 0.0000000000
96235  -56.603  -2.947  26.084 0.0000000000
97230  -56.268  -2.802  25.158 0.0000000000
98239  -57.374  -1.796  23.331 0.0000000000
98255  -56.931  -1.691  22.631 0.0000000000
97249  -56.180  -2.059  22.386 0.0000000000
98278  -56.238  -1.068  19.995 0.0000000000
99261  -56.751  -0.493  19.497 0.0000000000
99262  -57.286  0.057  18.978 0.0000000000
100189  -58.633  0.507  20.241 0.0000000000
101156  -60.644  2.725  17.232 0.0000000000
102074  -60.709  3.290  16.849 0.0000000000
148057  -60.129  2.325  22.217 0.0000000000
101108  -60.339  2.530  21.202 0.0000000000
101119  -60.641  2.633  20.512 0.0000000000
165892  -59.823  3.460  19.804 0.0000000000
102952  -60.484  3.470  19.414 0.0000000000
102039  -60.839  3.111  19.805 0.0000000000
160064  -61.003  3.300  18.497 0.0000000000
102063  -60.889  3.320  17.795 0.0000000000
102987  -60.523  3.719  16.261 0.0000000000
102999  -60.334  4.115  15.580 0.0000000000
103835  -60.283  4.417  14.573 0.0000000000
103834  -59.230  5.041  14.749 0.0000000000
103026  -59.571  4.680  12.789 0.0000000000
145442  -58.672  4.691  12.724 0.0000000000
102981  -54.868  3.240  16.144 0.0000000000
102996  -54.607  3.762  15.108 0.0000000000
102083  -53.267  2.973  15.165 0.0000000000
102995  -53.410  3.951  14.013 0.0000000000
100153  -52.758  0.285  23.163 0.0000000000
100176  -51.701  0.180  21.248 0.0000000000
99218  -50.637  -0.483  22.132 0.0000000000
99231  -51.071  -0.255  21.549 0.0000000000
99247  -51.264  -0.032  20.521 0.0000000000
99260  -51.191  0.033  19.626 0.0000000000
99259  -50.774  -0.107  18.950 0.0000000000
100223  -50.222  0.027  17.262 0.0000000000
98266  -46.873  -1.472  21.639 0.0000000000
148678  -47.549  -1.349  21.085 0.0000000000
150326  -48.213  -0.975  19.920 0.0000000000
146761  -46.949  -0.968  19.533 0.0000000000
99256  -47.702  -0.851  19.235 0.0000000000
99257  -48.682  -0.797  19.332 0.0000000000
99272  -49.339  -0.572  18.572 0.0000000000
99283  -49.628  -0.338  17.755 0.0000000000
100236  -50.364  0.422  16.475 0.0000000000
101192  -49.120  1.383  14.223 0.0000000000
158364  -48.785  1.779  13.572 0.0000000000
101176  -47.611  1.359  14.823 0.0000000000
101191  -48.225  1.536  14.077 0.0000000000
102105  -48.286  2.647  12.631 0.0000000000
102119  -48.048  3.349  12.022 0.0000000000
104710  -46.837  5.209  12.712 0.0000000000
103868  -45.985  4.906  12.254 0.0000000000
152089  -45.618  3.810  17.429 0.0000000000
103821  -46.208  4.948  16.515 0.0000000000
104682  -46.344  5.787  15.806 0.0000000000
104673  -45.552  5.589  17.162 0.0000000000
105499  -45.875  6.540  15.853 0.0000000000
105500  -46.246  6.352  15.159 0.0000000000
104686  -43.026  6.004  15.440 0.0000000000
101960  -47.398  2.761  27.672 0.0000000000
102899  -45.580  3.202  25.241 0.0000000000
102910  -45.125  3.435  24.605 0.0000000000
103775  -45.309  3.980  24.175 0.0000000000
103774  -44.845  4.586  23.712 0.0000000000
103773  -43.730  4.259  23.500 0.0000000000
106247  -46.106  7.419  22.562 0.0000000000
104632  -44.092  5.993  23.182 0.0000000000
104631  -43.395  5.657  22.959 0.0000000000
105442  -43.317  6.443  22.638 0.0000000000
105441  -42.694  6.322  22.116 0.0000000000
105455  -42.533  6.543  21.451 0.0000000000
107794  -43.889  9.109  21.239 0.0000000000
107049  -43.179  8.687  20.909 0.0000000000
150969  -42.603  7.346  21.138 0.0000000000
143988  -42.499  8.257  19.955 0.0000000000
107071  -42.366  8.504  18.982 0.0000000000
93402  -54.537  -7.228  35.033 0.0000000000
94293  -55.736  -5.425  35.974 0.0000000000
94328  -58.144  -4.726  35.027 0.0000000000
94355  -52.886  -5.829  29.221 0.0000000000
94360  -52.040  -5.821  28.190 0.0000000000
94371  -52.536  -5.363  27.757 0.0000000000
94389  -49.722  -6.026  22.873 0.0000000000
94454  -59.172  -5.110  16.745 0.0000000000
94457  -63.737  -5.704  16.903 0.0000000000
94471  -63.862  -5.378  14.250 0.0000000000
95183  -55.313  -3.753  36.570 0.0000000000
95195  -57.873  -4.195  35.825 0.0000000000
95220  -58.602  -3.877  34.559 0.0000000000
95234  -57.721  -4.522  32.086 0.0000000000
95235  -58.518  -3.832  31.945 0.0000000000
95387  -63.160  -4.642  12.978 0.0000000000
95394  -62.615  -4.021  12.319 0.0000000000
96107  -54.532  -3.257  36.784 0.0000000000
96134  -56.846  -3.696  35.919 0.0000000000
96135  -57.718  -3.723  35.623 0.0000000000
96167  -49.869  -3.249  32.260 0.0000000000
96168  -51.224  -3.916  32.324 0.0000000000
96177  -48.933  -3.186  31.253 0.0000000000
96179  -50.430  -3.751  31.626 0.0000000000
96193  -51.689  -3.583  30.497 0.0000000000
96198  -59.049  -2.664  30.966 0.0000000000
96213  -56.378  -3.621  28.324 0.0000000000
96250  -52.627  -3.951  22.042 0.0000000000
96323  -63.869  -4.138  14.336 0.0000000000
96350  -62.364  -3.419  11.807 0.0000000000
97086  -53.338  -1.993  37.107 0.0000000000
97131  -59.043  -2.821  33.665 0.0000000000
97148  -48.941  -2.017  32.351 0.0000000000
97150  -50.300  -2.850  32.992 0.0000000000
97154  -59.150  -2.675  33.285 0.0000000000
97165  -47.639  -2.458  30.596 0.0000000000
97181  -52.747  -2.536  29.227 0.0000000000
97196  -59.243  -1.739  29.127 0.0000000000
97204  -48.359  -2.715  27.640 0.0000000000
97205  -49.251  -2.693  27.685 0.0000000000
97206  -50.767  -2.326  27.558 0.0000000000
97216  -48.262  -2.484  26.867 0.0000000000
97321  -62.447  -2.337  13.655 0.0000000000
98143  -58.747  -1.810  31.543 0.0000000000
98150  -58.900  -1.574  30.814 0.0000000000
98162  -58.831  -1.006  30.196 0.0000000000
98176  -44.885  -1.060  27.215 0.0000000000
98178  -46.070  -2.103  27.857 0.0000000000
98195  -50.539  -1.752  26.323 0.0000000000
98197  -52.488  -1.263  26.369 0.0000000000
98198  -53.107  -1.131  26.559 0.0000000000
98204  -45.776  -1.995  26.088 0.0000000000
98205  -48.238  -1.861  25.244 0.0000000000
98238  -50.054  -0.927  23.927 0.0000000000
98263  -44.031  -0.692  21.447 0.0000000000
98265  -45.998  -1.403  21.375 0.0000000000
98267  -48.313  -1.268  21.479 0.0000000000
98276  -48.264  -1.170  20.633 0.0000000000
98298  -56.752  -1.498  16.907 0.0000000000
98358  -62.256  -1.723  11.585 0.0000000000
99140  -57.948  -0.421  29.534 0.0000000000
99160  -57.071  0.028  27.994 0.0000000000
99169  -44.109  -0.441  26.212 0.0000000000
99177  -43.737  -0.439  25.435 0.0000000000
99179  -52.722  -0.590  25.245 0.0000000000
99183  -60.074  0.010  25.834 0.0000000000
99192  -50.797  -0.749  24.111 0.0000000000
99205  -43.790  -0.985  23.978 0.0000000000
99208  -51.268  -0.460  23.368 0.0000000000
99210  -60.189  -0.492  24.120 0.0000000000
99216  -43.726  -0.827  23.133 0.0000000000
99230  -50.365  -0.534  21.640 0.0000000000
99241  -45.165  -0.838  20.205 0.0000000000
99249  -57.835  -0.229  20.801 0.0000000000
99369  -58.328  -0.612  9.710 0.0000000000
99370  -59.248  -0.429  9.895 0.0000000000
100090  -48.111  0.736  30.741 0.0000000000
100114  -44.263  0.300  26.593 0.0000000000
100119  -59.307  0.996  26.264 0.0000000000
100151  -42.558  1.024  23.163 0.0000000000
100156  -54.911  0.971  23.746 0.0000000000
100163  -42.490  1.485  22.501 0.0000000000
100165  -51.787  0.119  21.989 0.0000000000
100169  -60.345  0.819  23.017 0.0000000000
100178  -53.147  0.746  21.771 0.0000000000
100198  -52.264  0.689  19.287 0.0000000000
100218  -45.500  0.912  17.792 0.0000000000
100222  -49.434  -0.182  17.149 0.0000000000
100224  -51.886  0.645  18.244 0.0000000000
100234  -48.709  0.185  16.125 0.0000000000
101071  -42.877  1.853  23.986 0.0000000000
101085  -58.366  2.124  23.924 0.0000000000
101096  -60.334  1.731  22.672 0.0000000000
101106  -55.625  2.065  22.115 0.0000000000
101107  -60.473  1.996  21.862 0.0000000000
101114  -42.727  1.871  20.929 0.0000000000
101137  -45.232  1.691  17.917 0.0000000000
101164  -47.250  1.001  15.570 0.0000000000
101183  -60.469  2.415  15.298 0.0000000000
101207  -48.203  2.108  13.311 0.0000000000
101966  -44.697  1.782  26.238 0.0000000000
101985  -44.860  2.841  25.068 0.0000000000
101990  -42.743  2.290  23.495 0.0000000000
102000  -57.296  2.440  22.313 0.0000000000
102003  -59.996  2.080  23.007 0.0000000000
102023  -55.800  2.361  20.299 0.0000000000
102026  -59.070  2.876  21.200 0.0000000000
102028  -60.542  2.937  20.520 0.0000000000
102046  -44.998  2.390  18.223 0.0000000000
102049  -55.385  2.489  18.467 0.0000000000
102051  -61.095  3.063  19.105 0.0000000000
102060  -54.398  2.415  17.392 0.0000000000
102069  -46.338  2.276  16.138 0.0000000000
102093  -47.256  2.867  13.995 0.0000000000
102882  -47.752  3.388  27.164 0.0000000000
102919  -44.431  3.652  24.048 0.0000000000
102939  -42.660  3.164  20.858 0.0000000000
102943  -60.344  3.274  20.200 0.0000000000
102953  -60.875  3.359  18.927 0.0000000000
102974  -60.668  3.698  17.274 0.0000000000
102983  -56.359  3.422  16.703 0.0000000000
102985  -59.793  4.223  16.517 0.0000000000
103000  -60.398  3.689  15.046 0.0000000000
103006  -47.035  3.844  14.345 0.0000000000
103032  -47.941  4.070  11.120 0.0000000000
103781  -43.059  4.886  22.937 0.0000000000
103794  -42.666  4.623  20.737 0.0000000000
103800  -43.956  4.527  19.233 0.0000000000
103808  -45.268  4.151  17.890 0.0000000000
103833  -58.205  5.303  14.429 0.0000000000
103862  -59.866  5.087  13.119 0.0000000000
103874  -56.212  5.350  11.938 0.0000000000
104618  -43.923  5.172  23.364 0.0000000000
104630  -42.818  5.676  22.487 0.0000000000
104653  -42.761  5.976  20.257 0.0000000000
104663  -44.620  5.402  18.222 0.0000000000
104681  -45.944  5.730  16.571 0.0000000000
104699  -46.526  5.885  14.120 0.0000000000
104700  -46.853  5.416  13.608 0.0000000000
104709  -46.471  5.709  13.597 0.0000000000
104713  -56.624  5.657  12.621 0.0000000000
105431  -45.146  6.191  23.181 0.0000000000
105489  -44.817  6.607  17.185 0.0000000000
105490  -45.462  6.247  16.800 0.0000000000
105507  -46.225  6.338  14.527 0.0000000000
105516  -44.774  6.835  14.792 0.0000000000
105518  -46.237  6.142  14.059 0.0000000000
106245  -42.834  7.092  21.960 0.0000000000
106259  -42.882  8.030  21.198 0.0000000000
106269  -42.618  7.890  20.629 0.0000000000
106278  -42.515  7.722  19.500 0.0000000000
106303  -44.680  7.400  15.880 0.0000000000
106311  -42.716  7.625  14.449 0.0000000000
106312  -43.932  7.460  15.059 0.0000000000
106320  -43.942  7.281  14.783 0.0000000000
106321  -44.501  7.118  14.933 0.0000000000
107021  -44.037  8.025  22.210 0.0000000000
107032  -43.590  8.421  21.584 0.0000000000
107048  -42.743  8.349  20.562 0.0000000000
107820  -42.798  9.489  19.513 0.0000000000
107821  -43.390  9.625  20.137 0.0000000000
138789  -54.285  1.649  20.182 0.0000000000
139348  -57.132  -3.297  28.118 0.0000000000
140496  -56.285  -2.623  24.379 0.0000000000
140758  -46.813  -0.726  18.853 0.0000000000
141794  -48.145  -7.938  25.832 0.0000000000
142036  -45.174  1.660  26.885 0.0000000000
143655  -59.520  -1.026  27.838 0.0000000000
144458  -57.350  1.976  24.064 0.0000000000
145626  -53.316  -3.974  32.213 0.0000000000
145886  -44.519  3.078  24.544 0.0000000000
146310  -46.118  -15.335  23.308 0.0000000000
146563  -56.734  2.966  18.300 0.0000000000
147570  -46.415  4.373  16.143 0.0000000000
148604  -51.393  -3.039  29.385 0.0000000000
149444  -59.832  -0.597  23.602 0.0000000000
149484  -48.068  0.093  16.424 0.0000000000
149836  -46.133  -1.381  29.186 0.0000000000
151138  -58.048  5.575  13.585 0.0000000000
152085  -43.178  0.537  21.191 0.0000000000
152185  -54.527  -4.754  17.185 0.0000000000
152611  -59.065  -2.422  32.795 0.0000000000
154117  -54.232  0.627  23.757 0.0000000000
154812  -42.534  7.478  20.320 0.0000000000
154869  -44.039  9.645  20.681 0.0000000000
155158  -42.951  3.873  20.372 0.0000000000
156044  -46.092  3.072  16.640 0.0000000000
156415  -48.208  -0.252  17.060 0.0000000000
156694  -58.959  5.031  12.656 0.0000000000
157201  -50.061  -0.432  19.046 0.0000000000
157279  -49.195  -8.736  28.313 0.0000000000
157868  -44.019  10.025  20.111 0.0000000000
158301  -45.347  -0.147  18.830 0.0000000000
158592  -44.256  -1.131  22.676 0.0000000000
158933  -52.405  1.705  16.384 0.0000000000
161395  -54.881  -1.328  28.458 0.0000000000
163002  -54.330  -13.536  27.156 0.0000000000
163084  -59.154  -2.504  32.415 0.0000000000
164254  -58.986  0.440  28.073 0.0000000000
164423  -50.973  -6.685  28.193 0.0000000000
164745  -42.863  7.570  21.554 0.0000000000
164963  -58.725  -2.092  24.918 0.0000000000
165476  -59.075  -3.281  11.596 0.0000000000
165615  -48.936  -1.429  24.157 0.0000000000
