#!ascii label  , from subject sub-v2s17x50050_ses-1 vox2ras=TkReg
1093
37452  -11.895  -59.642  56.719 0.0000000000
50485  -36.817  -49.421  45.919 0.0000000000
56218  -33.263  -42.586  44.470 0.0000000000
48235  -31.011  -52.185  48.127 0.0000000000
69148  -42.928  -30.633  30.666 0.0000000000
61893  -37.143  -37.492  34.651 0.0000000000
50423  -38.640  -49.892  50.507 0.0000000000
44627  -34.613  -54.118  45.657 0.0000000000
71064  -48.725  -29.249  33.321 0.0000000000
157256  -52.537  -25.226  31.564 0.0000000000
78403  -54.746  -22.663  29.366 0.0000000000
148758  -38.775  -40.015  42.185 0.0000000000
60829  -34.226  -39.058  38.526 0.0000000000
60846  -40.771  -39.623  37.141 0.0000000000
62930  -43.122  -38.422  32.688 0.0000000000
48213  -24.084  -51.250  49.546 0.0000000000
33743  -7.735  -61.399  58.815 0.0000000000
54218  -35.656  -46.329  45.852 0.0000000000
57383  -37.688  -41.312  47.635 0.0000000000
50465  -26.609  -49.131  45.525 0.0000000000
48341  -31.359  -51.235  41.815 0.0000000000
162129  -53.650  -21.819  23.325 0.0000000000
142108  -57.265  -19.897  27.449 0.0000000000
65203  -40.158  -34.591  31.576 0.0000000000
67320  -47.509  -33.830  31.770 0.0000000000
41066  -13.877  -57.281  53.506 0.0000000000
29115  -5.072  -67.352  56.435 0.0000000000
73274  -50.350  -27.331  32.824 0.0000000000
60819  -39.710  -38.898  39.511 0.0000000000
48229  -21.248  -50.733  48.878 0.0000000000
34963  -9.869  -60.609  58.141 0.0000000000
52337  -36.143  -47.901  43.347 0.0000000000
52326  -36.587  -47.559  46.582 0.0000000000
49314  -29.166  -50.813  47.360 0.0000000000
50494  -29.682  -49.462  43.192 0.0000000000
48283  -30.920  -51.146  45.279 0.0000000000
157378  -36.596  -52.768  45.013 0.0000000000
141121  -33.944  -53.349  43.472 0.0000000000
48325  -35.445  -51.778  42.567 0.0000000000
47061  -29.565  -52.397  49.935 0.0000000000
164331  -27.499  -51.301  48.600 0.0000000000
75430  -48.818  -24.857  27.343 0.0000000000
78444  -52.074  -22.369  24.518 0.0000000000
78418  -55.704  -21.405  28.206 0.0000000000
61862  -35.379  -38.136  36.195 0.0000000000
64099  -38.204  -36.233  32.503 0.0000000000
64122  -45.132  -36.112  31.778 0.0000000000
158658  -18.151  -52.475  52.298 0.0000000000
45731  -16.415  -53.326  54.021 0.0000000000
43275  -14.750  -54.724  55.487 0.0000000000
43309  -15.069  -55.877  52.496 0.0000000000
30153  -6.826  -66.200  55.002 0.0000000000
50442  -38.082  -49.616  48.430 0.0000000000
53268  -37.549  -47.212  48.690 0.0000000000
144754  -38.674  -47.044  51.146 0.0000000000
44569  -33.175  -53.737  49.187 0.0000000000
47115  -32.053  -53.087  46.301 0.0000000000
43425  -34.687  -54.499  48.271 0.0000000000
45859  -36.859  -52.745  48.443 0.0000000000
70094  -46.072  -29.856  31.677 0.0000000000
72222  -47.858  -27.759  31.487 0.0000000000
157757  -49.231  -25.938  30.196 0.0000000000
75422  -50.917  -24.616  29.117 0.0000000000
77444  -52.312  -22.985  27.691 0.0000000000
76389  -53.603  -24.208  30.758 0.0000000000
146776  -36.231  -40.271  43.306 0.0000000000
59751  -33.268  -40.590  41.181 0.0000000000
60800  -36.663  -39.100  40.477 0.0000000000
60844  -37.842  -38.516  38.363 0.0000000000
61875  -38.443  -38.212  35.968 0.0000000000
61922  -40.175  -37.966  34.497 0.0000000000
60895  -42.064  -40.027  34.575 0.0000000000
47013  -22.306  -52.424  51.512 0.0000000000
47035  -19.288  -51.778  50.706 0.0000000000
81186  -58.625  -19.393  22.525 0.0000000000
33730  -5.545  -61.297  58.807 0.0000000000
54227  -35.227  -46.677  43.664 0.0000000000
163641  -34.500  -44.746  45.083 0.0000000000
54188  -36.656  -45.854  48.142 0.0000000000
56209  -35.592  -43.798  47.141 0.0000000000
57406  -35.107  -41.625  45.661 0.0000000000
58605  -38.178  -40.532  44.394 0.0000000000
47151  -32.387  -52.982  44.391 0.0000000000
48196  -26.188  -51.875  50.215 0.0000000000
49297  -25.308  -50.602  48.263 0.0000000000
78428  -53.873  -21.629  26.718 0.0000000000
80278  -55.334  -20.359  25.007 0.0000000000
80280  -57.126  -19.546  24.370 0.0000000000
81165  -58.266  -18.953  25.701 0.0000000000
37496  -11.223  -60.218  52.676 0.0000000000
35016  -9.265  -61.448  54.062 0.0000000000
68234  -41.948  -32.621  31.099 0.0000000000
64102  -42.216  -36.621  32.349 0.0000000000
66265  -43.963  -34.624  31.425 0.0000000000
138745  -45.169  -32.922  31.561 0.0000000000
154056  -47.942  -31.651  32.802 0.0000000000
39925  -13.179  -58.282  55.407 0.0000000000
32482  -7.382  -63.283  56.011 0.0000000000
31246  -5.505  -64.517  56.793 0.0000000000
30127  -3.722  -65.703  57.078 0.0000000000
36189  -10.993  -60.205  57.222 0.0000000000
49380  -36.839  -50.212  43.882 0.0000000000
51430  -36.322  -48.328  44.914 0.0000000000
51431  -36.669  -48.486  45.977 0.0000000000
48245  -29.944  -51.256  47.643 0.0000000000
49329  -30.133  -50.625  46.221 0.0000000000
48266  -31.159  -51.758  46.468 0.0000000000
48308  -36.881  -51.080  45.780 0.0000000000
47153  -36.300  -52.516  44.280 0.0000000000
48327  -36.783  -51.002  43.913 0.0000000000
49379  -36.565  -50.508  43.060 0.0000000000
47063  -31.192  -52.580  49.362 0.0000000000
47021  -30.703  -53.043  50.993 0.0000000000
48219  -30.134  -51.976  48.835 0.0000000000
138081  -28.992  -51.609  48.500 0.0000000000
77464  -51.142  -22.948  25.259 0.0000000000
160398  -33.170  -43.615  44.033 0.0000000000
56231  -32.900  -43.274  42.893 0.0000000000
61873  -36.083  -37.795  35.738 0.0000000000
61920  -35.528  -38.118  33.738 0.0000000000
149026  -37.471  -36.987  33.260 0.0000000000
44528  -16.701  -53.726  50.973 0.0000000000
45769  -16.631  -53.413  53.089 0.0000000000
44516  -16.082  -54.247  52.507 0.0000000000
43310  -15.522  -54.724  53.307 0.0000000000
43324  -15.869  -54.880  51.583 0.0000000000
49301  -38.476  -49.877  49.392 0.0000000000
50432  -38.461  -48.909  49.559 0.0000000000
150736  -38.568  -48.551  50.359 0.0000000000
44539  -34.449  -54.128  49.952 0.0000000000
44570  -33.582  -54.228  48.564 0.0000000000
42209  -35.201  -54.273  49.508 0.0000000000
48200  -38.737  -50.992  50.993 0.0000000000
45844  -37.599  -52.905  49.547 0.0000000000
48236  -38.398  -51.183  49.615 0.0000000000
48248  -37.871  -51.217  48.606 0.0000000000
71081  -47.594  -29.385  32.480 0.0000000000
139768  -46.844  -28.772  31.534 0.0000000000
72211  -48.065  -28.280  32.179 0.0000000000
74318  -51.389  -26.124  31.957 0.0000000000
73290  -49.780  -26.699  31.529 0.0000000000
74328  -51.080  -25.809  31.235 0.0000000000
75412  -50.401  -25.140  29.711 0.0000000000
75413  -51.248  -24.882  29.933 0.0000000000
76399  -52.601  -24.126  29.661 0.0000000000
75407  -53.037  -24.727  31.224 0.0000000000
59733  -37.649  -39.982  42.508 0.0000000000
59754  -36.393  -39.659  41.855 0.0000000000
59773  -37.961  -39.511  41.342 0.0000000000
143832  -39.786  -38.885  38.582 0.0000000000
165180  -38.428  -38.583  38.780 0.0000000000
154377  -38.920  -38.656  38.214 0.0000000000
61865  -38.603  -38.427  36.759 0.0000000000
60858  -40.297  -38.988  36.762 0.0000000000
60893  -40.773  -39.047  35.354 0.0000000000
60859  -40.942  -39.771  36.312 0.0000000000
155263  -24.179  -52.455  50.886 0.0000000000
147368  -23.120  -52.868  51.838 0.0000000000
165488  -23.060  -51.819  50.363 0.0000000000
48209  -19.791  -51.282  49.232 0.0000000000
81180  -59.168  -19.018  23.278 0.0000000000
81181  -59.839  -18.710  23.057 0.0000000000
143497  -6.517  -61.401  59.012 0.0000000000
139340  -35.795  -47.248  44.888 0.0000000000
52336  -35.833  -47.303  43.088 0.0000000000
159399  -35.317  -46.596  44.482 0.0000000000
54216  -35.005  -46.125  44.488 0.0000000000
55231  -35.404  -45.126  45.950 0.0000000000
146259  -37.644  -46.669  49.774 0.0000000000
53267  -37.260  -46.758  48.717 0.0000000000
147880  -37.166  -46.034  49.212 0.0000000000
57370  -37.026  -42.215  48.986 0.0000000000
56190  -36.435  -43.318  48.653 0.0000000000
57382  -35.998  -42.591  47.720 0.0000000000
57393  -35.176  -42.499  46.584 0.0000000000
57407  -36.497  -41.417  46.113 0.0000000000
57420  -36.943  -40.894  45.410 0.0000000000
57408  -37.649  -40.828  45.811 0.0000000000
145378  -30.871  -50.409  43.034 0.0000000000
165902  -33.383  -54.083  45.572 0.0000000000
47134  -32.228  -53.091  45.355 0.0000000000
45896  -33.009  -53.660  44.835 0.0000000000
45950  -33.032  -52.788  41.872 0.0000000000
47018  -27.065  -52.578  51.393 0.0000000000
149195  -27.522  -50.505  47.418 0.0000000000
49298  -26.152  -50.789  48.345 0.0000000000
50439  -26.363  -50.022  46.983 0.0000000000
50449  -24.716  -49.718  46.584 0.0000000000
77435  -53.314  -23.005  28.602 0.0000000000
78416  -53.449  -22.231  27.431 0.0000000000
145334  -54.326  -22.014  27.787 0.0000000000
79348  -56.179  -20.846  27.733 0.0000000000
79355  -55.147  -20.989  26.816 0.0000000000
139592  -56.397  -20.139  26.296 0.0000000000
80279  -56.207  -19.923  24.594 0.0000000000
80272  -56.898  -19.664  25.482 0.0000000000
81170  -57.750  -19.301  25.109 0.0000000000
81160  -57.980  -19.142  26.610 0.0000000000
59771  -34.021  -39.754  40.716 0.0000000000
58659  -32.722  -41.474  40.625 0.0000000000
67336  -40.106  -33.260  30.138 0.0000000000
145178  -40.686  -34.198  31.399 0.0000000000
61924  -41.797  -38.758  33.593 0.0000000000
62928  -41.209  -37.718  33.460 0.0000000000
143456  -42.615  -37.519  32.486 0.0000000000
65208  -46.486  -35.291  31.730 0.0000000000
65207  -44.548  -35.402  31.569 0.0000000000
147085  -45.422  -34.434  31.460 0.0000000000
148362  -44.309  -34.025  31.344 0.0000000000
68236  -46.174  -33.037  31.869 0.0000000000
68237  -46.684  -32.356  32.221 0.0000000000
140944  -47.878  -33.210  31.990 0.0000000000
42131  -14.376  -55.790  54.555 0.0000000000
41042  -13.899  -56.624  55.711 0.0000000000
41030  -13.569  -57.079  56.589 0.0000000000
39938  -13.472  -57.888  54.719 0.0000000000
38705  -12.689  -58.774  53.647 0.0000000000
39948  -13.210  -58.394  53.098 0.0000000000
152804  -8.503  -62.968  53.678 0.0000000000
35003  -8.320  -62.555  54.721 0.0000000000
32501  -7.660  -64.137  54.319 0.0000000000
29116  -6.116  -67.490  55.738 0.0000000000
31262  -6.267  -65.742  55.844 0.0000000000
30141  -5.086  -66.288  56.584 0.0000000000
31245  -4.846  -64.850  57.015 0.0000000000
30140  -4.366  -66.802  56.778 0.0000000000
43332  -37.667  -54.060  51.218 0.0000000000
72181  -50.208  -28.353  33.859 0.0000000000
72196  -49.871  -27.985  33.246 0.0000000000
156488  -51.348  -27.301  33.692 0.0000000000
59756  -38.858  -39.594  41.482 0.0000000000
49284  -22.814  -50.428  48.538 0.0000000000
48230  -22.217  -50.746  49.190 0.0000000000
36149  -10.465  -59.691  59.751 0.0000000000
34962  -9.051  -60.909  58.397 0.0000000000
50502  -36.729  -49.111  42.919 0.0000000000
52330  -36.058  -47.865  44.322 0.0000000000
144506  -35.870  -46.746  45.800 0.0000000000
57397  -39.211  -40.628  46.409 0.0000000000
50453  -28.365  -49.634  46.028 0.0000000000
50467  -28.466  -49.040  44.867 0.0000000000
50454  -29.086  -49.586  45.522 0.0000000000
162730  -30.436  -50.331  44.647 0.0000000000
48323  -31.101  -50.877  43.822 0.0000000000
45898  -35.698  -53.663  45.308 0.0000000000
45914  -34.415  -53.694  44.252 0.0000000000
45915  -35.259  -53.504  44.413 0.0000000000
47171  -35.146  -52.482  42.939 0.0000000000
48342  -35.017  -51.387  41.654 0.0000000000
47045  -29.206  -52.557  50.530 0.0000000000
48198  -27.919  -52.090  49.832 0.0000000000
48217  -28.514  -51.925  49.106 0.0000000000
49313  -28.253  -50.747  47.566 0.0000000000
74346  -47.257  -26.031  28.171 0.0000000000
78445  -52.702  -21.864  24.235 0.0000000000
78396  -55.766  -22.667  30.480 0.0000000000
140363  -55.083  -22.045  28.639 0.0000000000
60843  -34.795  -38.610  37.263 0.0000000000
64121  -38.036  -35.971  31.534 0.0000000000
65181  -39.357  -35.570  32.276 0.0000000000
62932  -44.843  -38.290  32.938 0.0000000000
143454  -44.424  -37.683  32.355 0.0000000000
64107  -46.396  -36.542  32.403 0.0000000000
46988  -19.011  -52.301  52.693 0.0000000000
45749  -18.331  -52.684  53.762 0.0000000000
45718  -16.241  -53.055  55.658 0.0000000000
44490  -15.670  -53.910  54.403 0.0000000000
43297  -14.961  -55.133  54.043 0.0000000000
42149  -14.579  -56.547  52.537 0.0000000000
140088  -14.068  -57.915  51.795 0.0000000000
41091  -14.569  -57.160  51.631 0.0000000000
49345  -37.409  -49.752  47.253 0.0000000000
51424  -37.511  -49.070  47.507 0.0000000000
142690  -38.038  -48.761  48.488 0.0000000000
52293  -37.901  -47.124  49.782 0.0000000000
45841  -31.914  -53.029  48.986 0.0000000000
47114  -31.545  -52.456  46.837 0.0000000000
45857  -32.462  -53.665  47.602 0.0000000000
45858  -33.021  -54.236  47.170 0.0000000000
160456  -34.381  -54.386  46.755 0.0000000000
43407  -36.459  -53.872  49.244 0.0000000000
43440  -35.815  -53.527  47.819 0.0000000000
44613  -35.231  -53.766  46.642 0.0000000000
45900  -36.492  -52.608  46.627 0.0000000000
48286  -36.932  -51.441  46.552 0.0000000000
44537  -32.934  -53.642  50.762 0.0000000000
69150  -45.011  -30.878  31.488 0.0000000000
71092  -43.710  -29.309  30.183 0.0000000000
162540  -45.759  -29.419  31.231 0.0000000000
72220  -46.445  -28.181  30.843 0.0000000000
73298  -47.089  -26.799  29.709 0.0000000000
141676  -49.307  -27.266  31.973 0.0000000000
153039  -48.304  -27.097  31.030 0.0000000000
74336  -47.624  -26.177  29.191 0.0000000000
74348  -48.975  -25.174  28.511 0.0000000000
75431  -49.631  -24.517  27.903 0.0000000000
76421  -50.172  -23.894  27.387 0.0000000000
158387  -51.569  -23.168  27.326 0.0000000000
76423  -51.900  -23.525  28.127 0.0000000000
76413  -53.146  -23.497  29.201 0.0000000000
77426  -54.441  -23.180  29.893 0.0000000000
76382  -54.560  -24.289  31.878 0.0000000000
77419  -55.480  -23.147  30.909 0.0000000000
58615  -34.193  -40.981  43.657 0.0000000000
58630  -32.977  -41.507  42.514 0.0000000000
59730  -34.791  -40.203  42.447 0.0000000000
157862  -34.885  -39.574  41.211 0.0000000000
60799  -35.608  -39.059  40.257 0.0000000000
60801  -37.653  -39.149  40.619 0.0000000000
60817  -37.362  -38.784  39.886 0.0000000000
60830  -36.071  -38.519  38.807 0.0000000000
61851  -36.624  -38.250  37.347 0.0000000000
61874  -37.188  -37.871  35.965 0.0000000000
145376  -37.736  -37.772  35.333 0.0000000000
62906  -38.945  -37.628  34.469 0.0000000000
61895  -39.947  -38.297  34.997 0.0000000000
61896  -40.866  -38.807  34.810 0.0000000000
60913  -42.365  -39.579  33.913 0.0000000000
60896  -43.128  -40.033  34.423 0.0000000000
61926  -44.371  -38.996  33.560 0.0000000000
46990  -20.900  -52.231  52.226 0.0000000000
48191  -21.196  -51.396  50.329 0.0000000000
47036  -20.854  -51.677  50.978 0.0000000000
46989  -19.948  -52.145  52.259 0.0000000000
47010  -18.882  -52.052  51.705 0.0000000000
55243  -34.438  -45.365  44.350 0.0000000000
56219  -33.639  -43.189  45.165 0.0000000000
52318  -37.097  -47.591  47.592 0.0000000000
53273  -36.518  -46.613  47.391 0.0000000000
54198  -36.356  -46.083  47.369 0.0000000000
55209  -36.637  -45.011  48.202 0.0000000000
55220  -35.853  -44.763  46.791 0.0000000000
55219  -35.214  -44.196  46.409 0.0000000000
56213  -34.243  -43.218  45.804 0.0000000000
57418  -33.730  -41.946  45.042 0.0000000000
58604  -35.638  -40.957  44.706 0.0000000000
58617  -36.722  -40.384  43.709 0.0000000000
58635  -38.600  -40.439  43.142 0.0000000000
57423  -39.305  -40.605  45.114 0.0000000000
151749  -39.585  -40.547  43.953 0.0000000000
47133  -31.673  -52.336  45.862 0.0000000000
142642  -31.807  -52.442  44.953 0.0000000000
47168  -31.807  -51.963  42.705 0.0000000000
45913  -33.609  -53.592  44.109 0.0000000000
45930  -32.754  -52.796  42.516 0.0000000000
47016  -25.335  -52.622  51.506 0.0000000000
48214  -24.931  -51.445  49.664 0.0000000000
48216  -26.628  -51.632  49.581 0.0000000000
49287  -25.609  -51.083  48.898 0.0000000000
49286  -24.781  -50.960  48.955 0.0000000000
157434  -23.930  -49.913  47.143 0.0000000000
78426  -52.238  -22.383  26.335 0.0000000000
78437  -52.559  -21.896  25.421 0.0000000000
79362  -53.268  -21.408  24.911 0.0000000000
78417  -55.067  -21.498  27.683 0.0000000000
79354  -54.483  -21.178  26.453 0.0000000000
79371  -53.932  -20.995  24.482 0.0000000000
80284  -55.490  -20.293  23.788 0.0000000000
79382  -55.700  -20.613  22.741 0.0000000000
162007  -56.839  -19.843  22.799 0.0000000000
80286  -57.433  -19.568  23.307 0.0000000000
81171  -58.425  -19.026  24.930 0.0000000000
37480  -11.516  -59.698  54.846 0.0000000000
36211  -10.127  -60.917  55.567 0.0000000000
144518  -10.259  -60.512  53.933 0.0000000000
58649  -32.786  -41.495  41.602 0.0000000000
68256  -42.916  -31.450  30.978 0.0000000000
62927  -39.473  -37.320  33.902 0.0000000000
64101  -40.210  -36.216  32.770 0.0000000000
159080  -40.472  -35.422  32.186 0.0000000000
65184  -43.534  -36.322  31.886 0.0000000000
65183  -42.747  -36.038  31.944 0.0000000000
65205  -42.328  -35.119  31.757 0.0000000000
67315  -42.407  -33.434  31.295 0.0000000000
68235  -42.961  -32.589  31.239 0.0000000000
69149  -43.895  -30.983  31.086 0.0000000000
70074  -45.864  -30.739  31.885 0.0000000000
70076  -47.303  -31.123  32.636 0.0000000000
70058  -48.409  -30.317  33.257 0.0000000000
39901  -12.807  -58.529  57.598 0.0000000000
39913  -13.012  -58.301  56.872 0.0000000000
38684  -12.337  -59.235  56.253 0.0000000000
38704  -12.180  -59.214  54.257 0.0000000000
37511  -11.852  -59.993  52.451 0.0000000000
34989  -9.611  -61.376  56.085 0.0000000000
33765  -8.631  -61.776  57.064 0.0000000000
33763  -7.181  -62.354  57.329 0.0000000000
31263  -6.864  -65.210  55.343 0.0000000000
32481  -6.738  -63.706  56.215 0.0000000000
32460  -6.408  -62.594  57.270 0.0000000000
32450  -5.623  -62.352  57.697 0.0000000000
32458  -4.405  -63.674  57.169 0.0000000000
29114  -3.755  -68.107  56.506 0.0000000000
154924  -3.138  -66.765  56.543 0.0000000000
37437  -11.946  -59.547  57.423 0.0000000000
37436  -11.403  -59.967  57.052 0.0000000000
151034  -36.709  -49.829  44.953 0.0000000000
50484  -36.567  -49.009  44.937 0.0000000000
164529  -30.492  -51.500  47.553 0.0000000000
48246  -30.501  -51.249  46.918 0.0000000000
48247  -30.982  -51.887  47.415 0.0000000000
49362  -36.897  -50.277  45.998 0.0000000000
48307  -36.797  -51.424  44.860 0.0000000000
49361  -36.771  -50.632  44.913 0.0000000000
47077  -30.734  -52.233  48.776 0.0000000000
48234  -30.438  -51.784  48.127 0.0000000000
76434  -50.631  -23.327  25.814 0.0000000000
57431  -33.013  -42.503  43.667 0.0000000000
146655  -36.679  -37.654  35.203 0.0000000000
154105  -35.774  -37.765  34.982 0.0000000000
61892  -36.078  -37.616  34.325 0.0000000000
62904  -36.671  -37.384  33.941 0.0000000000
62925  -36.773  -37.316  33.217 0.0000000000
62905  -37.635  -37.224  34.064 0.0000000000
45792  -16.797  -53.428  52.013 0.0000000000
44527  -16.327  -54.169  51.551 0.0000000000
50427  -38.593  -49.521  50.028 0.0000000000
141748  -38.658  -49.217  50.688 0.0000000000
43352  -35.387  -54.275  50.551 0.0000000000
43376  -34.824  -54.269  49.562 0.0000000000
43353  -35.757  -54.307  50.531 0.0000000000
49278  -38.663  -50.442  50.731 0.0000000000
48220  -38.550  -51.083  50.254 0.0000000000
49290  -38.550  -50.428  49.931 0.0000000000
143565  -38.375  -50.648  49.274 0.0000000000
43328  -35.411  -54.350  51.108 0.0000000000
71082  -48.290  -29.008  32.866 0.0000000000
74319  -52.314  -25.783  32.164 0.0000000000
74329  -51.878  -25.520  31.439 0.0000000000
137142  -51.564  -25.196  30.713 0.0000000000
75406  -52.319  -24.927  30.949 0.0000000000
59734  -38.408  -40.199  42.572 0.0000000000
59755  -37.369  -39.731  41.929 0.0000000000
141940  -38.223  -39.908  42.014 0.0000000000
141480  -40.569  -39.445  37.983 0.0000000000
60845  -40.013  -38.923  37.669 0.0000000000
60857  -39.270  -38.609  37.223 0.0000000000
48193  -23.472  -51.599  50.065 0.0000000000
47039  -23.484  -52.230  50.642 0.0000000000
81173  -59.661  -18.563  23.937 0.0000000000
34949  -8.217  -60.786  60.012 0.0000000000
33727  -7.612  -60.863  60.036 0.0000000000
164852  -7.120  -60.896  60.028 0.0000000000
33732  -7.088  -61.202  59.423 0.0000000000
53283  -35.494  -46.701  45.045 0.0000000000
54217  -35.331  -46.055  45.361 0.0000000000
54181  -37.351  -46.519  49.238 0.0000000000
54166  -37.470  -46.023  49.822 0.0000000000
162775  -36.989  -41.914  48.332 0.0000000000
57369  -36.415  -42.616  48.439 0.0000000000
137988  -36.599  -42.007  47.702 0.0000000000
57394  -35.948  -42.091  46.959 0.0000000000
57395  -37.044  -41.431  46.818 0.0000000000
57396  -38.198  -40.852  46.606 0.0000000000
146947  -26.892  -48.891  44.452 0.0000000000
45897  -34.021  -54.068  45.039 0.0000000000
50440  -27.124  -50.098  46.937 0.0000000000
148281  -26.722  -49.657  46.418 0.0000000000
50451  -26.019  -49.503  46.260 0.0000000000
79378  -54.128  -21.337  23.401 0.0000000000
77436  -53.956  -22.986  29.087 0.0000000000
77446  -53.763  -22.594  28.253 0.0000000000
78402  -54.387  -22.485  28.622 0.0000000000
80265  -56.635  -20.297  27.164 0.0000000000
80266  -57.191  -19.697  26.559 0.0000000000
162541  -57.583  -19.518  27.045 0.0000000000
60814  -34.130  -39.245  39.345 0.0000000000
59787  -33.596  -39.776  39.763 0.0000000000
60813  -33.439  -39.773  38.855 0.0000000000
65202  -39.403  -34.949  31.638 0.0000000000
66260  -38.868  -34.883  30.962 0.0000000000
66261  -39.481  -34.406  31.041 0.0000000000
66262  -40.034  -34.047  31.135 0.0000000000
62929  -42.153  -38.210  32.918 0.0000000000
66267  -46.125  -34.552  31.562 0.0000000000
67318  -45.744  -33.806  31.560 0.0000000000
67319  -46.609  -33.853  31.702 0.0000000000
139102  -47.094  -33.143  31.972 0.0000000000
42130  -14.058  -56.631  54.223 0.0000000000
41055  -14.064  -56.312  55.179 0.0000000000
41054  -13.804  -57.105  55.087 0.0000000000
154271  -13.741  -57.369  54.276 0.0000000000
39949  -13.538  -57.859  53.790 0.0000000000
146710  -8.205  -64.035  53.560 0.0000000000
30142  -5.748  -66.568  56.094 0.0000000000
30128  -4.440  -65.800  56.961 0.0000000000
60788  -39.757  -39.408  41.349 0.0000000000
36160  -10.843  -59.829  58.419 0.0000000000
157355  -10.768  -59.477  59.458 0.0000000000
34958  -10.339  -60.150  58.667 0.0000000000
34957  -9.621  -60.500  58.912 0.0000000000
52331  -36.220  -47.738  45.443 0.0000000000
52325  -36.154  -47.169  45.856 0.0000000000
49327  -28.612  -50.315  46.854 0.0000000000
49328  -29.309  -50.220  46.384 0.0000000000
48265  -30.752  -51.152  45.996 0.0000000000
49343  -30.428  -50.552  45.314 0.0000000000
48304  -30.799  -50.751  44.635 0.0000000000
48305  -31.360  -51.595  44.699 0.0000000000
45916  -36.058  -53.170  44.717 0.0000000000
47172  -35.929  -52.189  43.408 0.0000000000
137629  -36.028  -50.766  42.401 0.0000000000
47046  -30.043  -52.656  50.550 0.0000000000
47020  -29.467  -52.863  51.170 0.0000000000
48199  -28.845  -52.285  49.846 0.0000000000
48233  -29.326  -51.295  47.987 0.0000000000
49300  -28.794  -51.162  47.978 0.0000000000
75429  -48.311  -25.313  27.702 0.0000000000
60855  -34.093  -39.260  36.597 0.0000000000
60856  -34.820  -38.561  36.602 0.0000000000
62951  -37.816  -36.668  32.878 0.0000000000
65180  -38.567  -35.766  32.194 0.0000000000
64100  -39.181  -36.211  32.806 0.0000000000
62956  -45.988  -37.233  32.789 0.0000000000
62955  -45.220  -37.484  32.574 0.0000000000
65209  -47.390  -35.277  31.856 0.0000000000
46975  -19.008  -52.522  53.511 0.0000000000
45770  -18.227  -52.604  53.117 0.0000000000
45748  -17.416  -52.878  53.651 0.0000000000
45732  -17.097  -52.850  54.509 0.0000000000
143119  -16.078  -53.269  54.925 0.0000000000
145063  -15.522  -55.149  52.436 0.0000000000
160618  -15.137  -55.360  53.169 0.0000000000
42140  -14.594  -55.970  53.465 0.0000000000
42150  -14.958  -56.406  51.842 0.0000000000
50455  -37.753  -49.745  47.894 0.0000000000
140964  -37.823  -49.116  48.060 0.0000000000
52294  -38.267  -47.825  49.871 0.0000000000
53248  -38.274  -47.156  50.484 0.0000000000
45825  -32.534  -53.311  49.488 0.0000000000
47079  -31.913  -53.137  48.089 0.0000000000
45842  -32.665  -53.593  48.542 0.0000000000
44571  -34.266  -54.576  48.313 0.0000000000
44591  -33.672  -54.500  47.717 0.0000000000
44611  -33.789  -54.503  46.885 0.0000000000
44592  -34.364  -54.555  47.548 0.0000000000
44531  -38.325  -53.383  51.391 0.0000000000
43378  -37.023  -54.004  50.103 0.0000000000
147512  -37.609  -52.596  49.229 0.0000000000
44595  -36.739  -53.186  48.716 0.0000000000
44594  -36.267  -53.312  48.282 0.0000000000
160961  -35.910  -53.209  46.740 0.0000000000
44629  -35.810  -53.496  46.222 0.0000000000
45879  -36.550  -52.559  47.628 0.0000000000
148803  -37.583  -50.893  48.072 0.0000000000
48267  -36.968  -51.708  47.333 0.0000000000
49330  -37.222  -51.013  47.353 0.0000000000
148480  -37.027  -50.833  46.562 0.0000000000
44538  -33.699  -53.908  50.360 0.0000000000
44549  -33.107  -53.626  49.946 0.0000000000
70093  -45.325  -29.827  31.246 0.0000000000
71096  -47.443  -28.557  31.837 0.0000000000
72221  -47.164  -27.985  31.193 0.0000000000
73288  -46.788  -27.491  30.396 0.0000000000
137239  -47.554  -27.290  30.709 0.0000000000
72213  -49.584  -27.605  32.607 0.0000000000
73282  -50.066  -27.021  32.184 0.0000000000
74326  -49.493  -26.328  30.839 0.0000000000
73289  -49.029  -26.909  31.306 0.0000000000
74325  -48.746  -26.469  30.565 0.0000000000
73299  -47.965  -26.590  30.207 0.0000000000
74337  -48.551  -25.864  29.580 0.0000000000
74338  -49.500  -25.426  29.556 0.0000000000
75421  -49.976  -24.798  28.885 0.0000000000
76410  -50.534  -24.259  28.296 0.0000000000
76422  -51.051  -23.689  27.795 0.0000000000
76411  -51.435  -24.087  28.591 0.0000000000
76400  -53.362  -23.873  30.022 0.0000000000
76414  -53.814  -23.434  29.712 0.0000000000
76401  -54.075  -23.650  30.362 0.0000000000
76391  -55.148  -23.662  31.450 0.0000000000
58616  -35.430  -40.586  43.712 0.0000000000
165868  -34.828  -40.515  43.143 0.0000000000
58632  -35.851  -40.180  42.930 0.0000000000
59753  -35.343  -39.730  41.808 0.0000000000
146670  -35.858  -39.400  41.079 0.0000000000
157218  -34.987  -39.355  40.664 0.0000000000
140452  -38.986  -38.854  40.036 0.0000000000
60802  -38.536  -39.149  40.711 0.0000000000
60832  -38.001  -38.609  39.249 0.0000000000
60831  -37.083  -38.520  39.048 0.0000000000
61844  -36.814  -38.424  38.176 0.0000000000
61843  -35.707  -38.387  37.883 0.0000000000
61864  -37.563  -38.241  36.809 0.0000000000
61894  -38.819  -38.035  35.177 0.0000000000
61876  -39.767  -38.453  35.593 0.0000000000
60894  -41.276  -39.689  34.946 0.0000000000
61897  -41.519  -39.259  34.307 0.0000000000
60897  -44.005  -39.920  34.713 0.0000000000
61898  -44.282  -39.438  34.362 0.0000000000
60914  -43.648  -39.542  33.875 0.0000000000
61927  -45.109  -38.607  33.701 0.0000000000
150949  -21.710  -52.458  52.221 0.0000000000
47012  -21.355  -52.055  51.607 0.0000000000
48211  -21.658  -51.063  49.772 0.0000000000
48190  -20.188  -51.469  50.238 0.0000000000
162519  -20.099  -51.716  51.020 0.0000000000
47011  -20.480  -51.934  51.623 0.0000000000
139931  -19.724  -51.883  51.487 0.0000000000
33739  -4.930  -61.725  58.097 0.0000000000
55244  -34.965  -45.384  45.147 0.0000000000
55242  -33.834  -44.351  44.713 0.0000000000
55229  -34.228  -43.989  45.485 0.0000000000
51414  -37.595  -48.313  47.943 0.0000000000
51423  -37.111  -48.344  47.087 0.0000000000
157156  -37.472  -47.535  48.221 0.0000000000
54189  -37.018  -46.277  48.747 0.0000000000
54199  -36.800  -46.457  48.147 0.0000000000
56202  -35.965  -43.349  47.975 0.0000000000
55193  -36.486  -44.095  48.434 0.0000000000
55208  -36.150  -44.388  47.657 0.0000000000
55221  -36.337  -45.337  47.386 0.0000000000
56207  -34.652  -42.883  46.212 0.0000000000
163621  -34.898  -42.207  46.136 0.0000000000
57405  -34.297  -42.349  45.744 0.0000000000
57419  -34.583  -41.546  45.199 0.0000000000
57421  -37.655  -40.633  45.029 0.0000000000
141789  -37.022  -40.607  44.620 0.0000000000
58618  -37.902  -40.416  43.730 0.0000000000
140185  -39.907  -40.564  46.288 0.0000000000
57410  -39.613  -40.607  45.744 0.0000000000
57411  -39.926  -40.599  45.230 0.0000000000
59710  -39.650  -40.273  43.387 0.0000000000
50481  -28.566  -48.953  43.756 0.0000000000
50493  -28.895  -49.231  43.014 0.0000000000
47097  -31.941  -53.123  47.206 0.0000000000
47150  -31.887  -52.291  43.979 0.0000000000
47169  -32.366  -52.692  43.250 0.0000000000
47041  -25.747  -52.210  50.883 0.0000000000
47040  -24.894  -52.324  50.878 0.0000000000
48195  -25.306  -51.862  50.265 0.0000000000
48231  -27.752  -51.701  49.062 0.0000000000
150709  -27.295  -51.782  49.521 0.0000000000
49289  -27.085  -51.451  49.042 0.0000000000
49288  -26.359  -51.259  48.982 0.0000000000
49296  -24.370  -50.385  48.129 0.0000000000
49310  -24.964  -50.136  47.462 0.0000000000
77456  -51.406  -22.835  26.318 0.0000000000
165925  -52.023  -22.732  27.004 0.0000000000
78427  -53.001  -21.985  26.529 0.0000000000
78438  -53.331  -21.577  25.865 0.0000000000
78404  -55.896  -21.744  29.129 0.0000000000
79365  -55.609  -20.462  26.089 0.0000000000
79364  -54.827  -20.739  25.870 0.0000000000
144340  -54.526  -20.695  25.037 0.0000000000
79372  -54.668  -20.654  24.101 0.0000000000
80285  -56.410  -19.892  23.404 0.0000000000
80292  -56.431  -20.330  22.400 0.0000000000
81178  -58.061  -19.314  24.254 0.0000000000
81172  -58.954  -18.902  24.276 0.0000000000
81166  -58.991  -18.660  25.322 0.0000000000
37479  -10.913  -60.034  53.861 0.0000000000
36233  -10.518  -60.602  52.952 0.0000000000
58650  -33.539  -40.692  42.081 0.0000000000
67337  -40.696  -32.743  30.508 0.0000000000
68233  -41.310  -32.391  30.761 0.0000000000
68255  -41.844  -31.781  30.799 0.0000000000
142512  -40.426  -37.638  33.954 0.0000000000
62954  -41.716  -37.236  32.790 0.0000000000
62953  -40.910  -36.879  33.071 0.0000000000
143742  -41.249  -36.325  32.623 0.0000000000
64105  -44.767  -36.871  32.090 0.0000000000
64104  -43.961  -36.985  32.005 0.0000000000
65185  -44.252  -36.208  31.795 0.0000000000
65206  -43.485  -35.457  31.661 0.0000000000
66264  -42.935  -34.429  31.494 0.0000000000
66263  -41.643  -34.079  31.470 0.0000000000
138518  -44.210  -33.140  31.318 0.0000000000
156678  -44.535  -32.550  31.371 0.0000000000
68257  -43.901  -32.117  31.222 0.0000000000
69130  -44.730  -31.924  31.454 0.0000000000
138176  -45.715  -31.923  31.930 0.0000000000
158463  -47.667  -31.959  32.667 0.0000000000
69132  -47.027  -31.720  32.512 0.0000000000
70077  -47.617  -30.618  32.744 0.0000000000
70078  -48.152  -31.177  32.976 0.0000000000
39926  -13.319  -57.800  56.198 0.0000000000
39914  -13.304  -57.582  56.916 0.0000000000
147383  -12.989  -58.465  56.154 0.0000000000
38675  -12.739  -58.885  56.526 0.0000000000
38685  -12.753  -58.829  55.776 0.0000000000
38694  -12.262  -59.213  55.357 0.0000000000
38695  -12.823  -58.709  54.808 0.0000000000
38714  -12.813  -59.134  52.301 0.0000000000
38713  -12.170  -59.346  52.975 0.0000000000
38724  -12.468  -60.049  51.812 0.0000000000
36221  -9.870  -60.922  54.536 0.0000000000
35005  -9.413  -61.441  55.077 0.0000000000
33785  -8.050  -62.740  55.566 0.0000000000
33775  -8.731  -61.924  56.283 0.0000000000
33774  -7.991  -62.466  56.496 0.0000000000
33764  -7.898  -62.123  57.252 0.0000000000
33773  -7.280  -62.821  56.626 0.0000000000
31273  -7.312  -65.638  54.456 0.0000000000
31255  -5.914  -65.064  56.433 0.0000000000
31256  -6.442  -64.688  56.018 0.0000000000
32480  -6.110  -64.132  56.458 0.0000000000
32471  -6.562  -63.153  56.679 0.0000000000
32470  -5.845  -63.553  56.845 0.0000000000
32459  -5.651  -62.922  57.244 0.0000000000
159008  -5.208  -63.958  57.105 0.0000000000
31244  -4.128  -65.045  57.086 0.0000000000
32469  -4.584  -64.240  57.133 0.0000000000
32468  -3.777  -64.305  57.152 0.0000000000
32457  -3.926  -63.514  57.100 0.0000000000
141876  -3.706  -67.220  56.734 0.0000000000
34976  -10.698  -60.363  57.417 0.0000000000
50496  -36.731  -49.447  43.841 0.0000000000
49315  -29.823  -50.818  46.930 0.0000000000
48285  -36.854  -51.815  45.712 0.0000000000
48306  -36.511  -51.771  44.057 0.0000000000
48326  -36.191  -51.329  43.083 0.0000000000
45808  -31.502  -53.131  50.729 0.0000000000
47047  -30.915  -52.735  50.223 0.0000000000
47062  -30.290  -52.345  49.575 0.0000000000
48218  -29.431  -52.060  49.165 0.0000000000
146862  -29.714  -51.639  48.399 0.0000000000
78435  -51.554  -22.784  24.676 0.0000000000
55254  -33.644  -44.773  43.740 0.0000000000
60871  -35.018  -38.279  35.185 0.0000000000
60892  -34.777  -38.898  34.365 0.0000000000
162398  -17.470  -52.799  51.970 0.0000000000
153309  -17.419  -52.870  52.701 0.0000000000
44505  -15.953  -53.992  53.562 0.0000000000
43323  -15.414  -55.786  51.533 0.0000000000
42165  -15.094  -56.643  51.057 0.0000000000
49317  -38.286  -50.144  48.863 0.0000000000
50443  -38.330  -49.302  48.936 0.0000000000
52286  -38.574  -47.650  50.823 0.0000000000
44550  -33.787  -54.026  49.479 0.0000000000
44551  -34.326  -54.369  49.055 0.0000000000
43404  -34.730  -54.435  48.865 0.0000000000
45827  -37.960  -52.767  49.970 0.0000000000
47064  -38.184  -52.197  49.769 0.0000000000
45845  -37.917  -52.421  49.491 0.0000000000
45861  -37.847  -52.181  49.088 0.0000000000
45880  -36.967  -52.327  48.189 0.0000000000
48249  -38.220  -51.250  49.111 0.0000000000
154344  -38.182  -50.763  48.854 0.0000000000
44530  -34.261  -54.149  50.782 0.0000000000
71080  -47.092  -30.105  32.375 0.0000000000
148240  -46.630  -29.606  31.900 0.0000000000
71095  -47.094  -29.272  32.066 0.0000000000
73283  -50.837  -26.724  32.424 0.0000000000
74317  -50.567  -26.428  31.742 0.0000000000
74327  -50.283  -26.097  31.019 0.0000000000
74339  -49.937  -25.714  30.323 0.0000000000
75405  -50.759  -25.475  30.490 0.0000000000
76398  -51.777  -24.387  29.373 0.0000000000
75414  -52.060  -24.629  30.180 0.0000000000
75415  -52.848  -24.414  30.449 0.0000000000
58633  -36.878  -40.071  42.987 0.0000000000
59732  -36.726  -39.867  42.492 0.0000000000
59772  -37.006  -39.461  41.203 0.0000000000
148535  -38.884  -38.687  39.225 0.0000000000
160287  -37.424  -38.404  37.627 0.0000000000
61852  -38.255  -38.508  37.496 0.0000000000
60872  -39.510  -38.553  36.355 0.0000000000
60873  -40.588  -39.105  35.944 0.0000000000
60874  -41.106  -39.821  35.586 0.0000000000
46992  -23.990  -53.049  52.200 0.0000000000
149944  -23.710  -52.740  51.325 0.0000000000
47014  -23.037  -52.588  51.139 0.0000000000
47038  -22.611  -52.013  50.698 0.0000000000
48210  -20.727  -51.092  49.530 0.0000000000
139755  -18.533  -51.940  49.832 0.0000000000
81187  -59.300  -19.161  22.344 0.0000000000
81188  -59.963  -18.879  21.964 0.0000000000
137022  -6.034  -61.417  58.905 0.0000000000
53289  -35.834  -47.460  43.827 0.0000000000
53288  -35.591  -47.018  43.982 0.0000000000
53258  -37.601  -46.943  49.211 0.0000000000
56180  -36.745  -42.977  49.159 0.0000000000
56201  -35.438  -42.884  47.278 0.0000000000
137406  -35.532  -41.830  46.199 0.0000000000
58595  -36.098  -41.232  45.462 0.0000000000
160532  -40.395  -40.549  45.007 0.0000000000
49377  -30.274  -49.885  42.528 0.0000000000
143199  -32.667  -53.689  45.827 0.0000000000
45932  -33.758  -52.810  42.445 0.0000000000
47042  -26.628  -52.224  50.809 0.0000000000
142031  -27.536  -50.902  48.040 0.0000000000
49299  -26.911  -51.025  48.466 0.0000000000
49312  -26.792  -50.521  47.703 0.0000000000
49311  -25.874  -50.326  47.627 0.0000000000
50438  -25.561  -49.887  46.872 0.0000000000
50464  -25.540  -49.198  45.363 0.0000000000
77445  -53.018  -22.719  27.976 0.0000000000
77457  -52.669  -22.482  27.191 0.0000000000
79347  -55.606  -21.079  27.478 0.0000000000
79356  -55.931  -20.633  26.936 0.0000000000
80271  -56.094  -20.113  25.500 0.0000000000
81164  -57.609  -19.309  25.888 0.0000000000
36246  -11.062  -60.978  52.076 0.0000000000
59770  -33.054  -40.533  40.217 0.0000000000
59786  -32.966  -40.584  39.245 0.0000000000
66281  -39.798  -33.934  30.534 0.0000000000
67313  -40.490  -33.514  30.964 0.0000000000
67314  -41.365  -33.084  31.099 0.0000000000
61923  -41.027  -38.385  34.145 0.0000000000
159291  -45.514  -35.239  31.581 0.0000000000
66266  -44.797  -34.606  31.421 0.0000000000
67317  -44.952  -33.865  31.395 0.0000000000
68238  -47.636  -32.563  32.356 0.0000000000
69133  -48.295  -32.372  32.582 0.0000000000
43285  -14.582  -55.179  54.998 0.0000000000
43274  -14.398  -55.349  55.790 0.0000000000
42127  -14.109  -56.023  55.963 0.0000000000
41031  -13.848  -56.551  56.293 0.0000000000
155337  -13.508  -57.652  55.470 0.0000000000
163343  -13.205  -58.329  54.784 0.0000000000
39937  -13.166  -58.309  54.189 0.0000000000
35015  -8.750  -62.003  54.359 0.0000000000
33796  -7.961  -63.345  54.468 0.0000000000
32489  -7.483  -63.718  55.180 0.0000000000
164155  -6.316  -66.647  55.469 0.0000000000
157069  -5.673  -65.805  56.361 0.0000000000
31254  -5.247  -65.376  56.717 0.0000000000
43331  -37.259  -54.266  51.244 0.0000000000
48201  -38.835  -50.914  51.813 0.0000000000
71065  -49.381  -28.923  33.685 0.0000000000
72195  -49.070  -28.361  33.058 0.0000000000
72197  -50.626  -27.641  33.465 0.0000000000
73275  -51.106  -27.036  33.051 0.0000000000
74310  -52.329  -26.213  32.848 0.0000000000
75399  -53.124  -25.127  31.966 0.0000000000
59757  -39.367  -39.786  42.083 0.0000000000
60803  -39.531  -39.078  40.541 0.0000000000
138220  -40.478  -39.269  38.849 0.0000000000
59828  -41.453  -40.376  36.729 0.0000000000
48212  -23.181  -50.946  49.420 0.0000000000
49294  -21.818  -50.367  48.217 0.0000000000
34950  -8.856  -60.630  59.828 0.0000000000
33744  -8.347  -61.241  58.661 0.0000000000
51440  -36.416  -48.461  42.878 0.0000000000
51435  -36.441  -48.600  43.812 0.0000000000
50452  -27.397  -49.576  46.200 0.0000000000
50466  -27.567  -48.991  45.194 0.0000000000
50468  -29.331  -49.369  44.603 0.0000000000
49342  -29.759  -50.011  45.498 0.0000000000
50469  -30.059  -49.954  44.685 0.0000000000
50483  -29.792  -49.543  44.006 0.0000000000
49360  -30.437  -50.067  43.836 0.0000000000
48324  -31.358  -51.017  42.841 0.0000000000
44642  -34.937  -53.980  45.049 0.0000000000
45933  -34.648  -53.120  43.400 0.0000000000
47152  -35.608  -52.919  43.811 0.0000000000
47170  -34.417  -52.568  42.475 0.0000000000
142406  -35.624  -51.189  42.258 0.0000000000
47044  -28.399  -52.481  50.549 0.0000000000
48232  -28.194  -51.352  48.409 0.0000000000
50441  -27.887  -50.170  46.840 0.0000000000
79377  -53.404  -21.530  23.893 0.0000000000
77427  -55.119  -22.896  30.186 0.0000000000
78395  -55.461  -22.356  29.672 0.0000000000
139853  -56.222  -22.098  30.075 0.0000000000
150984  -34.739  -38.641  37.970 0.0000000000
60842  -34.072  -39.184  37.549 0.0000000000
62931  -44.050  -38.477  32.706 0.0000000000
143455  -43.556  -37.705  32.301 0.0000000000
64106  -45.583  -36.710  32.236 0.0000000000
65186  -46.005  -36.006  31.887 0.0000000000
66268  -47.017  -34.599  31.672 0.0000000000
45733  -18.053  -52.727  54.311 0.0000000000
148871  -15.289  -54.047  55.200 0.0000000000
43298  -15.439  -54.462  54.027 0.0000000000
43286  -15.074  -54.550  54.705 0.0000000000
42139  -14.212  -56.710  53.281 0.0000000000
41077  -14.160  -57.252  52.580 0.0000000000
27975  -5.480  -68.323  56.144 0.0000000000
154496  -37.126  -49.790  46.604 0.0000000000
50470  -37.160  -49.141  46.741 0.0000000000
52310  -37.854  -47.873  48.583 0.0000000000
51401  -38.223  -48.336  49.061 0.0000000000
52299  -37.913  -47.477  49.176 0.0000000000
51386  -39.130  -47.309  51.723 0.0000000000
47078  -31.367  -52.609  48.520 0.0000000000
47096  -31.444  -52.578  47.703 0.0000000000
45843  -33.047  -54.112  47.922 0.0000000000
45876  -32.477  -53.714  46.721 0.0000000000
45877  -33.187  -54.217  46.320 0.0000000000
44626  -34.044  -54.397  46.020 0.0000000000
42193  -36.215  -54.302  50.443 0.0000000000
42230  -35.705  -54.199  49.518 0.0000000000
43405  -35.247  -54.316  48.764 0.0000000000
44572  -37.027  -53.442  49.286 0.0000000000
43428  -36.115  -53.732  48.631 0.0000000000
43426  -35.018  -54.303  47.877 0.0000000000
44593  -34.801  -54.131  47.084 0.0000000000
44612  -34.718  -54.102  46.332 0.0000000000
44628  -35.210  -53.890  45.876 0.0000000000
45899  -36.319  -53.098  45.723 0.0000000000
47116  -36.739  -52.219  47.382 0.0000000000
47136  -36.755  -52.080  46.522 0.0000000000
47135  -36.714  -52.475  45.722 0.0000000000
162765  -32.819  -53.754  51.295 0.0000000000
45824  -31.752  -52.980  49.884 0.0000000000
70092  -44.336  -29.992  30.908 0.0000000000
70091  -43.369  -30.034  30.529 0.0000000000
71093  -44.570  -29.108  30.512 0.0000000000
71094  -46.149  -29.021  31.214 0.0000000000
72219  -45.624  -28.281  30.412 0.0000000000
72212  -48.799  -27.918  32.426 0.0000000000
73281  -48.568  -27.508  31.752 0.0000000000
74347  -48.041  -25.669  28.465 0.0000000000
76435  -50.761  -23.371  26.864 0.0000000000
76412  -52.277  -23.845  28.883 0.0000000000
77434  -52.670  -23.270  28.422 0.0000000000
75408  -53.781  -24.543  31.548 0.0000000000
76402  -54.791  -23.398  30.654 0.0000000000
57432  -33.531  -41.707  44.166 0.0000000000
58614  -33.306  -41.577  43.337 0.0000000000
58631  -33.852  -40.810  42.913 0.0000000000
59752  -34.271  -40.005  41.633 0.0000000000
59731  -35.851  -39.886  42.382 0.0000000000
60798  -34.573  -39.293  40.041 0.0000000000
60815  -35.153  -38.835  39.365 0.0000000000
60818  -38.254  -38.846  39.994 0.0000000000
60816  -36.341  -38.720  39.684 0.0000000000
153718  -35.169  -38.615  38.534 0.0000000000
61850  -35.655  -38.230  36.999 0.0000000000
61863  -36.447  -37.998  36.548 0.0000000000
159829  -38.066  -37.563  34.793 0.0000000000
61925  -42.797  -39.151  33.279 0.0000000000
59843  -41.589  -40.399  35.996 0.0000000000
60875  -41.780  -40.261  35.299 0.0000000000
148647  -43.600  -40.302  35.185 0.0000000000
60876  -42.725  -40.369  35.140 0.0000000000
162892  -43.038  -39.684  33.824 0.0000000000
141941  -43.645  -39.037  33.131 0.0000000000
62933  -45.604  -38.011  33.255 0.0000000000
154703  -22.616  -51.327  50.053 0.0000000000
48192  -21.983  -51.515  50.387 0.0000000000
47037  -21.745  -51.847  50.922 0.0000000000
45794  -17.919  -52.450  51.484 0.0000000000
47034  -18.302  -52.153  50.750 0.0000000000
47033  -17.632  -52.626  50.764 0.0000000000
82138  -60.367  -18.206  23.836 0.0000000000
82144  -60.586  -18.346  22.849 0.0000000000
55255  -34.143  -45.636  43.293 0.0000000000
52309  -37.064  -47.010  48.081 0.0000000000
139528  -36.700  -47.074  47.302 0.0000000000
53278  -36.301  -46.855  46.592 0.0000000000
54207  -36.037  -46.359  46.578 0.0000000000
55210  -36.939  -45.603  48.786 0.0000000000
55194  -36.924  -44.728  48.911 0.0000000000
54197  -35.854  -45.746  46.461 0.0000000000
55230  -34.844  -44.543  45.694 0.0000000000
56208  -35.045  -43.302  46.646 0.0000000000
56214  -34.688  -43.670  46.062 0.0000000000
58603  -34.482  -41.220  44.433 0.0000000000
58634  -37.780  -40.211  43.055 0.0000000000
57409  -38.776  -40.667  45.761 0.0000000000
58606  -39.072  -40.603  44.424 0.0000000000
58607  -39.777  -40.593  44.644 0.0000000000
58619  -38.809  -40.567  43.764 0.0000000000
58636  -39.162  -40.521  43.360 0.0000000000
59735  -39.087  -40.275  42.760 0.0000000000
48284  -31.256  -51.647  45.633 0.0000000000
163304  -31.527  -52.000  45.320 0.0000000000
141426  -31.522  -51.584  43.654 0.0000000000
45912  -32.920  -53.231  43.761 0.0000000000
45931  -33.329  -53.101  43.099 0.0000000000
47187  -32.220  -52.447  41.889 0.0000000000
47015  -24.503  -52.740  51.477 0.0000000000
48194  -24.331  -51.929  50.264 0.0000000000
47043  -27.520  -52.350  50.678 0.0000000000
48197  -27.038  -51.976  50.114 0.0000000000
48215  -25.763  -51.473  49.569 0.0000000000
49285  -23.785  -50.665  48.787 0.0000000000
49295  -23.423  -50.171  47.935 0.0000000000
78436  -51.783  -22.465  25.426 0.0000000000
78429  -54.572  -21.454  27.107 0.0000000000
79363  -54.010  -21.124  25.649 0.0000000000
79379  -54.930  -20.920  23.091 0.0000000000
80287  -57.954  -19.567  22.647 0.0000000000
81179  -58.422  -19.315  23.404 0.0000000000
82137  -59.705  -18.352  24.830 0.0000000000
37466  -11.754  -59.609  55.927 0.0000000000
37451  -11.301  -60.001  56.433 0.0000000000
36222  -10.655  -60.347  54.972 0.0000000000
36245  -10.422  -61.402  52.251 0.0000000000
36232  -9.738  -61.162  53.229 0.0000000000
35026  -9.080  -62.169  53.162 0.0000000000
158788  -32.881  -42.292  42.893 0.0000000000
57445  -32.737  -42.505  42.033 0.0000000000
60828  -33.465  -39.834  37.940 0.0000000000
62926  -38.396  -37.024  33.694 0.0000000000
64081  -38.861  -36.699  33.268 0.0000000000
62952  -40.053  -36.934  33.397 0.0000000000
64103  -43.127  -36.877  32.127 0.0000000000
65182  -41.733  -35.729  32.127 0.0000000000
65204  -41.180  -34.865  31.757 0.0000000000
67316  -43.494  -33.732  31.330 0.0000000000
69131  -46.373  -31.472  32.264 0.0000000000
70075  -46.592  -30.641  32.267 0.0000000000
140604  -47.945  -30.118  32.908 0.0000000000
68239  -48.477  -32.880  32.179 0.0000000000
38666  -12.403  -59.245  56.931 0.0000000000
39902  -13.139  -57.718  57.598 0.0000000000
149616  -12.745  -58.888  57.084 0.0000000000
37497  -11.607  -59.646  53.551 0.0000000000
39963  -13.701  -57.886  52.759 0.0000000000
39962  -13.523  -58.710  51.788 0.0000000000
36201  -10.909  -60.365  56.765 0.0000000000
36200  -10.375  -60.822  56.414 0.0000000000
142599  -10.111  -61.036  56.743 0.0000000000
35004  -8.774  -61.953  55.409 0.0000000000
159809  -9.457  -61.385  56.871 0.0000000000
34974  -9.278  -61.152  57.602 0.0000000000
33756  -8.467  -61.459  57.850 0.0000000000
33755  -7.761  -61.694  58.022 0.0000000000
32516  -7.805  -64.991  53.855 0.0000000000
32500  -7.293  -64.659  54.795 0.0000000000
32488  -6.992  -64.226  55.669 0.0000000000
33754  -7.051  -61.834  58.133 0.0000000000
33753  -6.243  -62.110  57.839 0.0000000000
33741  -6.088  -61.765  58.340 0.0000000000
33740  -5.394  -61.990  57.996 0.0000000000
33752  -5.030  -63.188  57.382 0.0000000000
33751  -4.584  -62.743  57.377 0.0000000000
145878  -4.586  -68.225  56.485 0.0000000000
27964  -4.165  -68.964  56.328 0.0000000000
156719  -4.278  -67.564  56.701 0.0000000000
30139  -3.707  -66.408  56.922 0.0000000000
33733  -7.706  -61.123  59.468 0.0000000000
33734  -8.279  -61.019  59.374 0.0000000000
33742  -6.723  -61.599  58.634 0.0000000000
34952  -10.082  -60.118  59.375 0.0000000000
34956  -8.898  -60.775  59.147 0.0000000000
34964  -10.554  -60.274  57.941 0.0000000000
34975  -10.150  -60.790  57.353 0.0000000000
36150  -10.690  -59.688  59.102 0.0000000000
36188  -10.597  -60.630  56.981 0.0000000000
36212  -10.749  -60.421  56.024 0.0000000000
37465  -11.184  -60.005  55.674 0.0000000000
38667  -12.491  -59.061  57.567 0.0000000000
39889  -12.725  -58.146  58.314 0.0000000000
41041  -13.677  -57.133  55.905 0.0000000000
42194  -36.771  -54.196  50.221 0.0000000000
42210  -35.633  -54.261  50.112 0.0000000000
42211  -36.217  -54.242  49.948 0.0000000000
42231  -36.213  -54.106  49.526 0.0000000000
43263  -14.959  -54.343  55.982 0.0000000000
43329  -35.826  -54.354  51.061 0.0000000000
43351  -34.903  -54.229  50.583 0.0000000000
43354  -36.739  -54.284  50.777 0.0000000000
43355  -37.165  -54.104  50.656 0.0000000000
43356  -37.566  -53.864  50.769 0.0000000000
43377  -36.624  -54.092  49.779 0.0000000000
43406  -35.891  -54.045  49.015 0.0000000000
43408  -36.845  -53.827  49.566 0.0000000000
43427  -35.567  -53.989  48.255 0.0000000000
43429  -36.591  -53.594  49.004 0.0000000000
43439  -35.313  -53.818  47.429 0.0000000000
44540  -38.011  -53.846  51.327 0.0000000000
44541  -37.951  -53.551  50.765 0.0000000000
44573  -37.326  -53.291  49.554 0.0000000000
44596  -37.243  -52.873  49.019 0.0000000000
44614  -35.649  -53.413  47.000 0.0000000000
44615  -36.055  -53.112  47.344 0.0000000000
44616  -36.404  -52.897  47.955 0.0000000000
44630  -36.155  -53.035  46.599 0.0000000000
45809  -32.357  -53.300  50.371 0.0000000000
45826  -37.571  -53.291  49.920 0.0000000000
45860  -37.372  -52.478  48.810 0.0000000000
45878  -36.294  -52.790  47.179 0.0000000000
47080  -38.191  -51.825  49.395 0.0000000000
47098  -37.529  -51.923  48.575 0.0000000000
47099  -38.014  -51.705  48.964 0.0000000000
47117  -37.044  -51.931  47.974 0.0000000000
47154  -36.752  -52.168  44.901 0.0000000000
48268  -37.347  -51.451  48.053 0.0000000000
49316  -37.934  -50.415  48.369 0.0000000000
49331  -37.538  -50.368  47.684 0.0000000000
49344  -37.212  -50.344  46.944 0.0000000000
50450  -25.308  -49.509  46.181 0.0000000000
50482  -29.246  -49.212  43.658 0.0000000000
57422  -38.464  -40.584  45.054 0.0000000000
61891  -35.289  -38.157  34.350 0.0000000000
138251  -38.322  -52.227  50.297 0.0000000000
139629  -14.336  -55.521  56.567 0.0000000000
140519  -38.518  -51.586  50.610 0.0000000000
140820  -36.218  -54.345  50.948 0.0000000000
146226  -14.273  -55.717  55.330 0.0000000000
152548  -35.276  -54.235  50.093 0.0000000000
152930  -38.377  -51.696  49.936 0.0000000000
153096  -45.376  -28.975  30.802 0.0000000000
154209  -9.410  -60.447  59.512 0.0000000000
154704  -34.980  -54.194  50.133 0.0000000000
159413  -25.278  -51.244  49.278 0.0000000000
160603  -37.261  -53.869  50.348 0.0000000000
161178  -7.271  -61.421  58.927 0.0000000000
