#!ascii label  , from subject sub-v2s17x50050_ses-1 vox2ras=TkReg
1745
59871  -45.661  -41.163  32.945 0.0000000000
73309  -59.421  -27.277  28.526 0.0000000000
67338  -52.746  -33.936  30.170 0.0000000000
36203  -17.438  -61.728  56.070 0.0000000000
56287  -40.379  -43.295  40.718 0.0000000000
39979  -33.620  -59.761  51.585 0.0000000000
38776  -42.091  -59.493  48.412 0.0000000000
49347  -43.701  -50.918  45.841 0.0000000000
53274  -43.349  -46.454  45.942 0.0000000000
43370  -23.915  -55.326  49.631 0.0000000000
137926  -29.904  -58.722  54.048 0.0000000000
43374  -29.249  -55.565  49.194 0.0000000000
165938  -37.387  -58.367  44.720 0.0000000000
44631  -40.785  -54.847  45.238 0.0000000000
57475  -49.115  -42.519  40.381 0.0000000000
59825  -52.789  -40.162  38.124 0.0000000000
71097  -55.558  -29.871  30.132 0.0000000000
61990  -49.587  -38.194  30.876 0.0000000000
76466  -57.460  -24.180  23.692 0.0000000000
32472  -13.941  -65.034  57.365 0.0000000000
54230  -46.730  -45.308  43.685 0.0000000000
143307  -42.836  -43.265  36.941 0.0000000000
40026  -33.477  -58.369  46.547 0.0000000000
36289  -38.176  -62.378  48.925 0.0000000000
153619  -56.484  -36.482  36.349 0.0000000000
81205  -65.850  -18.816  20.687 0.0000000000
49382  -41.532  -50.660  43.694 0.0000000000
51437  -41.407  -48.782  43.442 0.0000000000
43399  -26.428  -55.277  48.864 0.0000000000
44659  -38.921  -54.448  43.570 0.0000000000
47174  -40.310  -52.491  43.537 0.0000000000
45902  -42.376  -53.359  45.590 0.0000000000
57541  -47.328  -42.423  36.548 0.0000000000
59807  -51.054  -40.988  39.096 0.0000000000
59849  -49.599  -40.954  34.970 0.0000000000
144876  -57.244  -28.374  28.714 0.0000000000
144587  -58.459  -30.037  32.671 0.0000000000
76415  -60.924  -25.413  28.073 0.0000000000
35030  -15.180  -62.391  53.467 0.0000000000
33777  -15.932  -63.410  57.030 0.0000000000
55257  -41.718  -44.594  43.259 0.0000000000
55234  -44.328  -45.287  45.413 0.0000000000
56236  -43.656  -44.195  42.178 0.0000000000
152328  -44.607  -43.781  40.106 0.0000000000
146483  -42.265  -43.343  38.780 0.0000000000
39967  -31.779  -58.734  52.405 0.0000000000
38688  -32.548  -59.966  55.685 0.0000000000
38691  -34.627  -60.833  54.902 0.0000000000
37493  -36.481  -61.414  53.510 0.0000000000
43453  -31.212  -55.989  45.016 0.0000000000
41171  -32.914  -57.399  44.375 0.0000000000
38806  -39.787  -59.486  46.392 0.0000000000
37602  -37.622  -60.681  46.408 0.0000000000
36314  -40.197  -61.651  47.520 0.0000000000
33862  -40.183  -63.333  50.363 0.0000000000
41078  -20.004  -57.494  52.615 0.0000000000
41046  -22.150  -57.160  55.533 0.0000000000
41009  -23.140  -57.974  59.415 0.0000000000
161121  -51.214  -36.318  30.193 0.0000000000
61932  -53.969  -38.003  33.874 0.0000000000
64111  -55.159  -36.244  32.658 0.0000000000
82170  -67.190  -18.362  19.446 0.0000000000
34953  -17.881  -62.670  60.590 0.0000000000
158398  -45.428  -50.969  47.948 0.0000000000
51402  -44.735  -48.190  48.507 0.0000000000
51426  -43.410  -48.840  46.154 0.0000000000
53290  -41.257  -46.670  43.753 0.0000000000
42155  -24.687  -56.546  52.254 0.0000000000
39942  -27.673  -58.442  54.889 0.0000000000
42158  -27.115  -57.125  51.904 0.0000000000
42173  -29.375  -56.739  51.134 0.0000000000
41111  -31.484  -57.302  50.205 0.0000000000
41187  -35.260  -57.578  43.314 0.0000000000
42285  -37.344  -56.395  43.533 0.0000000000
42262  -39.635  -56.539  45.233 0.0000000000
141065  -41.712  -57.428  46.843 0.0000000000
43443  -43.215  -55.089  47.042 0.0000000000
45863  -44.826  -53.484  47.517 0.0000000000
43367  -21.548  -55.380  49.461 0.0000000000
57425  -50.233  -42.297  44.324 0.0000000000
147487  -51.502  -39.956  46.936 0.0000000000
59743  -51.224  -40.155  42.814 0.0000000000
60780  -53.058  -39.081  41.951 0.0000000000
69151  -53.776  -31.287  30.331 0.0000000000
155319  -56.742  -34.359  32.313 0.0000000000
69117  -57.032  -31.538  32.102 0.0000000000
25698  -11.799  -70.269  61.176 0.0000000000
160931  -47.400  -39.471  31.543 0.0000000000
65246  -46.857  -35.334  28.165 0.0000000000
70120  -50.195  -31.001  27.690 0.0000000000
149029  -52.499  -29.489  27.735 0.0000000000
72268  -54.372  -27.968  26.681 0.0000000000
74369  -56.977  -26.626  26.390 0.0000000000
75456  -58.498  -25.195  25.954 0.0000000000
75471  -56.573  -25.220  24.726 0.0000000000
32446  -16.397  -64.978  61.249 0.0000000000
31213  -13.241  -66.106  61.614 0.0000000000
163991  -12.111  -67.332  61.479 0.0000000000
56182  -48.892  -43.512  49.614 0.0000000000
54182  -45.111  -46.599  47.885 0.0000000000
55213  -46.578  -45.576  47.355 0.0000000000
55226  -49.345  -44.416  46.115 0.0000000000
55279  -48.214  -44.523  42.516 0.0000000000
139063  -46.093  -43.602  38.692 0.0000000000
163588  -43.964  -42.546  34.889 0.0000000000
39911  -30.113  -59.410  57.116 0.0000000000
42229  -31.295  -56.645  48.028 0.0000000000
155161  -33.321  -58.577  48.936 0.0000000000
38816  -35.508  -59.495  45.536 0.0000000000
37585  -35.721  -60.813  47.957 0.0000000000
37550  -35.602  -61.034  50.733 0.0000000000
36268  -38.265  -62.389  51.805 0.0000000000
37498  -16.843  -61.071  52.812 0.0000000000
38706  -18.664  -59.428  53.062 0.0000000000
38686  -18.704  -59.833  55.935 0.0000000000
160003  -51.468  -39.705  34.287 0.0000000000
153793  -55.431  -38.508  37.685 0.0000000000
142214  -57.274  -35.427  40.138 0.0000000000
67271  -58.438  -33.367  35.967 0.0000000000
76448  -60.453  -23.997  25.777 0.0000000000
141184  -62.709  -22.863  25.321 0.0000000000
146182  -64.332  -20.835  24.133 0.0000000000
79391  -63.693  -22.049  21.053 0.0000000000
81183  -66.202  -19.075  23.523 0.0000000000
49397  -40.264  -50.393  42.503 0.0000000000
50497  -40.739  -49.748  42.776 0.0000000000
151296  -39.871  -49.926  42.027 0.0000000000
47173  -39.609  -52.845  43.240 0.0000000000
47192  -39.899  -51.950  42.982 0.0000000000
47175  -40.941  -52.076  43.847 0.0000000000
58705  -46.583  -41.954  35.006 0.0000000000
58696  -48.674  -41.701  36.015 0.0000000000
159737  -47.620  -41.109  33.926 0.0000000000
72247  -58.928  -27.942  28.976 0.0000000000
72225  -59.282  -28.519  30.807 0.0000000000
137205  -60.379  -27.754  30.200 0.0000000000
74330  -61.340  -26.832  29.746 0.0000000000
74351  -60.659  -26.250  28.475 0.0000000000
36213  -16.348  -62.228  55.053 0.0000000000
35006  -15.282  -63.185  55.519 0.0000000000
34991  -16.347  -62.867  56.482 0.0000000000
56233  -40.822  -43.920  42.281 0.0000000000
56224  -42.090  -44.094  42.951 0.0000000000
159304  -42.048  -43.720  41.878 0.0000000000
56290  -43.056  -43.691  40.760 0.0000000000
140255  -40.902  -43.042  40.010 0.0000000000
39906  -25.339  -58.212  57.328 0.0000000000
39969  -33.087  -59.503  52.088 0.0000000000
38707  -33.658  -60.260  53.677 0.0000000000
38719  -34.343  -60.458  52.795 0.0000000000
164429  -35.630  -61.212  54.220 0.0000000000
38720  -34.958  -60.645  52.490 0.0000000000
38791  -41.112  -59.646  47.146 0.0000000000
145931  -40.241  -60.893  47.086 0.0000000000
144438  -41.405  -60.826  47.968 0.0000000000
36300  -41.523  -62.012  49.372 0.0000000000
42135  -23.158  -56.743  53.894 0.0000000000
41047  -23.649  -57.416  55.736 0.0000000000
141312  -23.883  -57.758  57.123 0.0000000000
58541  -50.331  -41.806  50.438 0.0000000000
65236  -51.932  -35.029  29.964 0.0000000000
140372  -53.006  -36.381  31.161 0.0000000000
163938  -53.787  -35.472  31.028 0.0000000000
49332  -44.258  -50.918  46.273 0.0000000000
50456  -44.005  -49.480  46.618 0.0000000000
50472  -43.453  -49.678  45.864 0.0000000000
52338  -41.198  -47.794  43.426 0.0000000000
142228  -40.720  -46.979  43.070 0.0000000000
54228  -40.843  -45.512  43.354 0.0000000000
43326  -24.115  -55.851  50.889 0.0000000000
42156  -25.493  -56.814  52.365 0.0000000000
42186  -25.507  -56.312  50.911 0.0000000000
139483  -27.808  -55.465  49.250 0.0000000000
144440  -27.854  -56.315  50.587 0.0000000000
42205  -29.044  -55.809  49.899 0.0000000000
41110  -30.779  -56.940  50.690 0.0000000000
42207  -30.466  -56.292  49.281 0.0000000000
42299  -36.249  -56.206  42.621 0.0000000000
44643  -39.741  -54.910  44.520 0.0000000000
43468  -39.486  -55.658  44.708 0.0000000000
43454  -40.053  -55.850  45.239 0.0000000000
41167  -40.090  -57.166  45.835 0.0000000000
42264  -41.172  -56.056  46.032 0.0000000000
42253  -42.487  -56.204  46.926 0.0000000000
158786  -41.869  -54.840  45.993 0.0000000000
47139  -43.295  -52.159  45.777 0.0000000000
45882  -43.654  -53.457  46.480 0.0000000000
47119  -44.660  -52.253  46.634 0.0000000000
47101  -45.472  -52.235  47.723 0.0000000000
43368  -22.293  -55.240  49.620 0.0000000000
57446  -49.770  -42.510  42.775 0.0000000000
58610  -50.580  -41.279  43.983 0.0000000000
58638  -50.325  -41.365  42.050 0.0000000000
59808  -51.707  -40.700  38.604 0.0000000000
150648  -51.861  -40.299  40.348 0.0000000000
59782  -53.299  -39.665  39.940 0.0000000000
139012  -54.797  -38.605  41.175 0.0000000000
141741  -54.711  -39.028  39.652 0.0000000000
70104  -54.294  -30.155  29.820 0.0000000000
163746  -55.731  -31.656  31.475 0.0000000000
70079  -56.149  -30.590  31.267 0.0000000000
70062  -59.942  -30.479  32.601 0.0000000000
70131  -51.434  -29.779  27.308 0.0000000000
141317  -51.066  -29.429  26.619 0.0000000000
73329  -53.746  -27.771  26.010 0.0000000000
73345  -54.116  -27.183  25.555 0.0000000000
159264  -55.863  -27.326  26.586 0.0000000000
74380  -55.624  -26.445  25.500 0.0000000000
75454  -56.141  -25.786  25.152 0.0000000000
32491  -13.446  -64.625  55.580 0.0000000000
31257  -12.272  -66.119  56.794 0.0000000000
143022  -17.459  -62.132  63.374 0.0000000000
33728  -17.364  -63.791  61.409 0.0000000000
33720  -16.400  -63.568  64.235 0.0000000000
32428  -14.721  -65.480  64.395 0.0000000000
30090  -14.082  -66.341  63.862 0.0000000000
31205  -12.324  -66.851  61.746 0.0000000000
29047  -13.574  -67.480  63.336 0.0000000000
26819  -13.805  -68.816  63.055 0.0000000000
52311  -43.975  -47.453  47.152 0.0000000000
53259  -44.715  -46.924  47.958 0.0000000000
53269  -44.494  -46.558  47.154 0.0000000000
55248  -44.988  -45.051  44.796 0.0000000000
55224  -45.341  -45.525  46.379 0.0000000000
54210  -46.787  -45.594  45.464 0.0000000000
54194  -48.112  -45.370  47.042 0.0000000000
148226  -48.082  -45.551  44.833 0.0000000000
55265  -48.929  -44.609  43.779 0.0000000000
55263  -47.591  -45.071  42.984 0.0000000000
56332  -43.675  -43.553  38.540 0.0000000000
56317  -45.897  -43.851  39.479 0.0000000000
138061  -44.883  -43.514  37.686 0.0000000000
139277  -45.049  -43.305  36.868 0.0000000000
56371  -43.972  -43.024  35.896 0.0000000000
39952  -28.600  -58.552  54.475 0.0000000000
139150  -28.657  -58.845  56.021 0.0000000000
162568  -29.918  -58.985  55.585 0.0000000000
41153  -32.462  -57.327  46.192 0.0000000000
42250  -30.983  -56.175  46.745 0.0000000000
143916  -32.227  -57.243  46.930 0.0000000000
146327  -32.252  -57.456  48.143 0.0000000000
40017  -33.250  -58.258  47.528 0.0000000000
41175  -36.518  -57.945  44.078 0.0000000000
40053  -35.330  -58.626  44.457 0.0000000000
142833  -36.712  -59.128  45.151 0.0000000000
36312  -37.899  -61.598  47.578 0.0000000000
37586  -36.526  -61.054  47.379 0.0000000000
36296  -36.831  -61.537  48.663 0.0000000000
37574  -35.290  -60.766  49.028 0.0000000000
36287  -36.540  -61.493  49.515 0.0000000000
138686  -37.572  -61.827  51.123 0.0000000000
36277  -38.019  -62.308  50.003 0.0000000000
42213  -43.694  -56.810  49.994 0.0000000000
39950  -19.198  -58.649  53.059 0.0000000000
39939  -19.129  -58.786  53.849 0.0000000000
38697  -18.631  -59.585  54.084 0.0000000000
41002  -23.215  -58.058  60.411 0.0000000000
61968  -48.230  -39.044  31.349 0.0000000000
60932  -49.417  -39.565  32.610 0.0000000000
61949  -50.431  -38.885  32.211 0.0000000000
62913  -55.254  -37.353  34.647 0.0000000000
146993  -54.630  -38.423  35.443 0.0000000000
62877  -56.116  -37.664  37.053 0.0000000000
64038  -56.824  -36.913  38.915 0.0000000000
64039  -57.166  -36.123  38.601 0.0000000000
156325  -58.323  -33.871  32.866 0.0000000000
65169  -57.340  -34.832  33.939 0.0000000000
66225  -58.959  -33.603  35.065 0.0000000000
76445  -58.314  -24.773  25.200 0.0000000000
75457  -59.055  -24.709  25.662 0.0000000000
76446  -58.992  -24.379  25.064 0.0000000000
147997  -61.238  -23.464  24.002 0.0000000000
78453  -62.146  -23.241  23.711 0.0000000000
78441  -63.395  -22.311  25.002 0.0000000000
78455  -63.494  -22.433  23.148 0.0000000000
80317  -64.727  -20.404  19.274 0.0000000000
164835  -63.866  -21.673  19.864 0.0000000000
80304  -64.652  -20.491  21.219 0.0000000000
80296  -64.865  -20.050  22.656 0.0000000000
156036  -65.892  -19.034  22.373 0.0000000000
82154  -66.728  -18.887  21.367 0.0000000000
80318  -67.599  -20.189  19.114 0.0000000000
48310  -42.336  -51.227  44.736 0.0000000000
50487  -42.481  -49.522  44.706 0.0000000000
50498  -41.414  -49.729  43.395 0.0000000000
51442  -40.497  -48.991  42.465 0.0000000000
43371  -24.825  -55.541  49.644 0.0000000000
45934  -38.938  -53.210  42.880 0.0000000000
143938  -40.010  -53.303  43.804 0.0000000000
45917  -40.480  -53.719  44.364 0.0000000000
45901  -41.652  -53.710  45.264 0.0000000000
47156  -41.425  -52.470  44.413 0.0000000000
47157  -42.102  -52.055  44.859 0.0000000000
57503  -48.306  -42.683  38.617 0.0000000000
58664  -49.667  -41.919  39.780 0.0000000000
57523  -49.042  -42.018  37.612 0.0000000000
58690  -50.550  -41.350  37.530 0.0000000000
141274  -51.715  -40.714  37.099 0.0000000000
72232  -56.609  -28.832  29.160 0.0000000000
145260  -56.807  -29.755  30.748 0.0000000000
71100  -57.959  -29.344  31.224 0.0000000000
72199  -59.357  -28.798  32.909 0.0000000000
76425  -61.694  -24.420  27.917 0.0000000000
33787  -14.583  -63.713  55.432 0.0000000000
32473  -14.769  -64.437  57.452 0.0000000000
54208  -42.800  -45.681  44.987 0.0000000000
54201  -43.791  -45.919  45.893 0.0000000000
144692  -42.683  -44.938  44.020 0.0000000000
140931  -43.844  -44.823  44.024 0.0000000000
55261  -45.045  -44.798  43.118 0.0000000000
55277  -46.019  -44.770  42.053 0.0000000000
55291  -44.321  -44.201  41.537 0.0000000000
154856  -43.488  -43.570  39.321 0.0000000000
56346  -42.479  -43.280  37.492 0.0000000000
39954  -30.603  -58.716  53.458 0.0000000000
39933  -31.185  -59.404  54.968 0.0000000000
151156  -32.171  -59.615  54.068 0.0000000000
38690  -34.002  -60.542  55.376 0.0000000000
36230  -37.094  -61.925  54.720 0.0000000000
42268  -32.242  -56.924  44.891 0.0000000000
41162  -32.673  -57.434  45.361 0.0000000000
38819  -38.513  -59.164  45.805 0.0000000000
38804  -37.954  -59.867  45.919 0.0000000000
38805  -38.908  -59.734  46.169 0.0000000000
154182  -38.895  -61.089  46.818 0.0000000000
35091  -39.180  -62.197  47.927 0.0000000000
35079  -39.578  -63.000  49.704 0.0000000000
35080  -40.439  -63.060  49.702 0.0000000000
42166  -20.605  -56.744  51.509 0.0000000000
41079  -20.517  -56.952  52.406 0.0000000000
41045  -21.243  -57.330  55.875 0.0000000000
41024  -21.472  -57.578  57.704 0.0000000000
138112  -22.150  -57.513  57.170 0.0000000000
62993  -49.998  -37.453  30.375 0.0000000000
61970  -50.871  -38.321  31.705 0.0000000000
140670  -52.173  -37.308  31.442 0.0000000000
62959  -54.102  -37.133  32.704 0.0000000000
64070  -55.961  -36.403  34.799 0.0000000000
77479  -57.860  -23.815  23.018 0.0000000000
77480  -59.153  -23.877  23.559 0.0000000000
77489  -58.214  -23.517  22.303 0.0000000000
81210  -65.483  -19.305  19.596 0.0000000000
82168  -66.306  -18.410  19.925 0.0000000000
161027  -66.587  -17.967  19.255 0.0000000000
83189  -67.039  -17.361  18.393 0.0000000000
36192  -18.175  -61.250  57.954 0.0000000000
150580  -17.687  -62.598  58.855 0.0000000000
50428  -45.249  -49.225  49.617 0.0000000000
50433  -45.013  -49.232  48.566 0.0000000000
51406  -43.936  -48.151  47.081 0.0000000000
52319  -43.079  -47.245  45.979 0.0000000000
51433  -42.390  -48.461  44.878 0.0000000000
52333  -42.133  -47.597  44.740 0.0000000000
52327  -42.278  -46.691  44.947 0.0000000000
54219  -41.940  -45.630  44.185 0.0000000000
55256  -40.973  -44.857  43.155 0.0000000000
142454  -24.698  -57.155  53.952 0.0000000000
41050  -25.948  -57.905  55.067 0.0000000000
140183  -25.672  -57.405  53.669 0.0000000000
41071  -27.566  -57.828  53.297 0.0000000000
41083  -28.461  -57.707  52.692 0.0000000000
43348  -26.526  -56.086  50.192 0.0000000000
42171  -27.503  -56.750  51.254 0.0000000000
41084  -29.532  -57.769  52.549 0.0000000000
41085  -30.392  -57.692  52.070 0.0000000000
41098  -31.917  -58.225  51.493 0.0000000000
39977  -32.550  -58.540  51.013 0.0000000000
42284  -36.582  -56.692  43.213 0.0000000000
40055  -37.407  -57.776  44.367 0.0000000000
43485  -38.388  -55.219  43.593 0.0000000000
157359  -38.348  -56.410  44.301 0.0000000000
41165  -38.725  -57.724  45.207 0.0000000000
41155  -39.693  -57.935  45.980 0.0000000000
164358  -40.720  -58.479  46.574 0.0000000000
40007  -42.116  -58.650  47.780 0.0000000000
40008  -42.485  -58.755  48.903 0.0000000000
41147  -42.754  -57.349  47.931 0.0000000000
142722  -43.205  -56.913  48.416 0.0000000000
43409  -43.882  -55.705  48.505 0.0000000000
45881  -42.865  -53.830  46.171 0.0000000000
44597  -43.862  -54.666  47.422 0.0000000000
44575  -44.665  -54.543  48.663 0.0000000000
45847  -45.480  -53.251  48.889 0.0000000000
42184  -21.306  -55.907  50.661 0.0000000000
57401  -50.443  -42.290  46.353 0.0000000000
59696  -50.921  -40.843  45.418 0.0000000000
59697  -51.198  -40.191  44.949 0.0000000000
60759  -51.876  -38.963  44.439 0.0000000000
164751  -51.239  -40.468  41.536 0.0000000000
60792  -52.237  -39.512  42.027 0.0000000000
68266  -53.231  -32.708  30.297 0.0000000000
66270  -54.549  -34.242  31.065 0.0000000000
68259  -54.318  -32.796  30.930 0.0000000000
67302  -57.466  -33.163  32.176 0.0000000000
67303  -58.791  -33.364  32.783 0.0000000000
70060  -57.398  -30.726  32.191 0.0000000000
69119  -59.064  -32.045  32.270 0.0000000000
59908  -43.951  -40.532  31.372 0.0000000000
59887  -46.594  -40.369  32.265 0.0000000000
60964  -44.671  -39.317  30.356 0.0000000000
61987  -46.155  -38.631  30.243 0.0000000000
156707  -47.429  -38.044  30.110 0.0000000000
139598  -47.956  -36.821  29.239 0.0000000000
65233  -49.195  -35.917  29.017 0.0000000000
65249  -49.829  -34.838  28.784 0.0000000000
66309  -50.795  -33.936  29.028 0.0000000000
68278  -51.258  -32.205  28.953 0.0000000000
69159  -52.240  -31.043  29.122 0.0000000000
70102  -52.883  -30.368  29.040 0.0000000000
151554  -53.589  -29.407  28.387 0.0000000000
72266  -52.174  -28.742  26.302 0.0000000000
72255  -53.412  -28.684  27.185 0.0000000000
72243  -54.704  -28.602  27.966 0.0000000000
72258  -56.133  -28.063  27.834 0.0000000000
73318  -56.845  -27.691  27.573 0.0000000000
74360  -58.006  -26.881  27.304 0.0000000000
75433  -59.341  -26.086  27.416 0.0000000000
74382  -57.348  -25.954  26.015 0.0000000000
75472  -57.411  -25.001  24.951 0.0000000000
76455  -57.013  -24.673  24.253 0.0000000000
76465  -56.572  -24.252  23.601 0.0000000000
33759  -17.410  -63.294  58.895 0.0000000000
32464  -16.130  -64.607  59.218 0.0000000000
32451  -14.853  -65.138  58.872 0.0000000000
32432  -15.326  -64.708  64.357 0.0000000000
31215  -14.903  -65.665  61.606 0.0000000000
31230  -13.757  -65.970  59.412 0.0000000000
31228  -12.389  -66.725  59.606 0.0000000000
30113  -11.122  -67.207  60.296 0.0000000000
29072  -10.479  -67.824  60.526 0.0000000000
26821  -11.719  -68.836  61.906 0.0000000000
56183  -49.340  -42.813  49.489 0.0000000000
54169  -45.996  -46.261  49.185 0.0000000000
55211  -44.943  -45.856  46.722 0.0000000000
55196  -45.966  -45.804  47.959 0.0000000000
55199  -48.207  -44.788  48.508 0.0000000000
56203  -48.826  -44.551  47.787 0.0000000000
150576  -49.655  -43.562  47.223 0.0000000000
56220  -49.615  -43.942  44.721 0.0000000000
153452  -49.539  -43.312  43.294 0.0000000000
56264  -48.423  -43.516  41.222 0.0000000000
154064  -46.630  -44.472  41.113 0.0000000000
56294  -47.388  -43.732  40.213 0.0000000000
56320  -47.839  -43.346  39.879 0.0000000000
56350  -47.177  -43.014  37.984 0.0000000000
57561  -46.076  -42.436  35.641 0.0000000000
58735  -44.561  -41.849  33.772 0.0000000000
57485  -39.661  -43.035  39.232 0.0000000000
57500  -40.113  -42.883  38.425 0.0000000000
147014  -40.738  -42.828  37.008 0.0000000000
139478  -41.102  -42.821  35.883 0.0000000000
57556  -41.590  -42.737  35.195 0.0000000000
57595  -42.171  -42.328  33.762 0.0000000000
58734  -43.294  -41.947  33.329 0.0000000000
58775  -43.597  -41.015  31.917 0.0000000000
38678  -31.268  -59.698  56.514 0.0000000000
43422  -28.670  -54.741  47.963 0.0000000000
43424  -30.342  -55.623  47.154 0.0000000000
43403  -30.155  -55.669  48.025 0.0000000000
42208  -31.134  -56.676  48.884 0.0000000000
40000  -32.678  -58.084  49.258 0.0000000000
154868  -33.723  -59.064  49.904 0.0000000000
41186  -34.337  -57.563  43.367 0.0000000000
40052  -33.906  -58.410  44.986 0.0000000000
40027  -34.142  -58.912  46.212 0.0000000000
146935  -36.331  -60.263  46.241 0.0000000000
38802  -35.542  -59.934  46.269 0.0000000000
145929  -33.965  -58.906  47.147 0.0000000000
38774  -34.386  -59.606  48.722 0.0000000000
140663  -34.646  -60.182  50.159 0.0000000000
147876  -34.650  -60.328  50.940 0.0000000000
37536  -35.858  -61.129  51.609 0.0000000000
36254  -38.009  -62.156  52.793 0.0000000000
36234  -15.811  -61.848  53.152 0.0000000000
36225  -17.430  -61.233  54.602 0.0000000000
161927  -18.632  -59.065  51.565 0.0000000000
38728  -17.571  -60.167  51.509 0.0000000000
38715  -17.961  -60.149  52.580 0.0000000000
37483  -18.008  -60.639  54.827 0.0000000000
37453  -17.998  -61.103  56.240 0.0000000000
164958  -18.653  -60.132  57.738 0.0000000000
157081  -21.774  -57.810  59.271 0.0000000000
59873  -48.465  -40.379  33.277 0.0000000000
59861  -50.343  -40.344  34.437 0.0000000000
59851  -52.071  -40.224  35.865 0.0000000000
61930  -52.156  -38.902  33.497 0.0000000000
60884  -53.420  -39.330  35.635 0.0000000000
60851  -54.332  -39.231  37.526 0.0000000000
61840  -55.763  -38.301  39.195 0.0000000000
65192  -55.527  -35.554  32.246 0.0000000000
160346  -56.668  -35.421  34.182 0.0000000000
65140  -57.025  -34.965  36.322 0.0000000000
75442  -59.705  -25.200  26.922 0.0000000000
76437  -60.462  -24.507  26.654 0.0000000000
159558  -61.700  -23.718  26.973 0.0000000000
143881  -60.376  -23.724  24.231 0.0000000000
77471  -61.036  -23.597  24.992 0.0000000000
78440  -62.572  -22.875  26.311 0.0000000000
142683  -63.315  -22.165  26.113 0.0000000000
79367  -64.584  -20.558  26.234 0.0000000000
78471  -63.235  -22.647  21.508 0.0000000000
144602  -63.991  -21.558  23.056 0.0000000000
156353  -64.845  -19.924  24.043 0.0000000000
81206  -67.342  -19.269  20.513 0.0000000000
48344  -39.822  -51.176  42.469 0.0000000000
48345  -40.417  -51.181  43.001 0.0000000000
58718  -46.133  -41.663  34.201 0.0000000000
58719  -47.130  -41.488  34.392 0.0000000000
160314  -46.123  -41.316  33.451 0.0000000000
73300  -59.811  -27.720  29.372 0.0000000000
73301  -60.637  -27.297  29.533 0.0000000000
74340  -60.211  -27.010  28.811 0.0000000000
74341  -60.808  -26.762  29.098 0.0000000000
74350  -59.801  -26.530  28.131 0.0000000000
36202  -16.719  -62.264  55.912 0.0000000000
34992  -17.144  -62.319  56.902 0.0000000000
56259  -40.597  -43.612  41.517 0.0000000000
56260  -41.425  -43.629  41.716 0.0000000000
56288  -41.344  -43.301  40.816 0.0000000000
139273  -26.087  -58.468  57.510 0.0000000000
39917  -25.867  -58.279  56.510 0.0000000000
39970  -33.644  -60.117  52.343 0.0000000000
38734  -34.219  -60.335  51.988 0.0000000000
37591  -41.587  -60.029  47.738 0.0000000000
156097  -41.854  -60.284  48.429 0.0000000000
38765  -42.239  -60.036  49.202 0.0000000000
41037  -24.318  -57.721  56.421 0.0000000000
66295  -52.075  -34.225  29.824 0.0000000000
65220  -53.264  -35.293  30.717 0.0000000000
66283  -53.332  -34.448  30.558 0.0000000000
144188  -43.902  -50.294  46.159 0.0000000000
146797  -43.430  -50.340  45.668 0.0000000000
158978  -40.192  -47.129  42.465 0.0000000000
148805  -24.867  -55.915  50.500 0.0000000000
43401  -28.589  -55.229  48.813 0.0000000000
43373  -28.589  -55.554  49.434 0.0000000000
42206  -29.778  -55.962  49.638 0.0000000000
43469  -40.148  -55.210  44.996 0.0000000000
43455  -40.647  -55.593  45.478 0.0000000000
43456  -41.306  -55.238  45.753 0.0000000000
43441  -41.999  -55.607  46.320 0.0000000000
48288  -43.381  -51.460  45.660 0.0000000000
152108  -44.024  -51.665  46.145 0.0000000000
48250  -44.836  -51.342  46.724 0.0000000000
43369  -23.079  -55.215  49.622 0.0000000000
43345  -23.438  -55.544  50.360 0.0000000000
141371  -49.458  -42.650  42.064 0.0000000000
57447  -49.838  -42.035  42.031 0.0000000000
57466  -49.451  -42.383  41.306 0.0000000000
145714  -52.196  -40.501  38.202 0.0000000000
59797  -52.866  -39.934  39.491 0.0000000000
59810  -53.202  -39.864  38.761 0.0000000000
60809  -54.050  -39.344  39.987 0.0000000000
60837  -53.947  -39.509  38.690 0.0000000000
70105  -54.923  -30.172  30.198 0.0000000000
70097  -55.426  -30.517  30.803 0.0000000000
69121  -60.821  -31.483  32.234 0.0000000000
147946  -54.791  -26.853  25.544 0.0000000000
74396  -54.860  -26.264  25.022 0.0000000000
75453  -55.439  -25.894  24.949 0.0000000000
32484  -13.671  -64.868  56.387 0.0000000000
32483  -12.960  -65.163  55.963 0.0000000000
148039  -12.521  -65.676  56.221 0.0000000000
31247  -13.072  -65.588  56.881 0.0000000000
34932  -16.960  -62.867  63.515 0.0000000000
34928  -16.758  -62.931  64.958 0.0000000000
29039  -13.957  -66.868  64.019 0.0000000000
27920  -14.885  -68.424  63.655 0.0000000000
52320  -43.655  -46.976  46.572 0.0000000000
52300  -44.202  -46.851  47.210 0.0000000000
53275  -43.958  -46.461  46.550 0.0000000000
137149  -45.602  -45.013  43.905 0.0000000000
54221  -46.091  -45.316  44.875 0.0000000000
54222  -47.213  -45.564  44.708 0.0000000000
54211  -47.547  -45.624  45.539 0.0000000000
54231  -47.805  -45.405  43.943 0.0000000000
56347  -43.391  -43.434  37.547 0.0000000000
138110  -44.189  -43.548  37.890 0.0000000000
56348  -44.233  -43.435  37.173 0.0000000000
56360  -44.314  -43.242  36.510 0.0000000000
56359  -43.514  -43.254  36.586 0.0000000000
39943  -29.357  -58.717  54.483 0.0000000000
138065  -29.918  -58.879  54.845 0.0000000000
41154  -32.853  -57.764  46.786 0.0000000000
41146  -32.559  -57.609  47.548 0.0000000000
40054  -36.786  -58.563  44.622 0.0000000000
40041  -37.319  -58.799  45.074 0.0000000000
36297  -37.618  -61.851  48.374 0.0000000000
36311  -37.088  -61.445  47.836 0.0000000000
36288  -37.356  -61.913  49.262 0.0000000000
43380  -43.879  -56.189  49.755 0.0000000000
41032  -20.045  -57.945  57.013 0.0000000000
61989  -48.702  -38.372  30.754 0.0000000000
159510  -49.678  -39.125  32.039 0.0000000000
61969  -50.024  -38.569  31.550 0.0000000000
62896  -55.868  -37.258  35.746 0.0000000000
62895  -55.452  -37.580  35.403 0.0000000000
62886  -56.194  -37.162  36.352 0.0000000000
64052  -56.608  -36.852  37.159 0.0000000000
64046  -57.094  -36.038  37.678 0.0000000000
66237  -58.810  -33.869  33.400 0.0000000000
66224  -58.317  -34.162  34.240 0.0000000000
76456  -57.883  -24.505  24.426 0.0000000000
76457  -58.611  -24.343  24.593 0.0000000000
143462  -62.339  -23.152  22.841 0.0000000000
78454  -62.989  -22.971  23.469 0.0000000000
159032  -63.035  -22.934  22.754 0.0000000000
80311  -65.182  -19.729  20.178 0.0000000000
80310  -64.670  -20.508  20.303 0.0000000000
81204  -65.233  -19.637  21.014 0.0000000000
81197  -65.225  -19.629  21.970 0.0000000000
81198  -65.939  -18.897  21.599 0.0000000000
82146  -66.295  -18.995  22.257 0.0000000000
165139  -66.314  -18.620  21.159 0.0000000000
49363  -41.990  -50.765  44.276 0.0000000000
143954  -41.966  -50.051  44.101 0.0000000000
50504  -40.257  -49.649  42.311 0.0000000000
47155  -40.718  -52.887  44.108 0.0000000000
45918  -41.196  -53.302  44.664 0.0000000000
48328  -41.016  -51.296  43.507 0.0000000000
48309  -41.639  -51.520  44.154 0.0000000000
57521  -47.740  -42.560  37.390 0.0000000000
57504  -49.023  -42.217  38.406 0.0000000000
165945  -48.467  -42.234  37.277 0.0000000000
58708  -49.218  -41.305  35.395 0.0000000000
58697  -49.504  -41.484  36.221 0.0000000000
58698  -50.329  -41.264  36.508 0.0000000000
59835  -51.079  -41.000  36.798 0.0000000000
58709  -50.085  -41.040  35.557 0.0000000000
71111  -57.077  -29.210  30.009 0.0000000000
72223  -57.825  -29.027  30.186 0.0000000000
72215  -59.407  -28.460  32.027 0.0000000000
71055  -59.940  -28.704  33.270 0.0000000000
72183  -60.595  -28.439  33.563 0.0000000000
76403  -62.151  -25.145  29.076 0.0000000000
76417  -62.368  -24.271  28.595 0.0000000000
76416  -61.629  -24.988  28.325 0.0000000000
34990  -15.623  -63.292  56.247 0.0000000000
35017  -14.878  -63.100  54.767 0.0000000000
33776  -15.044  -63.594  56.034 0.0000000000
164177  -14.626  -63.949  56.179 0.0000000000
33766  -15.098  -63.824  56.769 0.0000000000
54220  -42.312  -45.465  44.339 0.0000000000
55232  -42.799  -45.363  44.642 0.0000000000
55245  -42.163  -45.116  43.965 0.0000000000
55274  -42.914  -44.145  42.804 0.0000000000
55259  -43.226  -44.624  43.562 0.0000000000
138048  -43.677  -44.413  42.837 0.0000000000
55260  -44.153  -44.680  43.323 0.0000000000
55275  -44.502  -44.535  42.394 0.0000000000
56262  -43.490  -43.915  41.503 0.0000000000
56314  -42.263  -43.388  39.483 0.0000000000
56315  -42.946  -43.547  39.803 0.0000000000
56331  -42.763  -43.402  38.241 0.0000000000
56330  -41.879  -43.206  38.106 0.0000000000
140566  -31.352  -58.867  53.157 0.0000000000
39945  -31.448  -59.188  54.041 0.0000000000
39955  -32.023  -59.270  53.329 0.0000000000
38700  -34.194  -60.524  54.376 0.0000000000
38699  -33.497  -60.263  54.559 0.0000000000
141545  -35.801  -61.195  53.643 0.0000000000
37492  -36.328  -61.466  54.311 0.0000000000
36241  -37.201  -61.799  54.031 0.0000000000
41172  -33.322  -57.947  45.098 0.0000000000
40028  -39.218  -58.755  46.006 0.0000000000
37589  -39.524  -61.318  47.109 0.0000000000
160774  -39.528  -61.887  47.578 0.0000000000
35092  -39.979  -62.415  48.128 0.0000000000
146996  -39.968  -62.844  48.953 0.0000000000
35093  -40.708  -62.587  48.970 0.0000000000
35081  -41.265  -62.722  49.916 0.0000000000
139389  -21.359  -56.499  52.136 0.0000000000
42151  -21.133  -56.789  52.897 0.0000000000
41058  -22.340  -56.941  54.731 0.0000000000
138368  -22.055  -57.339  56.362 0.0000000000
39905  -24.891  -58.199  57.990 0.0000000000
158590  -24.002  -57.959  57.972 0.0000000000
64139  -50.335  -36.688  29.958 0.0000000000
62994  -50.867  -37.169  30.548 0.0000000000
62995  -51.695  -36.905  30.820 0.0000000000
64125  -54.085  -36.269  31.678 0.0000000000
62976  -53.794  -36.825  32.016 0.0000000000
64087  -54.764  -36.832  33.071 0.0000000000
62939  -55.026  -37.103  33.855 0.0000000000
64088  -55.416  -36.488  33.482 0.0000000000
158215  -65.047  -19.816  18.672 0.0000000000
81220  -65.706  -18.809  18.725 0.0000000000
36163  -18.321  -61.284  59.530 0.0000000000
37361  -18.062  -60.865  64.480 0.0000000000
49303  -45.539  -50.882  48.668 0.0000000000
50434  -45.382  -50.069  49.098 0.0000000000
49302  -45.242  -50.247  48.166 0.0000000000
145489  -43.791  -48.645  46.729 0.0000000000
51415  -43.493  -47.901  46.512 0.0000000000
51425  -42.933  -48.174  45.733 0.0000000000
50486  -41.913  -49.124  44.088 0.0000000000
52332  -41.764  -47.190  44.234 0.0000000000
53285  -41.823  -46.254  44.322 0.0000000000
53284  -41.329  -45.820  43.879 0.0000000000
54237  -40.205  -45.161  42.863 0.0000000000
41080  -25.138  -56.916  53.051 0.0000000000
42157  -26.216  -56.914  52.008 0.0000000000
41081  -25.968  -57.177  52.849 0.0000000000
41082  -26.814  -57.436  52.629 0.0000000000
146949  -27.582  -57.509  52.448 0.0000000000
43347  -25.720  -55.933  50.104 0.0000000000
143460  -26.429  -55.738  49.588 0.0000000000
42189  -28.748  -56.242  50.537 0.0000000000
42172  -28.396  -56.723  51.218 0.0000000000
41095  -28.910  -57.236  51.871 0.0000000000
156014  -29.698  -57.296  51.792 0.0000000000
165911  -30.263  -58.154  52.800 0.0000000000
41097  -31.377  -57.589  51.071 0.0000000000
41112  -32.024  -57.862  50.621 0.0000000000
42300  -36.958  -55.977  43.019 0.0000000000
41189  -36.956  -57.164  43.801 0.0000000000
42269  -37.717  -56.787  44.118 0.0000000000
161452  -38.304  -54.555  43.174 0.0000000000
43467  -38.719  -55.765  44.220 0.0000000000
42271  -38.922  -56.408  44.689 0.0000000000
41176  -38.301  -57.169  44.655 0.0000000000
158875  -38.968  -57.019  45.109 0.0000000000
40043  -39.109  -58.048  45.636 0.0000000000
41166  -39.406  -57.403  45.465 0.0000000000
42251  -40.973  -57.052  46.251 0.0000000000
41156  -40.450  -57.861  46.273 0.0000000000
40030  -41.155  -57.960  46.663 0.0000000000
40018  -41.320  -58.777  47.039 0.0000000000
160260  -41.726  -58.134  47.129 0.0000000000
41137  -42.213  -57.775  47.518 0.0000000000
43430  -43.058  -55.831  47.358 0.0000000000
42243  -42.908  -56.597  47.622 0.0000000000
42244  -43.440  -56.181  48.075 0.0000000000
43431  -43.649  -55.437  47.726 0.0000000000
44633  -42.127  -54.162  45.813 0.0000000000
45883  -44.439  -53.090  46.804 0.0000000000
45862  -44.110  -53.866  47.134 0.0000000000
44598  -44.498  -54.248  47.842 0.0000000000
45846  -45.039  -53.782  48.323 0.0000000000
45828  -45.016  -53.992  49.196 0.0000000000
48251  -45.337  -51.475  47.471 0.0000000000
47081  -45.633  -52.404  48.578 0.0000000000
48237  -45.590  -51.602  48.221 0.0000000000
42154  -23.713  -56.419  52.526 0.0000000000
57414  -50.387  -42.339  45.366 0.0000000000
58591  -50.722  -41.574  45.859 0.0000000000
58599  -50.617  -41.552  44.914 0.0000000000
59717  -50.810  -40.688  43.249 0.0000000000
59705  -50.973  -40.428  44.096 0.0000000000
59706  -51.424  -39.675  44.341 0.0000000000
60766  -51.672  -39.386  43.748 0.0000000000
58675  -50.295  -41.436  39.363 0.0000000000
159268  -50.254  -41.326  40.735 0.0000000000
59780  -50.715  -40.958  40.411 0.0000000000
60807  -52.767  -39.547  41.221 0.0000000000
59766  -51.893  -39.992  41.192 0.0000000000
60779  -52.535  -38.963  42.773 0.0000000000
156880  -53.541  -38.465  42.773 0.0000000000
61804  -54.409  -37.869  42.907 0.0000000000
62828  -55.489  -37.400  42.160 0.0000000000
69160  -53.123  -31.859  30.112 0.0000000000
145149  -53.756  -32.951  30.665 0.0000000000
68258  -53.848  -32.158  30.627 0.0000000000
69137  -56.269  -31.743  31.769 0.0000000000
68242  -55.677  -32.252  31.480 0.0000000000
68219  -56.917  -32.483  32.007 0.0000000000
138254  -58.077  -33.294  32.450 0.0000000000
68220  -57.601  -32.408  32.182 0.0000000000
71084  -57.791  -29.770  32.029 0.0000000000
70081  -57.267  -30.274  31.961 0.0000000000
70061  -57.886  -30.181  32.363 0.0000000000
26836  -10.500  -69.522  60.997 0.0000000000
24584  -9.138  -70.174  60.105 0.0000000000
25702  -10.083  -70.279  60.504 0.0000000000
62012  -45.747  -38.173  29.660 0.0000000000
159098  -46.625  -37.968  29.778 0.0000000000
148837  -46.016  -37.661  29.356 0.0000000000
64151  -47.206  -36.718  28.986 0.0000000000
64165  -47.811  -36.196  28.771 0.0000000000
64152  -48.546  -36.359  29.064 0.0000000000
159674  -47.621  -35.519  28.434 0.0000000000
66307  -49.308  -34.398  28.497 0.0000000000
66308  -50.047  -34.147  28.689 0.0000000000
67357  -49.440  -33.476  28.298 0.0000000000
68277  -50.539  -32.356  28.543 0.0000000000
69166  -50.944  -31.738  28.573 0.0000000000
68264  -51.914  -31.911  29.344 0.0000000000
69181  -50.980  -31.144  28.277 0.0000000000
138823  -52.054  -29.508  27.388 0.0000000000
70122  -51.948  -29.965  28.010 0.0000000000
71117  -52.813  -29.792  28.359 0.0000000000
71118  -53.385  -29.868  28.868 0.0000000000
71127  -53.112  -29.175  27.793 0.0000000000
137285  -53.739  -28.239  26.711 0.0000000000
72256  -54.142  -28.422  27.280 0.0000000000
144339  -54.776  -28.187  27.241 0.0000000000
72244  -55.735  -28.614  28.427 0.0000000000
72257  -55.425  -28.146  27.569 0.0000000000
73332  -56.541  -27.220  26.803 0.0000000000
73333  -57.343  -27.047  27.078 0.0000000000
73319  -57.799  -27.446  27.820 0.0000000000
74370  -57.867  -26.351  26.682 0.0000000000
140348  -56.967  -25.600  25.360 0.0000000000
30143  -11.551  -66.645  56.594 0.0000000000
34959  -17.735  -62.863  59.651 0.0000000000
34966  -17.440  -62.776  58.282 0.0000000000
159351  -16.834  -64.431  61.487 0.0000000000
33735  -17.003  -64.345  60.583 0.0000000000
138492  -16.171  -64.996  60.237 0.0000000000
32463  -15.414  -64.726  58.767 0.0000000000
32445  -15.795  -65.438  61.120 0.0000000000
33715  -15.987  -64.452  65.073 0.0000000000
31208  -14.066  -65.867  63.238 0.0000000000
32436  -14.654  -65.305  63.748 0.0000000000
31214  -13.834  -65.876  61.695 0.0000000000
31222  -14.315  -65.812  60.765 0.0000000000
140056  -13.705  -65.963  60.242 0.0000000000
31229  -13.121  -66.358  59.356 0.0000000000
31220  -12.910  -66.279  60.801 0.0000000000
163572  -12.175  -66.958  61.705 0.0000000000
30110  -11.646  -67.040  60.962 0.0000000000
30109  -11.182  -67.395  60.881 0.0000000000
163008  -10.642  -67.578  60.340 0.0000000000
29064  -11.003  -67.663  61.009 0.0000000000
27933  -10.885  -68.076  61.268 0.0000000000
27924  -11.922  -68.203  62.082 0.0000000000
26825  -15.063  -69.304  62.576 0.0000000000
56165  -49.413  -42.989  50.927 0.0000000000
57345  -49.263  -42.835  50.256 0.0000000000
51397  -45.061  -48.393  49.280 0.0000000000
138938  -45.284  -48.493  50.000 0.0000000000
148979  -45.139  -46.864  48.570 0.0000000000
142093  -44.970  -47.020  48.825 0.0000000000
53249  -45.347  -46.896  49.242 0.0000000000
53250  -45.763  -46.651  49.537 0.0000000000
54168  -45.517  -46.627  48.831 0.0000000000
55222  -43.956  -45.607  45.687 0.0000000000
54202  -44.326  -45.900  46.295 0.0000000000
55223  -44.617  -45.552  46.057 0.0000000000
55225  -46.054  -45.537  46.649 0.0000000000
55212  -45.640  -45.751  47.123 0.0000000000
54184  -46.237  -45.845  48.778 0.0000000000
55197  -46.721  -45.473  48.336 0.0000000000
55198  -47.413  -45.130  48.706 0.0000000000
55214  -47.593  -45.343  47.827 0.0000000000
159256  -48.976  -44.829  46.493 0.0000000000
55215  -48.710  -44.959  47.069 0.0000000000
55216  -49.288  -44.327  47.013 0.0000000000
56204  -49.330  -43.809  47.878 0.0000000000
56210  -49.709  -43.711  46.442 0.0000000000
55238  -49.301  -44.562  45.306 0.0000000000
55264  -48.395  -44.882  43.380 0.0000000000
56226  -49.390  -44.018  43.878 0.0000000000
56225  -48.973  -44.118  43.026 0.0000000000
56237  -48.631  -43.786  42.113 0.0000000000
55314  -45.579  -44.364  40.897 0.0000000000
55293  -46.060  -44.574  41.310 0.0000000000
56293  -46.599  -43.928  39.940 0.0000000000
56318  -46.536  -43.669  39.223 0.0000000000
56319  -47.270  -43.495  39.397 0.0000000000
56336  -47.594  -43.115  38.657 0.0000000000
139182  -46.282  -43.330  37.876 0.0000000000
57538  -44.757  -42.974  36.054 0.0000000000
57539  -45.576  -42.853  36.261 0.0000000000
57560  -45.235  -42.611  35.507 0.0000000000
57581  -45.677  -42.207  34.930 0.0000000000
57579  -44.319  -42.318  34.509 0.0000000000
57517  -39.682  -42.837  37.563 0.0000000000
57535  -40.741  -42.809  36.413 0.0000000000
57536  -41.406  -42.913  36.710 0.0000000000
139115  -40.319  -42.788  35.827 0.0000000000
57576  -41.033  -42.650  34.417 0.0000000000
57577  -41.829  -42.563  34.397 0.0000000000
57594  -41.356  -42.412  33.744 0.0000000000
153683  -43.211  -41.549  32.621 0.0000000000
39941  -26.735  -58.143  54.946 0.0000000000
39929  -27.101  -58.474  55.634 0.0000000000
39930  -27.872  -58.709  55.808 0.0000000000
39921  -29.511  -59.035  56.308 0.0000000000
38687  -31.695  -59.756  55.724 0.0000000000
38679  -32.255  -59.938  56.835 0.0000000000
42241  -31.441  -56.635  47.226 0.0000000000
42240  -30.816  -56.172  47.594 0.0000000000
42228  -30.645  -56.198  48.453 0.0000000000
40005  -32.819  -57.957  48.340 0.0000000000
41136  -32.198  -57.575  48.854 0.0000000000
40001  -33.062  -58.558  49.713 0.0000000000
38815  -35.062  -59.035  45.124 0.0000000000
155094  -34.533  -58.576  44.641 0.0000000000
40039  -34.326  -58.836  45.393 0.0000000000
38801  -34.825  -59.390  45.833 0.0000000000
38803  -37.034  -60.181  45.987 0.0000000000
37600  -36.003  -60.547  46.920 0.0000000000
38790  -35.242  -60.113  47.310 0.0000000000
38789  -34.638  -59.548  46.720 0.0000000000
147342  -34.496  -59.584  47.747 0.0000000000
38775  -35.010  -60.147  48.343 0.0000000000
37562  -35.742  -61.163  49.758 0.0000000000
38764  -34.782  -60.153  49.316 0.0000000000
37561  -35.154  -60.632  49.988 0.0000000000
37549  -35.032  -60.593  50.662 0.0000000000
38736  -35.211  -60.763  51.401 0.0000000000
36267  -37.633  -61.806  52.034 0.0000000000
33851  -39.679  -63.316  50.748 0.0000000000
33852  -40.416  -63.597  51.198 0.0000000000
41125  -42.922  -58.054  49.412 0.0000000000
146964  -16.426  -61.728  53.713 0.0000000000
37481  -17.053  -61.245  53.703 0.0000000000
146420  -19.736  -57.858  51.937 0.0000000000
41093  -19.637  -57.782  51.122 0.0000000000
160716  -18.943  -58.903  52.307 0.0000000000
38716  -18.338  -59.554  52.024 0.0000000000
38729  -18.086  -59.487  51.093 0.0000000000
145159  -18.538  -59.868  55.006 0.0000000000
158768  -18.229  -60.209  54.290 0.0000000000
37468  -18.249  -60.521  55.647 0.0000000000
147080  -18.566  -60.240  57.251 0.0000000000
38676  -18.808  -59.718  56.762 0.0000000000
41016  -22.312  -57.651  58.034 0.0000000000
41015  -21.640  -57.707  58.551 0.0000000000
152211  -22.388  -57.807  58.929 0.0000000000
140916  -52.244  -39.568  48.141 0.0000000000
60943  -46.652  -39.857  31.646 0.0000000000
138007  -47.188  -40.497  32.747 0.0000000000
59888  -47.894  -40.199  32.700 0.0000000000
138629  -49.993  -39.697  33.166 0.0000000000
59874  -49.830  -40.200  33.809 0.0000000000
162479  -50.994  -40.112  34.543 0.0000000000
59850  -51.401  -40.460  35.657 0.0000000000
60882  -51.650  -40.086  35.052 0.0000000000
61951  -52.242  -38.369  32.720 0.0000000000
61931  -53.090  -38.378  33.456 0.0000000000
61869  -54.989  -38.499  36.314 0.0000000000
61882  -53.915  -38.813  35.124 0.0000000000
60866  -54.365  -39.069  36.707 0.0000000000
146755  -53.753  -39.342  36.305 0.0000000000
61855  -54.980  -38.766  37.222 0.0000000000
61846  -54.918  -38.920  38.082 0.0000000000
61847  -55.580  -38.453  38.368 0.0000000000
64024  -57.036  -36.222  39.481 0.0000000000
64015  -56.623  -37.050  39.760 0.0000000000
66271  -55.389  -34.121  31.400 0.0000000000
65211  -54.968  -35.084  31.466 0.0000000000
66250  -55.917  -34.733  31.919 0.0000000000
146552  -57.431  -34.470  34.897 0.0000000000
65147  -56.871  -34.964  35.449 0.0000000000
144285  -57.452  -34.046  35.869 0.0000000000
75432  -58.743  -25.724  26.656 0.0000000000
75441  -59.138  -25.068  26.272 0.0000000000
76447  -59.627  -24.230  25.338 0.0000000000
76436  -59.719  -24.588  26.124 0.0000000000
77458  -61.142  -23.962  26.459 0.0000000000
157652  -59.395  -23.996  24.405 0.0000000000
77481  -59.839  -23.751  23.535 0.0000000000
78446  -61.983  -23.271  24.649 0.0000000000
78439  -61.892  -23.316  25.555 0.0000000000
163392  -63.059  -22.387  26.677 0.0000000000
79373  -63.868  -21.594  24.638 0.0000000000
79366  -63.887  -21.379  25.666 0.0000000000
79374  -64.423  -20.604  25.261 0.0000000000
79398  -63.549  -22.064  20.135 0.0000000000
78478  -63.079  -22.634  20.572 0.0000000000
78470  -62.504  -22.940  21.097 0.0000000000
78462  -63.342  -22.593  22.340 0.0000000000
79385  -63.779  -21.929  22.070 0.0000000000
81189  -65.553  -19.300  22.887 0.0000000000
80288  -65.173  -19.583  23.504 0.0000000000
81182  -65.850  -19.030  23.693 0.0000000000
81174  -65.477  -19.351  24.335 0.0000000000
81176  -66.211  -19.337  24.520 0.0000000000
82169  -66.829  -18.201  19.771 0.0000000000
82161  -67.035  -18.603  20.280 0.0000000000
155223  -67.350  -18.989  19.937 0.0000000000
49381  -40.895  -50.498  43.146 0.0000000000
47191  -39.212  -52.445  42.636 0.0000000000
144567  -39.402  -51.769  42.418 0.0000000000
143200  -40.539  -51.803  43.360 0.0000000000
57562  -46.978  -42.217  35.745 0.0000000000
57542  -48.172  -42.145  36.635 0.0000000000
58706  -47.495  -41.737  35.113 0.0000000000
58707  -48.364  -41.530  35.231 0.0000000000
59848  -48.898  -41.034  34.596 0.0000000000
72246  -57.987  -28.051  28.669 0.0000000000
72235  -59.154  -28.337  29.832 0.0000000000
142448  -59.739  -28.108  30.197 0.0000000000
73293  -61.492  -27.041  30.749 0.0000000000
74331  -62.003  -26.436  30.423 0.0000000000
158164  -61.217  -26.341  29.079 0.0000000000
36223  -15.898  -62.161  54.145 0.0000000000
137083  -15.236  -62.696  54.209 0.0000000000
35018  -15.629  -62.723  54.885 0.0000000000
35007  -15.990  -62.761  55.686 0.0000000000
146175  -41.631  -44.172  42.915 0.0000000000
55258  -42.422  -44.566  43.418 0.0000000000
56234  -41.617  -43.908  42.482 0.0000000000
56235  -42.394  -43.900  42.323 0.0000000000
56261  -42.697  -43.791  41.625 0.0000000000
151595  -42.141  -43.578  41.209 0.0000000000
56289  -42.249  -43.458  40.344 0.0000000000
56313  -41.515  -43.183  39.112 0.0000000000
158674  -25.555  -58.369  58.004 0.0000000000
39956  -32.556  -59.365  52.679 0.0000000000
161996  -32.813  -59.861  53.668 0.0000000000
39957  -33.212  -59.916  52.894 0.0000000000
39958  -33.820  -60.295  53.041 0.0000000000
38701  -34.790  -60.742  54.094 0.0000000000
37491  -35.182  -61.053  54.545 0.0000000000
38709  -34.910  -60.670  53.329 0.0000000000
38710  -35.402  -60.930  53.119 0.0000000000
37507  -35.891  -61.167  52.952 0.0000000000
38807  -40.571  -59.181  46.685 0.0000000000
37605  -40.381  -60.053  46.806 0.0000000000
37590  -40.952  -60.457  47.320 0.0000000000
146488  -40.780  -61.151  47.563 0.0000000000
36299  -40.980  -61.758  48.256 0.0000000000
37576  -41.860  -61.016  48.991 0.0000000000
142058  -22.986  -57.113  55.197 0.0000000000
139351  -22.819  -57.335  56.020 0.0000000000
41036  -23.407  -57.559  56.569 0.0000000000
41026  -24.590  -57.943  57.256 0.0000000000
65235  -51.139  -35.425  29.685 0.0000000000
141668  -52.021  -36.306  30.628 0.0000000000
158859  -52.369  -35.941  30.579 0.0000000000
64141  -53.565  -35.950  31.147 0.0000000000
65191  -54.767  -35.932  31.915 0.0000000000
49318  -45.088  -50.678  47.372 0.0000000000
49333  -44.522  -50.398  46.729 0.0000000000
50471  -42.930  -49.113  45.432 0.0000000000
51436  -40.899  -48.575  42.976 0.0000000000
51432  -41.809  -48.175  44.118 0.0000000000
156726  -40.843  -46.183  43.420 0.0000000000
53295  -40.225  -46.100  42.832 0.0000000000
42168  -23.958  -56.158  51.701 0.0000000000
42169  -24.762  -56.242  51.310 0.0000000000
42170  -25.449  -56.583  51.686 0.0000000000
148876  -26.019  -56.603  51.316 0.0000000000
43372  -27.017  -55.549  49.279 0.0000000000
43349  -27.260  -55.893  49.939 0.0000000000
43350  -28.227  -55.815  49.974 0.0000000000
41096  -30.195  -57.076  51.323 0.0000000000
42190  -29.548  -56.268  50.351 0.0000000000
42191  -30.274  -56.453  50.077 0.0000000000
42192  -30.987  -56.749  49.757 0.0000000000
43486  -39.150  -55.023  44.123 0.0000000000
42263  -40.437  -56.372  45.661 0.0000000000
42252  -41.801  -56.573  46.536 0.0000000000
42242  -42.293  -56.985  47.226 0.0000000000
43442  -42.697  -55.519  46.755 0.0000000000
47138  -42.593  -52.533  45.404 0.0000000000
45903  -43.069  -52.969  45.993 0.0000000000
47118  -43.882  -52.610  46.266 0.0000000000
47100  -45.082  -52.714  47.241 0.0000000000
43343  -21.902  -55.562  50.267 0.0000000000
143068  -22.674  -55.417  50.147 0.0000000000
43325  -23.310  -55.843  51.216 0.0000000000
160702  -49.910  -42.638  43.577 0.0000000000
57434  -50.257  -41.880  43.347 0.0000000000
58622  -50.483  -41.268  42.804 0.0000000000
59742  -50.868  -40.675  42.262 0.0000000000
159233  -51.732  -40.587  39.239 0.0000000000
59795  -51.362  -40.684  39.892 0.0000000000
59796  -52.139  -40.296  39.688 0.0000000000
156905  -52.592  -39.891  40.334 0.0000000000
156344  -53.450  -39.237  41.265 0.0000000000
60793  -53.940  -38.863  41.707 0.0000000000
60794  -54.070  -39.090  40.839 0.0000000000
61834  -54.738  -38.895  40.309 0.0000000000
61835  -55.339  -38.467  40.447 0.0000000000
70095  -53.827  -30.663  29.979 0.0000000000
69152  -54.473  -31.488  30.809 0.0000000000
69153  -55.032  -31.060  31.055 0.0000000000
69136  -55.758  -31.111  31.404 0.0000000000
165273  -59.044  -29.909  32.927 0.0000000000
143415  -58.855  -30.857  32.465 0.0000000000
159834  -63.944  -21.696  27.922 0.0000000000
66306  -47.568  -34.758  28.129 0.0000000000
70130  -50.611  -30.046  27.169 0.0000000000
70121  -51.142  -30.447  27.813 0.0000000000
71139  -51.808  -29.254  26.809 0.0000000000
73330  -54.610  -27.449  26.091 0.0000000000
72269  -55.213  -27.723  26.756 0.0000000000
73331  -55.374  -27.099  26.106 0.0000000000
74368  -56.151  -26.817  26.186 0.0000000000
74381  -56.541  -26.219  25.751 0.0000000000
31264  -11.907  -65.979  56.038 0.0000000000
162652  -11.932  -66.621  57.349 0.0000000000
34938  -17.625  -62.531  62.410 0.0000000000
33724  -17.217  -63.379  62.354 0.0000000000
142576  -16.811  -64.083  62.185 0.0000000000
32438  -16.323  -64.338  62.827 0.0000000000
31190  -15.672  -65.408  65.219 0.0000000000
31195  -14.385  -65.964  64.320 0.0000000000
31201  -13.816  -66.339  63.225 0.0000000000
31206  -12.763  -66.619  62.037 0.0000000000
30098  -13.632  -66.764  63.107 0.0000000000
29046  -13.150  -67.180  62.589 0.0000000000
27917  -13.038  -67.682  62.756 0.0000000000
27925  -12.598  -68.291  62.523 0.0000000000
27919  -13.976  -68.292  63.483 0.0000000000
27926  -14.535  -68.954  63.136 0.0000000000
51407  -44.286  -47.955  47.743 0.0000000000
52301  -44.632  -47.355  48.336 0.0000000000
164016  -44.318  -47.214  47.735 0.0000000000
55235  -45.186  -45.281  45.625 0.0000000000
55236  -46.047  -45.451  45.898 0.0000000000
145465  -46.913  -45.633  46.319 0.0000000000
54193  -47.448  -45.538  46.971 0.0000000000
54203  -47.833  -45.552  46.322 0.0000000000
54212  -48.295  -45.428  45.662 0.0000000000
55237  -48.763  -45.157  45.064 0.0000000000
55249  -48.553  -45.138  44.249 0.0000000000
55278  -47.418  -44.679  42.123 0.0000000000
56316  -44.229  -43.641  39.317 0.0000000000
56292  -45.483  -44.047  40.203 0.0000000000
142062  -45.085  -43.729  39.427 0.0000000000
158375  -45.468  -43.653  38.856 0.0000000000
56334  -45.508  -43.541  38.183 0.0000000000
56349  -45.543  -43.391  37.518 0.0000000000
57558  -43.649  -42.725  35.244 0.0000000000
41063  -27.902  -58.202  54.084 0.0000000000
157095  -28.400  -58.711  55.274 0.0000000000
39931  -29.196  -58.830  55.268 0.0000000000
39922  -30.415  -59.357  56.200 0.0000000000
37461  -33.646  -60.591  56.968 0.0000000000
38680  -33.152  -60.177  56.519 0.0000000000
42260  -31.700  -56.524  45.398 0.0000000000
42259  -31.119  -56.107  45.878 0.0000000000
163378  -31.762  -56.725  46.390 0.0000000000
163163  -31.839  -56.932  47.040 0.0000000000
41145  -31.910  -57.094  47.612 0.0000000000
162104  -33.295  -58.404  48.228 0.0000000000
41174  -35.685  -58.060  43.951 0.0000000000
151974  -36.046  -58.528  44.362 0.0000000000
40040  -35.965  -59.008  44.999 0.0000000000
37587  -37.339  -61.165  47.067 0.0000000000
37575  -36.013  -61.262  48.852 0.0000000000
36275  -36.260  -61.363  50.282 0.0000000000
37551  -36.490  -61.404  51.002 0.0000000000
36276  -37.042  -61.706  50.199 0.0000000000
155017  -38.365  -62.563  50.908 0.0000000000
39951  -19.741  -57.969  53.499 0.0000000000
39965  -19.502  -58.218  52.513 0.0000000000
154701  -18.961  -59.263  55.506 0.0000000000
39881  -23.913  -58.195  59.945 0.0000000000
139599  -48.064  -39.651  32.078 0.0000000000
60944  -48.885  -39.369  32.006 0.0000000000
145085  -50.064  -39.331  32.576 0.0000000000
142860  -50.761  -39.256  32.966 0.0000000000
62912  -54.669  -37.686  34.250 0.0000000000
61906  -54.320  -38.259  34.662 0.0000000000
61907  -54.951  -37.924  35.006 0.0000000000
62885  -55.658  -37.817  36.230 0.0000000000
61856  -55.578  -38.268  37.033 0.0000000000
61857  -55.924  -38.086  37.746 0.0000000000
62878  -56.411  -37.507  37.844 0.0000000000
65108  -57.438  -35.322  39.241 0.0000000000
66251  -57.598  -33.983  32.561 0.0000000000
66235  -57.165  -34.730  33.049 0.0000000000
66236  -57.980  -34.304  33.339 0.0000000000
66218  -58.049  -33.890  35.183 0.0000000000
78447  -62.859  -22.936  24.358 0.0000000000
143448  -63.457  -22.433  24.050 0.0000000000
79380  -63.828  -21.817  23.786 0.0000000000
79432  -63.932  -21.129  18.719 0.0000000000
79410  -64.178  -21.227  19.613 0.0000000000
143509  -64.137  -21.375  20.529 0.0000000000
79392  -64.211  -21.257  21.539 0.0000000000
158464  -64.626  -20.493  21.950 0.0000000000
81190  -66.134  -18.977  22.990 0.0000000000
82142  -66.277  -19.105  22.837 0.0000000000
81221  -67.597  -18.806  18.746 0.0000000000
81211  -67.541  -19.255  19.340 0.0000000000
160010  -67.682  -19.591  18.696 0.0000000000
49346  -42.994  -50.851  45.333 0.0000000000
146686  -42.978  -49.980  45.263 0.0000000000
49364  -42.493  -50.403  44.687 0.0000000000
160688  -40.963  -49.183  43.013 0.0000000000
43421  -27.807  -54.939  48.504 0.0000000000
139454  -37.866  -54.211  42.521 0.0000000000
144625  -38.610  -53.935  43.044 0.0000000000
45935  -39.304  -53.669  43.441 0.0000000000
45936  -39.685  -54.215  44.085 0.0000000000
44644  -40.301  -54.504  44.675 0.0000000000
44645  -40.957  -54.078  44.994 0.0000000000
44632  -41.452  -54.489  45.492 0.0000000000
47137  -41.868  -52.900  45.036 0.0000000000
48287  -42.781  -51.708  45.303 0.0000000000
140855  -48.902  -42.459  39.344 0.0000000000
58653  -49.774  -41.847  40.600 0.0000000000
58674  -49.679  -41.866  38.917 0.0000000000
58682  -50.417  -41.422  38.545 0.0000000000
58688  -48.916  -41.852  36.835 0.0000000000
58689  -49.696  -41.635  37.121 0.0000000000
59822  -51.147  -41.090  38.219 0.0000000000
59823  -51.735  -40.763  37.859 0.0000000000
59824  -52.288  -40.446  37.537 0.0000000000
72231  -55.669  -29.262  29.346 0.0000000000
71098  -56.131  -30.090  30.792 0.0000000000
71110  -56.315  -29.520  30.016 0.0000000000
157306  -57.393  -29.472  30.720 0.0000000000
161191  -58.271  -29.360  31.969 0.0000000000
72224  -58.561  -28.821  30.479 0.0000000000
72214  -58.669  -28.918  31.534 0.0000000000
139664  -58.922  -29.450  32.820 0.0000000000
71067  -59.606  -29.320  33.156 0.0000000000
71068  -60.582  -29.629  33.139 0.0000000000
158991  -62.473  -25.871  30.297 0.0000000000
77447  -62.134  -23.720  27.745 0.0000000000
33798  -13.377  -63.916  54.277 0.0000000000
33786  -13.802  -64.060  55.131 0.0000000000
32492  -14.061  -64.235  55.915 0.0000000000
53280  -42.780  -46.157  45.308 0.0000000000
54200  -43.312  -45.956  45.582 0.0000000000
54209  -43.373  -45.621  45.314 0.0000000000
55233  -43.542  -45.352  45.129 0.0000000000
55246  -43.272  -44.990  44.417 0.0000000000
55247  -44.069  -44.993  44.704 0.0000000000
137929  -44.632  -44.881  43.994 0.0000000000
138936  -45.940  -44.918  42.921 0.0000000000
55276  -45.372  -44.720  42.379 0.0000000000
55292  -45.261  -44.512  41.605 0.0000000000
55313  -44.892  -44.153  40.846 0.0000000000
137999  -43.746  -43.653  40.018 0.0000000000
39944  -30.625  -58.963  54.445 0.0000000000
39934  -31.944  -59.701  54.817 0.0000000000
38698  -32.728  -60.011  54.687 0.0000000000
38689  -33.324  -60.224  55.531 0.0000000000
37462  -34.101  -60.764  56.284 0.0000000000
158941  -35.719  -61.368  54.841 0.0000000000
42261  -32.191  -56.963  45.654 0.0000000000
41163  -33.078  -57.871  45.953 0.0000000000
142018  -37.917  -59.008  45.456 0.0000000000
37603  -38.502  -60.555  46.414 0.0000000000
37604  -39.471  -60.483  46.628 0.0000000000
37588  -38.172  -61.168  46.894 0.0000000000
36313  -38.796  -61.662  47.388 0.0000000000
36298  -38.454  -62.087  48.110 0.0000000000
155287  -38.751  -62.718  49.473 0.0000000000
35078  -39.150  -62.600  48.685 0.0000000000
35071  -40.801  -63.357  50.550 0.0000000000
42182  -19.973  -57.000  50.873 0.0000000000
41094  -20.050  -57.219  51.784 0.0000000000
41068  -20.532  -57.123  53.418 0.0000000000
41044  -20.479  -57.553  55.778 0.0000000000
41033  -20.587  -57.622  56.499 0.0000000000
41034  -21.341  -57.469  56.833 0.0000000000
41025  -23.083  -57.672  57.432 0.0000000000
39893  -23.879  -58.128  58.956 0.0000000000
142530  -49.116  -37.672  30.234 0.0000000000
62974  -50.452  -37.947  31.020 0.0000000000
61971  -51.769  -38.033  31.902 0.0000000000
62957  -52.644  -37.656  32.121 0.0000000000
62975  -53.017  -36.966  31.660 0.0000000000
62958  -53.411  -37.373  32.369 0.0000000000
62937  -53.689  -37.702  33.090 0.0000000000
62914  -55.738  -37.000  35.079 0.0000000000
64058  -56.173  -36.562  35.597 0.0000000000
76467  -58.446  -24.077  23.813 0.0000000000
138801  -58.694  -23.772  23.000 0.0000000000
141526  -59.392  -23.737  22.992 0.0000000000
82182  -66.901  -17.586  18.928 0.0000000000
82181  -66.223  -17.944  18.339 0.0000000000
83175  -67.015  -17.715  18.951 0.0000000000
154114  -17.742  -61.608  56.749 0.0000000000
34978  -17.471  -62.369  57.715 0.0000000000
36176  -17.811  -62.005  58.310 0.0000000000
36162  -17.981  -62.013  59.179 0.0000000000
36138  -17.824  -61.628  62.819 0.0000000000
138072  -44.589  -48.778  47.920 0.0000000000
50445  -44.710  -49.660  47.492 0.0000000000
50444  -44.187  -48.799  47.277 0.0000000000
148839  -42.811  -46.747  45.506 0.0000000000
52328  -42.600  -47.474  45.290 0.0000000000
53279  -42.307  -45.874  44.755 0.0000000000
54229  -41.632  -45.254  43.746 0.0000000000
55273  -41.210  -44.238  42.835 0.0000000000
41049  -25.241  -57.742  55.264 0.0000000000
41061  -26.233  -57.788  54.300 0.0000000000
41070  -26.552  -57.647  53.465 0.0000000000
41062  -27.123  -58.005  54.162 0.0000000000
41072  -28.480  -58.136  53.608 0.0000000000
150125  -29.102  -58.042  53.236 0.0000000000
42187  -26.238  -56.379  50.723 0.0000000000
146673  -26.681  -56.724  51.297 0.0000000000
42159  -27.987  -57.205  51.877 0.0000000000
41073  -29.769  -58.349  53.308 0.0000000000
39966  -30.927  -58.354  52.613 0.0000000000
144792  -30.793  -57.448  51.412 0.0000000000
41086  -31.231  -57.955  51.885 0.0000000000
39968  -32.526  -58.899  51.846 0.0000000000
39978  -33.142  -59.136  51.334 0.0000000000
42283  -35.736  -56.880  42.922 0.0000000000
41188  -36.152  -57.453  43.471 0.0000000000
44670  -37.758  -54.981  43.017 0.0000000000
43484  -37.639  -55.667  43.314 0.0000000000
42270  -38.040  -56.028  43.848 0.0000000000
41164  -37.940  -58.178  45.015 0.0000000000
40042  -38.583  -58.490  45.483 0.0000000000
40029  -40.087  -58.619  46.291 0.0000000000
157763  -41.716  -59.338  47.561 0.0000000000
38777  -42.419  -59.349  49.351 0.0000000000
41138  -42.578  -58.033  48.371 0.0000000000
157669  -42.955  -57.532  48.679 0.0000000000
42232  -43.656  -56.448  49.027 0.0000000000
147236  -43.966  -55.841  49.193 0.0000000000
158688  -42.606  -54.772  46.368 0.0000000000
44617  -43.395  -54.290  46.736 0.0000000000
44574  -44.184  -54.999  48.163 0.0000000000
43410  -44.315  -55.282  48.960 0.0000000000
44554  -44.607  -54.782  49.639 0.0000000000
45864  -45.420  -53.040  48.008 0.0000000000
42183  -20.641  -56.379  50.550 0.0000000000
42167  -21.254  -56.223  51.279 0.0000000000
165108  -21.861  -56.144  51.638 0.0000000000
42185  -21.906  -55.893  51.035 0.0000000000
41069  -23.809  -56.854  53.875 0.0000000000
149778  -50.780  -41.469  46.862 0.0000000000
148342  -51.315  -40.048  45.914 0.0000000000
149898  -51.718  -39.205  45.453 0.0000000000
58654  -50.019  -41.617  41.332 0.0000000000
59765  -50.631  -40.947  41.292 0.0000000000
59781  -51.292  -40.578  40.774 0.0000000000
140259  -51.507  -40.033  42.123 0.0000000000
60791  -51.761  -39.528  42.929 0.0000000000
60767  -52.131  -38.914  43.605 0.0000000000
60760  -52.510  -38.350  44.409 0.0000000000
62827  -54.958  -37.807  42.377 0.0000000000
67347  -52.823  -33.226  30.094 0.0000000000
66284  -53.887  -34.159  30.782 0.0000000000
67339  -53.404  -33.569  30.495 0.0000000000
67322  -54.820  -33.420  31.135 0.0000000000
66272  -56.193  -33.806  31.742 0.0000000000
68241  -55.009  -32.574  31.193 0.0000000000
67324  -56.286  -32.798  31.698 0.0000000000
67301  -56.912  -33.459  32.041 0.0000000000
67304  -59.702  -33.352  33.221 0.0000000000
71083  -56.711  -30.273  31.411 0.0000000000
70080  -56.645  -30.852  31.781 0.0000000000
69118  -57.744  -31.489  32.284 0.0000000000
140435  -58.018  -30.675  32.474 0.0000000000
158553  -58.346  -31.496  32.353 0.0000000000
68221  -58.403  -32.483  32.335 0.0000000000
142635  -59.171  -32.806  32.585 0.0000000000
27939  -8.832  -68.864  59.912 0.0000000000
162771  -45.106  -40.880  32.272 0.0000000000
142109  -45.936  -40.709  32.438 0.0000000000
140985  -44.815  -40.435  31.506 0.0000000000
59909  -45.812  -40.285  31.738 0.0000000000
146848  -46.038  -39.723  31.202 0.0000000000
60965  -45.695  -39.269  30.622 0.0000000000
60966  -46.650  -39.235  30.971 0.0000000000
61988  -47.034  -38.562  30.493 0.0000000000
141555  -47.848  -38.485  30.640 0.0000000000
62992  -48.177  -37.754  30.051 0.0000000000
63011  -46.584  -37.248  29.217 0.0000000000
63012  -47.432  -37.393  29.551 0.0000000000
165836  -48.056  -37.247  29.583 0.0000000000
156499  -48.657  -37.054  29.581 0.0000000000
143661  -49.152  -36.507  29.358 0.0000000000
64153  -49.788  -36.258  29.453 0.0000000000
152408  -48.488  -34.727  28.369 0.0000000000
65248  -49.216  -35.182  28.704 0.0000000000
162009  -50.529  -35.441  29.383 0.0000000000
66293  -50.525  -34.848  29.141 0.0000000000
66294  -51.333  -34.533  29.493 0.0000000000
67345  -51.523  -33.658  29.417 0.0000000000
68276  -49.876  -32.709  28.284 0.0000000000
67359  -51.000  -33.035  29.019 0.0000000000
67346  -52.237  -33.395  29.766 0.0000000000
146615  -51.728  -32.780  29.393 0.0000000000
151257  -52.549  -31.645  29.642 0.0000000000
70111  -51.679  -30.729  28.442 0.0000000000
140881  -53.091  -30.985  29.718 0.0000000000
70103  -53.587  -30.267  29.422 0.0000000000
71108  -54.115  -29.637  29.049 0.0000000000
71109  -54.912  -29.707  29.554 0.0000000000
71151  -51.505  -28.970  26.242 0.0000000000
71140  -52.587  -29.039  27.076 0.0000000000
72267  -53.015  -28.366  26.379 0.0000000000
71128  -53.855  -28.869  27.858 0.0000000000
71119  -54.224  -29.108  28.419 0.0000000000
71120  -54.886  -29.132  28.798 0.0000000000
72245  -56.663  -28.262  28.313 0.0000000000
73317  -56.002  -27.690  27.182 0.0000000000
73308  -57.318  -27.948  28.219 0.0000000000
139920  -58.609  -27.434  28.243 0.0000000000
74349  -59.021  -26.794  27.885 0.0000000000
74361  -58.577  -26.487  27.249 0.0000000000
75440  -58.036  -25.695  26.196 0.0000000000
75455  -57.763  -25.361  25.618 0.0000000000
77478  -56.986  -23.803  22.996 0.0000000000
34977  -17.081  -62.940  57.677 0.0000000000
161951  -16.593  -63.017  57.185 0.0000000000
33768  -16.439  -63.551  57.863 0.0000000000
33746  -17.311  -63.815  59.650 0.0000000000
33758  -16.820  -63.973  58.828 0.0000000000
33767  -15.520  -63.937  57.635 0.0000000000
32474  -15.165  -64.481  58.153 0.0000000000
143723  -14.982  -64.815  58.476 0.0000000000
32462  -14.523  -64.949  58.168 0.0000000000
33716  -16.386  -63.747  65.221 0.0000000000
32433  -16.001  -64.188  63.747 0.0000000000
32437  -15.531  -64.766  63.065 0.0000000000
32441  -15.728  -65.283  61.964 0.0000000000
31223  -15.243  -65.539  60.465 0.0000000000
31238  -14.228  -65.549  58.773 0.0000000000
32461  -13.924  -65.440  58.131 0.0000000000
31248  -13.367  -65.811  57.849 0.0000000000
162681  -12.597  -66.345  57.722 0.0000000000
31219  -12.229  -66.703  60.775 0.0000000000
30114  -11.558  -66.985  59.312 0.0000000000
27940  -9.396  -68.654  60.298 0.0000000000
26827  -10.168  -68.652  60.911 0.0000000000
25697  -11.390  -69.702  61.324 0.0000000000
156456  -12.771  -69.250  62.395 0.0000000000
26830  -12.616  -69.796  61.920 0.0000000000
57347  -50.431  -42.149  51.070 0.0000000000
57364  -49.701  -42.245  49.926 0.0000000000
137657  -44.971  -47.534  49.084 0.0000000000
54190  -44.156  -46.211  46.475 0.0000000000
54191  -44.708  -46.266  46.974 0.0000000000
54192  -45.332  -46.133  47.511 0.0000000000
54183  -45.701  -46.264  48.365 0.0000000000
54170  -46.467  -45.843  49.474 0.0000000000
55182  -47.689  -44.812  49.577 0.0000000000
55183  -48.383  -44.243  49.342 0.0000000000
157019  -48.333  -45.056  47.651 0.0000000000
56192  -48.848  -44.053  48.631 0.0000000000
56193  -49.310  -43.236  48.732 0.0000000000
57389  -49.792  -42.851  47.907 0.0000000000
57400  -50.007  -42.940  46.855 0.0000000000
57413  -50.082  -43.057  45.907 0.0000000000
57424  -50.008  -43.128  44.989 0.0000000000
55250  -49.143  -44.641  44.502 0.0000000000
57433  -49.801  -43.227  44.121 0.0000000000
56265  -49.024  -43.088  41.710 0.0000000000
57465  -48.931  -42.929  41.043 0.0000000000
55262  -46.737  -44.956  42.558 0.0000000000
147496  -46.682  -44.681  41.739 0.0000000000
55294  -47.238  -44.421  41.351 0.0000000000
55315  -46.193  -44.314  40.574 0.0000000000
55316  -46.964  -44.217  40.655 0.0000000000
55295  -47.937  -44.174  41.700 0.0000000000
56263  -47.667  -43.935  40.932 0.0000000000
56295  -48.062  -43.438  40.476 0.0000000000
57487  -48.434  -42.984  40.000 0.0000000000
56337  -48.075  -43.060  39.300 0.0000000000
57502  -47.845  -42.779  38.107 0.0000000000
57520  -46.808  -42.847  37.218 0.0000000000
56361  -45.953  -43.120  37.019 0.0000000000
57540  -46.443  -42.651  36.416 0.0000000000
58717  -45.154  -42.002  34.340 0.0000000000
58736  -45.410  -41.576  33.621 0.0000000000
57486  -40.561  -42.974  39.206 0.0000000000
57501  -40.999  -42.978  38.324 0.0000000000
57518  -40.542  -42.849  37.659 0.0000000000
57519  -41.251  -42.958  37.514 0.0000000000
56345  -41.845  -43.108  37.321 0.0000000000
56357  -42.179  -43.113  36.804 0.0000000000
57537  -41.884  -42.896  36.078 0.0000000000
138109  -40.677  -42.765  35.123 0.0000000000
56358  -42.653  -43.080  36.290 0.0000000000
57557  -42.399  -42.827  35.559 0.0000000000
138266  -42.910  -42.722  35.064 0.0000000000
57578  -43.459  -42.480  34.532 0.0000000000
57611  -41.717  -42.042  33.120 0.0000000000
58733  -42.575  -41.979  33.179 0.0000000000
57597  -43.759  -42.114  33.859 0.0000000000
138844  -43.972  -41.710  33.174 0.0000000000
157656  -44.201  -41.263  32.456 0.0000000000
39918  -26.659  -58.469  56.222 0.0000000000
39919  -27.304  -58.662  56.400 0.0000000000
39932  -30.501  -59.140  55.294 0.0000000000
39923  -30.982  -59.499  55.707 0.0000000000
43402  -29.398  -55.302  48.424 0.0000000000
43375  -29.980  -55.763  48.867 0.0000000000
41123  -31.614  -57.163  49.310 0.0000000000
41135  -31.744  -57.095  48.457 0.0000000000
41124  -32.096  -57.689  49.717 0.0000000000
39989  -32.577  -58.243  50.122 0.0000000000
39990  -33.144  -58.834  50.508 0.0000000000
39991  -33.692  -59.385  50.845 0.0000000000
41173  -33.855  -57.977  44.245 0.0000000000
40080  -34.821  -58.117  43.948 0.0000000000
40038  -33.683  -58.420  45.688 0.0000000000
38818  -37.212  -59.520  45.457 0.0000000000
38817  -36.321  -59.726  45.595 0.0000000000
37601  -36.785  -60.729  46.601 0.0000000000
143488  -33.801  -58.895  48.181 0.0000000000
40006  -33.917  -59.090  49.057 0.0000000000
38763  -34.270  -59.625  49.613 0.0000000000
38750  -34.154  -59.742  50.458 0.0000000000
148915  -34.126  -60.059  51.222 0.0000000000
159242  -35.207  -60.778  52.003 0.0000000000
164306  -35.516  -60.987  51.973 0.0000000000
37523  -36.550  -61.380  52.772 0.0000000000
37537  -36.740  -61.440  51.920 0.0000000000
160548  -37.259  -61.654  52.567 0.0000000000
36253  -37.276  -61.721  53.258 0.0000000000
35070  -38.918  -62.897  50.329 0.0000000000
35061  -39.081  -63.117  51.464 0.0000000000
36224  -16.729  -61.734  54.415 0.0000000000
36214  -17.084  -61.733  55.248 0.0000000000
39964  -19.157  -58.433  51.555 0.0000000000
37514  -17.270  -60.664  52.250 0.0000000000
37499  -17.558  -60.716  53.138 0.0000000000
38696  -18.156  -60.160  53.527 0.0000000000
37482  -17.761  -60.718  54.014 0.0000000000
37467  -17.743  -61.193  55.427 0.0000000000
37438  -18.193  -61.009  57.126 0.0000000000
37439  -18.471  -60.583  57.785 0.0000000000
41008  -22.339  -57.900  59.917 0.0000000000
164567  -47.085  -40.798  33.145 0.0000000000
59859  -48.288  -40.853  33.908 0.0000000000
60915  -49.237  -40.046  33.225 0.0000000000
138762  -49.066  -40.551  33.859 0.0000000000
147232  -50.099  -40.710  34.907 0.0000000000
59862  -50.788  -40.522  35.151 0.0000000000
59836  -51.576  -40.599  36.344 0.0000000000
59838  -52.933  -40.036  37.267 0.0000000000
61950  -51.248  -38.640  32.429 0.0000000000
61929  -51.538  -38.921  33.042 0.0000000000
60917  -51.961  -39.339  34.025 0.0000000000
61905  -53.529  -38.602  34.345 0.0000000000
60902  -53.039  -39.191  34.866 0.0000000000
60901  -52.194  -39.532  34.625 0.0000000000
60883  -52.523  -39.710  35.383 0.0000000000
60865  -53.654  -39.551  37.003 0.0000000000
60850  -53.602  -39.675  37.949 0.0000000000
60838  -54.524  -39.185  38.633 0.0000000000
139604  -55.259  -38.665  39.754 0.0000000000
62860  -55.692  -38.260  39.913 0.0000000000
153109  -56.456  -37.537  39.083 0.0000000000
62861  -56.138  -37.798  39.695 0.0000000000
65221  -54.038  -34.942  30.940 0.0000000000
65193  -56.359  -35.162  32.641 0.0000000000
65168  -56.613  -35.371  33.473 0.0000000000
65167  -55.883  -35.874  33.059 0.0000000000
64089  -56.069  -36.040  34.028 0.0000000000
65146  -56.439  -35.744  34.949 0.0000000000
65139  -56.602  -35.768  35.901 0.0000000000
66211  -57.486  -34.073  36.770 0.0000000000
65131  -57.264  -35.055  37.220 0.0000000000
65121  -57.497  -35.026  38.254 0.0000000000
75434  -60.164  -25.741  27.728 0.0000000000
76424  -60.609  -24.998  27.387 0.0000000000
165426  -61.208  -24.822  27.775 0.0000000000
76438  -61.277  -24.328  27.244 0.0000000000
76458  -60.162  -23.869  24.960 0.0000000000
77465  -61.258  -23.688  25.805 0.0000000000
77466  -61.796  -23.462  26.352 0.0000000000
77459  -62.276  -23.143  27.103 0.0000000000
78430  -62.930  -22.542  27.184 0.0000000000
78431  -63.550  -21.891  27.169 0.0000000000
79349  -64.366  -21.261  27.551 0.0000000000
79357  -64.025  -21.220  26.700 0.0000000000
79358  -64.799  -20.730  27.056 0.0000000000
80263  -65.107  -20.714  27.055 0.0000000000
78461  -62.643  -23.010  22.025 0.0000000000
164633  -63.657  -22.167  22.638 0.0000000000
79386  -64.353  -21.011  22.422 0.0000000000
143466  -64.576  -20.506  23.292 0.0000000000
80281  -64.926  -19.808  24.872 0.0000000000
82160  -66.741  -18.619  20.744 0.0000000000
82155  -67.068  -18.871  21.012 0.0000000000
141004  -67.541  -19.725  19.905 0.0000000000
25703  -11.131  -70.472  60.781 0.0000000000
26820  -11.464  -68.228  61.687 0.0000000000
26822  -12.227  -69.032  62.225 0.0000000000
26823  -13.281  -69.024  62.708 0.0000000000
26828  -11.104  -68.833  61.446 0.0000000000
26829  -11.971  -69.682  61.760 0.0000000000
27918  -13.317  -68.261  63.058 0.0000000000
27927  -15.487  -68.970  63.035 0.0000000000
27946  -8.755  -68.766  59.441 0.0000000000
29045  -12.725  -66.951  61.963 0.0000000000
29048  -14.255  -67.651  64.024 0.0000000000
29055  -11.649  -67.690  61.497 0.0000000000
29056  -12.337  -67.042  61.623 0.0000000000
29057  -12.684  -67.433  62.221 0.0000000000
29063  -10.274  -68.141  60.635 0.0000000000
29065  -11.793  -67.261  61.163 0.0000000000
29070  -9.144  -68.514  60.004 0.0000000000
29071  -9.755  -68.242  60.222 0.0000000000
29080  -10.105  -67.873  60.002 0.0000000000
30091  -14.341  -66.349  64.511 0.0000000000
30097  -13.159  -66.836  62.314 0.0000000000
30103  -12.738  -66.756  61.916 0.0000000000
30106  -12.029  -67.000  61.362 0.0000000000
31200  -13.300  -66.623  62.465 0.0000000000
31202  -14.259  -65.936  63.873 0.0000000000
31207  -13.448  -66.232  62.518 0.0000000000
31209  -14.792  -65.413  62.724 0.0000000000
31212  -12.436  -66.585  61.525 0.0000000000
31221  -13.518  -65.948  61.027 0.0000000000
31231  -14.529  -65.622  59.684 0.0000000000
31237  -12.929  -66.384  58.604 0.0000000000
32429  -15.346  -65.069  64.950 0.0000000000
32442  -16.348  -64.751  62.113 0.0000000000
32452  -15.414  -65.129  59.516 0.0000000000
33719  -15.970  -64.149  64.629 0.0000000000
33723  -16.637  -63.740  63.120 0.0000000000
33745  -16.742  -64.398  59.680 0.0000000000
33757  -15.929  -64.215  58.409 0.0000000000
34946  -17.858  -62.544  61.418 0.0000000000
34965  -17.094  -63.361  58.283 0.0000000000
35023  -37.366  -62.663  54.919 0.0000000000
36177  -18.226  -61.325  58.719 0.0000000000
36191  -17.782  -61.775  57.454 0.0000000000
37454  -18.422  -60.408  56.489 0.0000000000
37522  -35.946  -61.164  52.290 0.0000000000
38681  -33.658  -60.433  56.170 0.0000000000
38702  -35.289  -60.977  53.819 0.0000000000
38708  -34.334  -60.502  53.564 0.0000000000
38721  -35.478  -60.972  52.466 0.0000000000
38735  -34.760  -60.517  51.679 0.0000000000
39928  -26.337  -58.236  55.673 0.0000000000
39953  -29.199  -58.468  53.845 0.0000000000
41017  -23.132  -57.846  58.448 0.0000000000
41035  -22.695  -57.479  56.705 0.0000000000
42133  -21.788  -56.860  54.207 0.0000000000
42174  -30.048  -56.638  50.734 0.0000000000
42188  -26.999  -56.403  50.643 0.0000000000
54204  -48.485  -45.233  46.405 0.0000000000
56215  -49.707  -43.833  45.577 0.0000000000
56238  -49.252  -43.256  42.491 0.0000000000
56291  -44.050  -43.837  40.798 0.0000000000
56333  -44.727  -43.612  38.548 0.0000000000
56335  -46.833  -43.406  38.625 0.0000000000
56370  -43.170  -42.958  35.774 0.0000000000
57346  -49.799  -42.409  50.744 0.0000000000
57474  -48.605  -43.092  40.618 0.0000000000
57522  -48.416  -42.445  37.900 0.0000000000
57559  -44.407  -42.660  35.287 0.0000000000
57580  -44.953  -42.397  34.905 0.0000000000
57596  -42.981  -42.263  33.829 0.0000000000
58542  -50.916  -41.657  50.716 0.0000000000
58665  -50.230  -41.413  40.095 0.0000000000
58681  -49.736  -41.752  38.037 0.0000000000
58695  -47.839  -41.960  35.872 0.0000000000
58720  -48.004  -41.314  34.487 0.0000000000
58737  -46.925  -41.148  33.600 0.0000000000
58738  -47.639  -40.704  33.333 0.0000000000
58754  -44.836  -41.423  33.024 0.0000000000
59718  -51.284  -39.961  43.514 0.0000000000
59794  -50.717  -41.065  39.759 0.0000000000
59809  -52.389  -40.314  38.886 0.0000000000
59837  -52.269  -40.350  36.712 0.0000000000
59860  -49.634  -40.623  34.437 0.0000000000
59872  -46.530  -40.856  32.926 0.0000000000
60748  -51.746  -39.386  46.478 0.0000000000
60808  -53.374  -39.479  40.590 0.0000000000
60823  -53.617  -39.602  39.347 0.0000000000
60824  -54.340  -39.287  39.219 0.0000000000
60864  -52.949  -39.834  36.294 0.0000000000
60885  -54.225  -38.925  35.911 0.0000000000
60900  -50.673  -39.795  33.836 0.0000000000
60916  -51.411  -39.340  33.605 0.0000000000
60930  -47.305  -40.005  32.166 0.0000000000
60931  -48.655  -39.850  32.662 0.0000000000
60942  -45.242  -39.867  31.043 0.0000000000
61803  -52.754  -38.536  43.465 0.0000000000
61815  -54.515  -38.338  42.115 0.0000000000
61816  -55.211  -38.057  41.693 0.0000000000
61839  -55.042  -38.847  38.985 0.0000000000
61841  -56.165  -37.921  38.545 0.0000000000
61904  -52.662  -39.016  34.128 0.0000000000
61952  -53.058  -37.910  32.726 0.0000000000
62852  -55.820  -37.918  40.485 0.0000000000
62871  -56.556  -37.376  38.495 0.0000000000
62938  -54.381  -37.414  33.468 0.0000000000
63010  -45.297  -37.736  29.200 0.0000000000
63013  -49.529  -36.953  29.783 0.0000000000
64045  -56.809  -36.844  38.110 0.0000000000
64053  -56.847  -35.899  36.770 0.0000000000
64069  -55.553  -36.721  34.313 0.0000000000
64110  -54.461  -36.558  32.322 0.0000000000
64123  -52.418  -36.679  31.091 0.0000000000
64124  -53.508  -36.488  31.528 0.0000000000
64140  -52.893  -35.901  30.784 0.0000000000
64154  -50.506  -35.952  29.602 0.0000000000
64155  -51.857  -35.742  30.249 0.0000000000
65154  -56.885  -35.023  34.665 0.0000000000
65210  -54.223  -35.635  31.342 0.0000000000
65234  -49.950  -35.504  29.130 0.0000000000
65247  -48.426  -35.594  28.651 0.0000000000
66282  -52.637  -34.735  30.277 0.0000000000
67288  -59.370  -33.729  34.190 0.0000000000
67323  -55.589  -33.166  31.411 0.0000000000
67340  -54.107  -33.529  30.857 0.0000000000
67358  -50.289  -33.285  28.620 0.0000000000
68265  -52.504  -32.500  29.806 0.0000000000
69135  -55.174  -31.718  31.209 0.0000000000
69167  -51.489  -31.449  28.797 0.0000000000
69180  -50.514  -31.626  28.237 0.0000000000
70096  -54.529  -30.744  30.464 0.0000000000
70112  -52.309  -30.373  28.596 0.0000000000
71066  -58.396  -29.699  32.442 0.0000000000
71099  -57.283  -29.832  31.435 0.0000000000
72198  -58.764  -29.062  32.458 0.0000000000
72233  -57.538  -28.695  29.337 0.0000000000
73320  -58.405  -27.011  27.704 0.0000000000
79338  -64.569  -21.570  28.119 0.0000000000
80267  -65.087  -20.147  26.509 0.0000000000
81167  -65.606  -19.491  25.112 0.0000000000
81175  -66.064  -19.055  24.402 0.0000000000
82153  -66.515  -18.774  21.422 0.0000000000
82159  -66.588  -18.449  20.725 0.0000000000
137021  -14.376  -64.406  56.671 0.0000000000
137717  -50.883  -40.816  35.972 0.0000000000
140105  -42.895  -43.472  39.013 0.0000000000
140116  -51.333  -37.610  31.204 0.0000000000
142203  -43.041  -43.950  42.087 0.0000000000
142531  -49.191  -38.812  31.421 0.0000000000
144359  -43.736  -46.185  46.064 0.0000000000
148472  -11.744  -66.951  60.246 0.0000000000
148664  -41.664  -43.278  39.944 0.0000000000
148905  -48.900  -45.000  45.844 0.0000000000
152243  -12.221  -67.622  61.928 0.0000000000
152279  -54.536  -32.135  30.972 0.0000000000
152409  -54.285  -39.314  38.182 0.0000000000
152637  -14.122  -65.782  62.423 0.0000000000
153090  -52.491  -35.447  30.428 0.0000000000
154483  -42.594  -42.514  34.409 0.0000000000
155001  -45.174  -52.016  47.088 0.0000000000
155154  -13.577  -65.957  58.641 0.0000000000
156536  -12.768  -66.525  60.120 0.0000000000
157024  -60.984  -27.371  30.221 0.0000000000
157037  -25.711  -58.001  55.710 0.0000000000
158034  -51.266  -41.018  37.498 0.0000000000
158608  -12.077  -66.850  61.410 0.0000000000
161391  -36.396  -61.273  48.119 0.0000000000
162180  -13.256  -66.281  59.966 0.0000000000
162861  -55.170  -38.072  35.676 0.0000000000
162900  -11.577  -69.268  61.673 0.0000000000
163103  -46.037  -44.102  40.038 0.0000000000
163152  -56.162  -37.916  39.122 0.0000000000
163318  -50.826  -40.866  44.653 0.0000000000
163336  -48.028  -35.154  28.390 0.0000000000
163419  -23.478  -56.889  54.237 0.0000000000
163494  -42.255  -42.679  34.919 0.0000000000
163610  -50.144  -41.810  42.607 0.0000000000
164539  -52.551  -36.249  30.837 0.0000000000
165483  -50.526  -41.273  43.341 0.0000000000
165831  -47.442  -38.967  31.028 0.0000000000
