#!ascii label  , from subject sub-v2s17x50050_ses-1 vox2ras=TkReg
922
32403  -30.572  -65.027  -31.574 0.5000000000
32396  -29.133  -66.013  -29.729 0.8000000119
31149  -27.196  -66.032  -28.521 0.8000000119
144026  -28.340  -65.744  -29.170 0.8000000119
32401  -28.985  -65.178  -29.930 0.8000000119
32408  -31.127  -65.628  -32.225 0.5000000000
148427  -29.710  -66.063  -30.375 0.5000000000
33689  -29.421  -64.595  -30.328 0.6000000238
32393  -26.449  -64.315  -28.817 0.6999999881
32394  -27.253  -64.479  -29.195 0.6999999881
33688  -28.777  -64.311  -29.813 0.8000000119
34906  -29.534  -63.825  -30.260 0.6999999881
32409  -32.065  -65.373  -32.941 0.6000000238
139537  -31.594  -64.809  -32.441 0.5000000000
33696  -31.036  -64.207  -31.737 0.6000000238
34890  -25.709  -64.039  -27.925 0.6999999881
33690  -30.113  -64.435  -30.922 0.6000000238
34913  -31.561  -63.376  -31.739 0.6000000238
33676  -25.774  -64.339  -28.408 0.6999999881
32385  -25.978  -64.982  -28.657 0.6999999881
33682  -27.921  -63.893  -29.360 0.6999999881
34907  -30.474  -63.672  -31.022 0.6000000238
36097  -31.447  -62.045  -30.967 0.6000000238
34900  -28.683  -63.549  -29.587 0.8000000119
36095  -29.919  -62.383  -29.932 0.8000000119
36096  -30.705  -62.486  -30.648 0.6999999881
33698  -33.921  -64.193  -33.342 0.4000000060
163293  -32.579  -63.349  -32.298 0.6000000238
36055  -26.953  -63.179  -27.112 0.6999999881
36101  -32.588  -62.017  -31.684 0.6000000238
36066  -27.357  -62.513  -27.489 0.6999999881
34892  -27.155  -63.076  -28.516 0.6999999881
33681  -27.020  -63.694  -28.954 0.6999999881
36084  -28.442  -62.817  -29.232 0.6999999881
36085  -29.129  -62.325  -29.436 0.6000000238
37327  -30.721  -61.696  -30.220 0.6999999881
38580  -31.518  -60.048  -30.192 0.5000000000
37318  -28.548  -61.879  -28.930 0.6000000238
38578  -29.744  -60.690  -29.068 0.6000000238
37319  -29.611  -61.584  -29.375 0.6000000238
38579  -30.585  -60.340  -29.499 0.6000000238
40945  -31.496  -58.636  -29.622 0.5000000000
36103  -34.139  -62.859  -32.364 0.4000000060
34914  -33.751  -63.243  -32.806 0.5000000000
33643  -26.208  -64.186  -25.880 0.6999999881
36102  -33.717  -62.469  -32.180 0.6000000238
37334  -33.784  -61.735  -31.919 0.6000000238
37298  -27.751  -61.834  -27.748 0.6999999881
37328  -31.895  -61.384  -31.039 0.6000000238
37309  -27.967  -61.833  -28.350 0.6999999881
38589  -32.561  -60.599  -31.111 0.5000000000
39807  -32.663  -59.714  -30.847 0.6000000238
37310  -28.411  -61.321  -28.463 0.6999999881
38577  -28.927  -61.029  -28.802 0.6000000238
39798  -31.677  -59.363  -30.098 0.5000000000
40946  -32.549  -58.443  -30.397 0.5000000000
39796  -29.923  -59.905  -28.824 0.5000000000
142051  -23.911  -64.414  -25.134 0.6000000238
36044  -25.891  -63.150  -24.631 0.6000000238
34908  -34.383  -63.392  -31.823 0.5000000000
36087  -34.418  -62.227  -30.731 0.5000000000
34859  -26.204  -63.862  -25.089 0.6999999881
159666  -25.687  -64.260  -25.399 0.6999999881
37335  -34.151  -62.214  -32.039 0.5000000000
37330  -34.263  -61.668  -31.575 0.5000000000
38581  -34.530  -60.496  -30.555 0.4000000060
34861  -27.165  -63.405  -26.218 0.6999999881
148458  -34.212  -60.750  -31.202 0.5000000000
37286  -27.854  -62.038  -26.850 0.6999999881
37299  -28.198  -61.335  -27.235 0.6999999881
38591  -34.457  -59.904  -31.119 0.5000000000
38553  -28.427  -60.624  -27.581 0.6999999881
38568  -28.561  -60.688  -28.248 0.6000000238
39809  -34.118  -59.175  -31.182 0.5000000000
38569  -29.144  -60.262  -28.516 0.6000000238
40954  -33.609  -58.515  -30.928 0.5000000000
164827  -30.025  -58.221  -28.166 0.5000000000
40935  -30.460  -58.546  -28.668 0.5000000000
40936  -31.123  -57.990  -28.900 0.5000000000
42065  -33.689  -57.259  -30.597 0.5000000000
42063  -31.962  -57.720  -29.659 0.5000000000
43166  -34.176  -56.661  -30.488 0.3000000119
38555  -33.945  -60.146  -28.564 0.3000000119
141859  -23.438  -63.427  -24.972 0.6000000238
137173  -24.934  -62.951  -24.705 0.6000000238
144820  -34.190  -60.983  -29.727 0.4000000060
38571  -34.415  -60.404  -29.563 0.4000000060
37254  -27.926  -61.991  -24.631 0.6000000238
158932  -34.813  -59.810  -30.328 0.5000000000
36047  -28.046  -62.391  -25.815 0.6999999881
37287  -28.491  -61.567  -26.158 0.6999999881
39810  -34.636  -59.275  -30.845 0.5000000000
39774  -29.094  -59.244  -27.585 0.5000000000
42073  -34.790  -58.190  -30.739 0.5000000000
39773  -28.695  -59.948  -27.912 0.5000000000
43173  -34.664  -57.422  -30.722 0.4000000060
43167  -35.350  -56.739  -30.476 0.4000000060
44343  -33.301  -55.947  -29.750 0.5000000000
43165  -32.997  -56.636  -29.960 0.4000000060
37272  -24.482  -62.062  -24.903 0.6000000238
37273  -25.386  -62.056  -24.640 0.6000000238
37252  -26.228  -61.556  -24.365 0.6000000238
37253  -27.186  -61.928  -24.334 0.6000000238
38506  -28.790  -60.327  -24.224 0.6000000238
39789  -34.857  -59.305  -29.718 0.3000000119
39800  -34.833  -59.159  -30.399 0.4000000060
160999  -28.368  -61.900  -25.176 0.6000000238
42056  -35.391  -57.861  -29.417 0.3000000119
39741  -29.251  -59.947  -25.814 0.6000000238
161377  -28.532  -60.833  -26.814 0.6999999881
43157  -36.168  -56.475  -29.501 0.3000000119
40947  -35.062  -58.551  -30.151 0.3000000119
39758  -29.223  -59.148  -26.676 0.6000000238
44325  -36.762  -55.273  -29.425 0.3000000119
42067  -35.858  -57.038  -29.973 0.3000000119
42032  -29.661  -57.749  -27.064 0.5000000000
40923  -29.430  -58.490  -27.321 0.5000000000
42054  -29.835  -58.014  -27.736 0.5000000000
45555  -37.096  -54.705  -29.768 0.3000000119
150012  -36.101  -56.300  -30.124 0.3000000119
146238  -30.409  -57.715  -28.250 0.5000000000
45562  -36.574  -54.761  -30.070 0.3000000119
43145  -30.611  -56.188  -27.827 0.5000000000
45560  -34.633  -55.031  -29.851 0.4000000060
154349  -35.796  -55.191  -30.140 0.3000000119
152182  -24.441  -61.205  -24.971 0.5000000000
38503  -26.023  -60.609  -24.330 0.6000000238
154091  -26.808  -60.266  -23.952 0.5000000000
39720  -29.365  -59.789  -24.786 0.6000000238
40880  -29.556  -58.823  -24.557 0.5000000000
45542  -36.981  -54.772  -28.847 0.3000000119
39742  -29.522  -59.078  -25.610 0.6000000238
48048  -37.627  -52.668  -27.730 0.3000000119
46808  -37.315  -54.212  -28.918 0.3000000119
40911  -29.537  -58.359  -26.444 0.6000000238
42045  -30.016  -57.286  -27.564 0.5000000000
45550  -32.101  -54.938  -28.348 0.5000000000
44336  -33.516  -55.237  -29.437 0.4000000060
45552  -33.574  -54.572  -29.165 0.4000000060
39716  -25.778  -59.608  -24.386 0.5000000000
39717  -26.802  -59.375  -23.799 0.5000000000
40879  -28.498  -58.827  -23.596 0.5000000000
39718  -28.074  -59.697  -23.649 0.5000000000
159853  -29.206  -58.716  -23.870 0.5000000000
48047  -36.811  -52.538  -26.875 0.3000000119
40902  -29.758  -58.255  -25.447 0.6000000238
158903  -29.793  -57.597  -26.225 0.6000000238
43144  -29.833  -56.986  -26.855 0.5000000000
44322  -30.969  -55.598  -27.860 0.5000000000
46822  -35.796  -53.908  -29.959 0.4000000060
46817  -34.700  -53.406  -29.310 0.4000000060
40854  -27.097  -57.991  -23.616 0.5000000000
40855  -27.951  -58.075  -23.441 0.5000000000
41981  -29.414  -57.320  -23.644 0.5000000000
49169  -36.754  -51.610  -26.372 0.4000000060
50281  -37.391  -50.911  -26.541 0.4000000060
42004  -29.950  -57.429  -24.315 0.5000000000
138858  -29.821  -58.056  -24.661 0.5000000000
49170  -37.484  -51.875  -27.173 0.4000000060
50287  -38.189  -51.421  -27.509 0.3000000119
42005  -30.281  -56.751  -24.841 0.4000000060
151040  -38.275  -52.257  -28.220 0.3000000119
43130  -30.084  -56.854  -25.954 0.5000000000
43131  -30.162  -56.249  -26.652 0.4000000060
45538  -30.824  -55.052  -27.222 0.4000000060
46816  -33.742  -53.400  -28.747 0.4000000060
41979  -27.350  -57.345  -23.594 0.5000000000
43083  -28.838  -56.652  -23.378 0.5000000000
163942  -29.487  -56.677  -23.564 0.5000000000
50274  -36.862  -50.257  -25.729 0.4000000060
40857  -29.553  -58.120  -24.021 0.5000000000
43084  -30.012  -56.587  -23.913 0.4000000060
51210  -38.448  -49.464  -26.600 0.4000000060
50282  -38.296  -50.514  -27.058 0.4000000060
43106  -30.426  -55.785  -24.507 0.4000000060
43119  -30.352  -56.062  -25.661 0.4000000060
51214  -39.103  -50.227  -27.576 0.4000000060
44309  -30.487  -55.383  -26.437 0.4000000060
45524  -31.339  -54.190  -27.127 0.4000000060
46805  -32.017  -53.452  -27.313 0.4000000060
45540  -32.157  -54.211  -27.952 0.4000000060
46806  -32.613  -53.493  -27.827 0.4000000060
49177  -34.912  -51.813  -28.730 0.4000000060
49179  -36.669  -52.298  -29.795 0.4000000060
48070  -35.725  -52.206  -29.355 0.4000000060
43082  -27.685  -56.488  -23.518 0.5000000000
160339  -28.968  -55.352  -23.284 0.4000000060
52097  -37.775  -48.405  -25.390 0.4000000060
51201  -37.755  -49.087  -25.820 0.4000000060
150273  -29.727  -55.224  -23.414 0.5000000000
44267  -30.362  -54.936  -23.837 0.4000000060
44296  -30.563  -55.356  -25.439 0.4000000060
52103  -39.616  -48.871  -27.238 0.4000000060
46794  -31.099  -53.991  -26.133 0.4000000060
165052  -32.045  -52.815  -26.897 0.4000000060
49181  -38.308  -51.943  -30.026 0.3000000119
46807  -33.200  -53.103  -28.108 0.4000000060
45483  -29.036  -54.522  -23.274 0.4000000060
45484  -29.926  -54.549  -23.381 0.5000000000
46771  -30.813  -53.324  -23.915 0.4000000060
53036  -38.689  -47.932  -25.983 0.4000000060
46772  -31.231  -53.058  -24.465 0.4000000060
165724  -31.072  -53.558  -24.574 0.4000000060
48031  -31.784  -52.069  -25.150 0.4000000060
46783  -30.976  -54.066  -25.108 0.4000000060
48044  -31.877  -52.516  -26.183 0.4000000060
48045  -32.403  -52.133  -26.774 0.4000000060
48058  -32.641  -52.746  -27.425 0.4000000060
48059  -33.319  -52.437  -27.817 0.4000000060
160469  -36.811  -51.090  -29.597 0.4000000060
148558  -35.386  -51.298  -28.848 0.4000000060
145235  -30.183  -53.240  -23.421 0.4000000060
48007  -30.562  -52.556  -23.571 0.4000000060
163294  -31.461  -52.069  -24.310 0.4000000060
49166  -32.233  -51.655  -25.999 0.4000000060
49167  -32.738  -51.320  -26.598 0.4000000060
50296  -38.573  -51.286  -30.053 0.4000000060
49168  -33.260  -51.066  -26.949 0.4000000060
145051  -33.751  -51.184  -27.441 0.4000000060
50285  -34.192  -50.608  -27.487 0.4000000060
50290  -34.516  -51.193  -28.123 0.4000000060
50291  -35.207  -50.625  -28.412 0.4000000060
49152  -30.952  -51.720  -23.757 0.4000000060
49153  -31.557  -51.316  -24.397 0.4000000060
50270  -32.207  -50.164  -25.254 0.4000000060
51206  -32.904  -49.521  -26.089 0.4000000060
49159  -32.487  -50.789  -25.919 0.4000000060
51207  -33.519  -49.709  -26.615 0.4000000060
50278  -33.013  -50.429  -26.462 0.4000000060
51212  -34.249  -49.826  -27.175 0.4000000060
51213  -35.005  -49.477  -27.564 0.4000000060
51223  -36.958  -50.330  -29.463 0.3000000119
51218  -36.235  -49.844  -28.842 0.4000000060
50292  -36.004  -50.614  -28.997 0.4000000060
51188  -31.034  -49.676  -24.366 0.4000000060
50264  -31.637  -50.351  -24.581 0.4000000060
52095  -31.928  -48.471  -25.275 0.4000000060
51198  -32.335  -49.364  -25.512 0.4000000060
153095  -33.319  -48.863  -26.247 0.4000000060
152845  -34.591  -49.073  -27.111 0.4000000060
52104  -35.176  -48.584  -27.377 0.4000000060
51226  -40.003  -50.409  -29.890 0.4000000060
51225  -38.567  -50.460  -30.067 0.3000000119
152422  -35.576  -49.120  -27.874 0.4000000060
51219  -36.795  -49.416  -29.015 0.5000000000
52115  -38.312  -49.467  -29.827 0.4000000060
52106  -36.659  -48.621  -28.533 0.5000000000
53028  -31.612  -47.741  -25.081 0.4000000060
53938  -33.248  -46.549  -25.751 0.4000000060
53030  -32.893  -47.241  -25.756 0.4000000060
53942  -34.016  -46.679  -26.279 0.4000000060
52099  -33.059  -47.990  -25.977 0.4000000060
52105  -35.993  -48.426  -27.913 0.4000000060
153130  -38.025  -48.511  -29.411 0.5000000000
53932  -32.400  -46.626  -24.815 0.4000000060
54961  -33.409  -45.966  -25.402 0.4000000060
54971  -33.925  -45.948  -26.044 0.4000000060
53046  -37.227  -47.826  -28.553 0.4000000060
53047  -38.370  -47.601  -29.237 0.5000000000
53923  -33.430  -46.247  -24.080 0.4000000060
54953  -33.707  -45.789  -24.790 0.4000000060
54962  -34.235  -45.497  -25.552 0.4000000060
53959  -38.988  -46.985  -29.388 0.5000000000
55988  -36.566  -44.543  -23.750 0.4000000060
54944  -34.128  -45.901  -24.027 0.4000000060
55987  -35.833  -44.879  -24.062 0.4000000060
54954  -34.445  -45.451  -24.699 0.4000000060
55993  -36.348  -44.407  -24.747 0.4000000060
55998  -36.181  -44.283  -25.710 0.5000000000
144838  -35.293  -45.468  -23.324 0.4000000060
43155  -31.274  -56.309  -28.488 0.5000000000
45551  -32.800  -54.707  -28.689 0.5000000000
45553  -34.114  -54.093  -29.266 0.4000000060
31172  -30.343  -65.901  -31.242 0.5000000000
31150  -27.904  -66.539  -28.602 0.8000000119
31148  -26.418  -65.880  -28.568 0.8000000119
31147  -25.531  -65.740  -28.542 0.6999999881
154282  -31.912  -66.122  -32.945 0.5000000000
32384  -25.261  -64.982  -28.375 0.6999999881
32414  -33.718  -65.801  -33.395 0.5000000000
32383  -24.553  -65.154  -28.171 0.6999999881
34915  -34.290  -63.681  -32.939 0.4000000060
33704  -33.925  -65.033  -33.600 0.4000000060
33665  -25.257  -64.556  -27.256 0.6999999881
153230  -25.378  -63.830  -24.880 0.6999999881
33691  -34.393  -64.396  -32.334 0.4000000060
36086  -33.680  -62.842  -29.656 0.4000000060
33641  -22.493  -64.883  -25.366 0.6000000238
37312  -33.724  -61.625  -29.174 0.4000000060
161336  -23.731  -61.604  -25.183 0.6000000238
38526  -25.214  -60.114  -24.710 0.5000000000
40877  -26.387  -58.312  -23.967 0.5000000000
41978  -26.479  -57.476  -23.968 0.4000000060
161315  -27.994  -54.973  -23.469 0.4000000060
46754  -28.664  -53.525  -23.394 0.4000000060
146614  -29.331  -52.968  -23.348 0.4000000060
48006  -29.170  -52.065  -23.442 0.4000000060
50254  -30.185  -51.058  -23.684 0.4000000060
52091  -31.161  -48.221  -24.845 0.4000000060
53024  -31.175  -47.528  -24.559 0.4000000060
53921  -31.857  -47.016  -24.312 0.4000000060
53922  -32.640  -46.647  -24.033 0.4000000060
55982  -36.104  -45.028  -22.977 0.4000000060
31161  -28.788  -66.685  -29.178 0.8000000119
32395  -28.128  -64.801  -29.487 0.8000000119
33697  -32.457  -63.969  -32.586 0.5000000000
36083  -27.828  -62.514  -28.682 0.6999999881
144374  -32.642  -62.855  -31.991 0.6000000238
37329  -33.823  -61.045  -31.647 0.6000000238
38588  -31.208  -60.841  -30.290 0.6000000238
37320  -30.385  -61.053  -29.614 0.6000000238
37274  -27.914  -62.453  -25.080 0.6999999881
38590  -33.808  -60.263  -31.304 0.5000000000
36077  -34.003  -62.114  -29.752 0.5000000000
37321  -34.374  -61.383  -30.529 0.5000000000
148197  -34.639  -59.864  -29.394 0.3000000119
43156  -32.276  -56.099  -29.128 0.5000000000
39719  -29.073  -59.445  -23.967 0.6000000238
44321  -30.439  -55.797  -27.266 0.5000000000
44335  -32.579  -55.399  -28.932 0.5000000000
46815  -33.122  -53.924  -28.517 0.4000000060
45539  -31.474  -54.910  -27.813 0.4000000060
48073  -35.682  -53.127  -29.658 0.4000000060
49176  -34.344  -51.981  -28.448 0.4000000060
49173  -33.094  -51.812  -27.294 0.4000000060
49145  -30.045  -51.824  -23.438 0.4000000060
51217  -35.532  -49.862  -28.271 0.4000000060
54963  -34.911  -45.046  -25.337 0.4000000060
21229  -20.078  -75.689  -33.164 0.4000000060
21242  -20.646  -76.257  -33.928 0.4000000060
20184  -22.452  -76.542  -34.255 0.4000000060
150116  -23.260  -76.768  -34.754 0.4000000060
21218  -22.215  -75.751  -32.001 0.4000000060
21230  -22.630  -76.130  -33.106 0.4000000060
20176  -23.382  -76.241  -34.003 0.4000000060
21244  -24.052  -75.980  -33.798 0.4000000060
21255  -25.965  -75.580  -35.390 0.5000000000
21219  -23.295  -75.957  -32.011 0.4000000060
21231  -23.726  -76.051  -32.903 0.4000000060
21233  -24.785  -75.262  -33.214 0.5000000000
21246  -25.041  -75.249  -34.619 0.5000000000
158826  -25.985  -73.255  -34.331 0.6000000238
21205  -23.471  -75.624  -30.312 0.4000000060
161097  -23.738  -75.827  -31.253 0.4000000060
154265  -24.794  -75.451  -32.069 0.4000000060
22347  -26.265  -74.734  -35.087 0.5000000000
33699  -34.249  -64.642  -33.279 0.3000000119
32410  -34.177  -65.506  -32.545 0.4000000060
34902  -33.328  -63.787  -29.634 0.3000000119
23430  -27.360  -73.890  -34.613 0.5000000000
29012  -31.472  -68.474  -32.358 0.5000000000
31179  -32.867  -66.625  -33.290 0.4000000060
22316  -26.241  -73.970  -30.405 0.4000000060
22334  -25.049  -74.836  -33.488 0.5000000000
160649  -25.599  -73.890  -34.387 0.5000000000
22315  -25.872  -74.643  -30.075 0.4000000060
21220  -24.577  -75.589  -31.022 0.4000000060
24582  -26.752  -73.147  -34.291 0.6000000238
23426  -27.707  -73.197  -33.925 0.6000000238
142951  -28.280  -71.903  -32.297 0.6999999881
30070  -31.210  -67.593  -32.178 0.5000000000
24565  -28.482  -72.578  -32.631 0.6999999881
26784  -29.909  -71.180  -31.160 0.6999999881
29011  -30.743  -68.464  -31.188 0.6999999881
25660  -28.938  -71.438  -31.515 0.6999999881
26775  -29.712  -70.148  -30.547 0.6999999881
23417  -25.026  -74.078  -33.188 0.5000000000
159009  -25.027  -74.168  -34.004 0.6000000238
24577  -26.038  -72.531  -33.986 0.6000000238
25686  -26.217  -71.741  -33.471 0.6000000238
23395  -25.783  -73.973  -31.266 0.4000000060
23406  -25.359  -74.012  -32.197 0.5000000000
23416  -24.796  -73.408  -33.624 0.6000000238
140180  -26.941  -72.356  -33.719 0.6000000238
142041  -27.126  -71.041  -32.496 0.6000000238
26799  -27.859  -71.196  -31.988 0.6000000238
159574  -27.592  -71.577  -32.626 0.6000000238
141174  -29.042  -70.546  -30.777 0.6999999881
30069  -30.604  -67.489  -31.290 0.6000000238
31173  -30.909  -66.640  -31.970 0.5000000000
24538  -24.596  -72.567  -31.216 0.6000000238
24552  -24.131  -72.873  -32.312 0.6000000238
25672  -23.573  -71.805  -33.109 0.6999999881
25684  -24.347  -72.471  -33.356 0.6000000238
159213  -25.518  -71.220  -33.194 0.6000000238
26782  -27.272  -70.573  -31.766 0.6000000238
24553  -25.264  -73.313  -31.621 0.5000000000
26774  -28.929  -69.793  -30.268 0.6999999881
28989  -29.569  -68.294  -29.768 0.6999999881
27873  -29.612  -69.280  -30.104 0.6999999881
29002  -30.175  -68.731  -30.293 0.6999999881
25671  -22.734  -71.948  -32.840 0.6000000238
26795  -23.114  -71.259  -32.793 0.6999999881
26796  -24.015  -70.924  -32.899 0.6999999881
25673  -24.538  -71.527  -33.283 0.6999999881
27895  -25.976  -70.162  -32.026 0.6000000238
30062  -29.760  -67.476  -29.949 0.5000000000
27872  -27.976  -69.606  -30.290 0.6999999881
161174  -28.684  -68.925  -29.731 0.6999999881
31167  -30.152  -66.890  -30.677 0.6000000238
28998  -24.836  -68.582  -30.448 0.6999999881
28986  -27.045  -68.240  -29.317 0.6999999881
145997  -24.100  -69.597  -31.830 0.6999999881
29010  -26.116  -69.269  -30.894 0.6000000238
29000  -26.555  -68.813  -30.084 0.5000000000
27894  -25.309  -70.069  -32.236 0.6999999881
27880  -25.693  -69.655  -31.604 0.6000000238
29001  -27.538  -68.926  -29.826 0.6999999881
31162  -29.489  -66.778  -29.813 0.5000000000
27881  -26.572  -69.956  -31.472 0.6000000238
28988  -28.844  -68.083  -29.350 0.6999999881
30061  -25.186  -68.111  -29.681 0.6999999881
149914  -26.530  -67.501  -28.870 0.6999999881
139500  -25.588  -67.462  -29.011 0.6999999881
30038  -28.426  -67.430  -29.021 0.6000000238
30052  -27.519  -67.470  -28.809 0.6999999881
31174  -31.784  -66.913  -32.792 0.5000000000
28987  -28.053  -68.204  -29.263 0.6000000238
144460  -21.386  -75.863  -32.976 0.4000000060
21245  -24.530  -75.655  -34.264 0.4000000060
21206  -25.327  -75.155  -30.482 0.4000000060
152880  -24.174  -75.863  -31.977 0.4000000060
22326  -25.494  -74.577  -31.730 0.4000000060
142686  -25.700  -74.584  -30.869 0.4000000060
27874  -30.419  -69.597  -30.649 0.6999999881
24576  -25.289  -72.944  -33.933 0.6000000238
158028  -26.406  -71.062  -32.888 0.6000000238
24564  -24.059  -72.802  -33.014 0.6000000238
26797  -24.937  -70.682  -32.846 0.6000000238
27879  -24.896  -69.538  -31.752 0.6999999881
27871  -27.010  -69.470  -30.590 0.6000000238
28999  -25.672  -68.675  -30.316 0.6000000238
27892  -23.594  -70.339  -32.391 0.5000000000
24537  -23.403  -72.493  -31.750 0.5000000000
27878  -23.209  -69.699  -31.729 0.6000000238
24529  -26.043  -72.357  -29.900 0.4000000060
25642  -24.056  -71.515  -29.767 0.5000000000
148067  -23.819  -72.051  -30.709 0.5000000000
24536  -22.472  -72.309  -32.012 0.5000000000
161758  -22.118  -70.197  -31.818 0.5000000000
27870  -22.576  -69.214  -31.173 0.5000000000
26794  -22.413  -71.599  -32.630 0.5000000000
163989  -23.834  -69.239  -31.432 0.6000000238
150716  -24.121  -68.515  -30.511 0.5000000000
28997  -23.514  -68.863  -30.961 0.5000000000
30059  -23.441  -68.150  -30.044 0.6999999881
143917  -22.841  -68.573  -30.553 0.6000000238
30049  -23.797  -67.399  -29.244 0.6000000238
25634  -24.921  -71.344  -29.289 0.5000000000
144826  -23.082  -71.695  -30.197 0.5000000000
25658  -21.241  -71.697  -31.570 0.5000000000
27877  -21.199  -70.618  -31.650 0.5000000000
26780  -21.747  -71.445  -32.150 0.5000000000
30050  -24.686  -67.412  -29.127 0.6000000238
28996  -22.066  -68.708  -30.617 0.6000000238
30048  -22.910  -67.474  -29.324 0.5000000000
31145  -23.924  -65.781  -28.390 0.6000000238
26768  -23.319  -71.181  -29.333 0.5000000000
25641  -21.446  -71.759  -30.343 0.5000000000
160899  -20.148  -71.408  -30.781 0.5000000000
27876  -20.430  -70.892  -31.367 0.5000000000
28995  -21.151  -68.975  -30.649 0.5000000000
31160  -25.106  -66.605  -28.659 0.6000000238
31158  -23.268  -66.580  -28.716 0.6000000238
26756  -23.681  -70.528  -28.559 0.5000000000
26767  -21.606  -71.276  -29.363 0.5000000000
26766  -20.526  -71.619  -29.950 0.5000000000
27867  -19.096  -70.411  -30.516 0.5000000000
27864  -18.600  -69.904  -30.218 0.6000000238
27868  -19.776  -70.413  -30.901 0.4000000060
30044  -19.443  -68.132  -29.385 0.4000000060
28981  -19.584  -68.878  -30.119 0.5000000000
28982  -20.701  -68.396  -30.099 0.5000000000
142102  -20.658  -69.961  -31.200 0.4000000060
31142  -20.033  -67.090  -28.309 0.4000000060
139233  -20.724  -66.926  -28.343 0.5000000000
30036  -20.958  -67.225  -28.931 0.5000000000
31130  -20.470  -66.465  -26.993 0.4000000060
31156  -21.692  -67.104  -28.935 0.6000000238
31157  -22.412  -66.942  -28.859 0.6000000238
151282  -23.807  -65.369  -27.964 0.6000000238
33664  -24.500  -64.998  -27.526 0.6000000238
30035  -20.170  -67.408  -28.846 0.5000000000
141223  -21.737  -65.959  -26.875 0.5000000000
32364  -22.304  -65.639  -26.298 0.5000000000
31143  -21.443  -66.746  -28.454 0.5000000000
33640  -21.554  -64.960  -25.435 0.4000000060
32350  -21.591  -65.653  -25.959 0.5000000000
32365  -22.989  -65.524  -26.671 0.6000000238
145157  -22.495  -65.881  -28.022 0.6000000238
32366  -23.685  -65.331  -27.139 0.6000000238
33642  -23.361  -64.993  -25.413 0.5000000000
36042  -22.934  -62.191  -25.268 0.3000000119
143219  -22.428  -63.227  -25.215 0.4000000060
34856  -22.003  -64.123  -25.275 0.4000000060
34857  -22.952  -64.245  -25.097 0.5000000000
152603  -24.169  -65.021  -25.711 0.5000000000
140787  -24.904  -64.529  -25.366 0.6000000238
159203  -27.548  -55.639  -23.589 0.3000000119
147176  -25.817  -57.648  -24.339 0.3000000119
40901  -25.167  -58.772  -24.658 0.4000000060
39740  -24.805  -59.384  -24.873 0.4000000060
46753  -27.765  -53.235  -23.679 0.3000000119
50262  -29.634  -50.181  -23.932 0.3000000119
48005  -28.246  -52.545  -23.631 0.3000000119
51187  -30.189  -49.446  -24.167 0.3000000119
52090  -30.492  -48.083  -24.387 0.3000000119
53023  -30.619  -47.739  -24.014 0.3000000119
53016  -32.104  -47.092  -23.553 0.3000000119
53924  -33.878  -46.358  -23.303 0.3000000119
45482  -27.911  -54.014  -23.534 0.3000000119
139744  -22.700  -72.167  -31.163 0.5000000000
28983  -21.630  -68.184  -30.031 0.5000000000
31144  -22.543  -66.323  -28.458 0.6000000238
30074  -32.213  -67.696  -33.011 0.3000000119
26776  -30.318  -70.479  -30.901 0.6000000238
151880  -31.140  -69.401  -31.560 0.6000000238
160937  -32.907  -67.158  -29.388 0.3000000119
32404  -33.383  -66.488  -30.635 0.3000000119
159450  -33.839  -66.501  -32.135 0.3000000119
31168  -33.536  -67.323  -31.249 0.3000000119
31180  -33.498  -66.733  -33.194 0.3000000119
32415  -34.157  -65.345  -33.374 0.3000000119
27884  -30.889  -70.345  -31.220 0.6000000238
31151  -32.794  -66.944  -28.705 0.3000000119
138436  -32.549  -65.545  -28.720 0.3000000119
158276  -33.845  -65.281  -31.259 0.3000000119
30076  -33.409  -67.627  -32.715 0.3000000119
30075  -32.967  -67.473  -33.164 0.3000000119
29018  -32.103  -68.682  -33.057 0.4000000060
24539  -25.635  -72.752  -30.668 0.4000000060
31152  -33.130  -67.080  -28.353 0.3000000119
32388  -32.491  -65.809  -28.222 0.3000000119
33683  -32.749  -64.793  -29.119 0.3000000119
162075  -24.820  -77.460  -35.422 0.5000000000
20186  -25.867  -76.895  -35.027 0.5000000000
20183  -21.399  -76.883  -34.419 0.4000000060
20197  -22.463  -77.433  -34.996 0.4000000060
20198  -23.768  -77.357  -35.392 0.4000000060
19099  -25.145  -77.587  -35.171 0.5000000000
147226  -28.430  -74.863  -33.490 0.5000000000
141000  -27.346  -75.953  -34.250 0.5000000000
20200  -25.321  -76.766  -35.345 0.5000000000
21247  -27.025  -75.875  -35.282 0.5000000000
20199  -24.706  -76.873  -35.375 0.4000000060
24555  -30.360  -73.208  -31.461 0.6000000238
23419  -29.183  -73.775  -32.423 0.6000000238
23428  -28.778  -73.662  -33.040 0.5000000000
21248  -28.061  -75.192  -34.235 0.5000000000
20185  -24.187  -76.416  -34.871 0.3000000119
162035  -25.800  -76.140  -35.456 0.4000000060
21257  -27.503  -75.325  -35.075 0.5000000000
25662  -30.533  -72.326  -31.575 0.6000000238
24566  -28.918  -73.175  -32.536 0.6000000238
24578  -28.371  -73.111  -33.199 0.6000000238
21256  -26.760  -75.416  -35.406 0.4000000060
22349  -27.822  -74.611  -34.681 0.5000000000
26786  -31.263  -71.141  -31.747 0.6000000238
140975  -33.130  -68.159  -32.894 0.3000000119
29029  -32.089  -69.374  -33.188 0.4000000060
25661  -29.832  -72.352  -31.620 0.6000000238
22350  -28.025  -73.992  -34.287 0.4000000060
29013  -33.669  -68.511  -32.164 0.3000000119
165636  -33.224  -67.437  -30.169 0.3000000119
29019  -32.685  -68.444  -33.097 0.3000000119
27885  -31.448  -70.174  -31.985 0.5000000000
25675  -29.063  -72.447  -32.041 0.6000000238
26785  -30.678  -71.261  -31.367 0.6000000238
24554  -29.589  -73.209  -31.933 0.6000000238
29030  -32.526  -69.310  -33.293 0.3000000119
24556  -31.084  -72.967  -31.512 0.5000000000
25663  -31.151  -72.211  -31.799 0.5000000000
25677  -32.240  -72.437  -33.023 0.4000000060
25676  -31.652  -71.959  -32.374 0.5000000000
154968  -31.513  -72.999  -31.475 0.5000000000
23408  -30.203  -73.505  -30.941 0.5000000000
24557  -32.174  -73.047  -31.764 0.4000000060
25689  -32.481  -71.801  -33.779 0.4000000060
26806  -32.199  -70.835  -33.340 0.4000000060
26800  -31.732  -70.925  -32.522 0.5000000000
22328  -29.040  -74.247  -32.100 0.5000000000
23407  -29.629  -73.705  -31.522 0.5000000000
16791  -25.894  -79.336  -30.769 0.3000000119
17944  -26.371  -78.816  -29.826 0.3000000119
16804  -26.547  -79.950  -31.761 0.3000000119
16816  -27.253  -80.622  -33.059 0.3000000119
16817  -28.426  -80.555  -33.600 0.4000000060
16815  -26.167  -80.678  -33.035 0.3000000119
16829  -29.232  -79.902  -35.008 0.4000000060
15667  -28.141  -80.425  -35.007 0.4000000060
15665  -26.719  -81.060  -34.284 0.3000000119
16814  -25.235  -80.533  -33.283 0.3000000119
19079  -30.067  -77.692  -32.106 0.4000000060
19078  -29.209  -77.685  -32.103 0.4000000060
15679  -27.372  -80.798  -34.983 0.4000000060
15663  -25.186  -80.853  -34.407 0.4000000060
15677  -25.975  -81.080  -34.729 0.4000000060
20148  -32.298  -76.057  -29.547 0.3000000119
19070  -30.504  -77.119  -30.853 0.4000000060
19069  -29.593  -77.066  -30.916 0.4000000060
17960  -27.730  -78.979  -34.096 0.4000000060
16828  -27.220  -80.069  -35.134 0.4000000060
16827  -25.919  -79.898  -35.002 0.4000000060
21196  -32.646  -75.183  -28.983 0.3000000119
20147  -31.273  -76.122  -29.258 0.4000000060
20158  -29.113  -76.421  -30.144 0.4000000060
20159  -29.970  -76.585  -29.949 0.4000000060
19076  -27.560  -77.351  -31.970 0.4000000060
20167  -27.488  -76.652  -31.589 0.4000000060
19089  -27.045  -77.924  -32.778 0.4000000060
17959  -26.551  -78.502  -33.673 0.4000000060
17969  -26.144  -79.186  -34.463 0.4000000060
147079  -25.013  -80.056  -35.111 0.4000000060
21175  -31.194  -74.874  -28.674 0.4000000060
156549  -30.106  -75.390  -29.138 0.4000000060
20156  -27.779  -76.109  -31.099 0.4000000060
19088  -26.425  -77.518  -33.140 0.4000000060
17983  -24.614  -79.184  -35.257 0.4000000060
17968  -25.127  -78.735  -34.780 0.4000000060
16836  -24.135  -79.547  -35.488 0.4000000060
22307  -29.574  -75.004  -29.482 0.4000000060
21207  -28.346  -75.488  -30.673 0.4000000060
21222  -27.375  -76.146  -31.907 0.4000000060
20188  -26.577  -76.729  -33.369 0.4000000060
154557  -24.504  -78.167  -35.482 0.4000000060
20187  -26.118  -77.171  -33.926 0.4000000060
162805  -29.493  -74.529  -29.808 0.4000000060
22327  -28.609  -74.811  -31.313 0.4000000060
22335  -28.517  -74.841  -32.518 0.4000000060
23410  -31.654  -73.070  -30.819 0.4000000060
22318  -29.656  -74.062  -30.418 0.4000000060
160524  -29.166  -74.272  -31.107 0.4000000060
24579  -32.761  -72.745  -33.938 0.3000000119
25690  -33.060  -72.084  -34.860 0.3000000119
23409  -30.902  -73.246  -30.939 0.4000000060
26807  -32.707  -70.952  -34.077 0.3000000119
17961  -28.829  -79.344  -34.607 0.4000000060
17971  -28.544  -79.928  -35.080 0.4000000060
15680  -27.657  -80.404  -35.160 0.4000000060
20160  -30.857  -76.624  -29.891 0.4000000060
21197  -33.537  -75.096  -29.392 0.3000000119
19077  -28.349  -77.567  -32.004 0.4000000060
22294  -32.644  -73.863  -28.687 0.3000000119
21195  -31.687  -75.455  -28.883 0.4000000060
20146  -30.380  -76.063  -29.279 0.4000000060
20157  -28.390  -76.215  -30.564 0.4000000060
22308  -30.470  -74.680  -28.970 0.4000000060
19100  -25.699  -78.005  -34.002 0.4000000060
21234  -27.061  -76.283  -32.802 0.4000000060
23396  -30.395  -73.623  -30.114 0.4000000060
19081  -32.125  -77.305  -31.544 0.3000000119
17963  -30.239  -79.088  -34.591 0.3000000119
16818  -29.656  -80.071  -34.332 0.3000000119
142474  -30.380  -78.237  -33.472 0.3000000119
19080  -31.064  -77.653  -32.061 0.3000000119
17962  -29.613  -79.519  -34.643 0.3000000119
19092  -29.709  -78.488  -33.583 0.3000000119
141351  -32.324  -76.705  -30.512 0.3000000119
19071  -31.437  -77.023  -30.741 0.3000000119
23380  -32.049  -73.685  -28.732 0.3000000119
23398  -32.005  -72.921  -29.801 0.3000000119
23397  -31.167  -73.272  -29.950 0.3000000119
23386  -30.767  -73.828  -29.268 0.3000000119
15664  -25.852  -81.095  -33.995 0.3000000119
15666  -27.644  -80.833  -34.368 0.4000000060
15678  -26.676  -80.947  -34.945 0.4000000060
15692  -25.349  -80.671  -34.936 0.4000000060
15693  -26.081  -80.636  -35.005 0.4000000060
15694  -27.014  -80.515  -35.057 0.4000000060
17970  -27.470  -79.666  -34.805 0.4000000060
19068  -28.727  -76.972  -31.013 0.4000000060
19075  -26.883  -76.923  -32.276 0.4000000060
19090  -27.982  -78.293  -33.015 0.4000000060
19091  -28.938  -78.516  -33.412 0.4000000060
20145  -29.595  -75.835  -29.523 0.4000000060
20168  -27.964  -76.858  -31.188 0.4000000060
20201  -26.264  -76.087  -35.406 0.5000000000
21176  -31.923  -74.721  -28.641 0.3000000119
21192  -24.528  -75.408  -29.812 0.4000000060
21194  -30.789  -75.454  -28.870 0.4000000060
21208  -28.919  -75.599  -29.976 0.4000000060
21221  -25.280  -75.131  -31.397 0.4000000060
21223  -27.966  -75.500  -31.614 0.4000000060
21232  -24.344  -75.682  -32.948 0.5000000000
21235  -27.824  -75.523  -32.984 0.4000000060
21243  -21.697  -76.279  -33.781 0.4000000060
21254  -25.231  -76.123  -35.287 0.3000000119
22292  -31.392  -74.143  -28.714 0.3000000119
22293  -32.095  -74.147  -28.598 0.3000000119
22309  -32.520  -74.466  -28.702 0.3000000119
22310  -33.185  -74.411  -28.915 0.3000000119
22317  -28.972  -74.802  -30.201 0.4000000060
22341  -25.434  -74.729  -34.689 0.5000000000
22342  -28.377  -74.490  -34.016 0.5000000000
22348  -27.083  -74.627  -35.148 0.4000000060
23387  -31.625  -73.427  -29.157 0.3000000119
23388  -32.544  -73.145  -29.077 0.3000000119
23405  -24.688  -73.477  -32.804 0.6000000238
23418  -28.806  -74.283  -33.132 0.5000000000
23425  -26.500  -73.905  -34.719 0.6000000238
23427  -28.429  -73.795  -33.691 0.6000000238
24540  -26.300  -73.155  -30.210 0.4000000060
24550  -22.539  -72.159  -32.564 0.6000000238
24551  -23.217  -72.466  -32.510 0.6000000238
24567  -31.762  -72.890  -32.151 0.4000000060
24568  -32.479  -73.139  -32.836 0.3000000119
25640  -19.697  -71.266  -30.508 0.5000000000
25648  -21.717  -71.992  -31.334 0.5000000000
25649  -25.016  -71.982  -30.152 0.4000000060
25657  -20.556  -71.386  -31.198 0.5000000000
25659  -21.928  -72.023  -32.125 0.5000000000
25670  -22.190  -71.962  -32.571 0.5000000000
25674  -27.045  -71.597  -33.120 0.6000000238
25685  -25.251  -72.064  -33.627 0.6000000238
25687  -27.775  -72.293  -33.113 0.6000000238
25688  -32.038  -71.594  -33.023 0.5000000000
26765  -19.706  -71.401  -30.083 0.5000000000
26769  -24.142  -71.042  -29.077 0.5000000000
26772  -19.321  -70.904  -30.559 0.5000000000
26773  -19.909  -71.139  -30.935 0.5000000000
26779  -20.997  -71.301  -31.622 0.5000000000
26781  -22.641  -70.742  -32.373 0.5000000000
26783  -28.155  -70.660  -31.257 0.6000000238
26798  -26.530  -70.543  -32.234 0.6000000238
27869  -21.616  -69.575  -31.234 0.5000000000
27882  -27.514  -70.095  -30.990 0.6999999881
27883  -28.321  -70.157  -30.659 0.6999999881
27893  -24.494  -70.120  -32.377 0.6999999881
27896  -31.859  -70.014  -32.987 0.4000000060
27906  -32.416  -70.033  -33.472 0.4000000060
28984  -22.500  -68.107  -29.969 0.6000000238
28985  -26.082  -68.181  -29.510 0.6000000238
28993  -19.386  -69.810  -30.559 0.5000000000
28994  -20.179  -69.355  -30.651 0.4000000060
29008  -24.390  -69.024  -31.165 0.6000000238
29009  -25.272  -69.113  -31.057 0.6999999881
30034  -19.248  -67.539  -28.654 0.4000000060
30037  -26.968  -66.686  -28.518 0.6999999881
30045  -20.377  -67.886  -29.470 0.5000000000
30046  -21.246  -67.667  -29.478 0.6000000238
30047  -22.064  -67.556  -29.415 0.5000000000
30051  -26.020  -66.661  -28.629 0.6999999881
30053  -29.183  -67.484  -29.427 0.5000000000
30060  -24.340  -68.049  -29.839 0.6000000238
30063  -30.217  -67.892  -30.438 0.6999999881
30071  -33.561  -67.924  -31.700 0.3000000119
31136  -20.296  -66.742  -27.733 0.4000000060
31146  -24.723  -65.714  -28.444 0.6999999881
31159  -24.221  -66.565  -28.710 0.6000000238
32351  -22.843  -65.366  -25.821 0.5000000000
32352  -23.566  -65.308  -26.129 0.6000000238
32363  -20.981  -66.085  -26.514 0.4000000060
32372  -22.420  -65.757  -27.231 0.6000000238
32373  -23.082  -65.576  -27.647 0.6000000238
32381  -21.942  -66.282  -28.214 0.6000000238
32382  -23.169  -65.843  -28.253 0.6000000238
32386  -26.854  -65.208  -28.917 0.6999999881
32387  -27.605  -65.776  -28.738 0.8000000119
32397  -33.066  -65.538  -29.795 0.3000000119
32402  -29.780  -65.240  -30.656 0.5000000000
32413  -33.061  -65.620  -33.471 0.5000000000
33652  -24.798  -64.920  -26.373 0.6000000238
33653  -25.534  -64.573  -26.133 0.6999999881
33675  -25.163  -64.595  -28.052 0.6999999881
33677  -32.327  -65.082  -28.041 0.3000000119
33703  -32.955  -64.808  -33.272 0.6000000238
34858  -24.446  -63.717  -24.872 0.6000000238
34860  -26.813  -63.678  -25.622 0.6999999881
34871  -25.930  -64.145  -26.934 0.6999999881
34872  -26.586  -63.745  -26.550 0.6999999881
34881  -26.320  -63.575  -27.630 0.6999999881
34891  -26.373  -63.668  -28.394 0.6999999881
34899  -27.698  -63.191  -28.996 0.6999999881
34901  -29.286  -63.007  -29.791 0.8000000119
36027  -26.511  -62.485  -24.505 0.6000000238
36028  -27.381  -62.605  -24.746 0.6000000238
36043  -23.981  -62.647  -24.938 0.6000000238
36045  -26.803  -63.268  -24.876 0.6999999881
36046  -27.472  -63.043  -25.488 0.6999999881
36056  -27.530  -62.824  -26.492 0.6999999881
36075  -26.835  -63.000  -28.001 0.6999999881
36076  -27.436  -62.424  -28.174 0.6999999881
36098  -34.395  -62.482  -31.703 0.5000000000
36100  -31.543  -62.622  -31.373 0.6000000238
37255  -28.464  -61.248  -24.560 0.6000000238
37275  -28.766  -61.279  -25.331 0.6000000238
38504  -27.008  -61.130  -24.077 0.5000000000
38505  -27.874  -60.688  -23.879 0.5000000000
38525  -24.393  -60.153  -25.109 0.4000000060
38527  -29.116  -60.660  -25.019 0.6000000238
38539  -28.902  -60.750  -25.995 0.6999999881
38552  -28.144  -61.217  -27.983 0.6999999881
38570  -33.478  -60.962  -28.561 0.4000000060
39757  -28.737  -59.989  -26.972 0.6999999881
39786  -29.324  -59.494  -28.260 0.6000000238
39787  -29.970  -59.190  -28.610 0.6000000238
39797  -30.787  -59.436  -29.311 0.5000000000
39799  -32.243  -59.024  -30.462 0.5000000000
39808  -33.157  -59.062  -30.990 0.6000000238
40856  -28.910  -58.107  -23.565 0.5000000000
40876  -25.485  -58.173  -24.485 0.3000000119
40878  -27.459  -58.729  -23.569 0.5000000000
40934  -29.624  -58.688  -28.089 0.5000000000
40937  -34.871  -58.720  -29.079 0.3000000119
40955  -34.435  -58.663  -30.978 0.5000000000
40956  -34.763  -58.780  -30.671 0.5000000000
41980  -28.378  -57.349  -23.418 0.5000000000
42022  -30.043  -57.521  -25.211 0.5000000000
42055  -31.182  -57.224  -28.766 0.5000000000
42064  -33.096  -57.838  -30.464 0.5000000000
42066  -35.249  -57.635  -30.376 0.3000000119
42072  -34.129  -57.982  -30.834 0.5000000000
43081  -26.622  -56.680  -23.944 0.3000000119
43154  -30.550  -56.849  -28.063 0.5000000000
43164  -31.984  -56.827  -29.384 0.5000000000
44265  -29.447  -56.051  -23.449 0.5000000000
44266  -30.084  -55.750  -23.759 0.4000000060
44334  -31.730  -55.529  -28.415 0.5000000000
44337  -36.420  -55.772  -29.775 0.3000000119
44344  -34.490  -55.926  -30.116 0.4000000060
44345  -35.603  -55.868  -30.235 0.3000000119
44346  -36.336  -55.598  -30.039 0.4000000060
45498  -27.182  -54.336  -23.759 0.3000000119
45499  -30.668  -54.841  -24.752 0.4000000060
45510  -30.760  -54.707  -25.781 0.4000000060
45523  -30.845  -54.649  -26.593 0.4000000060
45554  -36.707  -55.233  -29.868 0.3000000119
45561  -35.277  -54.397  -29.871 0.4000000060
46755  -29.661  -53.837  -23.313 0.4000000060
46756  -30.342  -54.041  -23.615 0.4000000060
46784  -31.399  -53.152  -25.370 0.4000000060
46795  -31.573  -53.327  -26.561 0.4000000060
48018  -31.147  -52.569  -24.023 0.4000000060
48019  -31.446  -52.598  -24.640 0.4000000060
48060  -37.327  -53.465  -27.922 0.3000000119
48068  -33.926  -52.640  -28.492 0.4000000060
48069  -34.817  -52.499  -28.995 0.4000000060
48074  -36.617  -52.997  -29.944 0.4000000060
49144  -29.219  -51.062  -23.721 0.3000000119
49158  -32.071  -51.072  -25.174 0.4000000060
49174  -33.819  -51.880  -27.899 0.4000000060
49178  -36.283  -51.547  -29.448 0.4000000060
49180  -37.342  -51.938  -29.941 0.3000000119
50263  -30.829  -50.529  -24.001 0.4000000060
50271  -32.613  -50.058  -25.852 0.4000000060
50279  -33.656  -50.487  -27.017 0.4000000060
50286  -34.791  -50.279  -27.801 0.4000000060
50295  -37.656  -51.198  -29.939 0.4000000060
51197  -31.607  -49.282  -24.859 0.4000000060
51208  -34.002  -49.026  -26.703 0.4000000060
51209  -37.612  -49.911  -26.223 0.4000000060
51211  -39.182  -49.403  -27.170 0.4000000060
51224  -37.620  -49.830  -29.640 0.4000000060
52096  -32.641  -48.656  -25.770 0.4000000060
52098  -38.282  -48.577  -25.985 0.4000000060
52110  -36.112  -49.196  -28.408 0.5000000000
52111  -37.401  -48.903  -29.182 0.5000000000
53029  -32.334  -47.700  -25.472 0.4000000060
53034  -33.505  -47.335  -26.143 0.4000000060
53911  -32.767  -47.029  -23.004 0.3000000119
53931  -31.881  -47.147  -24.994 0.4000000060
53933  -32.990  -46.177  -24.771 0.4000000060
53937  -32.528  -46.849  -25.359 0.4000000060
54945  -34.542  -45.954  -23.237 0.4000000060
54946  -35.134  -45.185  -24.429 0.4000000060
54972  -34.666  -45.503  -26.262 0.4000000060
55992  -35.601  -44.693  -25.059 0.4000000060
55996  -34.861  -45.073  -25.971 0.4000000060
55999  -36.868  -43.942  -25.389 0.5000000000
137719  -22.007  -66.646  -28.582 0.6000000238
138303  -21.216  -66.409  -27.663 0.5000000000
139070  -32.678  -66.352  -28.984 0.3000000119
141070  -25.891  -58.838  -24.281 0.5000000000
141169  -28.422  -55.875  -23.361 0.5000000000
142270  -25.184  -75.057  -32.322 0.4000000060
142281  -29.024  -80.153  -34.778 0.4000000060
142719  -31.650  -76.536  -29.927 0.4000000060
142814  -24.448  -77.610  -35.504 0.5000000000
144169  -34.223  -63.036  -30.741 0.5000000000
145395  -30.096  -63.088  -30.429 0.6999999881
145870  -27.604  -65.191  -29.169 0.8000000119
146349  -25.793  -70.585  -32.592 0.6000000238
147145  -29.990  -74.259  -29.551 0.4000000060
147995  -32.844  -46.342  -25.237 0.4000000060
148268  -30.751  -54.145  -24.219 0.4000000060
148332  -39.347  -50.214  -30.129 0.3000000119
150694  -31.676  -69.270  -32.647 0.5000000000
151590  -25.249  -60.938  -24.675 0.6000000238
151895  -23.311  -72.259  -32.888 0.6000000238
152412  -27.933  -80.169  -35.188 0.4000000060
152440  -32.718  -57.230  -30.039 0.5000000000
152771  -25.933  -73.440  -30.803 0.5000000000
152793  -27.765  -61.462  -24.195 0.6000000238
152931  -30.673  -48.791  -24.490 0.3000000119
154060  -33.767  -59.617  -31.192 0.5000000000
154490  -33.253  -46.627  -23.406 0.3000000119
154929  -34.036  -66.115  -33.063 0.3000000119
154950  -22.180  -65.372  -25.688 0.5000000000
156405  -37.884  -50.618  -29.943 0.4000000060
156727  -37.249  -43.679  -25.753 0.5000000000
156750  -36.541  -48.089  -28.165 0.4000000060
157408  -26.599  -76.393  -34.830 0.5000000000
157883  -24.155  -65.161  -26.550 0.6000000238
158009  -22.374  -71.492  -29.741 0.5000000000
158096  -25.251  -74.572  -32.543 0.5000000000
158462  -37.336  -48.823  -25.229 0.4000000060
158740  -30.184  -56.530  -27.381 0.5000000000
159031  -33.654  -67.005  -32.475 0.3000000119
159176  -21.955  -66.011  -27.705 0.5000000000
159402  -33.064  -61.288  -31.648 0.6000000238
159515  -34.714  -45.587  -23.955 0.4000000060
159967  -29.408  -49.320  -24.094 0.3000000119
161293  -29.882  -52.536  -23.346 0.4000000060
161441  -30.805  -63.048  -31.051 0.6000000238
162184  -34.029  -63.660  -30.703 0.4000000060
162552  -28.168  -63.362  -29.270 0.6999999881
162887  -38.634  -51.760  -28.226 0.3000000119
162962  -20.100  -71.510  -30.449 0.5000000000
163609  -20.743  -71.655  -30.843 0.5000000000
163846  -22.212  -71.886  -30.571 0.5000000000
164880  -27.418  -60.032  -23.747 0.5000000000
165167  -29.402  -65.608  -30.173 0.8000000119
