#!ascii label  , from subject sub-v2s17x50050_ses-1 vox2ras=TkReg
1149
57331  33.252  -42.695  37.872 0.0000000000
81212  48.947  -19.658  25.505 0.0000000000
66007  43.667  -33.990  30.003 0.0000000000
43682  16.661  -54.960  52.219 0.0000000000
167176  28.479  -45.134  43.276 0.0000000000
157528  44.465  -28.361  28.593 0.0000000000
49613  20.556  -49.537  46.070 0.0000000000
43725  20.096  -54.602  49.398 0.0000000000
159410  25.323  -49.438  43.736 0.0000000000
82255  52.859  -19.160  24.028 0.0000000000
61736  34.703  -37.657  40.833 0.0000000000
162463  38.951  -37.271  35.778 0.0000000000
59617  38.050  -41.246  38.746 0.0000000000
85276  51.212  -15.403  23.221 0.0000000000
83356  54.415  -17.241  19.529 0.0000000000
78214  47.207  -22.054  27.967 0.0000000000
75347  51.939  -25.664  26.325 0.0000000000
72129  48.258  -27.982  26.600 0.0000000000
67958  48.951  -32.688  29.281 0.0000000000
51763  34.404  -47.661  42.020 0.0000000000
40169  17.029  -57.639  56.159 0.0000000000
38995  13.598  -58.443  57.469 0.0000000000
38961  10.519  -57.790  60.965 0.0000000000
53890  31.047  -44.375  40.758 0.0000000000
49683  29.630  -49.205  42.601 0.0000000000
68957  37.735  -31.892  33.372 0.0000000000
65902  43.575  -34.067  35.417 0.0000000000
87180  57.823  -13.725  17.476 0.0000000000
81219  51.237  -19.010  24.464 0.0000000000
79132  51.893  -21.332  26.531 0.0000000000
60710  32.760  -39.801  40.182 0.0000000000
59649  35.559  -40.113  37.140 0.0000000000
58465  35.479  -41.806  38.191 0.0000000000
83288  48.270  -17.750  25.754 0.0000000000
85263  50.335  -15.499  25.283 0.0000000000
83310  49.775  -17.827  23.812 0.0000000000
83320  51.245  -17.557  22.397 0.0000000000
35477  10.951  -62.255  61.099 0.0000000000
161280  47.380  -24.504  27.104 0.0000000000
75331  46.493  -25.337  27.714 0.0000000000
160180  44.144  -30.995  28.767 0.0000000000
70080  46.781  -30.803  28.034 0.0000000000
66928  47.051  -33.503  29.660 0.0000000000
65003  46.657  -35.440  31.663 0.0000000000
43709  18.438  -54.748  50.589 0.0000000000
41362  21.471  -56.241  51.757 0.0000000000
41340  19.086  -56.245  53.275 0.0000000000
166945  19.086  -56.711  55.074 0.0000000000
41326  16.910  -56.586  54.113 0.0000000000
41281  13.929  -56.495  56.906 0.0000000000
37843  11.884  -58.875  58.556 0.0000000000
53883  29.632  -44.432  42.586 0.0000000000
51808  30.261  -46.844  40.449 0.0000000000
51786  27.752  -47.002  40.836 0.0000000000
48477  25.274  -50.898  46.132 0.0000000000
47323  27.674  -51.193  45.244 0.0000000000
61772  42.401  -38.185  37.215 0.0000000000
64937  40.857  -35.753  36.084 0.0000000000
74330  46.207  -26.231  29.226 0.0000000000
71025  44.194  -28.738  31.213 0.0000000000
70068  42.358  -30.754  30.007 0.0000000000
47306  22.486  -51.841  46.387 0.0000000000
46125  22.984  -53.219  48.620 0.0000000000
46146  20.031  -52.163  47.619 0.0000000000
46111  18.405  -52.839  49.348 0.0000000000
46083  17.073  -52.535  51.295 0.0000000000
51766  25.995  -47.324  41.997 0.0000000000
51742  24.555  -46.611  44.051 0.0000000000
49636  22.561  -49.649  44.429 0.0000000000
62764  37.241  -36.830  40.186 0.0000000000
152114  36.940  -36.083  37.762 0.0000000000
61774  37.002  -38.062  36.846 0.0000000000
59661  38.775  -40.133  36.367 0.0000000000
86216  54.214  -14.547  20.039 0.0000000000
83343  52.650  -16.591  20.606 0.0000000000
82279  53.164  -19.093  21.607 0.0000000000
80125  47.682  -20.534  27.091 0.0000000000
78228  50.604  -22.112  26.880 0.0000000000
166980  49.569  -23.945  26.687 0.0000000000
74365  50.158  -26.341  26.300 0.0000000000
71063  50.902  -29.586  27.249 0.0000000000
72117  46.465  -28.329  27.254 0.0000000000
70089  48.960  -30.475  27.632 0.0000000000
151529  34.087  -46.572  39.137 0.0000000000
55000  36.503  -44.906  39.604 0.0000000000
82214  47.947  -18.336  28.220 0.0000000000
43654  15.332  -55.155  54.244 0.0000000000
41312  15.482  -56.536  55.036 0.0000000000
39008  15.019  -58.110  56.561 0.0000000000
37839  15.067  -59.528  58.767 0.0000000000
36684  12.840  -60.116  58.607 0.0000000000
37833  11.244  -60.684  59.582 0.0000000000
37822  9.883  -60.174  60.790 0.0000000000
160610  8.295  -59.933  62.026 0.0000000000
55024  32.150  -44.711  38.480 0.0000000000
52800  32.426  -46.980  39.673 0.0000000000
148894  31.815  -48.160  42.368 0.0000000000
49662  27.653  -49.909  43.005 0.0000000000
66901  40.637  -33.065  31.357 0.0000000000
65908  37.076  -35.086  34.793 0.0000000000
65941  39.896  -34.305  33.610 0.0000000000
64993  43.745  -35.077  32.257 0.0000000000
57296  38.107  -43.253  41.176 0.0000000000
86262  58.784  -14.456  16.076 0.0000000000
85321  56.271  -15.251  18.287 0.0000000000
84394  58.159  -16.340  17.398 0.0000000000
81211  49.932  -19.664  25.306 0.0000000000
80143  51.568  -20.092  25.742 0.0000000000
80144  50.640  -20.156  25.878 0.0000000000
58466  32.898  -41.448  39.149 0.0000000000
58480  33.832  -41.027  38.115 0.0000000000
57330  33.943  -42.315  37.763 0.0000000000
144452  48.426  -18.990  25.209 0.0000000000
83287  48.682  -17.473  25.046 0.0000000000
81221  49.285  -19.093  24.827 0.0000000000
158761  50.463  -18.635  24.118 0.0000000000
35478  10.054  -62.087  61.131 0.0000000000
75323  47.011  -24.569  28.584 0.0000000000
166425  47.008  -25.040  28.809 0.0000000000
67962  44.378  -32.413  29.180 0.0000000000
155801  45.066  -32.344  29.042 0.0000000000
66005  45.495  -34.058  29.824 0.0000000000
65990  46.685  -34.765  30.458 0.0000000000
65992  44.962  -34.709  30.206 0.0000000000
140213  17.434  -55.148  51.744 0.0000000000
42507  18.992  -55.629  51.786 0.0000000000
42494  17.250  -55.489  52.383 0.0000000000
138800  17.462  -56.335  53.610 0.0000000000
164645  16.625  -55.565  52.818 0.0000000000
53871  29.018  -44.784  43.068 0.0000000000
53893  28.482  -45.102  41.427 0.0000000000
52784  27.687  -45.658  41.530 0.0000000000
47284  25.155  -51.693  47.675 0.0000000000
66815  37.696  -33.460  39.153 0.0000000000
62796  43.208  -37.065  37.477 0.0000000000
70067  42.869  -30.129  29.839 0.0000000000
70054  42.534  -29.573  30.772 0.0000000000
47327  21.862  -51.084  45.687 0.0000000000
46159  21.209  -52.125  46.829 0.0000000000
156027  20.257  -51.135  46.983 0.0000000000
47255  18.644  -51.007  48.831 0.0000000000
47238  17.839  -51.455  50.473 0.0000000000
163695  17.610  -52.118  50.596 0.0000000000
52764  25.351  -46.150  43.978 0.0000000000
50729  20.899  -48.138  45.870 0.0000000000
50739  22.038  -48.282  44.498 0.0000000000
48531  21.761  -49.688  44.770 0.0000000000
162664  22.926  -50.728  44.998 0.0000000000
160817  36.846  -37.094  38.683 0.0000000000
61763  35.954  -37.808  38.196 0.0000000000
59631  36.293  -40.842  37.694 0.0000000000
59663  37.234  -40.171  36.404 0.0000000000
59629  39.026  -40.584  37.742 0.0000000000
153601  40.351  -39.993  37.953 0.0000000000
59615  40.223  -40.861  39.336 0.0000000000
143079  51.020  -15.236  24.022 0.0000000000
86210  53.096  -14.627  21.154 0.0000000000
85281  51.919  -15.353  21.991 0.0000000000
82267  52.204  -18.825  23.139 0.0000000000
82292  52.354  -18.413  21.563 0.0000000000
139957  52.611  -18.951  22.366 0.0000000000
80126  47.296  -20.761  27.615 0.0000000000
78230  48.644  -21.849  27.206 0.0000000000
78213  47.872  -22.433  27.507 0.0000000000
75351  47.598  -25.664  26.611 0.0000000000
75350  48.707  -25.555  26.387 0.0000000000
151557  49.685  -27.108  26.295 0.0000000000
72127  50.685  -28.433  26.698 0.0000000000
72128  49.854  -28.513  26.640 0.0000000000
72091  44.817  -27.501  29.661 0.0000000000
73262  45.578  -26.839  27.966 0.0000000000
72102  44.892  -28.046  28.248 0.0000000000
67972  47.716  -32.103  28.701 0.0000000000
70090  47.676  -30.615  27.794 0.0000000000
69021  48.970  -31.659  28.406 0.0000000000
69020  50.381  -31.122  28.082 0.0000000000
51804  34.096  -47.092  40.124 0.0000000000
52781  35.778  -46.650  40.705 0.0000000000
80104  47.258  -20.547  29.504 0.0000000000
81173  47.262  -19.823  28.314 0.0000000000
81190  47.483  -19.228  27.556 0.0000000000
44889  21.725  -54.117  48.861 0.0000000000
42515  21.750  -55.175  50.101 0.0000000000
139577  18.499  -56.878  55.640 0.0000000000
41295  19.058  -56.838  56.671 0.0000000000
41279  18.458  -57.222  57.159 0.0000000000
139445  17.084  -57.890  56.841 0.0000000000
43641  15.080  -54.860  55.076 0.0000000000
42472  15.207  -55.797  54.880 0.0000000000
42461  14.903  -55.430  55.673 0.0000000000
40161  13.475  -57.774  57.308 0.0000000000
40172  14.601  -57.643  56.435 0.0000000000
39010  14.014  -58.061  56.943 0.0000000000
38993  15.108  -58.574  57.186 0.0000000000
37847  14.050  -59.189  57.830 0.0000000000
37840  14.213  -59.588  58.335 0.0000000000
37841  13.443  -59.456  58.129 0.0000000000
142074  10.983  -57.748  59.993 0.0000000000
150311  11.370  -59.808  59.079 0.0000000000
37820  10.845  -59.460  59.654 0.0000000000
36663  10.505  -60.738  60.143 0.0000000000
37809  10.081  -59.326  60.745 0.0000000000
54989  32.964  -44.505  41.053 0.0000000000
55001  33.100  -43.822  40.425 0.0000000000
53899  31.681  -44.957  39.183 0.0000000000
53920  32.106  -45.492  38.607 0.0000000000
52801  31.021  -46.140  39.677 0.0000000000
50809  30.420  -47.849  41.604 0.0000000000
50808  31.316  -47.785  41.660 0.0000000000
49681  31.378  -48.702  43.020 0.0000000000
50791  25.641  -48.628  42.684 0.0000000000
50789  27.234  -48.755  41.751 0.0000000000
49663  26.848  -49.818  43.322 0.0000000000
140528  29.198  -51.796  45.174 0.0000000000
140579  51.319  -23.672  26.583 0.0000000000
140580  52.021  -23.663  26.559 0.0000000000
144606  52.997  -24.846  26.491 0.0000000000
68956  38.819  -31.067  32.782 0.0000000000
68983  40.455  -31.630  31.213 0.0000000000
67913  39.083  -32.452  32.345 0.0000000000
63914  37.526  -37.004  36.569 0.0000000000
153513  36.769  -35.585  36.212 0.0000000000
64939  38.483  -36.296  35.769 0.0000000000
65890  41.949  -34.698  36.190 0.0000000000
65905  40.613  -34.722  35.293 0.0000000000
65922  42.096  -34.293  34.553 0.0000000000
65958  41.374  -34.385  32.865 0.0000000000
142793  42.963  -34.413  33.901 0.0000000000
64976  44.971  -35.112  33.123 0.0000000000
56211  37.248  -44.010  40.421 0.0000000000
87179  58.375  -13.598  16.950 0.0000000000
84372  54.514  -16.268  19.341 0.0000000000
160323  55.371  -14.506  19.173 0.0000000000
141539  55.233  -16.038  18.905 0.0000000000
83366  57.604  -17.402  18.254 0.0000000000
83378  58.820  -17.261  17.689 0.0000000000
50730  20.421  -48.677  46.429 0.0000000000
49588  19.565  -49.912  47.695 0.0000000000
81218  52.308  -19.217  24.545 0.0000000000
81207  53.592  -19.773  25.069 0.0000000000
80142  52.427  -20.057  25.565 0.0000000000
60709  33.404  -38.586  41.255 0.0000000000
151620  34.414  -37.861  38.834 0.0000000000
60747  33.192  -39.257  38.426 0.0000000000
59632  35.257  -40.703  37.771 0.0000000000
58463  37.310  -41.616  38.930 0.0000000000
84321  50.038  -15.797  26.778 0.0000000000
84327  49.124  -16.529  25.433 0.0000000000
144629  49.735  -16.508  24.097 0.0000000000
84338  50.218  -16.613  23.442 0.0000000000
84346  51.200  -16.786  22.243 0.0000000000
83309  50.237  -17.517  23.386 0.0000000000
82257  50.988  -18.514  23.688 0.0000000000
35489  12.175  -61.662  60.244 0.0000000000
78202  47.003  -22.516  28.576 0.0000000000
77263  47.334  -23.098  27.943 0.0000000000
76296  47.110  -23.933  28.205 0.0000000000
75330  47.002  -25.040  27.019 0.0000000000
74352  46.582  -26.451  27.061 0.0000000000
70082  43.983  -29.963  28.733 0.0000000000
147196  44.824  -29.785  28.242 0.0000000000
69025  44.938  -30.901  28.421 0.0000000000
67973  46.293  -32.121  28.732 0.0000000000
151844  47.818  -33.225  29.577 0.0000000000
65988  48.494  -34.587  30.660 0.0000000000
65001  48.326  -35.330  31.813 0.0000000000
50765  34.424  -48.541  43.578 0.0000000000
43708  19.257  -54.788  50.080 0.0000000000
141705  20.966  -55.624  50.492 0.0000000000
42517  19.274  -55.335  50.925 0.0000000000
41364  19.695  -55.915  52.228 0.0000000000
41339  20.051  -56.393  53.505 0.0000000000
41325  17.980  -56.586  54.173 0.0000000000
139987  16.732  -56.988  54.899 0.0000000000
42462  14.388  -55.789  56.409 0.0000000000
41282  13.446  -56.955  57.371 0.0000000000
40147  13.002  -57.380  57.875 0.0000000000
38983  12.579  -58.539  58.117 0.0000000000
158970  12.405  -57.108  58.478 0.0000000000
40127  11.450  -56.767  59.919 0.0000000000
142697  10.993  -56.900  60.745 0.0000000000
163954  30.604  -44.205  41.391 0.0000000000
52802  30.188  -45.859  40.163 0.0000000000
52782  29.555  -45.262  40.564 0.0000000000
51785  29.155  -46.798  40.561 0.0000000000
50787  29.076  -48.649  41.890 0.0000000000
147935  24.941  -50.161  44.725 0.0000000000
48526  26.502  -50.314  44.621 0.0000000000
47324  27.040  -51.255  45.861 0.0000000000
73272  53.674  -27.377  26.643 0.0000000000
155101  36.896  -31.800  34.637 0.0000000000
62808  40.439  -37.982  35.698 0.0000000000
64938  39.675  -35.997  35.755 0.0000000000
63910  41.383  -36.680  36.296 0.0000000000
64928  42.271  -35.753  36.849 0.0000000000
87159  57.251  -13.095  18.819 0.0000000000
35465  8.388  -61.525  62.154 0.0000000000
73227  45.828  -27.399  30.228 0.0000000000
71044  43.737  -28.771  29.414 0.0000000000
70066  43.333  -29.478  29.652 0.0000000000
69012  43.018  -31.438  29.513 0.0000000000
67963  42.826  -32.370  29.745 0.0000000000
47286  23.726  -51.931  47.105 0.0000000000
47254  24.150  -52.442  48.591 0.0000000000
46143  22.603  -52.638  47.537 0.0000000000
44923  21.040  -53.091  47.844 0.0000000000
44908  20.523  -53.539  48.320 0.0000000000
48463  19.724  -50.849  47.562 0.0000000000
46128  19.526  -52.447  48.157 0.0000000000
44890  19.471  -53.884  49.087 0.0000000000
44873  18.086  -53.394  49.917 0.0000000000
43710  17.798  -53.971  50.436 0.0000000000
43681  16.881  -54.296  51.605 0.0000000000
52772  26.976  -45.824  42.289 0.0000000000
52763  26.116  -46.030  43.466 0.0000000000
51753  24.970  -47.187  43.292 0.0000000000
50768  24.974  -48.304  43.169 0.0000000000
51744  23.159  -47.005  44.563 0.0000000000
51755  23.662  -47.812  43.965 0.0000000000
49665  24.140  -49.125  43.827 0.0000000000
48528  24.078  -50.196  44.620 0.0000000000
48500  23.891  -51.064  45.874 0.0000000000
63878  37.366  -35.936  39.642 0.0000000000
64919  37.349  -35.310  39.223 0.0000000000
63879  37.028  -36.234  38.613 0.0000000000
62799  37.093  -36.822  37.523 0.0000000000
62811  37.619  -37.916  36.329 0.0000000000
61776  35.379  -38.590  37.325 0.0000000000
61786  37.383  -38.808  36.057 0.0000000000
61792  39.578  -38.750  35.560 0.0000000000
60765  40.390  -39.311  36.262 0.0000000000
61761  41.922  -39.018  37.620 0.0000000000
143068  53.856  -14.119  20.825 0.0000000000
86217  53.561  -14.864  20.411 0.0000000000
84361  53.324  -16.548  20.058 0.0000000000
83319  51.694  -17.453  21.651 0.0000000000
83328  52.389  -17.586  20.928 0.0000000000
80146  48.696  -20.235  26.187 0.0000000000
80135  50.379  -20.738  26.450 0.0000000000
79135  49.294  -21.408  26.971 0.0000000000
142087  50.275  -22.820  26.874 0.0000000000
76324  50.894  -24.407  26.446 0.0000000000
76305  48.027  -24.159  26.915 0.0000000000
144780  49.646  -25.209  26.349 0.0000000000
75348  50.971  -25.822  26.312 0.0000000000
73274  51.948  -27.648  26.570 0.0000000000
162661  52.202  -28.862  27.143 0.0000000000
74340  46.236  -25.752  28.453 0.0000000000
74353  46.045  -26.143  27.685 0.0000000000
73260  47.185  -27.694  26.832 0.0000000000
71068  46.354  -29.320  27.569 0.0000000000
71067  47.218  -29.267  27.288 0.0000000000
162488  48.345  -28.747  26.874 0.0000000000
71064  50.104  -29.757  27.251 0.0000000000
55035  33.719  -44.659  37.547 0.0000000000
55034  34.635  -44.343  37.608 0.0000000000
53918  35.358  -45.681  38.794 0.0000000000
52780  36.529  -46.367  41.070 0.0000000000
82228  47.789  -18.379  27.069 0.0000000000
150230  47.679  -19.112  26.603 0.0000000000
44850  16.284  -54.009  52.316 0.0000000000
44823  15.847  -53.366  54.153 0.0000000000
43667  15.961  -54.898  52.880 0.0000000000
157219  16.022  -55.728  53.369 0.0000000000
41327  16.031  -56.568  54.432 0.0000000000
41311  16.002  -56.976  55.021 0.0000000000
41297  14.415  -56.885  56.211 0.0000000000
40171  15.277  -57.695  56.106 0.0000000000
40170  16.168  -57.808  56.164 0.0000000000
38992  16.092  -58.554  57.402 0.0000000000
155499  16.713  -58.697  58.430 0.0000000000
35498  13.158  -60.998  59.659 0.0000000000
37842  12.618  -59.316  58.209 0.0000000000
36674  11.999  -60.602  59.057 0.0000000000
35499  12.463  -61.171  59.646 0.0000000000
35501  11.031  -61.297  59.993 0.0000000000
35491  10.476  -61.640  60.535 0.0000000000
36652  9.315  -60.659  61.242 0.0000000000
37810  9.619  -59.306  61.439 0.0000000000
146242  9.006  -59.828  61.769 0.0000000000
36637  8.654  -60.761  61.855 0.0000000000
57313  32.967  -42.271  39.701 0.0000000000
56198  33.348  -43.097  40.550 0.0000000000
56228  32.544  -43.854  38.179 0.0000000000
53919  32.717  -45.629  38.241 0.0000000000
52799  33.267  -46.833  39.382 0.0000000000
51805  33.145  -47.309  40.271 0.0000000000
51807  30.875  -46.860  40.303 0.0000000000
50807  32.265  -47.749  41.499 0.0000000000
50784  33.582  -47.952  42.337 0.0000000000
51787  27.116  -47.250  41.164 0.0000000000
50788  28.149  -48.789  41.712 0.0000000000
49684  28.748  -49.368  42.392 0.0000000000
152108  27.843  -50.756  44.291 0.0000000000
48544  28.956  -50.442  43.577 0.0000000000
48543  29.759  -50.334  43.725 0.0000000000
78227  51.471  -22.129  26.745 0.0000000000
139810  41.341  -30.170  31.256 0.0000000000
160118  41.760  -31.802  30.305 0.0000000000
66914  42.069  -33.321  30.414 0.0000000000
65876  36.346  -34.584  37.292 0.0000000000
66842  35.865  -33.959  36.175 0.0000000000
66860  36.538  -33.377  33.948 0.0000000000
166349  39.155  -35.128  35.136 0.0000000000
141743  38.597  -34.471  34.031 0.0000000000
66872  38.721  -33.597  33.069 0.0000000000
66884  40.082  -33.649  32.338 0.0000000000
65977  42.335  -34.589  31.385 0.0000000000
144048  43.591  -35.062  31.059 0.0000000000
65005  44.838  -35.377  31.515 0.0000000000
56227  36.085  -43.641  38.517 0.0000000000
57320  37.362  -42.777  39.954 0.0000000000
58446  38.622  -42.178  40.281 0.0000000000
57294  39.386  -42.511  41.838 0.0000000000
59602  39.812  -41.392  39.890 0.0000000000
87193  59.421  -12.846  15.623 0.0000000000
86229  55.974  -14.394  18.771 0.0000000000
85320  56.919  -14.960  17.753 0.0000000000
83367  56.820  -16.909  18.358 0.0000000000
138430  56.856  -15.916  17.959 0.0000000000
85330  57.524  -14.678  17.342 0.0000000000
84405  58.587  -15.848  16.833 0.0000000000
85339  59.016  -15.450  16.270 0.0000000000
80145  49.663  -20.238  25.967 0.0000000000
57323  32.936  -42.334  38.550 0.0000000000
153609  33.398  -41.743  38.299 0.0000000000
34345  9.618  -62.425  61.822 0.0000000000
66931  44.088  -33.201  29.538 0.0000000000
66930  45.077  -33.150  29.412 0.0000000000
66006  44.587  -33.986  29.812 0.0000000000
142775  44.219  -34.580  30.193 0.0000000000
41354  17.531  -55.944  52.979 0.0000000000
53872  28.304  -44.914  42.439 0.0000000000
52771  27.766  -45.282  42.859 0.0000000000
47283  25.871  -51.888  48.170 0.0000000000
65859  37.725  -34.365  39.630 0.0000000000
48503  20.993  -50.234  45.773 0.0000000000
48479  21.249  -50.948  45.917 0.0000000000
48480  20.496  -50.492  46.394 0.0000000000
50741  20.757  -48.914  45.699 0.0000000000
50740  21.321  -48.769  44.999 0.0000000000
49612  21.113  -49.611  45.368 0.0000000000
48502  21.631  -50.444  45.301 0.0000000000
61746  36.314  -37.531  39.486 0.0000000000
142597  35.325  -37.697  39.096 0.0000000000
59630  37.279  -41.103  38.202 0.0000000000
145319  38.130  -40.850  37.891 0.0000000000
142918  38.848  -40.915  38.606 0.0000000000
60743  39.814  -40.636  38.433 0.0000000000
59616  39.395  -41.131  39.210 0.0000000000
86198  51.686  -14.743  23.819 0.0000000000
85275  51.915  -14.814  22.844 0.0000000000
85282  51.402  -15.792  22.431 0.0000000000
157584  52.968  -19.154  23.193 0.0000000000
82266  53.660  -19.340  22.686 0.0000000000
35487  13.882  -61.285  60.723 0.0000000000
79121  47.006  -21.248  27.994 0.0000000000
79120  47.667  -21.379  27.464 0.0000000000
73278  47.752  -27.112  26.540 0.0000000000
74367  48.198  -26.390  26.416 0.0000000000
73277  48.721  -27.155  26.363 0.0000000000
148327  49.285  -27.872  26.445 0.0000000000
149931  49.017  -28.609  26.710 0.0000000000
72103  44.574  -27.801  28.873 0.0000000000
67971  48.571  -32.175  28.784 0.0000000000
69022  48.278  -31.672  28.415 0.0000000000
67970  49.337  -32.202  28.821 0.0000000000
51782  33.704  -47.565  41.193 0.0000000000
51781  34.654  -47.321  41.137 0.0000000000
150207  34.866  -47.786  42.592 0.0000000000
145576  46.925  -20.958  28.723 0.0000000000
159224  47.122  -20.307  28.776 0.0000000000
80110  47.066  -20.535  28.132 0.0000000000
43735  20.816  -54.153  48.777 0.0000000000
43724  21.214  -54.710  49.328 0.0000000000
139236  17.487  -57.263  55.706 0.0000000000
41296  18.260  -57.117  56.409 0.0000000000
41280  17.764  -57.502  56.650 0.0000000000
38994  14.220  -58.670  57.349 0.0000000000
37848  13.692  -58.958  57.693 0.0000000000
37849  13.159  -58.841  57.885 0.0000000000
38977  11.144  -58.722  59.331 0.0000000000
38968  10.521  -58.753  60.246 0.0000000000
37821  10.434  -59.777  60.180 0.0000000000
38962  10.085  -58.580  61.204 0.0000000000
53889  32.071  -44.561  41.400 0.0000000000
53881  32.855  -45.098  41.953 0.0000000000
54990  31.895  -44.467  40.228 0.0000000000
53900  31.123  -45.080  39.638 0.0000000000
50786  30.006  -48.463  42.153 0.0000000000
147089  30.908  -48.284  42.352 0.0000000000
49682  30.501  -48.953  42.848 0.0000000000
49658  30.962  -49.364  43.508 0.0000000000
49659  30.115  -49.655  43.285 0.0000000000
49664  25.458  -49.089  43.182 0.0000000000
49687  26.150  -49.239  42.779 0.0000000000
149641  25.991  -49.570  43.536 0.0000000000
144605  52.255  -24.941  26.402 0.0000000000
75346  52.815  -25.514  26.390 0.0000000000
68945  37.974  -31.268  33.663 0.0000000000
69999  38.523  -30.948  33.338 0.0000000000
159782  38.264  -31.498  33.071 0.0000000000
67912  39.231  -31.485  32.230 0.0000000000
164657  38.680  -31.763  32.638 0.0000000000
63913  38.298  -36.806  36.047 0.0000000000
144881  37.520  -36.274  36.286 0.0000000000
65903  42.528  -34.212  35.669 0.0000000000
65904  41.530  -34.511  35.489 0.0000000000
144795  42.960  -34.166  34.801 0.0000000000
65920  44.433  -34.367  34.728 0.0000000000
152346  58.287  -13.142  17.417 0.0000000000
83355  55.116  -17.013  19.155 0.0000000000
146543  20.652  -47.755  47.881 0.0000000000
50716  20.170  -48.388  47.399 0.0000000000
50700  20.195  -48.101  48.390 0.0000000000
50715  20.771  -47.709  46.954 0.0000000000
81209  51.890  -19.586  25.104 0.0000000000
80133  52.192  -20.585  26.144 0.0000000000
157383  33.002  -38.812  40.451 0.0000000000
61749  33.236  -38.423  39.714 0.0000000000
60732  32.843  -39.112  39.419 0.0000000000
151315  34.389  -41.669  37.933 0.0000000000
58479  34.863  -41.177  37.998 0.0000000000
58478  35.849  -41.340  38.209 0.0000000000
58464  36.503  -41.967  38.814 0.0000000000
83275  48.201  -17.601  26.640 0.0000000000
84322  49.302  -16.287  26.459 0.0000000000
83274  48.596  -16.952  26.088 0.0000000000
83298  49.217  -17.733  24.227 0.0000000000
84333  49.245  -16.902  24.493 0.0000000000
84339  49.646  -17.192  23.816 0.0000000000
82256  51.839  -18.819  23.845 0.0000000000
35476  11.911  -62.027  60.943 0.0000000000
78197  47.201  -22.742  29.402 0.0000000000
77258  47.118  -23.308  28.745 0.0000000000
75324  46.705  -25.103  28.408 0.0000000000
76297  46.885  -24.572  27.756 0.0000000000
149033  46.717  -25.788  27.045 0.0000000000
67961  45.766  -32.605  29.100 0.0000000000
67960  46.598  -32.770  29.183 0.0000000000
156309  47.395  -32.751  29.202 0.0000000000
66912  47.935  -33.941  30.095 0.0000000000
66003  47.132  -34.260  30.140 0.0000000000
65017  46.934  -35.161  30.997 0.0000000000
65989  47.567  -34.798  30.658 0.0000000000
65002  47.517  -35.315  31.471 0.0000000000
64989  47.681  -35.500  32.256 0.0000000000
78188  47.336  -22.118  29.926 0.0000000000
152215  18.984  -55.922  52.559 0.0000000000
138902  19.635  -56.124  52.866 0.0000000000
41324  20.161  -56.600  54.301 0.0000000000
139859  17.672  -56.855  54.876 0.0000000000
41264  13.011  -56.422  58.073 0.0000000000
53869  30.718  -44.837  42.919 0.0000000000
53882  31.184  -44.438  41.957 0.0000000000
156572  30.217  -44.148  41.886 0.0000000000
53891  30.106  -44.519  40.782 0.0000000000
53892  29.304  -44.576  41.401 0.0000000000
144990  28.363  -46.210  40.740 0.0000000000
153095  28.607  -47.227  40.728 0.0000000000
50810  29.421  -47.821  41.265 0.0000000000
50811  28.427  -48.007  41.158 0.0000000000
48498  25.716  -50.484  45.232 0.0000000000
47325  26.217  -50.994  46.026 0.0000000000
68940  37.227  -31.523  35.510 0.0000000000
67870  36.758  -32.075  36.534 0.0000000000
62807  41.179  -37.684  36.107 0.0000000000
62798  41.943  -37.505  36.635 0.0000000000
62780  43.713  -37.116  37.943 0.0000000000
63896  42.786  -36.431  37.211 0.0000000000
63895  43.428  -36.370  37.609 0.0000000000
34339  8.245  -62.330  62.322 0.0000000000
71036  43.865  -28.648  30.395 0.0000000000
68999  42.341  -31.699  29.934 0.0000000000
158694  23.371  -52.332  47.539 0.0000000000
47287  22.919  -52.115  46.942 0.0000000000
139511  20.513  -51.856  47.103 0.0000000000
46144  21.568  -52.671  47.365 0.0000000000
46145  20.725  -52.505  47.402 0.0000000000
46127  20.221  -52.859  47.945 0.0000000000
48449  19.160  -50.423  48.260 0.0000000000
47270  18.462  -51.957  49.068 0.0000000000
162594  18.973  -51.948  48.491 0.0000000000
46129  18.965  -52.686  48.679 0.0000000000
44910  19.011  -53.339  48.943 0.0000000000
44891  18.755  -53.706  49.421 0.0000000000
46098  17.469  -52.840  50.598 0.0000000000
44862  17.164  -53.581  51.071 0.0000000000
141199  26.664  -45.801  43.121 0.0000000000
138943  26.839  -45.899  43.934 0.0000000000
51754  24.391  -47.586  43.683 0.0000000000
50750  22.697  -48.914  44.123 0.0000000000
51745  22.859  -48.009  44.189 0.0000000000
49666  23.504  -48.684  43.913 0.0000000000
49635  23.518  -49.521  44.178 0.0000000000
48529  23.153  -50.223  44.597 0.0000000000
47326  22.467  -51.410  45.866 0.0000000000
151124  23.105  -51.138  45.518 0.0000000000
47305  23.271  -51.595  46.297 0.0000000000
47304  24.159  -51.454  46.618 0.0000000000
63865  37.372  -36.356  40.094 0.0000000000
149446  37.072  -36.672  39.343 0.0000000000
61762  36.614  -37.570  37.837 0.0000000000
158904  36.964  -37.298  37.653 0.0000000000
156302  37.225  -37.436  36.920 0.0000000000
159784  34.536  -38.734  37.560 0.0000000000
60758  35.980  -39.341  36.769 0.0000000000
59662  37.966  -40.274  36.355 0.0000000000
60767  37.636  -39.698  36.015 0.0000000000
60766  38.418  -39.740  35.896 0.0000000000
154165  38.101  -39.190  35.736 0.0000000000
159142  39.089  -39.673  35.914 0.0000000000
61783  40.205  -38.772  35.749 0.0000000000
162603  39.620  -39.825  36.507 0.0000000000
60731  40.796  -40.168  38.747 0.0000000000
138884  41.081  -39.633  37.794 0.0000000000
85262  51.022  -15.115  25.678 0.0000000000
87146  54.374  -13.489  21.444 0.0000000000
86209  53.569  -13.867  21.635 0.0000000000
86211  52.361  -15.619  21.217 0.0000000000
85297  53.075  -15.603  20.475 0.0000000000
82291  52.986  -18.438  20.865 0.0000000000
82310  53.632  -18.292  20.310 0.0000000000
150332  48.014  -20.224  26.494 0.0000000000
80136  49.449  -20.814  26.583 0.0000000000
80137  48.469  -20.924  26.850 0.0000000000
77291  48.777  -22.795  27.155 0.0000000000
78229  49.648  -22.216  27.046 0.0000000000
77290  49.605  -23.197  26.904 0.0000000000
77289  50.394  -23.652  26.661 0.0000000000
76325  49.993  -24.497  26.450 0.0000000000
76306  47.449  -23.999  27.535 0.0000000000
77274  47.977  -23.380  27.288 0.0000000000
157671  49.571  -25.834  26.314 0.0000000000
75349  50.165  -25.666  26.320 0.0000000000
74364  50.964  -26.514  26.335 0.0000000000
154787  51.421  -27.030  26.380 0.0000000000
71075  51.031  -28.963  26.975 0.0000000000
72126  51.582  -28.452  26.836 0.0000000000
71062  52.326  -29.508  27.439 0.0000000000
75314  46.836  -25.555  29.054 0.0000000000
145754  45.495  -27.641  27.772 0.0000000000
73261  46.225  -27.103  27.280 0.0000000000
70081  45.745  -30.417  28.097 0.0000000000
70092  45.584  -29.523  27.906 0.0000000000
161417  46.305  -30.044  27.808 0.0000000000
163048  48.289  -30.411  27.622 0.0000000000
139525  47.804  -29.939  27.425 0.0000000000
71066  48.054  -29.289  27.137 0.0000000000
149672  48.536  -29.879  27.343 0.0000000000
71065  49.298  -29.843  27.293 0.0000000000
52846  34.125  -46.081  38.439 0.0000000000
53936  34.663  -45.417  38.057 0.0000000000
52818  34.872  -46.196  38.978 0.0000000000
51779  36.107  -46.983  41.676 0.0000000000
82227  48.398  -17.578  27.765 0.0000000000
81199  47.632  -19.821  26.793 0.0000000000
153159  48.025  -19.546  25.977 0.0000000000
148985  23.446  -52.668  48.172 0.0000000000
138639  23.839  -52.855  49.002 0.0000000000
151474  21.020  -55.944  51.181 0.0000000000
41310  19.498  -56.745  55.755 0.0000000000
149466  16.229  -52.984  52.748 0.0000000000
43640  15.403  -54.081  54.620 0.0000000000
43653  15.605  -54.482  53.693 0.0000000000
44837  15.930  -53.730  53.162 0.0000000000
43668  15.679  -55.317  53.598 0.0000000000
41328  15.611  -55.969  54.116 0.0000000000
40160  15.649  -58.164  56.660 0.0000000000
40159  16.400  -58.178  56.879 0.0000000000
38981  15.602  -58.911  58.123 0.0000000000
37832  13.670  -59.959  58.638 0.0000000000
37831  14.316  -60.007  59.035 0.0000000000
36672  13.586  -60.517  59.220 0.0000000000
38976  12.228  -58.006  58.454 0.0000000000
36685  12.062  -59.809  58.548 0.0000000000
35500  11.680  -61.244  59.762 0.0000000000
36664  9.829  -61.132  60.728 0.0000000000
160643  9.794  -58.477  61.884 0.0000000000
38955  9.251  -58.794  62.180 0.0000000000
58448  33.009  -41.470  40.320 0.0000000000
56213  32.325  -43.920  39.086 0.0000000000
56212  32.680  -43.153  39.072 0.0000000000
53938  32.753  -44.737  37.838 0.0000000000
166459  32.365  -45.148  38.194 0.0000000000
166885  31.797  -46.514  39.412 0.0000000000
52820  32.438  -46.312  38.905 0.0000000000
51764  33.047  -47.790  41.672 0.0000000000
50785  32.690  -48.090  42.351 0.0000000000
50766  33.101  -48.408  43.074 0.0000000000
50767  32.261  -48.537  43.063 0.0000000000
51765  26.582  -46.777  41.626 0.0000000000
49686  26.981  -49.375  42.440 0.0000000000
49685  27.873  -49.434  42.303 0.0000000000
49661  28.450  -49.935  42.969 0.0000000000
153782  27.209  -50.631  44.726 0.0000000000
48546  27.090  -50.286  44.086 0.0000000000
47322  29.980  -51.873  45.249 0.0000000000
154654  29.083  -51.308  44.584 0.0000000000
47342  29.705  -51.397  44.722 0.0000000000
48524  29.400  -50.883  44.193 0.0000000000
79134  50.094  -21.388  26.865 0.0000000000
79133  50.979  -21.350  26.688 0.0000000000
70041  40.566  -30.548  31.530 0.0000000000
67924  40.313  -32.429  31.387 0.0000000000
69000  41.149  -31.770  30.702 0.0000000000
67941  40.876  -32.446  30.968 0.0000000000
66915  41.287  -33.200  30.896 0.0000000000
64920  36.989  -35.405  38.355 0.0000000000
65868  36.752  -34.565  38.080 0.0000000000
64929  36.694  -35.380  37.504 0.0000000000
64951  36.630  -35.254  35.504 0.0000000000
64941  36.172  -34.945  36.067 0.0000000000
65909  36.188  -34.536  35.089 0.0000000000
65928  36.200  -33.821  34.472 0.0000000000
65927  36.852  -34.274  34.102 0.0000000000
64948  40.046  -35.238  35.520 0.0000000000
65924  40.239  -34.533  34.465 0.0000000000
65925  39.388  -34.548  34.210 0.0000000000
65942  39.001  -34.190  33.507 0.0000000000
65960  39.562  -33.894  32.936 0.0000000000
66885  39.316  -33.278  32.508 0.0000000000
65959  40.421  -34.132  32.930 0.0000000000
65957  42.285  -34.661  32.309 0.0000000000
65976  43.140  -34.946  31.733 0.0000000000
138638  43.006  -34.752  30.911 0.0000000000
65006  43.984  -35.258  31.565 0.0000000000
64992  44.464  -35.263  32.278 0.0000000000
160018  45.714  -35.154  33.466 0.0000000000
55022  36.109  -44.640  38.879 0.0000000000
56233  35.215  -43.563  37.768 0.0000000000
56195  37.743  -43.915  41.065 0.0000000000
56225  37.126  -43.376  40.016 0.0000000000
57312  37.672  -43.158  40.555 0.0000000000
58447  37.906  -42.411  40.133 0.0000000000
57311  38.343  -42.648  40.819 0.0000000000
58420  39.711  -41.996  41.312 0.0000000000
59601  40.520  -40.940  40.156 0.0000000000
87186  58.808  -13.430  16.287 0.0000000000
87151  54.650  -13.737  20.544 0.0000000000
85308  55.531  -15.191  18.774 0.0000000000
86242  56.625  -14.283  18.284 0.0000000000
83379  58.058  -17.093  17.859 0.0000000000
84383  57.484  -16.545  17.870 0.0000000000
84395  57.463  -15.638  17.513 0.0000000000
85329  57.982  -15.303  17.047 0.0000000000
81210  50.919  -19.617  25.188 0.0000000000
80134  51.292  -20.662  26.301 0.0000000000
59603  32.798  -40.702  39.778 0.0000000000
59618  32.762  -40.119  39.015 0.0000000000
145826  33.113  -40.886  38.671 0.0000000000
57329  34.995  -42.558  37.811 0.0000000000
82246  48.352  -18.249  25.259 0.0000000000
82245  48.857  -18.385  24.681 0.0000000000
82258  49.699  -18.443  24.235 0.0000000000
81220  50.240  -19.087  24.649 0.0000000000
76287  47.397  -24.087  28.975 0.0000000000
67975  44.628  -31.711  28.813 0.0000000000
66929  46.071  -33.390  29.500 0.0000000000
66004  46.386  -34.143  29.966 0.0000000000
65991  45.844  -34.745  30.317 0.0000000000
65018  46.199  -35.186  30.920 0.0000000000
42508  18.302  -55.233  51.363 0.0000000000
42493  18.099  -55.655  52.226 0.0000000000
41353  18.394  -56.010  52.925 0.0000000000
41341  18.266  -56.333  53.520 0.0000000000
41342  16.724  -56.118  53.404 0.0000000000
41245  12.584  -56.043  58.856 0.0000000000
162926  28.851  -44.542  42.208 0.0000000000
47303  24.868  -51.382  46.811 0.0000000000
139172  25.742  -51.416  46.882 0.0000000000
164766  25.757  -51.683  47.521 0.0000000000
67839  37.281  -32.978  38.350 0.0000000000
61760  42.631  -38.554  37.939 0.0000000000
62781  43.155  -37.862  37.796 0.0000000000
70053  43.353  -29.096  30.778 0.0000000000
70055  41.886  -30.400  30.595 0.0000000000
47307  21.721  -51.653  46.218 0.0000000000
47308  20.864  -51.449  46.486 0.0000000000
48434  18.727  -49.849  49.127 0.0000000000
48435  18.372  -50.334  49.654 0.0000000000
47256  18.164  -51.140  49.707 0.0000000000
143600  18.095  -52.000  49.717 0.0000000000
46097  17.860  -52.467  50.066 0.0000000000
163045  24.165  -46.234  44.586 0.0000000000
51732  21.557  -47.696  45.275 0.0000000000
51731  22.296  -47.316  44.793 0.0000000000
50751  22.004  -49.081  44.442 0.0000000000
48530  22.363  -50.308  44.808 0.0000000000
48501  22.362  -50.890  45.310 0.0000000000
62765  36.961  -37.123  39.647 0.0000000000
61734  36.836  -37.373  39.950 0.0000000000
61745  36.613  -37.340  39.025 0.0000000000
59648  36.499  -40.185  36.761 0.0000000000
59647  37.355  -40.638  37.065 0.0000000000
59646  38.392  -40.557  36.986 0.0000000000
59645  39.126  -40.305  36.969 0.0000000000
60744  39.739  -40.170  37.460 0.0000000000
59614  40.871  -40.542  39.603 0.0000000000
85269  50.948  -15.120  24.871 0.0000000000
165948  51.525  -14.796  24.570 0.0000000000
164871  53.055  -14.147  21.784 0.0000000000
86205  52.534  -14.561  22.014 0.0000000000
82280  51.725  -18.303  22.402 0.0000000000
82278  54.151  -19.426  21.766 0.0000000000
76326  47.889  -24.886  26.658 0.0000000000
74366  49.175  -26.398  26.297 0.0000000000
152235  50.585  -27.080  26.335 0.0000000000
73276  50.197  -27.805  26.421 0.0000000000
71076  50.361  -29.080  26.942 0.0000000000
74331  45.581  -26.868  29.436 0.0000000000
74341  45.722  -26.503  28.541 0.0000000000
73244  45.125  -27.266  28.645 0.0000000000
72118  45.552  -28.622  27.762 0.0000000000
150049  46.923  -31.687  28.460 0.0000000000
69023  47.648  -31.337  28.219 0.0000000000
69028  48.461  -31.050  28.004 0.0000000000
69027  49.389  -31.098  28.014 0.0000000000
149310  49.776  -31.720  28.448 0.0000000000
52798  34.700  -46.671  39.666 0.0000000000
51803  35.006  -46.897  40.423 0.0000000000
51780  35.372  -47.065  41.185 0.0000000000
80103  47.818  -20.031  30.167 0.0000000000
81163  47.440  -19.782  29.244 0.0000000000
81172  47.656  -19.078  28.749 0.0000000000
81191  47.317  -20.117  27.534 0.0000000000
44906  22.168  -53.591  48.546 0.0000000000
44888  22.693  -53.820  49.106 0.0000000000
43723  22.229  -54.438  49.533 0.0000000000
41263  18.657  -57.366  57.868 0.0000000000
40146  17.026  -58.229  57.594 0.0000000000
42473  14.931  -56.331  55.626 0.0000000000
41298  13.966  -57.358  56.790 0.0000000000
39009  14.571  -58.217  56.855 0.0000000000
38982  14.689  -59.033  57.937 0.0000000000
167209  10.869  -60.140  59.675 0.0000000000
37798  8.036  -59.419  62.316 0.0000000000
55002  32.194  -44.251  39.735 0.0000000000
52821  31.597  -45.825  39.115 0.0000000000
51784  29.969  -47.258  40.862 0.0000000000
51783  30.763  -47.368  41.000 0.0000000000
49657  31.840  -49.125  43.628 0.0000000000
51767  25.487  -47.818  42.550 0.0000000000
50790  26.224  -48.506  42.079 0.0000000000
47301  28.450  -52.240  46.197 0.0000000000
144179  28.442  -51.798  45.562 0.0000000000
46172  29.036  -52.314  45.880 0.0000000000
140572  50.993  -22.897  26.736 0.0000000000
77288  51.809  -22.965  26.685 0.0000000000
76322  52.637  -24.120  26.559 0.0000000000
69998  39.188  -30.427  33.357 0.0000000000
140238  39.863  -30.072  32.976 0.0000000000
68967  39.870  -31.051  31.802 0.0000000000
68984  39.745  -32.004  31.704 0.0000000000
64940  36.944  -36.086  36.945 0.0000000000
64930  36.447  -35.200  36.750 0.0000000000
64950  37.552  -35.681  35.568 0.0000000000
64947  41.090  -34.918  35.962 0.0000000000
65923  41.104  -34.435  34.627 0.0000000000
65940  40.748  -34.359  33.720 0.0000000000
144371  41.498  -34.419  33.815 0.0000000000
65939  42.216  -34.518  33.354 0.0000000000
64978  43.146  -34.769  32.845 0.0000000000
64977  44.067  -34.903  32.966 0.0000000000
65938  44.362  -34.689  33.812 0.0000000000
53897  37.120  -45.350  40.793 0.0000000000
54999  36.943  -44.765  40.238 0.0000000000
54987  37.422  -44.660  40.923 0.0000000000
54986  37.859  -44.533  41.558 0.0000000000
56194  38.240  -43.812  41.646 0.0000000000
86263  58.435  -14.131  16.529 0.0000000000
85309  54.755  -15.156  19.314 0.0000000000
84385  55.830  -15.878  18.575 0.0000000000
83365  58.342  -17.723  18.223 0.0000000000
145650  58.910  -16.626  17.147 0.0000000000
49599  20.005  -49.461  46.939 0.0000000000
154969  19.652  -48.913  47.939 0.0000000000
51716  22.094  -46.650  46.754 0.0000000000
51717  21.402  -47.270  46.277 0.0000000000
81217  53.090  -19.470  24.652 0.0000000000
81208  52.775  -19.625  25.017 0.0000000000
60722  33.729  -38.026  40.476 0.0000000000
61747  34.596  -37.703  39.815 0.0000000000
61748  33.750  -38.003  39.275 0.0000000000
61765  33.883  -38.451  38.227 0.0000000000
60746  34.000  -39.417  37.599 0.0000000000
59634  33.394  -40.202  38.176 0.0000000000
59633  34.308  -40.492  37.792 0.0000000000
59650  34.763  -40.035  37.416 0.0000000000
58477  36.652  -41.379  38.455 0.0000000000
84326  49.774  -15.852  25.839 0.0000000000
84332  49.672  -16.126  24.857 0.0000000000
85270  50.282  -15.771  24.243 0.0000000000
160428  50.677  -15.847  23.519 0.0000000000
84337  50.866  -16.282  22.895 0.0000000000
83308  50.716  -17.149  22.821 0.0000000000
82268  50.936  -17.941  23.028 0.0000000000
82269  50.317  -18.157  23.684 0.0000000000
147958  51.501  -18.483  23.178 0.0000000000
164789  12.655  -61.820  60.849 0.0000000000
79106  46.925  -21.742  28.603 0.0000000000
74368  47.273  -26.396  26.677 0.0000000000
71055  44.220  -28.982  28.624 0.0000000000
71054  44.853  -28.888  28.177 0.0000000000
69024  46.032  -31.326  28.385 0.0000000000
67974  45.449  -31.866  28.692 0.0000000000
156721  46.991  -32.295  28.832 0.0000000000
67959  48.165  -32.690  29.210 0.0000000000
66911  48.927  -33.911  30.221 0.0000000000
65975  48.174  -35.036  31.160 0.0000000000
65974  48.899  -34.985  31.312 0.0000000000
50783  34.325  -48.040  42.810 0.0000000000
162048  34.875  -48.093  43.118 0.0000000000
50764  35.305  -48.348  43.601 0.0000000000
79098  47.119  -21.443  29.535 0.0000000000
42525  20.808  -55.158  49.854 0.0000000000
42516  20.091  -55.266  50.253 0.0000000000
42506  20.250  -55.693  51.012 0.0000000000
163751  19.724  -55.731  51.543 0.0000000000
41363  20.497  -56.043  51.822 0.0000000000
139224  18.469  -56.714  54.788 0.0000000000
38996  13.061  -58.171  57.773 0.0000000000
161297  12.628  -57.828  58.125 0.0000000000
41246  12.007  -56.475  59.258 0.0000000000
40133  11.700  -57.671  59.082 0.0000000000
156384  32.080  -44.984  42.190 0.0000000000
53901  30.585  -45.137  40.084 0.0000000000
51809  29.635  -46.285  40.423 0.0000000000
52783  28.972  -45.582  40.681 0.0000000000
48527  25.656  -49.922  44.283 0.0000000000
48547  26.438  -49.968  43.972 0.0000000000
48497  26.760  -50.754  45.317 0.0000000000
138427  26.752  -51.537  46.565 0.0000000000
47302  27.715  -51.784  46.182 0.0000000000
151566  52.538  -26.219  26.350 0.0000000000
151567  53.434  -26.081  26.381 0.0000000000
150376  37.772  -31.150  34.580 0.0000000000
68946  37.223  -31.784  33.904 0.0000000000
62809  39.725  -37.515  35.636 0.0000000000
63912  39.287  -36.708  35.827 0.0000000000
63911  40.379  -36.821  35.883 0.0000000000
149756  41.670  -35.967  36.477 0.0000000000
62797  42.642  -37.312  37.138 0.0000000000
63897  42.133  -36.594  36.752 0.0000000000
64936  41.705  -35.319  36.407 0.0000000000
64935  42.365  -34.983  36.797 0.0000000000
65889  42.588  -34.481  36.433 0.0000000000
87171  57.506  -13.380  18.171 0.0000000000
82328  54.987  -17.943  19.477 0.0000000000
156698  8.861  -62.240  62.014 0.0000000000
73235  46.464  -26.854  29.885 0.0000000000
72092  44.171  -28.141  29.198 0.0000000000
72082  44.316  -28.088  30.118 0.0000000000
145198  43.489  -30.669  29.161 0.0000000000
69011  43.836  -31.632  29.061 0.0000000000
152118  43.552  -32.387  29.399 0.0000000000
66932  43.261  -33.122  29.762 0.0000000000
47268  24.529  -52.016  48.220 0.0000000000
47269  23.956  -52.158  47.873 0.0000000000
166432  22.784  -52.924  48.093 0.0000000000
46158  22.054  -52.272  46.788 0.0000000000
46126  22.056  -53.110  48.042 0.0000000000
44907  21.356  -53.640  48.338 0.0000000000
161880  20.108  -53.916  48.807 0.0000000000
48462  19.981  -50.411  47.071 0.0000000000
47288  20.007  -51.525  47.454 0.0000000000
47289  19.415  -51.508  48.005 0.0000000000
44909  19.660  -53.296  48.490 0.0000000000
43726  19.206  -54.285  49.546 0.0000000000
141278  18.538  -54.206  49.938 0.0000000000
43694  17.630  -54.588  51.057 0.0000000000
52762  27.351  -45.652  43.409 0.0000000000
52773  26.270  -46.332  42.512 0.0000000000
51752  25.615  -46.752  42.877 0.0000000000
148496  24.803  -49.049  43.571 0.0000000000
51743  23.941  -46.966  44.253 0.0000000000
50769  24.257  -48.456  43.654 0.0000000000
49634  24.644  -49.626  44.122 0.0000000000
48499  24.587  -50.645  45.394 0.0000000000
145503  23.627  -50.719  45.111 0.0000000000
48478  24.540  -51.033  46.201 0.0000000000
47285  24.432  -51.790  47.381 0.0000000000
163337  36.957  -36.848  38.362 0.0000000000
62810  38.248  -37.542  35.932 0.0000000000
61764  34.867  -38.118  38.099 0.0000000000
61775  36.253  -38.374  37.097 0.0000000000
61787  36.660  -38.854  36.492 0.0000000000
61785  38.219  -38.451  35.745 0.0000000000
61784  39.092  -38.132  35.545 0.0000000000
62822  39.861  -38.254  35.540 0.0000000000
61782  40.890  -38.627  36.127 0.0000000000
61773  41.669  -38.437  36.656 0.0000000000
60757  40.438  -39.734  37.079 0.0000000000
60756  41.133  -39.211  36.855 0.0000000000
85296  53.833  -15.622  19.799 0.0000000000
84360  53.926  -16.612  19.665 0.0000000000
84345  51.683  -16.281  21.691 0.0000000000
151962  52.069  -16.717  21.112 0.0000000000
83342  53.065  -17.514  20.368 0.0000000000
83341  53.729  -17.415  19.883 0.0000000000
82309  54.291  -18.151  19.843 0.0000000000
144604  51.386  -25.066  26.352 0.0000000000
138905  48.811  -23.689  26.894 0.0000000000
149169  48.939  -24.570  26.565 0.0000000000
144603  50.504  -25.121  26.338 0.0000000000
74363  52.254  -26.912  26.405 0.0000000000
73273  52.815  -27.507  26.618 0.0000000000
72124  53.366  -28.112  26.894 0.0000000000
73275  51.074  -27.742  26.516 0.0000000000
72125  52.493  -28.250  26.862 0.0000000000
145409  46.976  -26.955  26.825 0.0000000000
70091  47.030  -30.028  27.608 0.0000000000
72116  47.587  -28.565  26.965 0.0000000000
71077  49.574  -29.185  26.956 0.0000000000
70088  49.798  -30.457  27.619 0.0000000000
70087  50.672  -30.315  27.606 0.0000000000
70086  51.620  -30.107  27.609 0.0000000000
56234  33.143  -43.680  37.668 0.0000000000
164686  33.853  -43.974  37.472 0.0000000000
160354  35.506  -45.115  38.459 0.0000000000
53917  36.010  -45.451  39.302 0.0000000000
52797  35.384  -46.460  39.833 0.0000000000
52796  36.147  -46.079  40.113 0.0000000000
53898  36.597  -45.424  40.117 0.0000000000
83264  48.925  -16.778  27.277 0.0000000000
82236  47.915  -18.522  25.966 0.0000000000
46096  23.559  -53.329  49.589 0.0000000000
44849  16.609  -52.962  51.892 0.0000000000
41343  16.150  -56.234  53.789 0.0000000000
40183  16.465  -57.394  55.506 0.0000000000
40185  14.996  -57.079  55.779 0.0000000000
40184  15.637  -57.275  55.525 0.0000000000
36662  13.812  -60.959  60.037 0.0000000000
36673  12.798  -60.713  59.200 0.0000000000
35488  13.099  -61.452  60.305 0.0000000000
35490  11.347  -61.739  60.379 0.0000000000
164045  9.888  -61.630  60.905 0.0000000000
35492  9.306  -61.612  61.422 0.0000000000
166225  9.441  -60.007  61.307 0.0000000000
62751  37.465  -36.892  41.009 0.0000000000
149911  32.767  -43.049  38.049 0.0000000000
53937  33.528  -45.554  37.928 0.0000000000
52819  33.365  -46.225  38.595 0.0000000000
152911  31.628  -47.015  39.972 0.0000000000
140917  31.547  -47.423  40.827 0.0000000000
51806  32.344  -47.385  40.525 0.0000000000
145168  32.924  -47.599  41.005 0.0000000000
140814  33.799  -48.335  43.116 0.0000000000
52785  27.155  -46.474  41.322 0.0000000000
50813  26.704  -47.825  41.469 0.0000000000
50812  27.534  -48.017  41.204 0.0000000000
156834  27.543  -50.243  43.642 0.0000000000
48545  28.181  -50.406  43.580 0.0000000000
47343  28.487  -51.335  44.809 0.0000000000
48525  28.647  -50.885  44.164 0.0000000000
49660  29.277  -49.854  43.081 0.0000000000
48542  30.577  -50.060  43.950 0.0000000000
150779  52.455  -22.212  26.707 0.0000000000
152145  54.330  -25.991  26.435 0.0000000000
143433  42.061  -29.653  31.305 0.0000000000
68982  40.954  -31.043  30.972 0.0000000000
70056  41.458  -31.074  30.588 0.0000000000
161742  41.937  -31.166  30.225 0.0000000000
67939  42.198  -32.461  30.129 0.0000000000
66933  42.635  -32.999  30.007 0.0000000000
66913  42.860  -33.678  30.171 0.0000000000
65867  37.232  -34.512  38.879 0.0000000000
66816  37.058  -33.801  38.489 0.0000000000
66826  36.567  -33.608  37.739 0.0000000000
65877  36.113  -34.560  36.644 0.0000000000
66827  36.079  -33.969  37.002 0.0000000000
66851  36.017  -32.891  36.072 0.0000000000
67881  36.316  -32.372  35.222 0.0000000000
67890  36.562  -32.482  34.217 0.0000000000
67901  37.230  -32.680  33.492 0.0000000000
64949  38.853  -35.642  35.413 0.0000000000
65907  38.177  -35.208  34.954 0.0000000000
65906  39.718  -34.784  34.989 0.0000000000
162825  38.822  -34.821  34.617 0.0000000000
65926  37.864  -34.660  34.313 0.0000000000
65943  37.976  -34.005  33.642 0.0000000000
66873  37.954  -33.222  33.222 0.0000000000
67925  39.912  -32.952  31.856 0.0000000000
162168  40.492  -33.501  31.809 0.0000000000
65978  41.582  -34.336  31.852 0.0000000000
66900  41.078  -33.716  31.489 0.0000000000
65995  41.732  -33.995  31.024 0.0000000000
162999  43.112  -34.317  30.413 0.0000000000
65993  43.632  -34.718  30.517 0.0000000000
65020  44.333  -35.123  30.769 0.0000000000
65019  45.314  -35.187  30.821 0.0000000000
65004  45.726  -35.428  31.561 0.0000000000
165105  45.658  -35.345  32.873 0.0000000000
64990  46.924  -35.512  32.548 0.0000000000
162156  35.642  -43.096  38.057 0.0000000000
57322  36.024  -42.586  38.452 0.0000000000
56226  36.694  -44.062  39.581 0.0000000000
57321  36.773  -42.923  39.324 0.0000000000
145465  37.310  -42.219  39.536 0.0000000000
159552  38.124  -41.825  39.495 0.0000000000
57286  39.130  -43.060  42.262 0.0000000000
57295  38.702  -42.974  41.598 0.0000000000
58421  39.003  -42.349  41.075 0.0000000000
58462  39.043  -41.712  39.678 0.0000000000
87160  56.541  -13.537  19.009 0.0000000000
87172  57.019  -13.651  18.401 0.0000000000
86241  57.214  -14.097  17.852 0.0000000000
84371  55.907  -16.792  18.706 0.0000000000
84384  56.324  -16.167  18.353 0.0000000000
86253  58.046  -14.368  16.932 0.0000000000
85340  58.398  -14.938  16.554 0.0000000000
52817  35.591  -46.021  39.365 0.0000000000
55023  35.513  -44.402  38.105 0.0000000000
58445  39.413  -41.951  40.450 0.0000000000
60745  34.964  -39.347  37.140 0.0000000000
60768  36.856  -39.555  36.308 0.0000000000
60774  39.671  -39.300  35.830 0.0000000000
60775  38.901  -39.097  35.556 0.0000000000
61766  33.261  -38.542  38.934 0.0000000000
64991  46.082  -35.484  32.336 0.0000000000
65875  43.023  -34.570  36.987 0.0000000000
65921  43.671  -34.372  34.367 0.0000000000
65944  37.218  -33.552  33.634 0.0000000000
65979  40.848  -33.985  32.205 0.0000000000
65994  42.471  -34.187  30.641 0.0000000000
66841  36.244  -33.107  36.926 0.0000000000
66852  35.894  -33.459  35.217 0.0000000000
66861  36.119  -33.108  34.510 0.0000000000
66886  38.619  -33.031  32.757 0.0000000000
67900  38.184  -32.373  32.934 0.0000000000
67940  41.537  -32.509  30.519 0.0000000000
70017  40.206  -30.215  32.322 0.0000000000
70018  39.487  -30.662  32.512 0.0000000000
70079  51.203  -30.792  27.969 0.0000000000
71078  48.805  -29.265  27.036 0.0000000000
72115  51.611  -29.243  27.216 0.0000000000
74362  53.121  -26.789  26.460 0.0000000000
76323  51.755  -24.328  26.456 0.0000000000
80132  53.047  -20.411  25.985 0.0000000000
140818  47.003  -22.137  29.225 0.0000000000
143930  45.280  -35.403  32.280 0.0000000000
151565  51.681  -26.352  26.332 0.0000000000
154741  34.073  -43.260  37.524 0.0000000000
156972  43.653  -34.638  33.574 0.0000000000
158330  38.539  -30.692  34.003 0.0000000000
162013  47.199  -35.504  31.969 0.0000000000
163286  32.828  -40.785  39.126 0.0000000000
164881  35.142  -44.876  37.948 0.0000000000
165609  38.706  -41.354  39.130 0.0000000000
