#!ascii label  , from subject sub-v2s17x50050_ses-1 vox2ras=TkReg
1176
20493  35.348  -75.811  -30.831 0.3000000119
34291  35.142  -63.944  -26.115 0.6000000238
154250  35.456  -60.304  -23.184 0.6999999881
37693  34.821  -60.661  -22.672 0.6999999881
21742  35.133  -75.118  -31.532 0.4000000060
28812  34.813  -68.039  -31.423 0.4000000060
21731  34.714  -74.203  -30.445 0.5000000000
21716  34.636  -74.220  -29.244 0.5000000000
34290  35.731  -63.532  -26.652 0.6999999881
34281  34.940  -63.721  -25.214 0.6999999881
34280  35.567  -63.165  -25.720 0.5000000000
37703  35.858  -60.726  -24.054 0.6000000238
38846  36.252  -59.093  -23.422 0.6999999881
37684  34.891  -59.877  -22.407 0.6999999881
22957  35.465  -73.474  -31.876 0.5000000000
28815  35.236  -68.803  -31.919 0.4000000060
22950  34.994  -73.107  -30.748 0.6000000238
154703  33.992  -66.216  -29.971 0.4000000060
33149  34.462  -65.014  -28.987 0.5000000000
24183  35.269  -72.265  -30.744 0.6000000238
32078  33.801  -65.428  -28.869 0.6000000238
34296  35.855  -63.834  -27.536 0.6000000238
25359  34.894  -71.711  -30.056 0.6000000238
35416  36.663  -62.557  -26.835 0.6000000238
36577  35.970  -61.785  -25.116 0.6000000238
37702  36.483  -60.339  -24.591 0.6000000238
40026  37.719  -58.284  -24.443 0.6999999881
40027  36.960  -58.716  -23.945 0.6999999881
40005  37.085  -57.870  -23.632 0.6999999881
40006  36.383  -58.237  -23.134 0.6999999881
39993  34.994  -58.138  -21.960 0.6999999881
41096  37.198  -57.039  -23.341 0.6999999881
41097  36.490  -57.343  -22.862 0.6999999881
41098  35.727  -57.705  -22.387 0.6999999881
42284  37.339  -56.179  -23.175 0.6999999881
24188  36.034  -72.660  -32.719 0.5000000000
26555  36.085  -71.012  -33.007 0.5000000000
26550  35.777  -70.236  -32.791 0.5000000000
152596  34.544  -66.737  -30.650 0.4000000060
25367  35.816  -71.426  -31.263 0.5000000000
33148  35.679  -64.469  -29.032 0.5000000000
33142  35.277  -64.400  -28.116 0.6000000238
26526  35.202  -70.204  -29.896 0.6000000238
26537  35.516  -70.786  -30.520 0.5000000000
28801  35.765  -68.432  -30.416 0.5000000000
158050  36.441  -62.249  -26.227 0.6999999881
37721  36.839  -60.757  -25.381 0.6000000238
35406  36.497  -61.605  -25.714 0.6999999881
40025  38.379  -58.246  -24.962 0.6000000238
38884  37.146  -59.969  -25.047 0.6000000238
41115  38.337  -57.543  -24.513 0.6000000238
42297  38.618  -56.661  -24.227 0.6000000238
42298  37.894  -56.847  -23.826 0.6999999881
41078  35.764  -56.725  -22.298 0.6999999881
43466  39.640  -55.549  -24.045 0.6000000238
42285  36.577  -56.405  -22.698 0.6999999881
42264  35.851  -55.733  -22.386 0.6999999881
42283  38.085  -56.002  -23.596 0.6999999881
31036  35.427  -66.660  -30.739 0.4000000060
25366  36.270  -71.155  -32.430 0.5000000000
28811  35.806  -68.796  -31.696 0.4000000060
145743  35.144  -65.564  -30.163 0.5000000000
34301  36.097  -64.041  -28.390 0.6000000238
27694  36.030  -69.493  -31.743 0.4000000060
34289  36.323  -63.198  -27.139 0.6000000238
26536  36.155  -70.432  -31.696 0.4000000060
29951  35.812  -67.183  -30.714 0.4000000060
159115  35.836  -68.724  -31.284 0.4000000060
29944  36.230  -66.733  -30.297 0.4000000060
36583  36.928  -61.904  -26.515 0.6999999881
37720  37.547  -60.394  -25.762 0.6000000238
38883  37.853  -59.625  -25.427 0.6000000238
41114  39.128  -57.226  -24.819 0.6000000238
40038  38.743  -58.582  -25.462 0.6000000238
42295  40.214  -56.187  -24.611 0.6000000238
42265  34.909  -56.071  -22.192 0.6999999881
155280  37.653  -54.473  -22.888 0.6999999881
43450  39.017  -54.793  -23.501 0.6000000238
44645  38.270  -53.922  -23.013 0.6000000238
32084  35.776  -65.447  -30.160 0.4000000060
143521  37.029  -62.915  -27.630 0.6999999881
32087  36.091  -65.946  -30.428 0.4000000060
36581  38.382  -61.127  -27.102 0.8000000119
31032  36.671  -66.309  -29.834 0.5000000000
37728  37.956  -60.792  -26.476 0.6999999881
40050  39.238  -58.917  -26.000 0.6000000238
41126  39.584  -57.721  -25.401 0.5000000000
144615  39.284  -58.297  -25.623 0.6000000238
43439  34.260  -55.376  -22.952 0.6999999881
149953  42.098  -53.562  -24.308 0.6000000238
43465  40.447  -55.237  -24.187 0.6000000238
43437  36.007  -54.788  -22.585 0.8000000119
44633  35.421  -54.238  -22.977 0.8000000119
44663  40.619  -54.190  -23.808 0.6000000238
44664  39.831  -54.525  -23.688 0.6000000238
145215  37.290  -63.733  -28.845 0.5000000000
162228  36.702  -63.784  -28.534 0.6000000238
34306  37.525  -64.189  -29.342 0.5000000000
139487  40.138  -63.103  -29.154 0.6999999881
138773  38.233  -64.129  -29.403 0.4000000060
37727  38.670  -60.450  -26.784 0.6999999881
38888  38.994  -59.682  -26.425 0.6999999881
41125  40.354  -57.547  -25.604 0.6000000238
141665  39.967  -58.369  -26.039 0.6000000238
43483  42.009  -55.919  -24.971 0.6000000238
44634  34.685  -54.670  -23.506 0.6000000238
43464  41.209  -54.847  -24.253 0.6000000238
45872  37.598  -53.019  -23.187 0.6999999881
160110  36.145  -54.022  -22.808 0.6999999881
45887  41.408  -52.975  -24.242 0.6999999881
44643  39.962  -53.518  -23.562 0.6999999881
45871  38.619  -52.956  -23.285 0.6999999881
143714  39.214  -62.384  -28.506 0.5000000000
35420  38.384  -62.552  -28.281 0.6000000238
35421  37.770  -62.383  -27.701 0.6000000238
36591  40.632  -61.994  -28.679 0.6999999881
35430  39.479  -63.119  -29.026 0.6000000238
37734  39.064  -60.988  -27.432 0.6999999881
36590  41.496  -61.825  -28.673 0.6999999881
33151  39.541  -64.225  -29.240 0.6999999881
37726  39.443  -60.203  -27.084 0.6999999881
38887  39.872  -59.326  -26.699 0.6999999881
41124  41.168  -57.368  -25.737 0.5000000000
40037  40.835  -58.076  -26.163 0.6000000238
43468  34.432  -55.694  -25.811 0.5000000000
43462  43.303  -54.918  -24.661 0.6000000238
43482  42.858  -55.831  -25.073 0.6000000238
44666  34.759  -54.881  -24.998 0.6000000238
44678  34.901  -55.201  -26.138 0.5000000000
45886  42.851  -53.411  -24.546 0.6000000238
167413  41.727  -55.301  -24.584 0.6000000238
47036  37.229  -52.601  -23.901 0.6000000238
45890  35.841  -53.708  -24.689 0.5000000000
45902  36.723  -53.577  -26.362 0.5000000000
47043  43.136  -52.770  -25.122 0.6999999881
47044  42.204  -52.733  -24.789 0.6999999881
141234  41.294  -52.444  -24.899 0.6999999881
47034  39.077  -52.388  -23.800 0.6999999881
47047  38.686  -52.160  -24.775 0.5000000000
47060  41.829  -52.435  -25.470 0.6999999881
47061  40.443  -52.172  -25.203 0.6000000238
37733  39.859  -60.798  -27.738 0.6000000238
37739  40.268  -61.354  -28.311 0.6999999881
37732  40.676  -60.669  -28.007 0.6000000238
38900  42.915  -60.474  -28.278 0.6999999881
38897  40.263  -60.065  -27.383 0.6999999881
41137  41.618  -57.903  -26.289 0.6999999881
143593  41.315  -58.487  -26.627 0.6999999881
41123  42.016  -57.273  -25.836 0.6000000238
43484  34.309  -55.669  -26.405 0.4000000060
43481  43.740  -55.790  -25.151 0.5000000000
45908  35.994  -54.017  -26.693 0.4000000060
45900  44.019  -52.845  -25.284 0.6000000238
149216  43.288  -54.035  -24.456 0.6000000238
47048  37.735  -52.443  -24.738 0.5000000000
47049  36.958  -52.862  -24.955 0.5000000000
47062  39.515  -52.136  -25.611 0.5000000000
47063  38.618  -52.396  -26.172 0.4000000060
142465  43.438  -52.513  -26.273 0.6000000238
140913  41.910  -52.417  -26.386 0.6999999881
139575  41.196  -52.279  -25.888 0.6000000238
47086  41.679  -52.505  -27.951 0.5000000000
38894  43.081  -59.773  -27.966 0.6000000238
38895  42.108  -59.935  -27.936 0.6999999881
38896  41.108  -59.970  -27.658 0.6999999881
151825  45.162  -59.234  -27.638 0.6999999881
148892  44.284  -59.128  -27.687 0.6999999881
40048  42.032  -58.487  -26.851 0.6000000238
41136  42.452  -57.821  -26.443 0.6000000238
43461  44.207  -55.079  -24.760 0.6000000238
43480  44.637  -55.794  -25.250 0.5000000000
45899  44.884  -52.817  -25.259 0.6000000238
45884  44.554  -53.562  -24.686 0.6000000238
139522  37.869  -52.799  -26.635 0.4000000060
45901  37.248  -53.224  -26.933 0.5000000000
45907  36.559  -53.359  -27.044 0.4000000060
156669  37.600  -52.719  -27.071 0.4000000060
142478  43.253  -52.552  -27.517 0.6000000238
162885  42.011  -52.527  -27.372 0.5000000000
40046  43.807  -58.410  -27.233 0.6999999881
40047  42.908  -58.438  -27.063 0.6000000238
41139  45.666  -58.598  -27.512 0.6999999881
41134  44.248  -57.752  -26.806 0.6000000238
41135  43.335  -57.770  -26.613 0.6000000238
41138  46.661  -58.983  -27.593 0.6999999881
42325  43.763  -57.105  -26.201 0.5000000000
45882  46.426  -53.192  -24.977 0.6000000238
44676  45.932  -54.961  -24.895 0.6000000238
45883  45.492  -53.408  -24.811 0.6000000238
45898  45.633  -52.782  -25.261 0.5000000000
47058  44.402  -52.514  -26.247 0.6000000238
47074  43.989  -52.537  -27.434 0.6000000238
47091  43.083  -52.390  -28.681 0.5000000000
42322  47.030  -57.356  -26.913 0.6999999881
42323  45.741  -57.160  -26.645 0.6999999881
42308  45.161  -56.475  -25.884 0.6000000238
44675  46.947  -54.835  -24.987 0.5000000000
47055  47.396  -52.708  -25.482 0.6000000238
165230  47.155  -53.357  -25.007 0.6000000238
47071  46.756  -51.998  -26.649 0.6000000238
47082  45.445  -52.164  -28.379 0.6000000238
47090  44.000  -52.294  -28.753 0.5000000000
28777  35.363  -68.192  -28.078 0.5000000000
32077  37.988  -65.682  -29.039 0.5000000000
31018  37.765  -66.456  -27.546 0.5000000000
31017  38.346  -66.102  -28.152 0.5000000000
33150  40.382  -64.048  -29.136 0.6999999881
33139  41.404  -64.068  -28.358 0.6999999881
33146  40.004  -64.640  -28.889 0.5000000000
32070  40.358  -64.973  -28.153 0.5000000000
152551  41.745  -62.381  -28.603 0.6999999881
35424  41.675  -62.938  -28.496 0.6999999881
37735  43.530  -60.969  -28.219 0.6999999881
20480  35.374  -75.648  -29.859 0.3000000119
38847  35.586  -59.486  -22.878 0.6999999881
36562  35.592  -61.579  -24.316 0.6000000238
40007  35.679  -58.623  -22.585 0.6999999881
165003  34.456  -56.626  -22.140 0.6999999881
33152  38.705  -64.437  -29.358 0.6000000238
42294  41.119  -55.876  -24.751 0.6000000238
45870  39.378  -52.957  -23.434 0.6999999881
44647  35.882  -53.616  -23.474 0.6000000238
47035  38.126  -52.418  -23.837 0.6999999881
45873  36.452  -52.984  -23.976 0.6000000238
44665  35.409  -54.530  -25.620 0.5000000000
44682  35.152  -54.281  -26.591 0.5000000000
47076  40.337  -52.262  -26.602 0.5000000000
42326  42.874  -57.162  -26.020 0.5000000000
41133  45.208  -57.787  -27.054 0.6999999881
42309  44.200  -56.470  -25.740 0.5000000000
47072  45.655  -52.241  -27.376 0.6000000238
144616  45.118  -52.425  -28.147 0.6000000238
42324  44.701  -57.101  -26.402 0.6000000238
47056  46.170  -52.406  -25.816 0.6000000238
42307  46.232  -56.474  -26.057 0.5000000000
141412  42.614  -62.397  -27.326 0.6000000238
37698  42.211  -60.229  -25.180 0.6000000238
38859  42.537  -59.535  -24.784 0.4000000060
160898  42.386  -62.083  -26.673 0.5000000000
35418  42.621  -62.461  -27.880 0.6000000238
144011  33.488  -65.462  -28.201 0.5000000000
38860  41.688  -59.690  -24.576 0.4000000060
33138  34.505  -64.795  -27.498 0.5000000000
32067  33.545  -65.508  -26.354 0.5000000000
36574  41.675  -61.797  -26.026 0.5000000000
40000  43.227  -58.122  -24.095 0.4000000060
32073  33.661  -65.383  -27.390 0.5000000000
33119  33.978  -64.920  -24.961 0.5000000000
37718  42.803  -60.834  -25.830 0.6000000238
33127  34.558  -64.417  -25.557 0.5000000000
36580  43.052  -61.934  -26.921 0.5000000000
35422  43.050  -62.053  -27.962 0.6000000238
42282  43.129  -56.918  -23.267 0.4000000060
42261  42.691  -56.392  -22.798 0.4000000060
38858  43.426  -59.425  -25.038 0.4000000060
30971  31.828  -66.349  -24.677 0.5000000000
37717  43.705  -60.755  -26.177 0.5000000000
158636  33.347  -65.346  -24.511 0.5000000000
32030  32.766  -65.351  -23.799 0.5000000000
36579  43.612  -61.601  -27.248 0.6000000238
37730  44.830  -60.620  -27.384 0.6000000238
36588  43.134  -61.634  -28.164 0.6000000238
35392  35.147  -62.341  -24.065 0.5000000000
34260  33.550  -64.065  -23.034 0.5000000000
33110  32.307  -64.760  -23.157 0.4000000060
37715  45.594  -60.540  -26.782 0.5000000000
37716  44.642  -60.650  -26.535 0.5000000000
38886  46.440  -60.408  -26.911 0.6000000238
37722  46.422  -60.339  -27.100 0.6000000238
36584  43.936  -61.122  -27.847 0.6000000238
40052  46.883  -59.930  -27.272 0.6000000238
38898  44.283  -60.525  -27.911 0.6000000238
41113  44.144  -58.020  -24.252 0.4000000060
42281  44.024  -56.828  -23.330 0.4000000060
35377  33.603  -62.494  -22.446 0.5000000000
33095  32.757  -64.091  -22.740 0.5000000000
162685  30.740  -64.798  -23.277 0.4000000060
35382  34.530  -62.320  -23.063 0.6000000238
33111  31.461  -64.791  -23.178 0.4000000060
38879  45.083  -60.139  -26.051 0.6000000238
38877  46.986  -60.092  -26.580 0.6000000238
38875  48.395  -59.321  -26.567 0.6000000238
40045  48.286  -59.070  -27.088 0.6000000238
43433  43.922  -55.629  -22.528 0.4000000060
36547  33.074  -61.696  -22.101 0.5000000000
34251  31.451  -63.245  -22.694 0.4000000060
34262  29.882  -63.406  -23.327 0.4000000060
41111  46.189  -58.057  -24.490 0.6000000238
41112  45.131  -57.997  -24.375 0.4000000060
40018  48.044  -58.948  -25.374 0.6000000238
38857  44.396  -59.396  -25.302 0.6000000238
38878  46.107  -60.196  -26.365 0.5000000000
40016  49.748  -58.621  -25.581 0.6000000238
40017  49.059  -58.875  -25.476 0.5000000000
154299  48.023  -58.090  -27.183 0.6000000238
43434  43.098  -55.702  -22.501 0.4000000060
41091  44.549  -57.395  -23.802 0.4000000060
37686  33.400  -60.778  -21.970 0.6000000238
36549  31.540  -61.654  -22.670 0.5000000000
35385  29.969  -62.170  -23.587 0.5000000000
35386  29.234  -62.644  -23.635 0.5000000000
41089  46.599  -57.446  -23.930 0.4000000060
41090  45.538  -57.380  -23.875 0.4000000060
41088  47.747  -57.578  -24.003 0.5000000000
41109  48.530  -58.376  -24.679 0.5000000000
41108  49.591  -58.379  -24.841 0.5000000000
162702  49.624  -58.678  -26.049 0.6000000238
41130  48.866  -58.252  -26.799 0.6000000238
41131  47.342  -58.471  -27.416 0.6000000238
44630  45.226  -54.921  -22.128 0.4000000060
42259  44.431  -56.207  -22.925 0.4000000060
44631  44.229  -54.929  -22.085 0.4000000060
155794  44.009  -54.320  -21.633 0.4000000060
39994  34.203  -58.542  -21.860 0.6000000238
43431  45.774  -55.556  -22.548 0.4000000060
42258  45.371  -56.163  -22.964 0.4000000060
38841  31.781  -60.339  -22.791 0.6000000238
37694  30.781  -60.703  -24.118 0.5000000000
36554  30.091  -61.146  -24.130 0.4000000060
42279  45.950  -56.772  -23.418 0.4000000060
41110  47.326  -58.211  -24.576 0.5000000000
41107  50.224  -58.041  -25.164 0.5000000000
42303  50.420  -56.519  -25.525 0.6000000238
42321  48.261  -57.297  -26.782 0.6000000238
42305  48.595  -56.480  -26.185 0.6000000238
44617  45.655  -54.315  -21.645 0.4000000060
142245  33.546  -57.963  -22.070 0.6000000238
39995  33.232  -59.003  -22.013 0.6000000238
160231  31.860  -59.751  -22.986 0.5000000000
37706  29.286  -60.289  -24.312 0.5000000000
43430  46.743  -55.573  -22.543 0.4000000060
42278  47.001  -56.834  -23.440 0.4000000060
42277  48.126  -56.948  -23.474 0.5000000000
42275  50.247  -56.813  -24.049 0.5000000000
43475  50.204  -55.989  -25.743 0.5000000000
44618  44.743  -54.304  -21.645 0.4000000060
39996  32.668  -58.210  -22.694 0.6000000238
38848  31.722  -59.274  -24.146 0.5000000000
38867  30.565  -59.653  -24.858 0.5000000000
42276  49.280  -56.996  -23.625 0.5000000000
42274  50.657  -56.288  -24.710 0.4000000060
44671  51.025  -54.979  -25.461 0.4000000060
141513  49.585  -56.543  -26.047 0.4000000060
43476  49.052  -55.709  -25.791 0.6000000238
43478  46.627  -55.689  -25.428 0.4000000060
45834  45.658  -53.200  -20.661 0.4000000060
44616  46.587  -54.325  -21.623 0.4000000060
42266  33.988  -56.181  -22.552 0.6000000238
44615  47.524  -54.301  -21.631 0.4000000060
43440  33.619  -55.910  -23.691 0.5000000000
41100  32.540  -57.777  -23.835 0.5000000000
38865  31.435  -58.922  -25.252 0.5000000000
146809  30.431  -59.138  -25.012 0.4000000060
41118  32.370  -58.255  -25.096 0.4000000060
44642  50.511  -55.016  -23.599 0.5000000000
44641  51.093  -54.570  -24.463 0.5000000000
154554  51.437  -54.199  -25.114 0.6000000238
44672  50.702  -55.100  -25.657 0.4000000060
145482  50.436  -54.317  -25.764 0.4000000060
44674  48.180  -54.669  -25.263 0.4000000060
45894  51.371  -53.545  -25.809 0.5000000000
43469  33.834  -56.175  -25.325 0.5000000000
42299  32.826  -57.567  -25.101 0.6000000238
41117  33.362  -56.959  -26.068 0.4000000060
47053  50.257  -52.664  -26.154 0.5000000000
45897  47.866  -53.631  -25.086 0.5000000000
49305  51.590  -51.397  -25.782 0.5000000000
45881  51.553  -53.409  -25.404 0.5000000000
47052  51.269  -52.730  -26.165 0.5000000000
45845  47.043  -53.689  -21.167 0.4000000060
47081  46.275  -51.917  -27.934 0.5000000000
47070  48.506  -51.824  -26.565 0.4000000060
47054  48.777  -52.502  -25.919 0.5000000000
48197  51.235  -51.320  -27.064 0.5000000000
145589  51.563  -51.411  -26.495 0.5000000000
43490  33.991  -55.988  -26.620 0.4000000060
164195  47.452  -51.038  -28.213 0.4000000060
148236  47.949  -51.117  -27.825 0.4000000060
47080  47.508  -51.583  -27.295 0.5000000000
156697  47.773  -52.016  -26.245 0.5000000000
48198  50.218  -51.441  -27.195 0.5000000000
48199  48.873  -51.399  -27.185 0.5000000000
47068  50.883  -52.045  -26.656 0.5000000000
49318  50.795  -50.253  -27.870 0.5000000000
49319  49.705  -50.450  -28.013 0.4000000060
36551  35.062  -61.743  -23.542 0.5000000000
37685  34.152  -60.262  -22.100 0.6000000238
34270  34.715  -63.599  -24.410 0.6000000238
38839  34.135  -59.423  -21.893 0.6000000238
33144  34.086  -65.145  -28.234 0.5000000000
43454  34.163  -55.358  -24.343 0.5000000000
42306  47.405  -56.454  -26.183 0.6000000238
43477  47.780  -55.606  -25.579 0.4000000060
33108  33.667  -64.695  -23.894 0.5000000000
35393  34.680  -63.093  -23.782 0.5000000000
35383  34.030  -63.266  -22.973 0.5000000000
34250  32.336  -63.331  -22.458 0.4000000060
33112  30.218  -64.374  -23.284 0.4000000060
40020  45.805  -58.747  -25.030 0.6000000238
36548  32.291  -61.711  -22.224 0.6000000238
35384  31.027  -62.358  -22.929 0.4000000060
42257  46.356  -56.178  -22.970 0.4000000060
161220  33.431  -59.877  -21.888 0.6000000238
161752  32.513  -60.064  -22.160 0.6000000238
37688  31.362  -60.893  -23.208 0.5000000000
35387  28.437  -62.476  -23.789 0.5000000000
159732  28.201  -63.310  -23.662 0.5000000000
36555  29.284  -61.423  -24.037 0.5000000000
38840  32.274  -59.091  -22.769 0.5000000000
38849  31.384  -60.144  -23.909 0.5000000000
43459  50.860  -55.629  -25.197 0.5000000000
37705  30.154  -60.330  -24.534 0.5000000000
43427  49.719  -55.361  -22.956 0.5000000000
41099  32.845  -57.105  -23.777 0.6000000238
160031  49.058  -54.017  -25.409 0.3000000119
48205  49.305  -50.986  -27.682 0.4000000060
15897  42.184  -79.223  -26.646 0.3000000119
16947  41.534  -78.376  -25.416 0.3000000119
16964  42.028  -78.618  -25.934 0.3000000119
20423  41.494  -75.849  -25.580 0.3000000119
18059  42.164  -76.945  -25.547 0.3000000119
20436  42.215  -75.370  -26.037 0.3000000119
20438  40.634  -75.481  -26.351 0.3000000119
20437  41.342  -75.228  -26.113 0.3000000119
159325  44.708  -73.624  -29.172 0.3000000119
21661  42.729  -74.599  -26.626 0.3000000119
21677  41.783  -74.036  -27.430 0.3000000119
21663  41.154  -74.795  -26.850 0.3000000119
21674  43.855  -73.924  -27.682 0.3000000119
24167  44.303  -72.198  -29.903 0.3000000119
24155  43.438  -72.787  -28.644 0.3000000119
22919  42.717  -72.995  -28.334 0.4000000060
22920  42.138  -73.427  -28.149 0.4000000060
21711  41.656  -73.935  -29.855 0.4000000060
20475  41.382  -74.944  -30.368 0.3000000119
25374  43.942  -70.379  -31.455 0.3000000119
25362  43.355  -71.097  -31.470 0.4000000060
22947  42.617  -72.415  -30.268 0.4000000060
22936  42.210  -73.052  -29.199 0.4000000060
26533  44.686  -69.806  -31.265 0.3000000119
164622  41.933  -73.205  -30.969 0.4000000060
28800  44.431  -68.379  -30.193 0.4000000060
27700  43.801  -69.590  -31.501 0.4000000060
21727  41.532  -74.350  -31.242 0.4000000060
21739  41.319  -74.852  -32.106 0.3000000119
27701  43.038  -69.643  -31.638 0.4000000060
147072  42.701  -70.863  -31.858 0.3000000119
25363  42.415  -71.439  -31.718 0.4000000060
165794  43.307  -68.942  -30.910 0.4000000060
159967  41.133  -71.812  -31.938 0.5000000000
24185  41.699  -72.067  -31.900 0.4000000060
140737  34.229  -72.009  -28.945 0.5000000000
159398  43.774  -68.670  -29.769 0.4000000060
22954  41.337  -73.865  -31.911 0.4000000060
20479  36.125  -75.855  -29.508 0.3000000119
21697  35.485  -74.662  -28.387 0.4000000060
20504  40.018  -75.313  -32.161 0.3000000119
162444  32.846  -66.701  -29.512 0.4000000060
31034  32.162  -66.883  -29.199 0.4000000060
29935  36.427  -66.894  -29.497 0.4000000060
29936  35.966  -67.524  -28.896 0.4000000060
27674  35.300  -69.037  -29.369 0.4000000060
27693  42.813  -69.286  -31.108 0.4000000060
26546  42.651  -70.385  -31.803 0.3000000119
26547  41.919  -70.653  -31.764 0.5000000000
28790  34.939  -68.908  -28.296 0.4000000060
26519  34.516  -70.435  -28.820 0.4000000060
27673  43.028  -69.317  -29.263 0.4000000060
155420  35.032  -74.707  -28.811 0.4000000060
22963  40.913  -72.864  -32.024 0.4000000060
22907  34.449  -73.262  -27.986 0.5000000000
22955  40.863  -73.406  -32.112 0.5000000000
21696  36.107  -74.794  -28.303 0.4000000060
21714  36.491  -75.307  -28.875 0.4000000060
140285  40.089  -73.883  -31.695 0.3000000119
20478  36.968  -75.800  -29.500 0.4000000060
32074  32.912  -65.750  -27.790 0.4000000060
32081  38.364  -65.048  -29.351 0.4000000060
26523  42.469  -69.468  -30.323 0.4000000060
26534  41.769  -70.243  -31.296 0.4000000060
27675  34.645  -69.698  -28.477 0.4000000060
148375  34.155  -71.349  -28.289 0.5000000000
142571  41.793  -70.033  -30.447 0.4000000060
26548  41.346  -70.905  -31.544 0.4000000060
25341  34.150  -71.539  -27.372 0.5000000000
26517  41.820  -70.355  -28.408 0.4000000060
26524  41.293  -70.579  -29.511 0.4000000060
26535  41.226  -70.640  -30.780 0.4000000060
25365  40.300  -71.870  -30.293 0.5000000000
153317  39.969  -72.550  -30.639 0.5000000000
27666  34.459  -69.613  -27.493 0.4000000060
24131  34.412  -72.082  -26.825 0.5000000000
26510  41.605  -70.599  -27.445 0.4000000060
22948  39.799  -73.350  -31.044 0.5000000000
22906  35.144  -73.641  -27.495 0.4000000060
21728  39.514  -74.255  -31.109 0.4000000060
21712  38.242  -74.497  -29.596 0.4000000060
21713  37.373  -75.018  -29.108 0.4000000060
22923  36.500  -74.152  -27.879 0.4000000060
28778  34.785  -68.827  -27.276 0.4000000060
31019  37.185  -66.763  -26.974 0.3000000119
25357  40.541  -71.319  -29.036 0.4000000060
25358  40.045  -71.917  -29.316 0.4000000060
166052  34.241  -70.263  -26.808 0.4000000060
33114  28.534  -64.194  -23.499 0.4000000060
26501  41.440  -70.706  -26.527 0.4000000060
26511  40.882  -71.017  -27.240 0.4000000060
24170  39.668  -72.457  -29.676 0.5000000000
24171  38.989  -72.945  -29.094 0.5000000000
26503  34.370  -70.368  -26.022 0.5000000000
24130  35.028  -72.544  -26.368 0.4000000060
26502  40.736  -71.078  -26.298 0.4000000060
156606  38.596  -73.658  -29.371 0.4000000060
22886  35.525  -73.179  -26.823 0.4000000060
22922  37.361  -73.793  -28.182 0.4000000060
24144  36.535  -73.185  -26.809 0.4000000060
32071  39.768  -65.359  -27.458 0.4000000060
28770  35.316  -68.172  -27.043 0.3000000119
25351  40.378  -71.370  -27.931 0.4000000060
155605  39.802  -71.755  -27.658 0.4000000060
28771  34.879  -68.834  -26.213 0.3000000119
25325  40.125  -71.371  -26.098 0.4000000060
160926  39.029  -71.698  -25.874 0.4000000060
24141  39.189  -72.193  -27.862 0.4000000060
24142  38.330  -72.558  -27.517 0.5000000000
26488  40.059  -71.005  -24.784 0.4000000060
25295  39.205  -71.236  -24.607 0.4000000060
24127  38.070  -72.380  -26.585 0.4000000060
24128  37.031  -72.698  -26.291 0.4000000060
24115  35.461  -72.186  -25.640 0.4000000060
33140  41.019  -64.532  -27.851 0.4000000060
25340  38.763  -72.172  -27.142 0.4000000060
15935  38.821  -79.495  -30.015 0.3000000119
22946  45.080  -72.645  -29.957 0.3000000119
160679  44.990  -70.691  -30.930 0.3000000119
28810  45.034  -68.408  -30.490 0.4000000060
28788  43.868  -68.872  -28.646 0.4000000060
26516  42.569  -69.890  -28.341 0.4000000060
27658  43.287  -69.596  -26.899 0.4000000060
26485  41.938  -70.399  -25.990 0.4000000060
29907  36.666  -67.251  -26.237 0.3000000119
26487  40.722  -70.722  -24.948 0.4000000060
32066  39.072  -65.675  -26.697 0.4000000060
29897  35.926  -67.850  -25.796 0.4000000060
27651  34.920  -69.154  -25.342 0.4000000060
26457  39.188  -70.469  -23.463 0.4000000060
147343  38.750  -71.606  -25.192 0.4000000060
139666  37.890  -71.817  -25.033 0.4000000060
25311  36.947  -71.989  -24.893 0.4000000060
25313  35.109  -71.494  -25.185 0.3000000119
25314  34.573  -71.028  -25.579 0.4000000060
26473  38.786  -71.006  -23.893 0.4000000060
22939  34.385  -73.490  -28.877 0.4000000060
33141  40.378  -64.798  -27.202 0.4000000060
16926  40.889  -78.156  -24.868 0.3000000119
19258  42.757  -76.363  -26.132 0.3000000119
20424  40.831  -75.796  -25.668 0.3000000119
16998  38.053  -78.773  -28.543 0.3000000119
16997  38.627  -78.868  -29.171 0.3000000119
21676  42.393  -74.073  -27.025 0.3000000119
24154  44.348  -72.791  -29.274 0.3000000119
21675  43.091  -73.930  -27.192 0.4000000060
21693  41.600  -73.867  -28.510 0.4000000060
153110  43.179  -72.158  -29.991 0.3000000119
154943  44.327  -71.137  -30.929 0.3000000119
27691  45.208  -69.373  -31.031 0.3000000119
28787  44.548  -68.307  -29.299 0.4000000060
25364  40.820  -71.377  -31.202 0.4000000060
22956  40.533  -73.314  -31.863 0.5000000000
21729  38.768  -74.801  -30.437 0.3000000119
24181  40.430  -72.628  -31.522 0.5000000000
27659  42.647  -70.028  -26.940 0.4000000060
24158  37.837  -73.097  -27.880 0.4000000060
24114  36.461  -72.348  -25.567 0.4000000060
35405  39.808  -62.870  -25.449 0.4000000060
34277  40.322  -63.434  -26.161 0.4000000060
36558  40.337  -61.373  -24.975 0.4000000060
37699  41.371  -60.398  -24.943 0.3000000119
36575  40.804  -61.900  -25.547 0.5000000000
35414  41.030  -63.077  -26.593 0.4000000060
35413  41.845  -62.647  -26.831 0.4000000060
34218  38.977  -63.508  -20.431 0.3000000119
33066  38.557  -64.262  -20.698 0.3000000119
39992  38.952  -58.998  -22.126 0.3000000119
40004  40.048  -59.032  -23.133 0.3000000119
41095  41.107  -57.988  -23.202 0.3000000119
41093  42.737  -57.596  -23.591 0.3000000119
35352  37.764  -62.681  -20.574 0.3000000119
37676  37.708  -60.734  -21.410 0.3000000119
39986  39.158  -58.204  -21.950 0.3000000119
35350  39.464  -62.727  -20.214 0.3000000119
35341  38.088  -61.877  -19.988 0.3000000119
41076  40.675  -57.516  -22.666 0.3000000119
42262  41.856  -56.551  -22.644 0.3000000119
37667  37.606  -60.598  -20.655 0.3000000119
42252  39.626  -56.469  -21.630 0.3000000119
41077  39.893  -57.818  -22.357 0.3000000119
39977  37.598  -58.782  -20.350 0.3000000119
39976  37.924  -58.273  -20.870 0.3000000119
44623  39.897  -54.756  -21.020 0.3000000119
42242  38.258  -56.411  -20.619 0.3000000119
43417  39.215  -55.085  -20.861 0.3000000119
37657  37.697  -60.347  -19.806 0.3000000119
42251  40.524  -56.191  -21.937 0.3000000119
44621  41.343  -54.685  -21.465 0.3000000119
146823  42.887  -54.449  -21.633 0.3000000119
43419  37.824  -55.900  -20.040 0.3000000119
43425  39.945  -55.504  -21.407 0.3000000119
45851  41.676  -53.934  -21.071 0.3000000119
44612  38.651  -54.686  -20.282 0.3000000119
44611  39.522  -54.255  -20.505 0.3000000119
44610  40.323  -54.252  -20.852 0.3000000119
45818  40.604  -53.206  -20.054 0.3000000119
45848  44.215  -53.667  -21.181 0.3000000119
45850  42.631  -53.934  -21.255 0.3000000119
45835  43.285  -53.454  -20.884 0.3000000119
47006  45.165  -52.643  -20.115 0.3000000119
45833  46.610  -53.174  -20.641 0.3000000119
46986  45.909  -52.179  -19.586 0.3000000119
46985  46.850  -52.158  -19.533 0.3000000119
47004  47.227  -52.574  -20.116 0.3000000119
37700  40.593  -60.644  -24.671 0.3000000119
35389  40.060  -62.080  -25.225 0.4000000060
41094  41.894  -57.758  -23.441 0.3000000119
43423  41.813  -55.260  -21.906 0.3000000119
34266  39.091  -63.182  -25.033 0.5000000000
36527  37.667  -61.251  -20.200 0.3000000119
41071  39.377  -57.358  -21.789 0.3000000119
38836  39.376  -59.380  -22.724 0.3000000119
40003  40.772  -58.723  -23.468 0.3000000119
38843  41.212  -59.185  -24.032 0.3000000119
41072  38.583  -57.781  -21.371 0.3000000119
38825  37.610  -59.699  -20.469 0.3000000119
42250  41.405  -55.996  -22.192 0.3000000119
42253  38.791  -56.876  -21.239 0.3000000119
45819  39.169  -53.309  -19.307 0.3000000119
46990  39.990  -52.943  -19.380 0.3000000119
44609  40.940  -54.258  -21.099 0.3000000119
44598  38.090  -54.462  -19.555 0.3000000119
45837  41.496  -53.272  -20.420 0.3000000119
27634  34.911  -69.825  -24.803 0.3000000119
26461  35.408  -70.371  -24.172 0.4000000060
27601  36.360  -68.928  -22.698 0.4000000060
27615  35.909  -69.143  -23.268 0.4000000060
29896  36.400  -67.499  -25.167 0.3000000119
30951  36.424  -66.673  -22.780 0.4000000060
29868  36.425  -67.473  -22.544 0.3000000119
29890  36.086  -67.718  -24.228 0.4000000060
29879  36.255  -67.360  -23.433 0.4000000060
32029  36.560  -65.872  -23.139 0.3000000119
30969  37.202  -66.306  -24.949 0.3000000119
30970  36.577  -66.916  -24.421 0.4000000060
163799  36.786  -65.650  -23.762 0.4000000060
33125  38.659  -64.737  -25.538 0.3000000119
33126  37.939  -65.051  -25.067 0.4000000060
34267  38.401  -63.521  -24.641 0.4000000060
30986  37.009  -66.872  -25.465 0.3000000119
33136  39.103  -65.141  -26.111 0.3000000119
33135  39.683  -65.037  -26.601 0.3000000119
30984  38.286  -66.061  -26.249 0.3000000119
32043  37.223  -65.519  -24.416 0.4000000060
28752  35.731  -68.507  -23.926 0.4000000060
28809  45.892  -68.539  -30.500 0.3000000119
25298  36.491  -71.493  -24.270 0.3000000119
27671  48.314  -69.066  -28.822 0.3000000119
27672  47.600  -69.400  -29.562 0.3000000119
28798  46.696  -68.104  -30.158 0.3000000119
150112  45.056  -68.051  -29.878 0.3000000119
154504  35.889  -70.034  -23.441 0.3000000119
25297  37.436  -71.556  -24.271 0.3000000119
31025  48.492  -67.016  -28.187 0.3000000119
29942  47.235  -67.628  -29.739 0.3000000119
162274  48.025  -67.182  -28.852 0.3000000119
150392  45.542  -67.717  -28.980 0.3000000119
28776  44.656  -68.446  -28.155 0.3000000119
142111  36.652  -70.431  -23.194 0.3000000119
30999  50.049  -66.769  -26.390 0.3000000119
31015  48.545  -66.658  -27.518 0.3000000119
31000  49.297  -66.456  -26.665 0.3000000119
29934  46.559  -67.231  -28.875 0.3000000119
29920  47.916  -66.843  -28.374 0.3000000119
28767  45.339  -67.988  -27.580 0.3000000119
31001  48.459  -66.283  -26.595 0.3000000119
31016  47.742  -66.605  -27.522 0.3000000119
29922  46.169  -67.322  -28.007 0.3000000119
29904  46.767  -67.025  -27.229 0.3000000119
149791  43.979  -69.065  -27.518 0.3000000119
27649  42.639  -69.942  -26.078 0.3000000119
26470  41.235  -70.302  -24.693 0.3000000119
150353  49.589  -65.880  -25.379 0.3000000119
28768  44.629  -68.583  -27.027 0.3000000119
29906  45.179  -68.094  -26.490 0.3000000119
27648  43.411  -69.337  -25.836 0.3000000119
26459  37.523  -70.608  -23.195 0.3000000119
30982  47.837  -66.203  -25.696 0.3000000119
32055  49.100  -65.480  -24.865 0.3000000119
30983  46.837  -66.667  -25.548 0.3000000119
29893  46.397  -67.228  -26.208 0.3000000119
28762  43.960  -68.833  -25.671 0.3000000119
27631  42.300  -69.483  -24.562 0.3000000119
26456  40.021  -70.215  -23.650 0.3000000119
26442  38.029  -70.155  -22.773 0.3000000119
27600  36.931  -69.232  -22.361 0.3000000119
25299  35.594  -71.179  -24.470 0.3000000119
30967  46.415  -66.415  -24.725 0.3000000119
29895  45.004  -67.859  -25.463 0.3000000119
28751  42.768  -68.912  -24.334 0.3000000119
27633  41.023  -69.966  -24.001 0.3000000119
29943  46.549  -67.535  -29.575 0.3000000119
28785  48.421  -68.056  -29.012 0.3000000119
147671  47.447  -68.049  -29.934 0.3000000119
16946  42.118  -77.875  -25.672 0.3000000119
16963  42.506  -78.331  -26.394 0.3000000119
17011  39.199  -78.839  -29.679 0.3000000119
18060  41.450  -77.421  -25.103 0.3000000119
18074  42.699  -77.434  -26.187 0.3000000119
19237  42.076  -76.189  -25.628 0.3000000119
19238  41.524  -76.550  -25.274 0.3000000119
19239  40.933  -76.263  -25.172 0.3000000119
19309  35.852  -76.293  -30.301 0.3000000119
19323  35.760  -76.494  -31.249 0.3000000119
20464  35.613  -75.264  -28.914 0.4000000060
20490  39.382  -75.119  -31.340 0.3000000119
20506  35.424  -75.757  -31.896 0.4000000060
21662  41.897  -74.573  -26.588 0.3000000119
21678  35.686  -74.262  -27.856 0.4000000060
21695  36.913  -74.591  -28.467 0.4000000060
21698  34.870  -74.122  -28.291 0.5000000000
21715  34.893  -74.954  -29.567 0.5000000000
21730  34.938  -75.134  -30.535 0.3000000119
21741  40.063  -74.565  -31.926 0.3000000119
21746  41.010  -74.492  -32.334 0.3000000119
21747  40.846  -74.244  -32.262 0.5000000000
22901  44.042  -73.289  -28.393 0.3000000119
22902  43.295  -73.323  -27.865 0.4000000060
22903  42.557  -73.565  -27.604 0.4000000060
22904  36.989  -73.509  -27.480 0.4000000060
22905  36.055  -73.739  -27.297 0.4000000060
22921  38.214  -73.385  -28.590 0.4000000060
22937  39.347  -73.141  -29.986 0.5000000000
22938  37.774  -74.156  -28.854 0.4000000060
22949  39.039  -73.931  -30.235 0.4000000060
22953  42.206  -72.241  -31.479 0.4000000060
22962  40.928  -73.455  -32.081 0.4000000060
22964  35.569  -73.401  -32.661 0.5000000000
24113  37.478  -72.242  -25.690 0.4000000060
24116  34.724  -71.791  -25.966 0.4000000060
24129  35.972  -72.763  -26.184 0.4000000060
24143  37.496  -72.921  -27.088 0.4000000060
24145  34.677  -72.882  -27.171 0.4000000060
24156  39.410  -72.356  -28.780 0.5000000000
24157  38.651  -72.721  -28.306 0.5000000000
24159  34.237  -72.790  -28.606 0.4000000060
24168  43.614  -72.319  -29.491 0.3000000119
24169  42.902  -72.513  -29.188 0.4000000060
24172  34.472  -72.713  -29.667 0.5000000000
24178  43.794  -71.751  -30.426 0.3000000119
24179  42.944  -71.788  -30.972 0.4000000060
24180  40.838  -71.992  -31.850 0.4000000060
24182  36.052  -72.309  -31.981 0.5000000000
24186  41.093  -72.544  -32.026 0.5000000000
24187  40.865  -72.716  -32.033 0.4000000060
24194  41.302  -71.898  -31.972 0.5000000000
24195  41.017  -72.306  -32.042 0.4000000060
25280  37.921  -71.118  -23.741 0.3000000119
25281  37.008  -71.111  -23.643 0.3000000119
25296  38.339  -71.423  -24.417 0.4000000060
25308  40.447  -71.068  -25.509 0.4000000060
25309  39.621  -71.406  -25.471 0.4000000060
25310  38.361  -71.960  -25.823 0.4000000060
25312  35.959  -71.853  -24.942 0.4000000060
25326  39.532  -71.627  -26.336 0.4000000060
25327  38.851  -71.923  -26.496 0.4000000060
25328  34.269  -71.145  -26.535 0.4000000060
25338  40.133  -71.467  -26.946 0.4000000060
25339  39.373  -71.844  -27.095 0.4000000060
25352  39.913  -71.844  -28.427 0.4000000060
25375  43.172  -70.520  -31.800 0.3000000119
25376  41.982  -71.211  -31.930 0.5000000000
25377  41.446  -71.358  -31.817 0.5000000000
25378  41.080  -71.428  -31.690 0.5000000000
26441  38.751  -70.178  -22.981 0.3000000119
26443  37.197  -69.999  -22.693 0.3000000119
26444  36.437  -69.671  -22.861 0.4000000060
26458  38.371  -70.620  -23.328 0.3000000119
26460  36.121  -70.848  -23.773 0.3000000119
26471  40.486  -70.458  -24.273 0.4000000060
26472  39.625  -70.770  -24.089 0.4000000060
26486  41.248  -70.646  -25.568 0.4000000060
26489  34.918  -70.745  -24.852 0.3000000119
26490  34.614  -70.361  -25.336 0.4000000060
26500  42.119  -70.351  -26.733 0.4000000060
26509  42.285  -70.223  -27.547 0.4000000060
26512  34.191  -70.579  -27.651 0.4000000060
26518  41.057  -70.851  -28.268 0.4000000060
26525  35.901  -69.969  -30.958 0.4000000060
26532  45.544  -70.045  -30.930 0.3000000119
26545  43.289  -70.050  -31.784 0.4000000060
26549  36.182  -70.241  -32.500 0.5000000000
27599  37.764  -69.492  -22.306 0.3000000119
27613  40.558  -69.617  -23.406 0.3000000119
27616  35.442  -69.467  -24.007 0.4000000060
27630  42.821  -69.478  -25.124 0.3000000119
27650  42.016  -70.042  -25.179 0.3000000119
27652  34.600  -69.680  -25.664 0.4000000060
27660  34.467  -69.573  -26.550 0.4000000060
27665  42.820  -69.865  -27.529 0.4000000060
27680  42.182  -69.699  -31.034 0.4000000060
27681  35.703  -69.300  -30.506 0.5000000000
27682  35.022  -69.730  -29.376 0.6000000238
27692  43.830  -68.676  -30.686 0.4000000060
27702  42.367  -69.922  -31.551 0.3000000119
27703  35.825  -69.512  -32.254 0.4000000060
28719  36.695  -68.303  -22.240 0.3000000119
28749  44.257  -68.326  -25.182 0.3000000119
28753  35.260  -68.931  -24.698 0.3000000119
28761  44.525  -68.509  -26.028 0.3000000119
28763  35.329  -68.509  -25.514 0.4000000060
28769  43.985  -69.032  -26.480 0.3000000119
28786  47.876  -67.631  -29.407 0.3000000119
28789  35.608  -68.266  -29.219 0.4000000060
28797  47.850  -68.437  -29.594 0.3000000119
28799  45.780  -67.930  -30.024 0.3000000119
28808  46.496  -68.858  -30.409 0.3000000119
29891  35.764  -68.160  -24.877 0.3000000119
29905  45.908  -67.609  -26.894 0.3000000119
29908  35.931  -67.643  -26.729 0.3000000119
29919  48.993  -67.316  -27.874 0.3000000119
29921  47.108  -66.877  -28.301 0.3000000119
29923  36.466  -67.016  -28.396 0.4000000060
29924  35.876  -67.562  -27.742 0.5000000000
29932  48.413  -67.455  -28.688 0.3000000119
29933  47.368  -67.191  -29.124 0.3000000119
29945  35.990  -67.544  -30.175 0.5000000000
29946  32.640  -67.253  -29.731 0.4000000060
29950  35.940  -66.468  -30.568 0.4000000060
29952  35.281  -67.488  -31.067 0.4000000060
30960  36.486  -66.596  -23.537 0.4000000060
30981  48.791  -65.886  -25.633 0.3000000119
30985  37.607  -66.397  -25.817 0.3000000119
31002  47.337  -66.657  -26.475 0.3000000119
31003  38.503  -66.225  -27.137 0.4000000060
31004  37.816  -66.468  -26.627 0.4000000060
31005  37.296  -66.760  -26.213 0.3000000119
31014  49.216  -66.848  -27.338 0.3000000119
31020  32.368  -66.194  -28.221 0.4000000060
31026  37.589  -66.301  -28.537 0.5000000000
31027  36.942  -66.523  -28.966 0.4000000060
31031  37.306  -65.995  -29.462 0.4000000060
31033  32.699  -66.299  -29.024 0.4000000060
31035  36.302  -66.193  -30.311 0.4000000060
32031  31.860  -65.463  -23.567 0.4000000060
32035  28.047  -64.980  -23.665 0.4000000060
32044  36.758  -66.141  -24.034 0.4000000060
32056  48.293  -65.636  -24.944 0.3000000119
32058  38.517  -65.462  -25.860 0.3000000119
32059  37.811  -65.831  -25.421 0.3000000119
32072  39.096  -65.809  -27.760 0.5000000000
32075  39.599  -65.287  -28.432 0.5000000000
32076  38.784  -65.489  -28.720 0.5000000000
32079  33.093  -65.777  -28.610 0.5000000000
32080  39.188  -64.847  -29.114 0.6999999881
32082  37.526  -65.280  -29.577 0.6000000238
32083  36.630  -65.577  -30.018 0.4000000060
32085  34.388  -65.541  -29.659 0.4000000060
32088  35.590  -66.017  -30.528 0.4000000060
32089  34.853  -66.056  -30.427 0.4000000060
33096  31.889  -64.084  -22.756 0.4000000060
33107  36.838  -65.136  -23.493 0.4000000060
33109  33.033  -64.631  -23.236 0.5000000000
33117  38.161  -64.250  -24.842 0.5000000000
33118  34.401  -64.242  -24.599 0.6000000238
33124  39.348  -64.506  -25.939 0.3000000119
33128  34.102  -65.045  -25.921 0.5000000000
33134  40.960  -64.063  -26.970 0.4000000060
33137  35.206  -64.202  -27.065 0.5000000000
33143  34.640  -64.779  -28.363 0.6000000238
33145  40.774  -64.394  -28.656 0.5000000000
33147  36.624  -64.252  -29.119 0.5000000000
33153  37.911  -64.651  -29.531 0.4000000060
33154  37.046  -64.771  -29.655 0.4000000060
33155  35.177  -64.991  -29.598 0.5000000000
34217  40.035  -63.441  -20.507 0.3000000119
34219  38.113  -63.523  -20.597 0.3000000119
34249  33.191  -63.350  -22.526 0.5000000000
34259  34.240  -63.888  -23.690 0.5000000000
34261  30.618  -63.037  -23.096 0.4000000060
34263  28.936  -63.367  -23.532 0.5000000000
34264  27.686  -63.908  -23.702 0.5000000000
34268  37.826  -63.821  -24.240 0.4000000060
34269  35.188  -62.981  -24.785 0.6999999881
34278  39.590  -63.709  -25.710 0.4000000060
34279  38.854  -63.960  -25.317 0.4000000060
34287  41.588  -63.451  -27.355 0.6000000238
34288  40.075  -64.291  -26.408 0.3000000119
34292  41.999  -62.999  -28.060 0.6999999881
34293  41.797  -63.603  -28.011 0.4000000060
34294  41.469  -64.040  -27.728 0.4000000060
34295  36.510  -63.531  -27.905 0.6000000238
34297  41.552  -63.519  -28.473 0.6999999881
34298  41.113  -63.869  -28.901 0.6999999881
34299  38.062  -63.653  -29.105 0.5000000000
34300  37.054  -63.407  -28.282 0.6000000238
34302  41.276  -63.370  -28.830 0.6999999881
34303  40.692  -63.417  -29.102 0.6999999881
34304  39.884  -63.633  -29.269 0.6999999881
34305  38.942  -63.760  -29.264 0.4000000060
35351  38.482  -62.732  -20.267 0.3000000119
35378  32.721  -62.532  -22.244 0.5000000000
35379  31.886  -62.487  -22.402 0.4000000060
35390  39.312  -62.296  -24.708 0.4000000060
35403  41.156  -62.394  -26.155 0.5000000000
35404  40.514  -62.614  -25.839 0.5000000000
35407  35.975  -62.365  -25.632 0.5000000000
35412  43.144  -62.014  -27.592 0.6000000238
35415  37.207  -62.283  -27.122 0.6000000238
35417  36.151  -62.856  -26.353 0.6999999881
35419  42.099  -62.946  -27.697 0.6000000238
35423  42.425  -62.350  -28.251 0.6999999881
35425  40.634  -62.732  -28.956 0.6999999881
35426  39.992  -62.547  -28.868 0.6000000238
35427  38.639  -63.096  -28.827 0.5000000000
35428  37.742  -63.090  -28.438 0.6000000238
35429  41.217  -62.888  -28.848 0.6999999881
36546  33.970  -61.635  -22.356 0.5000000000
36552  34.685  -61.410  -22.858 0.6000000238
36553  30.770  -61.494  -23.477 0.5000000000
36557  41.087  -61.143  -25.299 0.4000000060
36561  36.216  -61.134  -24.885 0.6000000238
36563  29.518  -60.801  -24.264 0.5000000000
36572  43.361  -61.369  -26.556 0.5000000000
36573  42.542  -61.501  -26.253 0.5000000000
36576  37.222  -61.163  -26.139 0.6000000238
36578  44.135  -61.129  -27.393 0.6000000238
36582  37.700  -61.629  -26.979 0.8000000119
36585  43.497  -61.603  -27.747 0.6000000238
36586  39.490  -61.556  -28.063 0.6000000238
36587  38.563  -61.797  -27.744 0.6000000238
36589  42.325  -61.805  -28.515 0.6999999881
36592  39.915  -61.956  -28.533 0.6999999881
36593  41.106  -62.341  -28.778 0.6999999881
37687  32.001  -60.922  -22.391 0.5000000000
37692  35.278  -61.079  -23.427 0.6999999881
37704  30.822  -60.095  -24.567 0.5000000000
37719  41.920  -60.952  -25.581 0.6000000238
37723  45.745  -60.510  -27.060 0.6000000238
37724  44.854  -60.818  -27.026 0.6000000238
37725  44.136  -61.152  -26.899 0.5000000000
37729  45.698  -60.331  -27.304 0.6000000238
37731  41.512  -60.601  -28.224 0.6999999881
37736  42.748  -61.189  -28.426 0.6999999881
37737  41.923  -61.218  -28.554 0.6999999881
37738  41.076  -61.249  -28.495 0.6999999881
38833  38.281  -59.443  -21.674 0.3000000119
38834  37.754  -59.965  -21.197 0.3000000119
38838  34.945  -59.022  -22.133 0.6999999881
38844  40.464  -59.475  -23.729 0.3000000119
38862  37.452  -59.184  -24.708 0.6000000238
38863  36.730  -59.533  -24.270 0.6999999881
38864  36.079  -59.919  -23.737 0.6000000238
38866  31.133  -59.570  -24.773 0.5000000000
38876  47.692  -59.778  -26.611 0.6000000238
38880  44.059  -60.117  -25.727 0.5000000000
38881  43.095  -60.126  -25.445 0.6000000238
38882  38.545  -59.289  -25.753 0.6000000238
38885  47.055  -60.162  -26.925 0.6000000238
38889  38.252  -60.026  -26.115 0.6999999881
38890  47.687  -59.760  -26.972 0.6000000238
38891  46.183  -60.113  -27.368 0.6000000238
38892  45.036  -60.278  -27.564 0.6000000238
38893  43.936  -59.807  -28.008 0.6999999881
38899  43.592  -60.331  -28.175 0.6999999881
38901  42.251  -60.678  -28.355 0.6999999881
39987  38.427  -58.646  -21.507 0.3000000119
39988  37.812  -59.141  -21.026 0.3000000119
39990  40.357  -58.273  -22.895 0.3000000119
39991  39.639  -58.612  -22.541 0.3000000119
40001  42.371  -58.285  -23.911 0.3000000119
40002  41.555  -58.484  -23.714 0.3000000119
40019  46.925  -58.899  -25.193 0.6000000238
40021  44.750  -58.677  -24.850 0.6000000238
40022  43.773  -58.713  -24.646 0.4000000060
40023  42.867  -58.814  -24.450 0.4000000060
40032  49.153  -58.979  -26.080 0.6000000238
40033  48.430  -59.373  -26.091 0.6000000238
40034  47.567  -59.668  -25.977 0.5000000000
40035  46.526  -59.628  -25.772 0.6000000238
40036  45.441  -59.472  -25.551 0.6000000238
40039  38.133  -58.877  -25.132 0.6000000238
40043  49.610  -58.276  -26.296 0.6000000238
40044  49.058  -58.834  -26.470 0.6000000238
40049  40.673  -58.804  -26.645 0.6999999881
40051  47.472  -59.386  -27.322 0.6000000238
40053  46.060  -59.517  -27.586 0.6999999881
40054  44.736  -59.879  -27.799 0.6999999881
40055  43.407  -59.075  -27.649 0.6999999881
40056  42.492  -59.121  -27.479 0.6000000238
40057  41.476  -59.174  -27.195 0.6000000238
41061  38.070  -57.359  -20.719 0.3000000119
41070  40.177  -57.000  -22.179 0.3000000119
41074  42.277  -57.058  -23.140 0.4000000060
41075  41.469  -57.265  -22.923 0.3000000119
41079  34.886  -57.141  -21.967 0.6999999881
41080  33.860  -57.027  -22.150 0.6000000238
41081  32.994  -57.351  -22.779 0.6000000238
41086  49.978  -57.644  -24.405 0.5000000000
41087  48.955  -57.723  -24.113 0.5000000000
41092  43.619  -57.475  -23.704 0.4000000060
41116  37.657  -57.526  -23.980 0.6999999881
41122  50.091  -58.231  -25.802 0.6000000238
41127  38.894  -57.920  -25.174 0.6000000238
41132  46.262  -57.969  -27.323 0.6999999881
41140  44.716  -58.442  -27.373 0.6999999881
42241  39.000  -55.943  -21.125 0.3000000119
42260  43.543  -56.288  -22.878 0.4000000060
42263  41.023  -56.756  -22.433 0.3000000119
42267  33.259  -56.580  -23.100 0.6000000238
42280  44.959  -56.756  -23.405 0.4000000060
42286  33.228  -56.697  -24.539 0.5000000000
42292  50.599  -56.480  -25.275 0.5000000000
42293  50.482  -57.191  -24.891 0.4000000060
42296  39.396  -56.432  -24.459 0.6000000238
42304  50.116  -56.947  -25.918 0.5000000000
42310  43.299  -56.490  -25.612 0.6000000238
42311  42.426  -56.557  -25.478 0.5000000000
42312  41.556  -56.628  -25.348 0.6000000238
42313  40.703  -56.758  -25.222 0.5000000000
42314  39.892  -56.975  -25.055 0.5000000000
42315  33.578  -56.393  -26.572 0.4000000060
42319  50.047  -57.686  -26.071 0.6000000238
42320  49.377  -57.373  -26.397 0.6000000238
43406  38.076  -55.159  -20.015 0.3000000119
43418  38.470  -55.519  -20.513 0.3000000119
43421  43.480  -55.179  -22.220 0.4000000060
43422  42.735  -55.059  -22.053 0.4000000060
43424  40.936  -55.415  -21.708 0.3000000119
43432  44.819  -55.560  -22.540 0.4000000060
43435  42.268  -55.814  -22.370 0.3000000119
43436  36.860  -54.417  -22.716 0.6999999881
43438  35.150  -55.062  -22.544 0.8000000119
43447  50.896  -55.421  -24.576 0.4000000060
43448  50.389  -55.907  -23.793 0.5000000000
43449  49.528  -56.192  -23.261 0.5000000000
43451  38.241  -55.064  -23.279 0.6999999881
43452  37.492  -55.275  -22.994 0.6999999881
43453  36.683  -55.440  -22.662 0.6999999881
43460  45.030  -55.065  -24.839 0.6000000238
43463  42.409  -55.146  -24.648 0.6000000238
43467  38.848  -55.798  -23.860 0.6999999881
43474  50.629  -55.763  -25.402 0.4000000060
43479  45.583  -55.765  -25.343 0.5000000000
43485  34.013  -56.216  -26.350 0.5000000000
43489  34.141  -55.497  -26.586 0.4000000060
44597  38.853  -53.909  -19.886 0.3000000119
44619  43.458  -54.666  -21.841 0.4000000060
44620  42.182  -54.545  -21.574 0.3000000119
44622  40.552  -54.791  -21.289 0.3000000119
44628  47.126  -54.951  -22.098 0.4000000060
44629  46.174  -54.935  -22.120 0.4000000060
44632  36.717  -53.427  -23.057 0.6999999881
44644  39.191  -53.752  -23.348 0.6000000238
44646  37.410  -53.798  -22.859 0.6999999881
44648  35.214  -54.118  -24.098 0.6000000238
44655  51.241  -54.876  -25.194 0.5000000000
44656  47.106  -53.965  -24.833 0.6000000238
44657  46.194  -54.078  -24.675 0.6000000238
44658  45.292  -54.225  -24.628 0.6000000238
44659  44.599  -54.433  -24.619 0.6000000238
44660  43.939  -54.229  -24.544 0.6000000238
44661  42.652  -54.258  -24.434 0.6000000238
44662  41.365  -53.817  -24.009 0.6000000238
44673  49.721  -55.012  -25.757 0.4000000060
44677  35.357  -54.577  -26.344 0.5000000000
44683  34.657  -55.063  -26.423 0.5000000000
44684  33.687  -55.832  -26.680 0.4000000060
45817  41.372  -52.749  -19.784 0.3000000119
45820  38.406  -53.680  -19.162 0.3000000119
45832  47.606  -53.063  -20.680 0.4000000060
45838  40.188  -53.768  -20.442 0.3000000119
45846  46.098  -53.722  -21.170 0.3000000119
45847  45.186  -53.709  -21.203 0.4000000060
45849  43.414  -54.064  -21.424 0.3000000119
45885  43.638  -53.426  -24.679 0.6000000238
45888  40.685  -53.225  -23.819 0.6999999881
45889  36.416  -53.453  -25.238 0.5000000000
45895  50.928  -53.542  -25.991 0.5000000000
45896  49.699  -53.322  -25.697 0.5000000000
45903  36.078  -54.180  -26.053 0.5000000000
46973  40.362  -52.367  -18.792 0.3000000119
46984  47.813  -51.965  -19.539 0.3000000119
47005  46.202  -52.653  -20.132 0.3000000119
47033  39.914  -52.677  -23.791 0.6999999881
47041  51.711  -52.584  -25.547 0.5000000000
47045  40.592  -52.511  -24.311 0.6999999881
47046  39.701  -52.181  -24.477 0.6999999881
47051  51.612  -52.708  -25.933 0.5000000000
47057  45.249  -52.420  -26.141 0.6000000238
47059  42.539  -52.499  -25.739 0.6999999881
47064  37.511  -53.075  -26.039 0.5000000000
47067  51.527  -52.037  -26.410 0.5000000000
47069  49.619  -51.964  -26.572 0.5000000000
47073  44.814  -52.460  -27.412 0.6000000238
47075  42.631  -52.507  -26.902 0.6000000238
47083  44.394  -52.472  -28.270 0.6000000238
47084  43.571  -52.527  -28.244 0.5000000000
47085  42.623  -52.603  -28.020 0.5000000000
47087  40.809  -52.287  -27.656 0.5000000000
47088  38.156  -52.146  -27.173 0.4000000060
48193  51.777  -52.053  -25.992 0.5000000000
48204  50.581  -50.899  -27.637 0.5000000000
48206  46.808  -51.403  -28.186 0.4000000060
48207  45.905  -51.809  -28.425 0.6000000238
48215  44.530  -52.093  -28.840 0.5000000000
49320  48.260  -50.645  -28.175 0.4000000060
49331  50.087  -49.818  -28.175 0.4000000060
50495  50.777  -49.426  -28.036 0.5000000000
141866  35.758  -68.077  -31.084 0.4000000060
142085  40.861  -53.755  -20.682 0.3000000119
142093  30.917  -59.227  -25.188 0.5000000000
142477  41.299  -52.412  -27.063 0.6000000238
143138  36.530  -67.130  -27.332 0.3000000119
143374  41.431  -72.838  -31.830 0.4000000060
143478  37.411  -64.523  -24.103 0.4000000060
143959  35.456  -68.187  -26.252 0.3000000119
144146  35.585  -62.282  -24.893 0.6999999881
144155  39.691  -53.523  -19.976 0.3000000119
144495  36.143  -68.237  -23.056 0.4000000060
144539  49.903  -66.281  -25.859 0.3000000119
144711  38.096  -52.541  -25.684 0.5000000000
144736  45.657  -67.665  -26.040 0.3000000119
146515  40.738  -71.199  -30.122 0.5000000000
146567  40.728  -52.685  -19.429 0.3000000119
146630  34.638  -71.089  -29.386 0.4000000060
147030  43.289  -69.494  -28.017 0.4000000060
147736  42.124  -69.911  -29.389 0.4000000060
147812  34.622  -64.583  -26.489 0.5000000000
148488  41.646  -79.826  -26.416 0.3000000119
148806  51.283  -54.251  -25.480 0.5000000000
149151  36.118  -64.849  -29.693 0.4000000060
149494  37.521  -61.462  -20.935 0.3000000119
149586  34.169  -72.322  -27.829 0.5000000000
149624  44.845  -53.231  -20.715 0.3000000119
150482  51.097  -54.344  -25.721 0.4000000060
150783  40.470  -72.056  -31.174 0.5000000000
150804  45.559  -59.866  -27.578 0.6000000238
151175  37.051  -66.662  -27.938 0.5000000000
152543  44.455  -68.930  -31.076 0.4000000060
153005  34.241  -60.961  -22.323 0.6000000238
154924  32.200  -58.546  -23.891 0.5000000000
154929  37.641  -61.908  -20.477 0.3000000119
155013  43.495  -69.104  -31.193 0.4000000060
155502  34.320  -57.762  -21.881 0.6000000238
155636  30.898  -63.995  -23.040 0.4000000060
156839  34.111  -65.081  -26.743 0.5000000000
157202  40.664  -59.452  -27.122 0.6999999881
157532  35.002  -64.664  -28.871 0.5000000000
158477  35.040  -74.489  -31.328 0.6000000238
159506  35.493  -68.307  -31.441 0.4000000060
159710  28.639  -60.932  -24.093 0.5000000000
160838  34.496  -73.572  -29.767 0.5000000000
160921  41.914  -54.494  -24.348 0.6000000238
161065  45.298  -68.872  -30.818 0.4000000060
161443  43.169  -68.973  -30.405 0.4000000060
161750  31.984  -58.745  -24.927 0.5000000000
162219  49.264  -66.138  -26.063 0.3000000119
162638  32.610  -61.007  -22.073 0.6000000238
162789  50.401  -57.353  -25.560 0.6000000238
164652  40.400  -71.570  -29.691 0.4000000060
164815  44.907  -71.255  -30.675 0.3000000119
165162  36.965  -52.912  -23.433 0.6000000238
165386  40.552  -70.082  -23.819 0.3000000119
165588  36.043  -67.956  -23.641 0.4000000060
165621  44.433  -68.600  -30.643 0.4000000060
166546  48.504  -53.193  -25.409 0.5000000000
167257  35.585  -62.688  -25.277 0.5000000000
167303  29.068  -62.033  -23.856 0.5000000000
