#!ascii label  , from subject sub-v2s17x50049_ses-1 vox2ras=TkReg
395
57391  -23.914  -14.573  -24.014 0.0000000000
61134  -21.332  -9.903  -22.974 0.0000000000
70985  -23.145  3.428  -24.559 0.0000000000
67210  -24.648  -1.322  -25.349 0.0000000000
110102  -25.740  -6.165  -27.002 0.0000000000
60454  -27.237  -9.875  -25.189 0.0000000000
71708  -22.514  4.958  -24.885 0.0000000000
65545  -25.331  -3.857  -26.804 0.0000000000
64062  -23.898  -5.307  -23.779 0.0000000000
110926  -22.555  -11.911  -23.042 0.0000000000
118900  -24.819  -9.822  -24.966 0.0000000000
58994  -25.028  -12.221  -25.218 0.0000000000
55136  -19.438  -18.226  -21.686 0.0000000000
57378  -20.619  -14.340  -22.246 0.0000000000
75857  -18.977  11.111  -26.515 0.0000000000
75860  -21.541  10.172  -26.687 0.0000000000
73787  -23.285  7.816  -26.734 0.0000000000
72389  -23.911  4.989  -27.740 0.0000000000
104938  -23.330  2.553  -29.047 0.0000000000
106751  -24.164  1.017  -24.973 0.0000000000
68801  -23.925  0.157  -28.951 0.0000000000
67234  -25.361  -1.695  -29.894 0.0000000000
65564  -27.661  -3.208  -29.323 0.0000000000
64105  -30.116  -4.773  -28.224 0.0000000000
62619  -24.200  -7.592  -24.054 0.0000000000
61902  -26.253  -8.031  -26.243 0.0000000000
64747  -22.965  -4.420  -23.517 0.0000000000
64059  -21.586  -5.525  -23.646 0.0000000000
106598  -23.492  -13.128  -23.946 0.0000000000
58983  -23.955  -12.694  -24.552 0.0000000000
99177  -24.164  -13.302  -24.589 0.0000000000
50497  -20.462  -22.977  -20.374 0.0000000000
51241  -20.169  -22.413  -21.097 0.0000000000
106581  -20.685  -21.287  -21.731 0.0000000000
58963  -19.637  -12.862  -22.575 0.0000000000
104613  -18.941  -14.025  -22.383 0.0000000000
74453  -22.858  8.990  -27.131 0.0000000000
71699  -22.927  4.107  -24.657 0.0000000000
72381  -23.701  5.756  -25.943 0.0000000000
71710  -24.179  4.357  -25.792 0.0000000000
71726  -23.882  4.159  -27.886 0.0000000000
103224  -24.355  3.006  -27.102 0.0000000000
67998  -24.496  -0.437  -25.224 0.0000000000
69547  -24.412  0.899  -27.193 0.0000000000
68017  -24.502  -0.781  -27.988 0.0000000000
68038  -24.252  -0.924  -30.055 0.0000000000
67220  -24.793  -1.661  -27.606 0.0000000000
64777  -25.633  -4.722  -27.270 0.0000000000
65556  -25.848  -3.562  -28.926 0.0000000000
64102  -26.655  -4.660  -28.343 0.0000000000
64786  -28.841  -4.176  -28.889 0.0000000000
64096  -27.002  -5.375  -27.734 0.0000000000
61870  -21.013  -8.298  -23.434 0.0000000000
62617  -22.395  -7.539  -23.361 0.0000000000
61872  -23.030  -8.407  -23.361 0.0000000000
61163  -25.924  -9.917  -25.564 0.0000000000
61169  -25.946  -9.103  -25.968 0.0000000000
61893  -27.434  -8.790  -25.686 0.0000000000
62647  -29.157  -7.277  -26.347 0.0000000000
61894  -28.648  -8.693  -25.538 0.0000000000
53598  -21.262  -19.087  -22.250 0.0000000000
55148  -19.818  -17.517  -21.875 0.0000000000
102317  -21.088  -17.850  -22.308 0.0000000000
55892  -21.559  -16.726  -22.655 0.0000000000
66362  -23.550  -2.019  -24.116 0.0000000000
66371  -24.846  -2.178  -25.800 0.0000000000
65526  -24.324  -3.372  -24.258 0.0000000000
64761  -24.686  -4.657  -24.592 0.0000000000
64074  -25.031  -5.428  -25.030 0.0000000000
60414  -22.313  -10.612  -22.988 0.0000000000
61151  -23.646  -9.430  -23.701 0.0000000000
59728  -23.644  -11.166  -23.864 0.0000000000
59737  -24.897  -11.586  -25.223 0.0000000000
60443  -26.009  -10.709  -25.301 0.0000000000
53587  -20.889  -19.715  -22.086 0.0000000000
59726  -20.123  -10.740  -23.170 0.0000000000
106932  -20.887  -11.856  -22.636 0.0000000000
58185  -21.946  -13.330  -22.676 0.0000000000
57380  -22.636  -14.161  -23.211 0.0000000000
77226  -19.282  12.820  -27.216 0.0000000000
75145  -18.662  10.111  -26.338 0.0000000000
75859  -20.855  10.763  -26.733 0.0000000000
75874  -22.200  10.271  -28.178 0.0000000000
74467  -22.820  8.641  -28.917 0.0000000000
73797  -23.164  7.181  -28.950 0.0000000000
73068  -23.416  6.551  -26.110 0.0000000000
73073  -23.679  6.773  -27.395 0.0000000000
73090  -22.965  6.314  -29.300 0.0000000000
113713  -22.443  4.524  -29.722 0.0000000000
71033  -22.642  3.085  -29.666 0.0000000000
69573  -22.653  1.244  -30.648 0.0000000000
111360  -23.873  2.179  -24.751 0.0000000000
104813  -24.465  1.985  -26.934 0.0000000000
69563  -23.667  0.837  -28.977 0.0000000000
106522  -23.138  0.647  -30.569 0.0000000000
68047  -23.996  -0.066  -31.116 0.0000000000
68051  -26.877  -0.927  -30.230 0.0000000000
101233  -25.311  -2.941  -28.529 0.0000000000
66397  -25.857  -2.284  -29.680 0.0000000000
110677  -21.899  -6.195  -23.504 0.0000000000
63321  -23.806  -6.760  -23.737 0.0000000000
63335  -25.413  -7.004  -25.987 0.0000000000
61152  -24.408  -9.211  -24.426 0.0000000000
62634  -25.182  -7.745  -25.687 0.0000000000
63350  -26.151  -6.732  -26.692 0.0000000000
63359  -28.636  -6.130  -27.125 0.0000000000
63361  -30.612  -6.049  -27.088 0.0000000000
100260  -20.400  -15.202  -22.143 0.0000000000
56640  -22.085  -16.006  -23.021 0.0000000000
55901  -23.301  -16.008  -23.462 0.0000000000
58197  -23.255  -13.815  -23.703 0.0000000000
58198  -23.800  -13.934  -24.213 0.0000000000
58199  -24.390  -13.893  -24.347 0.0000000000
57392  -24.304  -14.540  -23.913 0.0000000000
108089  -20.891  -22.478  -20.693 0.0000000000
71709  -23.519  4.639  -25.194 0.0000000000
70997  -23.806  3.750  -25.027 0.0000000000
71007  -24.418  3.677  -26.399 0.0000000000
70998  -24.287  3.419  -25.603 0.0000000000
109934  -24.321  -0.928  -24.736 0.0000000000
68008  -24.715  -0.658  -26.040 0.0000000000
68784  -24.514  -0.068  -26.841 0.0000000000
100273  -24.703  -0.921  -26.940 0.0000000000
67216  -24.810  -1.489  -26.395 0.0000000000
64090  -25.576  -5.463  -26.749 0.0000000000
64782  -25.923  -4.810  -27.983 0.0000000000
64095  -26.212  -5.398  -27.647 0.0000000000
61149  -21.442  -9.160  -23.113 0.0000000000
61871  -21.969  -8.339  -23.196 0.0000000000
61150  -22.567  -9.246  -23.179 0.0000000000
60453  -26.465  -9.989  -25.373 0.0000000000
114511  -26.274  -9.449  -25.684 0.0000000000
61170  -26.868  -9.420  -25.511 0.0000000000
61171  -27.863  -9.347  -25.315 0.0000000000
61172  -29.104  -9.267  -25.250 0.0000000000
60455  -28.345  -9.797  -25.047 0.0000000000
54404  -21.616  -18.402  -22.490 0.0000000000
65525  -23.448  -2.981  -23.798 0.0000000000
66363  -24.232  -2.488  -24.401 0.0000000000
64748  -23.599  -4.707  -23.686 0.0000000000
105694  -24.385  -4.101  -24.249 0.0000000000
64749  -24.180  -4.674  -24.006 0.0000000000
64073  -24.491  -5.360  -24.286 0.0000000000
59713  -22.023  -11.185  -22.807 0.0000000000
59727  -22.855  -11.205  -23.242 0.0000000000
58984  -24.584  -12.679  -24.957 0.0000000000
119921  -24.723  -12.189  -25.133 0.0000000000
59738  -25.470  -11.504  -25.196 0.0000000000
59739  -26.313  -11.306  -24.909 0.0000000000
58995  -25.581  -12.135  -24.956 0.0000000000
50481  -19.104  -23.633  -20.269 0.0000000000
117149  -19.407  -23.976  -19.833 0.0000000000
52775  -20.892  -20.550  -22.005 0.0000000000
52776  -21.616  -20.533  -21.821 0.0000000000
59712  -21.021  -11.120  -22.742 0.0000000000
58184  -20.773  -13.305  -22.356 0.0000000000
108041  -21.657  -14.206  -22.546 0.0000000000
76558  -18.243  11.729  -26.383 0.0000000000
77225  -18.340  12.653  -26.681 0.0000000000
76559  -19.161  11.997  -26.852 0.0000000000
76563  -19.955  12.232  -27.235 0.0000000000
76560  -20.116  11.441  -26.931 0.0000000000
74447  -21.468  9.292  -26.215 0.0000000000
75146  -20.667  9.997  -26.372 0.0000000000
76561  -20.989  11.367  -27.107 0.0000000000
75868  -21.479  10.849  -27.191 0.0000000000
75873  -21.760  10.911  -27.878 0.0000000000
75869  -22.060  10.284  -27.347 0.0000000000
74449  -23.027  8.437  -26.769 0.0000000000
74459  -22.972  8.924  -27.944 0.0000000000
74460  -23.222  8.281  -28.190 0.0000000000
74468  -23.143  7.909  -28.714 0.0000000000
73792  -23.496  7.525  -28.032 0.0000000000
115283  -22.610  5.666  -25.229 0.0000000000
72390  -24.176  5.245  -26.968 0.0000000000
73070  -23.833  6.073  -26.670 0.0000000000
108605  -23.863  5.856  -27.558 0.0000000000
73080  -23.524  6.433  -28.367 0.0000000000
72398  -23.557  5.435  -28.366 0.0000000000
72406  -22.534  5.378  -29.667 0.0000000000
104008  -23.057  4.949  -29.106 0.0000000000
71014  -23.923  3.268  -27.998 0.0000000000
71023  -23.368  3.620  -28.741 0.0000000000
70314  -22.581  2.123  -30.125 0.0000000000
107777  -23.040  1.703  -29.729 0.0000000000
68763  -23.745  0.497  -24.630 0.0000000000
69527  -24.244  1.719  -25.138 0.0000000000
111177  -24.509  1.938  -25.877 0.0000000000
107489  -24.562  1.340  -26.347 0.0000000000
68792  -24.231  0.078  -27.976 0.0000000000
119185  -24.066  0.685  -28.216 0.0000000000
69562  -23.217  1.013  -29.830 0.0000000000
68800  -23.494  0.224  -29.923 0.0000000000
68820  -23.462  0.223  -30.857 0.0000000000
68037  -23.870  -0.319  -30.441 0.0000000000
67227  -24.734  -1.552  -29.492 0.0000000000
67233  -24.882  -1.113  -30.307 0.0000000000
68050  -26.179  -0.782  -30.541 0.0000000000
67235  -25.987  -1.755  -30.073 0.0000000000
66372  -25.091  -3.011  -26.250 0.0000000000
66378  -24.989  -2.307  -26.852 0.0000000000
66385  -25.190  -3.103  -27.378 0.0000000000
65557  -26.621  -3.835  -28.974 0.0000000000
65563  -26.455  -2.929  -29.419 0.0000000000
66398  -26.664  -2.053  -29.808 0.0000000000
116586  -28.065  -2.600  -29.407 0.0000000000
64787  -29.785  -4.170  -28.778 0.0000000000
64106  -30.524  -4.807  -27.882 0.0000000000
63333  -21.061  -6.256  -23.793 0.0000000000
62618  -23.407  -7.552  -23.554 0.0000000000
63322  -24.482  -6.843  -24.318 0.0000000000
63334  -24.987  -6.940  -25.108 0.0000000000
60432  -24.335  -10.079  -24.409 0.0000000000
61891  -25.940  -8.313  -26.239 0.0000000000
111083  -25.473  -8.581  -25.969 0.0000000000
62644  -25.967  -7.366  -26.429 0.0000000000
111724  -26.665  -6.500  -26.762 0.0000000000
63351  -27.536  -6.617  -26.633 0.0000000000
63352  -29.330  -6.599  -26.812 0.0000000000
63353  -30.210  -6.691  -26.753 0.0000000000
55893  -22.366  -16.878  -23.164 0.0000000000
55900  -22.774  -16.341  -23.416 0.0000000000
56641  -22.844  -15.649  -23.492 0.0000000000
65511  -22.925  -3.699  -23.563 0.0000000000
64746  -22.239  -4.925  -23.540 0.0000000000
117474  -22.932  -12.594  -23.309 0.0000000000
109872  -23.430  -12.108  -23.758 0.0000000000
58985  -25.086  -12.830  -24.957 0.0000000000
58200  -25.098  -13.472  -24.426 0.0000000000
57393  -24.938  -14.140  -23.781 0.0000000000
50482  -19.953  -23.602  -19.922 0.0000000000
52774  -20.001  -20.982  -21.661 0.0000000000
112724  -20.286  -21.704  -21.501 0.0000000000
51997  -20.954  -21.862  -21.254 0.0000000000
59710  -19.398  -12.049  -23.019 0.0000000000
58962  -18.691  -12.644  -23.029 0.0000000000
104667  -19.057  -13.331  -22.624 0.0000000000
58183  -19.768  -13.717  -22.316 0.0000000000
75856  -18.067  10.786  -26.211 0.0000000000
75147  -22.271  9.602  -26.827 0.0000000000
74448  -22.452  8.835  -26.469 0.0000000000
73786  -22.732  8.086  -26.283 0.0000000000
72378  -23.292  5.391  -25.388 0.0000000000
72382  -24.074  5.183  -26.270 0.0000000000
71727  -24.199  4.577  -27.269 0.0000000000
71735  -23.466  4.546  -28.514 0.0000000000
71015  -24.281  3.884  -27.204 0.0000000000
68764  -24.331  0.344  -25.099 0.0000000000
114305  -24.573  0.700  -26.312 0.0000000000
108295  -24.562  0.166  -25.795 0.0000000000
110519  -24.167  -0.413  -28.779 0.0000000000
68811  -23.960  -0.429  -29.630 0.0000000000
68028  -24.315  -0.987  -29.171 0.0000000000
105115  -24.611  -1.455  -28.616 0.0000000000
113015  -24.915  -2.086  -28.612 0.0000000000
65552  -25.600  -3.938  -28.003 0.0000000000
64785  -26.033  -4.252  -28.567 0.0000000000
64792  -28.582  -3.573  -29.194 0.0000000000
65558  -27.662  -4.067  -28.903 0.0000000000
64103  -27.888  -4.741  -28.311 0.0000000000
64097  -28.241  -5.392  -27.712 0.0000000000
62616  -21.440  -7.580  -23.465 0.0000000000
61873  -23.936  -8.422  -23.857 0.0000000000
61162  -25.337  -9.993  -25.486 0.0000000000
105999  -25.595  -9.374  -25.778 0.0000000000
61892  -26.428  -8.802  -25.974 0.0000000000
61903  -27.033  -8.103  -26.121 0.0000000000
62646  -27.802  -7.331  -26.266 0.0000000000
61904  -28.242  -8.049  -25.931 0.0000000000
61905  -29.507  -8.047  -25.938 0.0000000000
62640  -30.955  -7.704  -25.826 0.0000000000
61895  -29.857  -8.640  -25.593 0.0000000000
54391  -20.381  -18.956  -21.845 0.0000000000
54402  -20.362  -18.053  -21.990 0.0000000000
115606  -21.151  -17.222  -22.370 0.0000000000
55891  -20.701  -16.647  -22.203 0.0000000000
55150  -21.838  -17.576  -22.761 0.0000000000
55151  -22.618  -17.470  -22.954 0.0000000000
67200  -24.247  -1.635  -24.581 0.0000000000
119422  -24.605  -2.096  -25.009 0.0000000000
65539  -24.822  -2.946  -25.131 0.0000000000
65512  -23.733  -3.981  -23.759 0.0000000000
65527  -24.806  -3.889  -24.841 0.0000000000
65540  -25.156  -3.792  -25.729 0.0000000000
64762  -25.111  -4.595  -25.337 0.0000000000
110010  -25.334  -5.336  -25.847 0.0000000000
120046  -25.267  -5.792  -25.607 0.0000000000
61135  -22.065  -9.931  -22.935 0.0000000000
60430  -23.023  -10.279  -23.331 0.0000000000
60431  -23.807  -10.386  -23.922 0.0000000000
59729  -24.293  -10.995  -24.587 0.0000000000
101612  -24.208  -11.981  -24.731 0.0000000000
60441  -24.887  -10.609  -25.124 0.0000000000
60442  -25.501  -10.804  -25.327 0.0000000000
60444  -26.719  -10.461  -25.082 0.0000000000
60445  -27.665  -10.306  -24.869 0.0000000000
59740  -27.195  -10.861  -24.738 0.0000000000
58201  -25.774  -12.827  -24.342 0.0000000000
49765  -18.878  -24.339  -19.723 0.0000000000
54390  -19.403  -19.247  -21.549 0.0000000000
53586  -20.142  -19.934  -21.722 0.0000000000
53588  -21.583  -19.802  -22.138 0.0000000000
60412  -20.831  -10.322  -22.984 0.0000000000
60413  -21.593  -10.504  -22.860 0.0000000000
109878  -21.687  -11.853  -22.694 0.0000000000
58964  -20.334  -12.325  -22.596 0.0000000000
58965  -21.332  -12.527  -22.554 0.0000000000
58966  -22.236  -12.569  -22.838 0.0000000000
58186  -22.781  -13.268  -23.235 0.0000000000
57390  -23.391  -14.471  -23.780 0.0000000000
77224  -17.796  12.398  -26.074 0.0000000000
75858  -19.842  10.542  -26.551 0.0000000000
75155  -22.544  9.630  -27.619 0.0000000000
75163  -22.529  9.515  -28.537 0.0000000000
75169  -22.276  9.341  -29.531 0.0000000000
74478  -22.346  8.546  -29.946 0.0000000000
73796  -22.736  7.791  -29.532 0.0000000000
118298  -22.433  7.379  -30.036 0.0000000000
73067  -22.719  6.827  -25.687 0.0000000000
107610  -23.515  7.041  -26.703 0.0000000000
101806  -23.520  7.517  -27.227 0.0000000000
73089  -22.290  6.137  -30.049 0.0000000000
72417  -21.869  5.382  -30.311 0.0000000000
71756  -21.849  4.604  -30.318 0.0000000000
71745  -22.834  4.058  -29.333 0.0000000000
71744  -22.007  3.630  -30.287 0.0000000000
105106  -23.139  2.185  -24.430 0.0000000000
70272  -23.675  2.898  -24.713 0.0000000000
70284  -24.263  2.613  -25.302 0.0000000000
70291  -24.493  2.793  -26.170 0.0000000000
70296  -24.027  2.326  -28.011 0.0000000000
69554  -24.073  1.410  -28.028 0.0000000000
70304  -23.539  1.642  -28.930 0.0000000000
68048  -24.413  -0.587  -30.745 0.0000000000
68822  -25.972  -0.125  -30.844 0.0000000000
68039  -26.715  -0.411  -30.281 0.0000000000
113170  -24.993  -2.467  -27.824 0.0000000000
67228  -25.261  -2.254  -29.285 0.0000000000
66392  -25.683  -2.831  -29.232 0.0000000000
65566  -29.669  -3.240  -29.108 0.0000000000
64060  -22.496  -5.728  -23.496 0.0000000000
63319  -21.745  -6.859  -23.512 0.0000000000
63320  -22.749  -6.642  -23.472 0.0000000000
109930  -23.410  -5.938  -23.619 0.0000000000
110798  -24.766  -6.131  -24.614 0.0000000000
111172  -25.180  -6.247  -25.408 0.0000000000
64084  -25.475  -6.180  -26.260 0.0000000000
61887  -24.556  -8.386  -24.590 0.0000000000
110464  -24.995  -9.127  -25.327 0.0000000000
116844  -24.960  -8.318  -25.329 0.0000000000
62633  -24.746  -7.639  -24.804 0.0000000000
63344  -25.751  -6.883  -26.590 0.0000000000
63349  -25.947  -6.545  -26.863 0.0000000000
63357  -26.341  -6.079  -27.176 0.0000000000
63358  -27.331  -5.983  -27.148 0.0000000000
64098  -29.524  -5.441  -27.747 0.0000000000
111699  -28.460  -6.767  -26.572 0.0000000000
63360  -29.927  -6.096  -27.271 0.0000000000
64099  -30.341  -5.399  -27.591 0.0000000000
57377  -19.661  -14.555  -22.143 0.0000000000
56639  -21.066  -15.943  -22.368 0.0000000000
101465  -21.389  -15.117  -22.465 0.0000000000
57379  -22.304  -15.018  -22.977 0.0000000000
106910  -22.929  -14.915  -23.557 0.0000000000
56653  -23.442  -15.181  -23.667 0.0000000000
50498  -21.305  -22.882  -20.082 0.0000000000
54403  -20.956  -18.477  -22.189 0.0000000000
55149  -20.482  -17.330  -22.085 0.0000000000
61906  -30.420  -8.088  -25.899 0.0000000000
62639  -25.647  -7.715  -26.300 0.0000000000
62645  -26.627  -7.241  -26.371 0.0000000000
64061  -23.112  -5.171  -23.546 0.0000000000
64072  -20.769  -5.447  -24.077 0.0000000000
64094  -25.832  -5.482  -27.405 0.0000000000
64104  -29.164  -4.787  -28.336 0.0000000000
64760  -22.138  -4.077  -23.629 0.0000000000
64772  -25.386  -4.611  -26.267 0.0000000000
64793  -29.442  -3.586  -29.132 0.0000000000
66399  -27.623  -2.000  -29.570 0.0000000000
67241  -25.667  -1.252  -30.399 0.0000000000
67242  -26.548  -1.356  -30.158 0.0000000000
68776  -24.482  1.049  -25.614 0.0000000000
71717  -24.305  4.507  -26.631 0.0000000000
72379  -23.855  5.087  -25.716 0.0000000000
72407  -23.190  5.719  -28.961 0.0000000000
73784  -23.090  7.351  -26.179 0.0000000000
74454  -23.295  8.254  -27.405 0.0000000000
107444  -27.275  -2.527  -29.508 0.0000000000
110646  -24.222  -6.046  -23.951 0.0000000000
110958  -22.644  6.963  -29.729 0.0000000000
111464  -23.081  6.101  -25.570 0.0000000000
111589  -19.689  9.837  -26.329 0.0000000000
112830  -24.676  -13.249  -24.740 0.0000000000
114732  -25.964  -5.972  -27.251 0.0000000000
119304  -24.107  3.188  -25.145 0.0000000000
