#!ascii label  , from subject sub-v2s17x50038_ses-1 vox2ras=TkReg
725
25721  -39.439  -49.168  -35.776 0.5000000000
25719  -37.986  -48.944  -35.483 0.8000000119
25714  -36.283  -48.320  -33.967 0.8000000119
115479  -37.474  -48.373  -34.813 0.8000000119
25717  -38.205  -48.182  -35.011 0.8000000119
23861  -39.601  -50.514  -35.896 0.5000000000
24805  -37.916  -49.767  -35.967 0.5000000000
25720  -38.644  -48.789  -35.557 0.6000000238
119008  -36.964  -46.859  -33.009 0.6999999881
26600  -39.014  -48.059  -35.324 0.6999999881
24799  -40.319  -50.113  -35.620 0.6000000238
24807  -40.404  -49.598  -35.825 0.5000000000
25722  -41.136  -48.939  -35.860 0.6000000238
27485  -34.776  -46.902  -31.640 0.6999999881
112536  -40.003  -48.547  -35.695 0.6000000238
26602  -40.627  -47.815  -35.782 0.6000000238
27486  -35.790  -46.443  -31.952 0.6999999881
26586  -35.437  -47.478  -32.247 0.6999999881
26594  -37.061  -47.875  -34.162 0.6999999881
26601  -39.669  -47.604  -35.484 0.6000000238
27503  -41.319  -46.914  -36.184 0.6000000238
26596  -38.458  -47.272  -34.713 0.8000000119
26597  -39.110  -46.890  -35.091 0.8000000119
110995  -39.981  -46.846  -35.614 0.6999999881
24809  -42.620  -49.333  -35.509 0.4000000060
25723  -42.358  -49.052  -35.927 0.6000000238
27480  -34.964  -46.128  -31.468 0.6999999881
26606  -42.973  -47.197  -36.706 0.6000000238
28411  -36.175  -45.464  -32.327 0.6999999881
26587  -36.347  -47.152  -32.609 0.6999999881
26591  -37.442  -46.979  -33.637 0.6999999881
27496  -38.007  -46.468  -34.222 0.6999999881
27497  -38.531  -46.433  -34.678 0.6000000238
107056  -40.351  -46.004  -35.952 0.6999999881
29356  -41.308  -44.428  -36.724 0.5000000000
28418  -37.734  -45.441  -34.061 0.6000000238
28422  -38.305  -45.566  -34.587 0.6000000238
28426  -38.875  -45.355  -35.178 0.6000000238
29355  -39.957  -44.491  -36.056 0.6000000238
29354  -39.053  -44.610  -35.401 0.6000000238
30228  -40.474  -43.705  -36.297 0.5000000000
25725  -44.285  -48.529  -35.599 0.4000000060
25724  -43.484  -49.004  -35.754 0.5000000000
108997  -34.181  -44.735  -31.381 0.6999999881
26604  -43.216  -48.348  -36.337 0.6000000238
27507  -44.075  -46.720  -37.021 0.6000000238
28412  -36.732  -45.363  -33.023 0.6999999881
123746  -42.266  -46.493  -36.717 0.6000000238
28417  -37.246  -45.333  -33.586 0.6999999881
28430  -42.275  -45.159  -37.044 0.5000000000
29359  -42.916  -44.373  -37.242 0.6000000238
29350  -37.829  -44.710  -34.338 0.6999999881
29351  -38.394  -44.718  -34.845 0.6000000238
30230  -42.035  -43.641  -36.998 0.5000000000
30227  -39.269  -43.769  -35.530 0.5000000000
29328  -31.162  -44.709  -31.119 0.6000000238
30199  -31.782  -43.759  -30.999 0.6000000238
25716  -44.354  -48.417  -34.770 0.5000000000
26598  -44.438  -47.875  -34.758 0.5000000000
29329  -32.455  -44.476  -31.225 0.6999999881
28404  -33.327  -45.343  -31.233 0.6999999881
26605  -44.408  -47.847  -36.202 0.5000000000
26608  -44.287  -47.183  -36.601 0.5000000000
28425  -44.167  -46.314  -36.131 0.4000000060
29332  -34.972  -44.688  -31.664 0.6999999881
28429  -44.146  -45.409  -36.914 0.5000000000
29337  -35.705  -44.695  -32.182 0.6999999881
29338  -36.284  -44.614  -32.772 0.6999999881
28432  -44.016  -44.815  -37.203 0.5000000000
29345  -36.827  -44.432  -33.431 0.6999999881
29346  -37.385  -44.734  -33.902 0.6000000238
29360  -43.920  -44.366  -37.324 0.5000000000
114257  -38.028  -44.020  -34.555 0.6000000238
30231  -43.565  -43.684  -37.277 0.5000000000
30222  -38.468  -43.460  -34.839 0.5000000000
31160  -39.080  -42.903  -35.185 0.5000000000
31161  -39.880  -43.095  -35.820 0.5000000000
31163  -42.184  -42.155  -36.791 0.5000000000
31162  -41.111  -42.820  -36.503 0.5000000000
32072  -43.599  -41.521  -36.813 0.3000000119
28423  -41.914  -45.303  -34.586 0.3000000119
119824  -30.369  -43.988  -30.255 0.6000000238
29324  -30.825  -44.118  -30.739 0.6000000238
27498  -43.579  -46.620  -34.948 0.4000000060
28424  -43.292  -45.539  -35.568 0.4000000060
110840  -33.654  -43.575  -31.585 0.6000000238
29357  -43.842  -44.554  -36.555 0.5000000000
29336  -35.257  -43.999  -32.193 0.6999999881
122161  -35.843  -44.091  -32.581 0.6999999881
29358  -44.046  -44.437  -37.173 0.5000000000
30232  -43.863  -43.761  -37.154 0.5000000000
30214  -37.364  -43.912  -33.965 0.5000000000
108302  -43.877  -42.797  -36.968 0.4000000060
31168  -43.531  -42.272  -37.021 0.3000000119
32071  -43.908  -41.157  -36.509 0.4000000060
115264  -40.959  -42.020  -36.200 0.5000000000
30193  -30.626  -43.206  -30.097 0.6000000238
30194  -31.025  -43.441  -30.563 0.6000000238
30200  -32.520  -43.058  -31.189 0.6000000238
30201  -33.358  -43.021  -31.566 0.6000000238
115447  -43.272  -43.971  -35.740 0.3000000119
30229  -43.978  -43.623  -36.776 0.4000000060
30207  -34.937  -43.292  -32.225 0.6000000238
30224  -43.158  -43.166  -35.441 0.3000000119
30208  -35.660  -43.470  -32.589 0.6000000238
29344  -36.252  -43.812  -32.971 0.6999999881
32063  -43.275  -41.677  -35.025 0.3000000119
30225  -43.820  -42.752  -36.455 0.3000000119
31144  -36.112  -43.031  -32.909 0.6000000238
111264  -43.510  -40.894  -34.970 0.3000000119
31164  -43.888  -41.967  -36.319 0.3000000119
32052  -37.084  -42.110  -33.487 0.5000000000
30213  -36.703  -43.424  -33.393 0.5000000000
31152  -37.709  -42.439  -33.959 0.5000000000
32940  -44.078  -40.433  -36.279 0.3000000119
32064  -43.989  -41.077  -35.883 0.3000000119
31153  -38.357  -42.693  -34.517 0.5000000000
31154  -38.998  -42.130  -34.801 0.5000000000
32949  -43.896  -40.612  -36.581 0.3000000119
32059  -38.307  -41.956  -34.196 0.5000000000
32947  -42.326  -40.695  -36.434 0.4000000060
32950  -43.530  -40.820  -36.683 0.3000000119
31121  -30.584  -42.561  -29.743 0.5000000000
31122  -31.070  -42.691  -30.314 0.6000000238
31130  -32.329  -42.527  -30.972 0.5000000000
31137  -34.719  -42.635  -32.173 0.6000000238
109803  -34.635  -42.132  -32.021 0.5000000000
32931  -42.399  -40.237  -33.562 0.3000000119
31138  -35.444  -42.795  -32.526 0.6000000238
33869  -43.134  -39.515  -34.045 0.3000000119
32932  -43.285  -40.262  -34.501 0.3000000119
32937  -39.568  -40.741  -34.601 0.5000000000
32946  -41.008  -40.757  -35.810 0.4000000060
32938  -40.434  -40.275  -35.154 0.4000000060
32022  -30.926  -41.828  -29.990 0.5000000000
31123  -31.737  -42.202  -30.587 0.5000000000
32031  -33.449  -41.831  -31.223 0.5000000000
31131  -33.041  -42.474  -31.289 0.5000000000
109513  -34.284  -41.719  -31.579 0.5000000000
33858  -41.348  -38.725  -32.004 0.3000000119
34739  -42.105  -38.778  -32.756 0.3000000119
32042  -35.244  -42.203  -32.350 0.6000000238
32044  -36.473  -41.730  -32.890 0.6000000238
32045  -37.237  -41.430  -33.139 0.5000000000
32054  -38.369  -41.308  -33.860 0.5000000000
32948  -43.172  -39.913  -36.507 0.4000000060
33875  -41.491  -38.887  -35.349 0.4000000060
32906  -31.914  -41.330  -30.303 0.5000000000
32024  -33.012  -41.264  -30.581 0.5000000000
32914  -33.962  -41.178  -30.837 0.5000000000
34722  -40.791  -38.606  -31.466 0.4000000060
35578  -40.593  -37.467  -30.876 0.4000000060
32032  -35.054  -41.683  -31.946 0.5000000000
32043  -35.742  -41.729  -32.392 0.5000000000
34723  -41.323  -37.830  -31.648 0.4000000060
34731  -41.956  -38.151  -32.393 0.3000000119
32033  -35.622  -41.104  -31.766 0.4000000060
34732  -42.976  -37.942  -33.221 0.3000000119
32919  -36.215  -41.211  -32.258 0.5000000000
120128  -37.547  -40.821  -32.844 0.4000000060
32928  -37.907  -41.093  -33.341 0.4000000060
33874  -40.703  -39.557  -35.036 0.4000000060
107328  -32.586  -40.648  -30.058 0.5000000000
32907  -33.514  -40.586  -30.206 0.5000000000
32908  -34.479  -40.324  -30.411 0.5000000000
34713  -40.557  -38.196  -31.081 0.4000000060
117178  -34.806  -41.061  -31.286 0.5000000000
120653  -35.471  -40.327  -31.019 0.4000000060
36477  -40.725  -36.566  -30.640 0.4000000060
122577  -41.884  -37.044  -31.919 0.4000000060
35591  -42.337  -37.445  -32.448 0.4000000060
32920  -36.902  -40.859  -32.455 0.4000000060
32922  -38.165  -40.375  -32.913 0.4000000060
33865  -38.919  -39.879  -33.177 0.4000000060
32930  -39.277  -40.280  -33.885 0.4000000060
33866  -39.621  -39.452  -33.719 0.4000000060
34745  -41.308  -38.136  -34.793 0.4000000060
35606  -43.317  -37.527  -35.862 0.4000000060
34746  -42.451  -38.089  -35.675 0.4000000060
32898  -32.105  -40.099  -29.711 0.5000000000
32899  -33.028  -40.039  -29.761 0.4000000060
36476  -39.862  -37.101  -30.164 0.4000000060
108919  -33.796  -39.985  -29.850 0.5000000000
33848  -35.148  -39.427  -30.377 0.4000000060
122111  -36.337  -40.412  -31.648 0.4000000060
36486  -42.118  -36.395  -31.736 0.4000000060
33861  -37.027  -40.100  -31.907 0.4000000060
108024  -38.313  -39.359  -32.432 0.4000000060
35607  -43.961  -37.693  -35.964 0.3000000119
33867  -40.438  -38.976  -34.380 0.4000000060
33846  -33.379  -39.343  -29.667 0.4000000060
33847  -34.262  -39.380  -29.895 0.5000000000
34719  -36.242  -38.220  -30.834 0.4000000060
33854  -36.122  -39.360  -30.909 0.4000000060
34720  -36.786  -38.773  -31.297 0.4000000060
33855  -36.751  -39.602  -31.497 0.4000000060
33856  -37.410  -39.277  -31.803 0.4000000060
34736  -39.232  -38.856  -32.997 0.4000000060
115129  -39.887  -38.719  -33.640 0.4000000060
35602  -42.305  -37.285  -35.276 0.4000000060
35596  -41.125  -37.389  -34.354 0.4000000060
34708  -33.746  -38.543  -29.700 0.4000000060
34709  -34.639  -38.500  -30.040 0.4000000060
34710  -35.495  -38.433  -30.453 0.4000000060
111795  -36.823  -37.783  -31.252 0.4000000060
34721  -37.289  -38.379  -31.550 0.4000000060
34728  -37.900  -38.419  -31.910 0.4000000060
36505  -44.012  -36.527  -35.142 0.4000000060
34729  -38.648  -38.292  -32.363 0.4000000060
34737  -39.770  -38.101  -33.277 0.4000000060
35590  -39.620  -37.420  -32.858 0.4000000060
35595  -40.319  -37.405  -33.540 0.4000000060
35576  -34.877  -37.485  -30.311 0.4000000060
35577  -35.697  -37.651  -30.610 0.4000000060
35583  -36.224  -37.337  -30.898 0.4000000060
111305  -37.078  -37.144  -31.405 0.4000000060
35584  -37.470  -37.655  -31.613 0.4000000060
36483  -37.606  -36.777  -31.628 0.4000000060
35588  -38.159  -37.541  -31.966 0.4000000060
35589  -38.925  -37.468  -32.349 0.4000000060
108594  -39.328  -36.740  -32.413 0.4000000060
115785  -42.743  -36.552  -35.228 0.3000000119
36500  -41.046  -36.593  -33.907 0.4000000060
35597  -41.842  -36.770  -34.685 0.4000000060
36474  -34.770  -36.431  -30.473 0.4000000060
36475  -35.572  -36.880  -30.701 0.4000000060
114537  -35.650  -35.929  -30.810 0.4000000060
36481  -36.253  -36.580  -31.003 0.4000000060
36482  -36.889  -36.550  -31.297 0.4000000060
36490  -38.490  -36.746  -31.984 0.4000000060
111615  -39.823  -36.035  -32.546 0.4000000060
36506  -44.025  -36.094  -34.612 0.4000000060
37509  -43.714  -35.815  -34.723 0.3000000119
36499  -40.113  -36.708  -33.053 0.4000000060
36501  -42.280  -36.063  -34.651 0.5000000000
36492  -40.626  -35.958  -33.255 0.5000000000
110903  -35.543  -35.233  -30.563 0.4000000060
37481  -36.362  -35.230  -30.820 0.4000000060
37486  -36.544  -35.921  -31.118 0.4000000060
38544  -37.255  -34.908  -30.885 0.4000000060
122481  -37.000  -35.464  -31.096 0.4000000060
37495  -40.298  -35.411  -32.767 0.4000000060
112320  -41.448  -35.800  -33.935 0.5000000000
38538  -35.912  -34.717  -30.430 0.4000000060
117824  -36.756  -34.545  -30.540 0.4000000060
38539  -37.662  -34.203  -30.686 0.4000000060
37501  -41.208  -35.095  -33.509 0.4000000060
118606  -35.533  -34.373  -30.057 0.4000000060
39493  -36.242  -34.187  -30.149 0.4000000060
104737  -37.058  -33.949  -30.273 0.4000000060
38553  -41.444  -34.172  -33.372 0.5000000000
39479  -36.242  -33.471  -29.064 0.4000000060
107579  -35.647  -33.905  -29.618 0.4000000060
39486  -37.094  -33.232  -29.303 0.4000000060
117810  -36.606  -33.691  -29.776 0.4000000060
40404  -37.832  -32.889  -29.590 0.4000000060
40405  -38.504  -32.500  -29.921 0.5000000000
32060  -38.938  -41.427  -34.406 0.5000000000
33881  -41.666  -39.829  -35.847 0.4000000060
124074  -39.829  -49.991  -35.948 0.5000000000
105701  -36.282  -48.843  -34.800 0.8000000119
25705  -34.989  -48.251  -32.730 0.6999999881
115633  -40.300  -50.351  -35.220 0.5000000000
26585  -34.395  -47.743  -32.043 0.6999999881
24800  -41.127  -49.972  -35.026 0.5000000000
26578  -33.736  -47.089  -31.569 0.6999999881
24802  -43.373  -49.178  -34.533 0.4000000060
27479  -34.092  -46.248  -31.297 0.6999999881
25715  -43.780  -48.685  -34.188 0.4000000060
26593  -44.001  -48.120  -34.058 0.4000000060
29327  -30.153  -44.757  -30.720 0.6000000238
28421  -42.223  -46.076  -34.339 0.4000000060
30188  -30.330  -43.308  -29.547 0.6000000238
114320  -30.349  -42.944  -28.915 0.5000000000
32016  -30.979  -40.958  -29.759 0.4000000060
33838  -32.419  -39.416  -29.592 0.4000000060
34699  -31.620  -38.820  -29.459 0.4000000060
34700  -32.736  -38.622  -29.544 0.4000000060
35567  -33.100  -37.671  -29.641 0.4000000060
36473  -33.877  -36.890  -30.057 0.4000000060
37480  -34.712  -35.501  -30.401 0.4000000060
110307  -35.120  -34.817  -30.216 0.4000000060
38533  -34.791  -34.318  -29.740 0.4000000060
39478  -35.353  -33.609  -28.841 0.4000000060
24798  -37.074  -49.018  -35.341 0.8000000119
117834  -36.808  -48.467  -34.635 0.8000000119
24808  -41.470  -49.540  -35.502 0.5000000000
26590  -36.711  -47.547  -33.372 0.6999999881
27491  -37.185  -46.157  -33.213 0.6999999881
26603  -41.941  -48.123  -36.156 0.6000000238
27505  -41.631  -45.943  -36.617 0.6999999881
27502  -39.385  -46.040  -35.417 0.6999999881
105139  -44.082  -45.664  -37.078 0.6000000238
28428  -40.749  -45.204  -36.423 0.6000000238
28427  -39.637  -45.266  -35.744 0.6000000238
29331  -34.399  -43.929  -31.732 0.6999999881
28431  -43.668  -44.998  -37.323 0.5000000000
107481  -32.874  -43.673  -31.322 0.6000000238
27495  -43.926  -47.524  -34.327 0.5000000000
29353  -42.570  -44.674  -35.183 0.3000000119
110127  -39.921  -42.267  -35.610 0.5000000000
31132  -33.930  -42.407  -31.759 0.6000000238
32053  -37.720  -41.738  -33.668 0.5000000000
32945  -40.115  -40.926  -35.281 0.5000000000
33873  -40.005  -39.909  -34.403 0.4000000060
32929  -38.579  -40.654  -33.542 0.4000000060
33882  -42.959  -38.869  -36.182 0.4000000060
34738  -40.445  -38.141  -33.949 0.4000000060
34730  -39.255  -38.039  -32.728 0.4000000060
35575  -34.083  -37.799  -29.876 0.4000000060
39487  -37.403  -33.434  -29.965 0.4000000060
17741  -29.432  -57.610  -33.889 0.4000000060
17753  -30.230  -57.766  -34.889 0.4000000060
18621  -30.614  -57.264  -35.246 0.4000000060
18631  -31.554  -57.488  -36.323 0.4000000060
18630  -29.717  -56.249  -34.981 0.4000000060
108870  -30.528  -56.416  -35.688 0.4000000060
18638  -31.054  -56.401  -36.323 0.4000000060
19492  -31.034  -55.891  -36.605 0.4000000060
19494  -32.592  -55.863  -37.656 0.5000000000
119697  -29.498  -55.664  -35.458 0.4000000060
19490  -30.156  -55.562  -35.844 0.4000000060
20404  -31.275  -55.440  -36.705 0.5000000000
20405  -31.930  -55.302  -37.199 0.5000000000
21251  -32.118  -54.498  -36.880 0.6000000238
19488  -27.399  -55.270  -35.611 0.4000000060
19489  -28.697  -55.224  -35.547 0.4000000060
113770  -29.284  -54.931  -35.714 0.4000000060
20406  -32.666  -55.006  -37.737 0.5000000000
24793  -42.914  -49.033  -33.632 0.4000000060
26592  -43.278  -47.810  -33.342 0.3000000119
19496  -33.281  -55.510  -37.932 0.5000000000
22976  -39.029  -51.810  -35.558 0.5000000000
24791  -40.438  -50.120  -34.280 0.4000000060
21243  -27.435  -53.999  -35.092 0.4000000060
20400  -30.338  -54.986  -36.106 0.5000000000
20401  -31.260  -54.779  -36.399 0.5000000000
20397  -27.123  -54.704  -35.457 0.4000000060
20398  -28.167  -54.729  -35.602 0.4000000060
20407  -33.597  -54.820  -37.936 0.6000000238
21256  -34.283  -54.574  -37.771 0.6000000238
22095  -35.396  -53.288  -37.579 0.6999999881
23853  -39.359  -51.069  -35.760 0.5000000000
20409  -35.406  -54.036  -37.497 0.6999999881
21249  -37.021  -53.437  -37.017 0.6999999881
22981  -38.578  -52.363  -36.230 0.6999999881
21255  -36.133  -53.723  -37.414 0.6999999881
22097  -37.220  -52.677  -37.279 0.6999999881
21245  -30.427  -54.143  -35.605 0.5000000000
21246  -31.481  -53.986  -35.878 0.6000000238
108312  -33.057  -53.363  -36.691 0.6000000238
21244  -27.994  -53.984  -35.351 0.4000000060
22086  -29.681  -53.303  -35.027 0.5000000000
22093  -33.604  -53.497  -37.235 0.6000000238
22094  -34.351  -53.340  -37.450 0.6000000238
27494  -42.931  -46.994  -33.756 0.3000000119
21253  -33.954  -54.038  -37.726 0.6000000238
22096  -36.379  -52.928  -37.526 0.6999999881
22982  -38.967  -51.663  -36.404 0.6000000238
23854  -39.877  -50.554  -35.610 0.5000000000
22079  -29.221  -52.529  -34.462 0.6000000238
22080  -30.109  -52.439  -34.602 0.6000000238
22081  -31.134  -52.415  -34.704 0.6999999881
22088  -31.805  -53.159  -35.334 0.6000000238
22089  -32.690  -52.921  -35.825 0.6000000238
22983  -34.599  -52.460  -37.105 0.6000000238
21239  -28.700  -53.311  -34.943 0.5000000000
22087  -30.788  -53.294  -35.071 0.6000000238
22984  -35.583  -52.229  -37.405 0.6000000238
22985  -36.507  -52.022  -37.392 0.6999999881
23863  -37.575  -51.189  -36.834 0.6999999881
22986  -37.428  -51.937  -37.151 0.6999999881
23860  -38.902  -50.821  -36.307 0.6000000238
22988  -38.449  -51.321  -36.640 0.6999999881
22970  -30.463  -51.585  -34.299 0.6000000238
22971  -31.458  -51.604  -34.437 0.6999999881
22972  -32.444  -51.610  -34.631 0.6999999881
22082  -32.151  -52.366  -34.921 0.6999999881
22978  -33.910  -51.873  -36.073 0.6000000238
24806  -38.931  -49.760  -35.934 0.5000000000
22980  -35.679  -51.284  -36.960 0.6999999881
23862  -36.596  -51.158  -36.963 0.6999999881
24795  -33.782  -50.031  -34.219 0.6999999881
24797  -35.613  -49.354  -34.986 0.6999999881
23849  -32.633  -50.911  -34.294 0.6999999881
23851  -34.436  -50.364  -35.135 0.6000000238
23852  -35.235  -50.000  -35.601 0.5000000000
22973  -33.369  -51.443  -35.005 0.6999999881
23855  -34.201  -51.112  -35.562 0.6000000238
23857  -35.818  -50.443  -36.461 0.6999999881
22979  -34.786  -51.554  -36.616 0.6000000238
23858  -36.733  -50.374  -36.513 0.6999999881
23859  -37.771  -50.513  -36.446 0.6000000238
24788  -35.017  -49.133  -34.098 0.6999999881
24789  -35.716  -48.832  -34.295 0.6999999881
25713  -35.429  -48.589  -33.552 0.6999999881
24804  -36.930  -49.703  -36.013 0.6000000238
23845  -39.829  -50.706  -34.957 0.5000000000
24803  -36.053  -49.740  -35.954 0.6000000238
18620  -29.821  -57.053  -34.277 0.4000000060
19493  -31.835  -56.062  -37.178 0.4000000060
20399  -29.153  -54.188  -35.519 0.4000000060
21250  -37.669  -53.021  -36.877 0.6999999881
22098  -37.926  -52.474  -36.858 0.6999999881
21247  -32.370  -53.675  -36.305 0.6000000238
22090  -33.585  -52.751  -36.597 0.6000000238
22977  -33.062  -52.185  -35.428 0.6000000238
23850  -33.582  -50.707  -34.617 0.6999999881
23856  -34.980  -50.724  -36.120 0.6000000238
24796  -34.696  -49.701  -34.668 0.6000000238
23847  -30.828  -50.754  -34.050 0.5000000000
22078  -28.566  -52.737  -34.266 0.4000000060
22969  -29.642  -51.700  -34.135 0.5000000000
23848  -31.699  -50.304  -33.908 0.6000000238
109192  -28.142  -52.910  -34.122 0.4000000060
22069  -28.596  -52.699  -33.338 0.5000000000
22963  -29.067  -51.909  -33.859 0.5000000000
121569  -29.501  -51.226  -33.704 0.5000000000
23841  -30.764  -49.979  -33.786 0.5000000000
24784  -30.288  -49.375  -33.474 0.5000000000
24794  -32.794  -50.253  -33.928 0.6000000238
24786  -32.963  -49.547  -33.514 0.5000000000
24785  -31.229  -49.522  -33.628 0.5000000000
121367  -32.615  -48.919  -33.092 0.6999999881
25710  -31.922  -49.154  -33.350 0.6000000238
25703  -32.909  -48.428  -32.638 0.6000000238
121125  -28.508  -53.484  -32.859 0.5000000000
22960  -29.211  -51.357  -32.862 0.5000000000
23835  -29.337  -50.443  -33.130 0.5000000000
24783  -29.710  -49.881  -33.284 0.5000000000
23839  -29.638  -50.619  -33.477 0.5000000000
25711  -33.506  -48.972  -33.113 0.6000000238
25709  -30.962  -48.772  -33.340 0.6000000238
25702  -31.816  -48.374  -32.932 0.5000000000
26584  -33.326  -47.850  -32.024 0.6000000238
22070  -29.226  -52.294  -32.580 0.5000000000
23830  -29.497  -50.712  -32.457 0.5000000000
108875  -29.433  -49.813  -32.708 0.5000000000
24778  -30.143  -48.561  -33.044 0.5000000000
25704  -33.950  -48.405  -32.598 0.6000000238
104396  -30.739  -48.030  -32.899 0.5000000000
26583  -32.286  -47.761  -32.329 0.6000000238
22060  -29.756  -52.863  -31.463 0.5000000000
22955  -29.738  -51.760  -31.973 0.5000000000
22956  -30.218  -51.110  -31.409 0.5000000000
23827  -30.606  -50.493  -30.744 0.5000000000
24768  -30.359  -49.536  -30.857 0.6000000238
23831  -29.871  -49.981  -31.699 0.4000000060
106217  -30.090  -48.015  -30.514 0.4000000060
24773  -29.820  -49.117  -31.521 0.5000000000
26580  -29.540  -47.867  -32.123 0.5000000000
24772  -29.512  -49.106  -32.239 0.4000000060
26565  -30.221  -47.317  -29.999 0.4000000060
26573  -29.673  -47.167  -30.897 0.5000000000
26575  -29.732  -47.310  -32.042 0.5000000000
27463  -30.168  -46.431  -29.803 0.4000000060
27484  -30.514  -47.294  -32.280 0.6000000238
26576  -31.579  -47.090  -32.061 0.6000000238
26577  -32.682  -47.134  -31.739 0.6000000238
27478  -33.058  -46.369  -31.362 0.6000000238
121672  -29.671  -47.906  -31.160 0.5000000000
113646  -29.804  -46.520  -30.496 0.5000000000
27470  -29.651  -46.293  -30.932 0.5000000000
27469  -29.650  -46.872  -31.430 0.5000000000
27454  -30.203  -45.691  -29.560 0.4000000060
27462  -29.780  -45.730  -30.387 0.5000000000
28402  -31.355  -45.618  -31.440 0.6000000238
27476  -30.691  -46.387  -31.721 0.6000000238
28403  -32.386  -45.801  -31.327 0.6000000238
28396  -29.724  -45.518  -30.898 0.5000000000
30182  -30.393  -43.620  -28.925 0.3000000119
29310  -30.589  -44.397  -28.712 0.4000000060
28381  -30.326  -45.042  -29.219 0.4000000060
124682  -29.909  -45.135  -29.941 0.5000000000
110106  -32.130  -45.179  -31.261 0.6000000238
32897  -31.123  -40.234  -29.625 0.3000000119
32896  -30.328  -40.427  -29.186 0.3000000119
32015  -30.382  -41.280  -29.356 0.4000000060
31114  -30.316  -42.462  -29.137 0.4000000060
33836  -30.576  -39.095  -29.269 0.3000000119
36466  -32.961  -36.814  -29.758 0.3000000119
35566  -31.898  -37.981  -29.428 0.3000000119
36472  -33.275  -36.128  -29.951 0.3000000119
119557  -34.046  -36.044  -30.278 0.3000000119
37479  -33.733  -35.411  -30.056 0.3000000119
38537  -34.267  -34.822  -30.021 0.3000000119
38532  -33.969  -34.404  -29.588 0.3000000119
108653  -34.875  -33.901  -29.277 0.3000000119
29318  -30.179  -44.392  -29.735 0.5000000000
33837  -31.392  -39.568  -29.525 0.3000000119
24787  -34.097  -49.435  -33.767 0.5000000000
22964  -29.239  -51.110  -33.397 0.5000000000
26581  -29.974  -47.873  -32.553 0.5000000000
27477  -31.967  -46.405  -31.592 0.6000000238
23844  -39.082  -51.089  -34.516 0.3000000119
22091  -37.549  -53.217  -36.135 0.6000000238
22085  -37.901  -52.702  -35.533 0.6000000238
25699  -41.463  -48.405  -31.238 0.3000000119
25706  -41.049  -48.965  -32.101 0.3000000119
103841  -40.773  -49.529  -33.108 0.3000000119
24782  -41.971  -49.005  -32.788 0.3000000119
24781  -39.889  -49.404  -32.403 0.3000000119
106259  -39.881  -49.879  -33.282 0.3000000119
24792  -41.637  -49.612  -33.930 0.3000000119
22084  -37.065  -52.903  -34.980 0.6000000238
22975  -38.357  -52.189  -35.057 0.5000000000
104805  -42.159  -48.339  -31.848 0.3000000119
25707  -42.676  -48.292  -32.540 0.3000000119
24790  -39.474  -50.387  -33.869 0.3000000119
22968  -38.544  -51.596  -34.547 0.4000000060
21238  -28.028  -53.421  -34.718 0.4000000060
25695  -42.661  -47.282  -30.317 0.3000000119
25700  -42.425  -47.640  -31.034 0.3000000119
26579  -42.459  -47.416  -31.189 0.3000000119
26588  -42.641  -47.818  -32.232 0.3000000119
18632  -32.557  -57.977  -36.772 0.5000000000
116272  -33.134  -57.646  -36.840 0.5000000000
18633  -33.002  -58.265  -36.480 0.5000000000
19491  -34.480  -55.915  -36.882 0.5000000000
18634  -34.101  -56.577  -36.544 0.5000000000
18640  -32.757  -56.833  -37.169 0.5000000000
18641  -33.549  -56.962  -37.044 0.5000000000
18639  -31.794  -56.798  -36.804 0.4000000060
20395  -34.871  -54.942  -35.429 0.6000000238
20402  -35.003  -55.173  -36.798 0.6000000238
18642  -34.019  -56.234  -37.294 0.5000000000
116453  -33.343  -56.224  -37.581 0.5000000000
21241  -35.965  -53.866  -35.277 0.6000000238
20403  -35.627  -54.352  -37.152 0.6000000238
20408  -34.830  -54.702  -37.504 0.6000000238
121793  -34.435  -55.525  -37.456 0.5000000000
24780  -39.072  -49.863  -32.810 0.3000000119
22967  -37.766  -51.624  -33.996 0.4000000060
21248  -36.326  -53.993  -36.618 0.6000000238
20410  -34.158  -55.146  -37.819 0.4000000060
24779  -38.153  -49.918  -32.316 0.3000000119
23843  -38.171  -51.069  -33.665 0.3000000119
22974  -37.388  -52.245  -34.406 0.5000000000
21242  -36.818  -53.587  -35.754 0.6000000238
20396  -35.611  -54.503  -36.111 0.6000000238
23842  -37.449  -51.125  -33.194 0.3000000119
21240  -35.138  -54.167  -34.738 0.5000000000
21237  -35.381  -53.429  -34.051 0.5000000000
22083  -36.212  -53.142  -34.507 0.5000000000
22075  -34.782  -52.998  -33.024 0.4000000060
22076  -35.598  -52.670  -33.441 0.5000000000
21236  -34.568  -53.730  -33.610 0.5000000000
20390  -34.366  -54.503  -34.177 0.5000000000
22072  -34.997  -52.259  -32.438 0.4000000060
22965  -35.847  -51.920  -32.859 0.4000000060
22077  -36.461  -52.389  -33.879 0.5000000000
22966  -36.820  -51.606  -33.266 0.4000000060
111878  -30.342  -62.930  -35.576 0.3000000119
105198  -30.578  -63.502  -35.990 0.3000000119
13525  -30.981  -62.536  -35.108 0.3000000119
14384  -31.831  -61.611  -34.187 0.3000000119
14369  -32.367  -61.493  -33.864 0.4000000060
13508  -30.817  -61.689  -35.123 0.3000000119
15220  -32.440  -60.824  -33.331 0.4000000060
14368  -31.736  -61.059  -33.868 0.4000000060
14383  -31.421  -61.352  -34.548 0.3000000119
15233  -31.093  -61.018  -35.368 0.3000000119
15211  -32.884  -60.267  -32.756 0.4000000060
16035  -32.349  -59.554  -32.492 0.4000000060
15219  -31.765  -60.345  -33.599 0.4000000060
15234  -31.516  -60.639  -34.570 0.4000000060
15247  -31.545  -60.400  -35.981 0.4000000060
16831  -33.725  -58.142  -30.920 0.3000000119
16026  -32.843  -59.140  -31.773 0.4000000060
16844  -32.657  -58.429  -31.491 0.4000000060
16863  -32.161  -58.758  -32.215 0.4000000060
16862  -31.864  -58.849  -33.078 0.4000000060
16875  -31.865  -59.368  -34.101 0.4000000060
16058  -31.864  -60.087  -35.167 0.4000000060
121160  -33.018  -56.591  -30.350 0.3000000119
17700  -32.516  -57.644  -31.250 0.4000000060
105535  -32.191  -57.336  -31.992 0.4000000060
105782  -32.261  -58.037  -31.880 0.4000000060
109422  -32.157  -57.580  -33.026 0.4000000060
17726  -32.043  -58.348  -33.446 0.4000000060
17742  -32.385  -58.057  -34.213 0.4000000060
17754  -32.251  -58.868  -34.643 0.4000000060
16884  -32.250  -59.541  -35.617 0.4000000060
18589  -32.343  -56.502  -31.492 0.4000000060
18612  -32.558  -57.162  -33.757 0.4000000060
18622  -33.010  -57.860  -35.227 0.4000000060
16885  -32.563  -59.178  -36.014 0.4000000060
109641  -31.928  -59.799  -36.308 0.4000000060
18600  -32.330  -56.692  -32.563 0.4000000060
19475  -32.746  -56.165  -33.317 0.4000000060
19482  -33.225  -56.838  -34.629 0.4000000060
17762  -32.531  -58.808  -36.497 0.4000000060
19464  -32.998  -55.216  -32.988 0.4000000060
19476  -33.411  -55.768  -34.092 0.4000000060
19483  -33.925  -56.384  -35.396 0.4000000060
21235  -33.803  -54.064  -33.179 0.4000000060
20389  -33.650  -54.864  -33.643 0.4000000060
22071  -34.220  -52.666  -32.007 0.3000000119
22961  -35.295  -51.580  -31.863 0.3000000119
18623  -33.581  -57.449  -36.232 0.4000000060
22962  -36.110  -51.247  -32.222 0.3000000119
20394  -34.149  -55.370  -34.757 0.4000000060
15210  -32.167  -60.127  -33.014 0.4000000060
16034  -31.835  -59.569  -33.254 0.4000000060
118016  -31.673  -59.959  -34.041 0.4000000060
17701  -33.200  -57.470  -30.645 0.4000000060
16845  -33.328  -58.682  -31.280 0.4000000060
17702  -34.024  -57.606  -30.614 0.3000000119
17727  -32.066  -58.117  -32.565 0.4000000060
19435  -32.862  -55.701  -30.335 0.3000000119
18575  -32.548  -56.929  -30.892 0.4000000060
124808  -32.339  -57.072  -31.378 0.4000000060
19463  -32.514  -55.662  -32.066 0.4000000060
17755  -32.744  -58.651  -35.677 0.4000000060
110165  -33.285  -54.495  -32.781 0.4000000060
16038  -35.113  -59.472  -32.515 0.3000000119
14371  -34.107  -61.322  -33.733 0.3000000119
14385  -33.758  -61.847  -34.168 0.3000000119
15212  -33.863  -60.291  -32.710 0.3000000119
14370  -33.179  -61.417  -33.655 0.3000000119
15221  -33.475  -60.838  -33.203 0.3000000119
16037  -34.250  -59.707  -32.276 0.3000000119
16036  -33.280  -59.739  -32.224 0.3000000119
16027  -33.713  -59.240  -31.704 0.3000000119
20371  -32.651  -55.030  -31.183 0.3000000119
20382  -32.853  -54.692  -32.025 0.3000000119
21231  -33.341  -53.867  -32.065 0.3000000119
21232  -34.031  -53.375  -32.608 0.3000000119
16846  -34.143  -58.688  -31.327 0.3000000119
13509  -31.482  -62.035  -34.604 0.3000000119
16830  -33.045  -58.134  -31.005 0.4000000060
18576  -33.833  -56.941  -30.284 0.3000000119
19450  -32.496  -55.708  -31.043 0.3000000119
19484  -34.565  -55.835  -36.012 0.5000000000
19495  -33.860  -55.685  -37.782 0.5000000000
21234  -28.018  -53.348  -33.674 0.4000000060
21252  -33.027  -54.095  -37.324 0.6000000238
21254  -34.759  -54.028  -37.665 0.6999999881
22073  -28.565  -52.334  -33.883 0.5000000000
22074  -28.948  -51.867  -33.441 0.5000000000
22092  -38.011  -52.808  -36.393 0.6999999881
22987  -38.291  -51.894  -36.790 0.6999999881
23838  -38.585  -50.474  -33.275 0.3000000119
23840  -30.144  -50.210  -33.672 0.5000000000
23846  -30.010  -50.968  -33.935 0.5000000000
24777  -29.644  -49.117  -33.000 0.5000000000
24801  -42.409  -49.531  -34.812 0.4000000060
24810  -43.231  -49.333  -35.158 0.4000000060
25690  -29.604  -47.551  -31.566 0.5000000000
25691  -30.000  -48.650  -30.992 0.6000000238
25697  -29.562  -48.348  -31.756 0.5000000000
25701  -29.587  -48.433  -32.527 0.5000000000
25712  -34.516  -48.842  -33.287 0.6000000238
25718  -43.971  -49.067  -34.978 0.4000000060
25726  -44.001  -48.353  -36.196 0.5000000000
26582  -31.357  -47.658  -32.595 0.6000000238
26589  -35.925  -47.956  -33.024 0.6999999881
26595  -37.787  -47.560  -34.392 0.8000000119
26599  -44.534  -47.897  -35.499 0.5000000000
26607  -43.981  -47.610  -36.603 0.6000000238
27475  -29.892  -46.212  -31.334 0.5000000000
27487  -36.613  -46.266  -32.630 0.6999999881
27492  -37.594  -46.062  -33.710 0.6000000238
27499  -44.410  -47.205  -35.543 0.5000000000
27500  -44.453  -47.357  -36.195 0.5000000000
27501  -38.815  -46.032  -34.988 0.6999999881
27504  -44.242  -46.582  -36.649 0.5000000000
27506  -43.191  -45.996  -37.120 0.6000000238
28389  -29.874  -45.019  -30.388 0.5000000000
28401  -30.305  -45.487  -31.240 0.5000000000
28405  -34.525  -45.452  -31.353 0.6999999881
28406  -35.428  -45.470  -31.721 0.6999999881
29330  -33.490  -44.281  -31.377 0.6999999881
29352  -41.327  -44.677  -34.247 0.3000000119
30202  -34.143  -43.111  -31.931 0.6000000238
30221  -37.815  -43.238  -34.253 0.5000000000
31129  -31.730  -42.941  -30.817 0.6000000238
31139  -35.924  -42.319  -32.748 0.6000000238
31145  -36.555  -42.566  -33.226 0.5000000000
31146  -37.185  -42.929  -33.713 0.5000000000
31156  -43.505  -42.405  -35.595 0.3000000119
31165  -43.688  -41.773  -36.690 0.4000000060
31167  -42.887  -42.932  -37.167 0.3000000119
32023  -32.571  -41.936  -30.870 0.5000000000
32061  -39.594  -41.482  -35.067 0.5000000000
32068  -40.441  -41.470  -35.700 0.5000000000
32069  -41.579  -41.424  -36.333 0.5000000000
32070  -42.830  -41.451  -36.826 0.3000000119
32073  -43.782  -41.196  -36.680 0.4000000060
32921  -37.584  -40.167  -32.354 0.4000000060
32936  -38.922  -40.889  -34.056 0.5000000000
32939  -43.971  -40.294  -35.557 0.3000000119
33862  -41.405  -39.481  -32.400 0.3000000119
33868  -42.225  -39.513  -33.151 0.3000000119
33884  -43.975  -39.828  -36.413 0.3000000119
34750  -43.515  -38.045  -36.115 0.4000000060
35603  -43.643  -36.921  -35.599 0.4000000060
35604  -44.077  -37.296  -35.510 0.3000000119
36468  -39.512  -36.470  -29.508 0.4000000060
36478  -41.559  -36.063  -31.071 0.4000000060
36485  -41.310  -36.893  -31.316 0.4000000060
36491  -38.997  -36.003  -31.948 0.4000000060
36504  -43.457  -36.190  -35.137 0.3000000119
37472  -33.423  -34.765  -29.668 0.3000000119
37487  -37.268  -35.976  -31.368 0.4000000060
37508  -43.211  -35.577  -34.783 0.4000000060
106314  -42.506  -47.761  -31.696 0.3000000119
107625  -43.035  -38.783  -33.593 0.3000000119
107900  -36.362  -49.286  -35.457 0.8000000119
109148  -43.799  -43.101  -37.199 0.5000000000
111568  -38.573  -44.110  -35.063 0.5000000000
112568  -30.424  -41.947  -29.410 0.4000000060
113531  -36.656  -37.055  -31.171 0.4000000060
114849  -32.101  -49.760  -33.641 0.5000000000
118699  -31.748  -40.638  -29.910 0.4000000060
121019  -31.800  -51.020  -34.229 0.6999999881
121433  -41.951  -48.001  -30.546 0.3000000119
122566  -33.737  -55.311  -37.961 0.4000000060
123003  -32.570  -56.274  -30.758 0.3000000119
124183  -30.055  -44.557  -30.311 0.5000000000
124535  -31.927  -59.153  -32.719 0.4000000060
124578  -31.953  -58.825  -33.724 0.4000000060
124640  -32.688  -55.293  -30.703 0.3000000119
124825  -30.008  -46.802  -31.794 0.6000000238
125177  -29.225  -50.846  -32.984 0.5000000000
