#!ascii label  , from subject sub-v2s17x50038_ses-1 vox2ras=TkReg
1587
39473  -30.663  -33.557  -28.531 0.5000000000
40395  -31.478  -33.030  -28.642 0.5000000000
40396  -32.250  -32.804  -28.436 0.5000000000
40383  -32.636  -32.577  -27.722 0.5000000000
115702  -33.862  -32.791  -26.620 0.5000000000
53733  -35.686  -17.801  -24.128 0.5000000000
53712  -35.768  -17.140  -23.730 0.4000000060
54589  -36.042  -16.419  -23.441 0.4000000060
54573  -36.855  -16.325  -22.985 0.5000000000
125059  -35.612  -15.878  -23.545 0.5000000000
55421  -36.356  -15.575  -23.192 0.4000000060
55408  -37.221  -15.587  -22.641 0.5000000000
116811  -36.882  -14.971  -22.843 0.5000000000
56343  -36.295  -14.689  -23.235 0.4000000060
37454  -29.928  -34.913  -28.220 0.5000000000
39474  -31.465  -33.798  -28.827 0.4000000060
123040  -32.080  -33.357  -28.800 0.5000000000
39476  -33.618  -33.684  -28.709 0.5000000000
39468  -34.043  -33.467  -27.962 0.5000000000
40385  -34.522  -33.110  -27.113 0.5000000000
40375  -34.526  -32.548  -26.320 0.5000000000
104960  -36.328  -18.884  -24.514 0.5000000000
112609  -35.741  -18.428  -24.575 0.5000000000
53732  -35.015  -17.262  -24.172 0.5000000000
54588  -35.156  -16.489  -23.832 0.5000000000
58854  -37.519  -11.458  -23.657 0.3000000119
55420  -35.612  -15.186  -23.535 0.4000000060
57984  -37.113  -12.317  -23.528 0.3000000119
57145  -37.260  -13.524  -22.856 0.4000000060
57144  -36.384  -13.705  -23.401 0.3000000119
57158  -36.986  -13.062  -23.292 0.4000000060
40384  -33.516  -33.037  -27.333 0.5000000000
40397  -33.130  -33.207  -28.171 0.5000000000
40374  -33.790  -32.339  -26.025 0.5000000000
57985  -37.988  -11.999  -22.956 0.3000000119
57967  -37.580  -12.794  -22.886 0.3000000119
28397  -38.568  -45.552  -30.405 0.3000000119
29325  -37.725  -44.868  -30.502 0.3000000119
29334  -38.345  -45.042  -31.246 0.4000000060
28407  -39.057  -45.372  -31.856 0.4000000060
106341  -39.719  -45.943  -31.766 0.4000000060
29340  -39.260  -44.826  -32.395 0.4000000060
28419  -40.158  -45.389  -33.147 0.4000000060
30215  -40.100  -44.065  -33.148 0.4000000060
30210  -40.270  -43.259  -32.930 0.4000000060
29320  -37.162  -44.514  -29.899 0.3000000119
110352  -37.414  -43.191  -30.334 0.4000000060
29333  -37.851  -44.238  -30.963 0.4000000060
30196  -37.917  -43.312  -30.877 0.4000000060
29339  -38.815  -44.427  -31.940 0.4000000060
30204  -39.027  -43.312  -31.860 0.4000000060
30209  -39.490  -43.938  -32.540 0.4000000060
113097  -39.683  -43.069  -32.346 0.4000000060
32047  -40.744  -41.788  -32.725 0.4000000060
31141  -40.692  -42.535  -33.020 0.4000000060
32005  -36.064  -41.977  -28.025 0.3000000119
32011  -36.454  -42.323  -28.704 0.3000000119
32012  -36.665  -41.332  -28.549 0.3000000119
31124  -37.792  -42.521  -30.447 0.4000000060
32025  -37.630  -41.965  -30.012 0.4000000060
113122  -38.515  -43.063  -31.319 0.4000000060
31125  -38.392  -42.466  -30.935 0.4000000060
32035  -39.505  -41.665  -31.520 0.4000000060
32046  -40.041  -41.873  -32.132 0.4000000060
32910  -39.534  -40.330  -30.930 0.4000000060
32036  -40.315  -41.098  -31.961 0.4000000060
33851  -40.228  -38.846  -31.032 0.4000000060
33850  -39.901  -39.604  -31.037 0.4000000060
32915  -40.151  -40.261  -31.496 0.4000000060
32004  -35.662  -41.746  -27.284 0.3000000119
31106  -36.057  -42.835  -28.179 0.3000000119
115528  -36.083  -41.123  -27.773 0.3000000119
109812  -37.307  -41.064  -29.121 0.3000000119
32026  -38.312  -41.711  -30.460 0.3000000119
32034  -38.847  -41.860  -31.045 0.4000000060
32027  -39.084  -41.108  -30.829 0.4000000060
124042  -39.087  -39.252  -30.219 0.4000000060
33849  -39.315  -39.737  -30.531 0.4000000060
109852  -39.722  -40.885  -31.337 0.4000000060
34703  -39.246  -37.817  -29.819 0.4000000060
34712  -39.899  -38.167  -30.500 0.4000000060
32882  -35.580  -40.799  -27.007 0.3000000119
32883  -36.045  -40.420  -27.590 0.3000000119
32889  -36.506  -40.524  -28.151 0.3000000119
104900  -36.354  -39.863  -27.823 0.3000000119
32890  -37.088  -40.491  -28.716 0.4000000060
32900  -37.697  -40.421  -29.300 0.4000000060
33839  -38.137  -39.710  -29.501 0.4000000060
32901  -38.343  -40.421  -29.853 0.4000000060
36457  -37.780  -36.704  -28.151 0.3000000119
34702  -38.608  -38.318  -29.488 0.4000000060
33840  -38.733  -39.769  -30.061 0.4000000060
35556  -38.216  -37.110  -28.706 0.3000000119
34711  -39.174  -38.615  -30.074 0.4000000060
111664  -38.625  -39.093  -29.766 0.4000000060
33786  -34.812  -39.255  -24.025 0.3000000119
33785  -34.667  -40.088  -24.581 0.3000000119
35492  -35.675  -38.123  -22.919 0.3000000119
32875  -35.096  -40.797  -26.123 0.3000000119
108797  -34.989  -39.913  -25.672 0.3000000119
112265  -35.371  -40.152  -26.474 0.3000000119
33809  -35.428  -39.444  -26.371 0.3000000119
34678  -35.541  -38.649  -26.263 0.3000000119
33810  -35.802  -39.085  -26.859 0.3000000119
33822  -36.260  -39.162  -27.464 0.3000000119
34684  -36.707  -37.749  -27.452 0.3000000119
33829  -36.799  -39.305  -28.157 0.3000000119
35546  -37.227  -37.179  -27.781 0.3000000119
33830  -37.415  -39.642  -28.825 0.3000000119
35555  -37.673  -37.368  -28.337 0.3000000119
34691  -37.359  -38.711  -28.496 0.4000000060
36447  -38.051  -35.944  -27.882 0.3000000119
36467  -38.840  -36.754  -29.096 0.4000000060
36459  -39.152  -35.958  -28.909 0.4000000060
37466  -39.648  -35.072  -28.630 0.4000000060
34655  -35.186  -38.639  -23.502 0.3000000119
104788  -34.868  -39.142  -24.974 0.3000000119
35507  -35.307  -37.825  -23.764 0.3000000119
121259  -35.167  -39.071  -25.743 0.3000000119
34672  -35.249  -38.289  -25.357 0.3000000119
35537  -36.210  -36.981  -26.338 0.3000000119
35536  -35.754  -37.746  -26.132 0.3000000119
36434  -36.703  -36.296  -26.603 0.3000000119
35545  -36.695  -37.004  -27.108 0.3000000119
110722  -36.287  -37.563  -26.812 0.3000000119
36435  -37.281  -35.691  -26.831 0.3000000119
36446  -37.323  -36.353  -27.415 0.3000000119
120114  -37.746  -35.669  -27.337 0.3000000119
37444  -38.251  -34.713  -26.662 0.3000000119
37465  -38.784  -35.499  -28.239 0.3000000119
37457  -39.255  -34.716  -27.820 0.3000000119
38524  -39.940  -34.389  -28.101 0.4000000060
35493  -36.195  -37.351  -22.609 0.3000000119
35483  -36.946  -37.677  -22.062 0.3000000119
35518  -35.282  -37.635  -24.619 0.3000000119
36409  -35.436  -37.145  -24.081 0.3000000119
122516  -38.222  -36.889  -21.693 0.3000000119
36410  -35.720  -36.468  -23.913 0.3000000119
36386  -39.015  -37.000  -21.709 0.3000000119
37429  -36.910  -34.783  -24.705 0.3000000119
37428  -36.524  -35.420  -25.182 0.3000000119
35527  -35.787  -37.037  -25.667 0.3000000119
37443  -37.198  -34.924  -25.571 0.3000000119
38499  -37.672  -34.369  -25.050 0.3000000119
38512  -37.967  -34.506  -25.890 0.3000000119
38518  -39.014  -34.390  -27.024 0.3000000119
38534  -41.023  -34.533  -29.449 0.5000000000
35508  -35.673  -37.189  -23.358 0.3000000119
36393  -36.091  -36.464  -23.067 0.3000000119
36394  -36.722  -36.599  -22.371 0.3000000119
36418  -35.590  -36.802  -24.840 0.3000000119
37411  -36.237  -35.646  -23.653 0.3000000119
36387  -39.928  -36.613  -21.576 0.3000000119
36388  -40.899  -36.548  -21.776 0.3000000119
38479  -36.734  -34.838  -23.857 0.3000000119
37419  -36.413  -35.276  -24.402 0.3000000119
36389  -41.768  -36.368  -21.933 0.3000000119
39453  -39.007  -33.582  -25.294 0.3000000119
38500  -38.371  -34.056  -25.393 0.3000000119
37394  -42.840  -35.265  -21.524 0.3000000119
39461  -38.861  -34.088  -26.127 0.3000000119
38513  -39.503  -33.856  -26.639 0.3000000119
106966  -39.864  -33.978  -27.347 0.3000000119
110120  -40.598  -33.187  -27.211 0.4000000060
38519  -40.524  -33.813  -28.006 0.5000000000
37398  -37.260  -35.705  -22.241 0.3000000119
37388  -38.041  -35.981  -21.697 0.3000000119
114425  -38.674  -36.265  -21.536 0.3000000119
38464  -37.476  -34.791  -22.540 0.3000000119
37399  -37.981  -35.117  -21.903 0.3000000119
37390  -39.672  -35.538  -21.260 0.3000000119
38488  -37.401  -34.294  -24.144 0.3000000119
37391  -40.581  -35.670  -21.191 0.3000000119
38489  -38.275  -33.790  -24.533 0.3000000119
37392  -41.486  -35.666  -21.286 0.3000000119
113907  -42.101  -34.867  -21.034 0.3000000119
40327  -43.597  -32.761  -21.375 0.3000000119
39410  -43.263  -33.530  -21.186 0.3000000119
40358  -39.389  -32.614  -24.375 0.3000000119
39454  -39.599  -33.009  -25.164 0.3000000119
40378  -40.102  -32.725  -25.731 0.3000000119
107563  -40.028  -33.468  -26.710 0.3000000119
38465  -38.109  -34.407  -22.266 0.3000000119
38457  -39.246  -34.621  -21.457 0.3000000119
39428  -37.931  -33.853  -23.467 0.3000000119
38481  -38.158  -33.872  -22.683 0.3000000119
115548  -37.731  -34.227  -22.808 0.3000000119
39415  -38.791  -33.780  -22.060 0.3000000119
39408  -39.720  -33.836  -21.373 0.3000000119
109298  -40.637  -33.929  -20.882 0.3000000119
38458  -40.147  -34.724  -21.069 0.3000000119
39430  -38.957  -32.918  -23.640 0.3000000119
108067  -38.541  -33.385  -23.843 0.3000000119
39429  -38.470  -33.335  -23.020 0.3000000119
108442  -39.485  -33.015  -21.824 0.3000000119
39409  -40.236  -33.078  -21.219 0.3000000119
116581  -41.105  -34.812  -20.892 0.3000000119
40344  -39.261  -32.262  -23.367 0.3000000119
40325  -41.678  -32.409  -20.891 0.3000000119
120393  -41.914  -33.210  -20.712 0.3000000119
110599  -42.346  -31.975  -21.097 0.3000000119
40326  -42.654  -32.803  -20.960 0.3000000119
106555  -42.469  -33.695  -20.849 0.3000000119
41240  -42.796  -31.362  -21.338 0.3000000119
112405  -43.172  -32.076  -21.321 0.3000000119
40367  -39.847  -32.342  -25.080 0.4000000060
41241  -43.655  -31.423  -21.630 0.3000000119
109774  -45.238  -30.028  -22.570 0.3000000119
40379  -40.448  -32.395  -26.150 0.3000000119
40389  -40.726  -32.394  -26.738 0.4000000060
43230  -45.762  -29.699  -22.967 0.3000000119
39480  -41.124  -33.148  -28.042 0.5000000000
104177  -41.596  -33.097  -28.844 0.5000000000
39416  -39.026  -32.903  -22.650 0.3000000119
40323  -39.942  -32.262  -21.607 0.3000000119
40324  -40.731  -32.317  -21.109 0.3000000119
41239  -41.250  -31.597  -21.121 0.3000000119
41279  -39.565  -31.887  -24.259 0.4000000060
113879  -41.979  -31.360  -21.158 0.3000000119
42223  -43.268  -30.657  -21.497 0.3000000119
41288  -39.910  -31.588  -25.076 0.4000000060
40368  -40.288  -32.031  -25.648 0.5000000000
113306  -44.123  -30.690  -21.886 0.3000000119
43224  -44.640  -29.928  -22.046 0.4000000060
43225  -45.294  -29.245  -22.298 0.4000000060
41300  -40.602  -31.752  -26.283 0.5000000000
41310  -40.960  -31.602  -27.002 0.6000000238
39470  -41.145  -32.355  -27.519 0.6000000238
119364  -41.416  -32.003  -27.964 0.6000000238
41253  -39.719  -31.499  -22.011 0.3000000119
42220  -40.581  -30.592  -21.490 0.3000000119
124143  -39.390  -31.709  -23.548 0.3000000119
41238  -40.409  -31.458  -21.468 0.3000000119
42221  -41.427  -30.762  -21.247 0.3000000119
42222  -42.356  -30.676  -21.297 0.3000000119
105850  -41.900  -30.014  -21.247 0.4000000060
105628  -39.416  -31.189  -23.742 0.4000000060
112758  -42.801  -29.979  -21.301 0.4000000060
42270  -39.783  -30.738  -25.070 0.5000000000
43204  -43.760  -29.798  -21.482 0.4000000060
112192  -43.728  -28.823  -21.044 0.4000000060
44076  -44.452  -28.436  -21.230 0.4000000060
41289  -40.247  -31.205  -25.729 0.5000000000
42271  -40.122  -30.241  -25.715 0.6000000238
43205  -44.523  -29.134  -21.602 0.4000000060
44077  -45.106  -28.463  -21.728 0.4000000060
44923  -45.599  -27.702  -21.791 0.4000000060
42279  -40.629  -30.733  -26.510 0.6000000238
44087  -45.774  -28.422  -22.347 0.3000000119
41311  -41.331  -31.527  -27.713 0.6000000238
41322  -41.670  -31.621  -28.466 0.6000000238
42289  -41.532  -30.740  -28.137 0.6999999881
41267  -39.377  -31.453  -22.894 0.3000000119
42219  -40.011  -30.888  -21.820 0.3000000119
110914  -41.141  -30.077  -21.329 0.3000000119
42247  -39.383  -30.552  -23.171 0.3000000119
43201  -41.347  -29.302  -21.256 0.4000000060
42257  -39.444  -30.380  -24.169 0.5000000000
43202  -42.333  -29.347  -21.090 0.4000000060
43203  -43.118  -29.363  -21.095 0.4000000060
43229  -39.404  -29.713  -23.420 0.5000000000
43241  -39.500  -29.552  -24.196 0.5000000000
44913  -44.834  -27.764  -21.203 0.4000000060
44914  -45.293  -26.872  -21.239 0.4000000060
43266  -40.504  -29.639  -26.327 0.6000000238
44915  -46.068  -26.949  -21.861 0.4000000060
45818  -45.903  -26.196  -21.473 0.4000000060
42302  -42.438  -30.653  -29.786 0.6999999881
41327  -42.175  -31.475  -29.375 0.6999999881
43222  -39.572  -29.926  -22.583 0.4000000060
43200  -40.525  -29.730  -21.591 0.4000000060
44074  -41.133  -28.415  -21.223 0.4000000060
43223  -39.890  -29.373  -22.059 0.4000000060
44075  -41.964  -28.625  -20.901 0.4000000060
44085  -39.555  -29.083  -22.802 0.4000000060
43184  -42.843  -28.760  -20.809 0.4000000060
44058  -42.537  -27.969  -20.582 0.4000000060
44059  -43.301  -28.264  -20.668 0.4000000060
44899  -43.648  -27.170  -20.455 0.4000000060
44060  -43.998  -27.930  -20.733 0.4000000060
44900  -44.443  -27.103  -20.720 0.4000000060
43242  -39.761  -29.002  -24.649 0.6000000238
43255  -40.101  -29.290  -25.528 0.6000000238
43267  -40.870  -29.100  -26.824 0.6999999881
46728  -46.365  -25.482  -21.636 0.4000000060
111672  -41.378  -29.871  -27.827 0.6999999881
44091  -39.562  -28.915  -23.707 0.4000000060
44086  -39.952  -28.542  -22.227 0.4000000060
44092  -39.797  -28.219  -23.071 0.5000000000
113130  -42.823  -27.188  -20.401 0.4000000060
44113  -40.206  -28.406  -25.173 0.6999999881
45806  -43.972  -26.431  -20.433 0.4000000060
46717  -44.987  -25.465  -20.821 0.4000000060
44127  -40.585  -28.592  -26.151 0.6999999881
46727  -45.667  -25.476  -21.206 0.4000000060
43277  -41.278  -29.053  -27.446 0.6999999881
47599  -46.455  -24.614  -21.635 0.4000000060
107923  -41.793  -29.879  -28.621 0.6999999881
42303  -42.737  -29.885  -30.360 0.6999999881
47605  -46.981  -24.334  -21.978 0.4000000060
48495  -47.268  -23.686  -22.266 0.4000000060
44922  -40.187  -27.732  -22.348 0.4000000060
118969  -40.549  -27.459  -21.759 0.4000000060
44912  -40.976  -27.655  -21.267 0.4000000060
44057  -41.632  -27.866  -20.828 0.4000000060
44102  -40.020  -28.095  -24.191 0.6999999881
44928  -40.288  -27.188  -23.300 0.5000000000
44897  -42.013  -27.227  -20.545 0.4000000060
124501  -40.320  -27.844  -24.871 0.6999999881
45805  -43.202  -26.534  -20.331 0.4000000060
46716  -44.223  -25.606  -20.487 0.4000000060
44955  -40.557  -27.662  -25.558 0.6999999881
46715  -43.400  -25.800  -20.321 0.4000000060
112911  -43.633  -25.063  -20.352 0.4000000060
44965  -40.937  -27.684  -26.496 0.6999999881
47589  -44.474  -24.689  -20.627 0.4000000060
44128  -41.100  -28.355  -26.986 0.6999999881
47590  -45.349  -24.781  -21.023 0.4000000060
109392  -45.840  -24.216  -21.328 0.4000000060
48484  -45.628  -23.371  -21.394 0.4000000060
43286  -41.754  -28.906  -28.286 0.6999999881
48485  -46.475  -23.672  -21.754 0.4000000060
43287  -42.190  -29.084  -29.151 0.6999999881
49350  -46.827  -22.889  -22.220 0.4000000060
49362  -46.919  -22.206  -22.878 0.4000000060
45816  -40.864  -26.838  -21.367 0.4000000060
44896  -41.368  -27.240  -20.886 0.4000000060
44911  -40.467  -26.954  -22.223 0.5000000000
46725  -41.102  -25.932  -21.097 0.5000000000
45803  -41.547  -26.578  -20.739 0.4000000060
41287  -35.867  -31.185  -25.587 0.4000000060
122749  -36.528  -31.186  -25.978 0.5000000000
46714  -42.660  -25.601  -20.345 0.4000000060
47587  -42.867  -24.784  -20.339 0.4000000060
45860  -40.624  -26.792  -25.462 0.6000000238
47588  -43.599  -24.287  -20.445 0.4000000060
119298  -40.835  -27.109  -26.129 0.6999999881
44966  -41.312  -27.539  -27.267 0.6999999881
48473  -45.075  -23.982  -21.012 0.4000000060
44145  -42.214  -28.216  -29.033 0.6999999881
49338  -46.093  -22.760  -21.824 0.4000000060
50234  -46.150  -21.757  -22.796 0.4000000060
50245  -46.567  -21.584  -23.584 0.4000000060
45815  -40.551  -26.040  -21.919 0.5000000000
45823  -40.410  -26.408  -22.697 0.6000000238
46726  -41.407  -25.013  -20.876 0.5000000000
42267  -34.287  -30.882  -24.916 0.3000000119
42269  -35.961  -30.234  -25.258 0.4000000060
42277  -36.608  -30.596  -25.756 0.5000000000
45846  -40.455  -26.319  -24.713 0.6000000238
45830  -40.348  -26.191  -23.389 0.6000000238
46713  -41.837  -25.769  -20.579 0.4000000060
47586  -42.149  -25.072  -20.474 0.5000000000
104243  -40.885  -26.251  -27.327 0.6999999881
110906  -40.685  -26.490  -26.319 0.6000000238
114924  -42.879  -24.022  -20.398 0.4000000060
45870  -41.103  -26.961  -26.810 0.6999999881
49326  -43.995  -22.918  -20.855 0.4000000060
48472  -44.255  -23.739  -20.721 0.4000000060
48483  -44.817  -23.133  -21.105 0.4000000060
49337  -45.330  -22.550  -21.519 0.4000000060
49349  -45.691  -21.952  -22.061 0.4000000060
50244  -45.909  -21.323  -23.350 0.4000000060
51101  -45.983  -21.152  -24.172 0.4000000060
46737  -40.005  -25.360  -23.553 0.6000000238
104994  -40.270  -25.657  -22.711 0.6000000238
46732  -40.357  -25.121  -22.033 0.5000000000
125181  -40.789  -25.348  -21.452 0.5000000000
118995  -35.373  -29.950  -24.900 0.4000000060
43253  -36.631  -29.547  -25.645 0.4000000060
46764  -40.329  -25.895  -25.575 0.6000000238
109043  -40.314  -25.978  -24.062 0.6000000238
43265  -37.421  -29.384  -26.294 0.5000000000
46774  -40.361  -25.789  -26.603 0.6999999881
108879  -42.072  -24.232  -20.513 0.5000000000
44126  -37.599  -28.602  -26.802 0.5000000000
46781  -39.914  -25.105  -27.022 0.6999999881
46782  -40.395  -25.548  -27.437 0.6999999881
44974  -37.587  -27.385  -27.723 0.6999999881
124730  -37.788  -28.063  -27.328 0.6000000238
46789  -41.075  -25.384  -29.559 0.6999999881
112084  -40.710  -25.524  -28.350 0.6999999881
48470  -42.555  -23.384  -20.555 0.5000000000
46788  -37.277  -25.735  -29.048 0.6999999881
44982  -38.284  -26.995  -28.440 0.6999999881
45888  -41.631  -26.042  -29.700 0.6999999881
48471  -43.415  -23.499  -20.557 0.4000000060
46800  -41.348  -25.131  -30.881 0.6999999881
49336  -44.511  -22.282  -21.274 0.4000000060
122842  -45.063  -21.906  -21.649 0.4000000060
50224  -45.114  -21.432  -21.964 0.4000000060
50233  -45.444  -21.211  -22.671 0.4000000060
51100  -45.559  -20.806  -23.594 0.4000000060
47615  -39.957  -24.844  -22.734 0.6000000238
116005  -40.766  -24.604  -21.436 0.5000000000
43252  -35.813  -29.387  -25.088 0.4000000060
44112  -36.150  -28.656  -25.460 0.4000000060
44125  -36.817  -28.495  -26.178 0.6999999881
46763  -39.843  -25.164  -25.332 0.6999999881
46753  -40.036  -25.473  -24.580 0.6000000238
46752  -39.719  -24.811  -24.074 0.6000000238
47597  -40.189  -24.185  -22.095 0.5000000000
44964  -37.034  -27.743  -26.991 0.6999999881
47663  -40.061  -24.874  -28.102 0.6999999881
114469  -39.601  -24.604  -26.530 0.6999999881
46773  -39.891  -25.213  -26.108 0.6999999881
48482  -40.839  -23.752  -21.406 0.5000000000
47598  -41.328  -24.174  -20.959 0.5000000000
44973  -36.853  -27.035  -27.573 0.6999999881
48469  -41.629  -23.335  -20.889 0.5000000000
45878  -37.219  -26.541  -28.297 0.6999999881
47670  -39.717  -24.003  -28.961 0.6999999881
49324  -42.315  -22.574  -20.754 0.4000000060
47671  -40.393  -24.559  -29.638 0.6999999881
48552  -39.370  -23.189  -29.756 0.6000000238
47683  -39.825  -23.721  -30.506 0.6000000238
47684  -40.305  -24.100  -31.239 0.6999999881
49325  -43.158  -22.732  -20.679 0.4000000060
49335  -43.717  -22.187  -21.001 0.4000000060
47681  -37.232  -24.538  -30.038 0.6999999881
48562  -39.328  -23.206  -30.917 0.6000000238
50223  -44.479  -21.465  -21.569 0.4000000060
50232  -44.722  -20.788  -22.127 0.4000000060
51956  -45.244  -20.042  -23.848 0.4000000060
47604  -39.755  -24.158  -22.783 0.6000000238
44101  -35.452  -28.629  -24.936 0.6000000238
44124  -36.200  -28.025  -25.900 0.6000000238
115561  -36.474  -27.705  -26.406 0.6999999881
48532  -39.318  -23.493  -25.589 0.6000000238
47645  -39.389  -23.969  -24.944 0.6999999881
47632  -39.473  -24.022  -24.118 0.6999999881
47662  -39.495  -24.232  -27.503 0.6000000238
115106  -39.310  -23.869  -26.460 0.6000000238
47655  -39.531  -24.448  -25.661 0.6999999881
48544  -39.259  -23.374  -28.367 0.6000000238
45885  -36.476  -25.846  -28.510 0.6999999881
120048  -38.975  -22.799  -27.928 0.6000000238
47680  -36.186  -24.590  -29.794 0.6999999881
46795  -36.505  -25.221  -29.303 0.6999999881
49334  -42.205  -21.846  -20.930 0.4000000060
50213  -42.935  -21.968  -20.846 0.4000000060
119888  -38.947  -22.460  -30.341 0.6000000238
50221  -42.665  -21.235  -21.118 0.4000000060
50222  -43.604  -21.417  -21.236 0.4000000060
47688  -37.011  -23.887  -30.465 0.6999999881
49430  -37.629  -22.275  -30.910 0.6999999881
48566  -38.126  -22.947  -31.098 0.6999999881
48561  -38.979  -22.865  -31.127 0.6000000238
51075  -44.051  -20.737  -21.664 0.4000000060
112795  -44.464  -20.063  -22.397 0.4000000060
51085  -45.052  -20.407  -22.927 0.4000000060
51944  -44.750  -19.613  -23.101 0.4000000060
52823  -44.992  -19.127  -23.931 0.3000000119
47614  -39.685  -24.496  -23.404 0.6000000238
44954  -35.738  -27.942  -25.341 0.5000000000
114706  -39.086  -22.119  -26.334 0.6000000238
49393  -39.282  -22.579  -25.529 0.6000000238
117803  -39.579  -23.729  -23.283 0.6000000238
48494  -39.867  -23.482  -22.582 0.6000000238
44963  -36.025  -27.280  -25.952 0.6000000238
107162  -38.955  -22.513  -27.155 0.6000000238
48540  -39.146  -23.316  -27.259 0.6000000238
49400  -39.176  -22.979  -26.364 0.6000000238
49348  -40.067  -22.633  -22.430 0.5000000000
48481  -40.387  -23.256  -21.917 0.4000000060
108699  -40.992  -23.022  -21.412 0.5000000000
45869  -36.348  -27.018  -26.937 0.6999999881
118572  -40.670  -22.475  -21.742 0.4000000060
49333  -41.483  -22.325  -21.190 0.4000000060
45877  -36.449  -26.398  -27.744 0.8000000119
49408  -38.752  -22.099  -28.085 0.6000000238
118474  -40.969  -21.798  -21.601 0.4000000060
46794  -35.757  -24.919  -29.269 0.6999999881
49418  -38.627  -21.781  -29.266 0.6000000238
48560  -35.780  -24.049  -30.144 0.6999999881
51074  -43.251  -20.578  -21.457 0.4000000060
48565  -36.724  -23.211  -30.660 0.6999999881
49429  -36.395  -22.502  -30.659 0.6999999881
50311  -38.170  -21.031  -30.149 0.6999999881
51084  -43.809  -19.971  -21.922 0.4000000060
106000  -37.173  -21.751  -30.716 0.6999999881
51943  -43.393  -19.155  -22.189 0.4000000060
52813  -43.848  -18.543  -22.645 0.3000000119
53718  -44.192  -17.966  -23.177 0.4000000060
48519  -39.372  -23.134  -24.653 0.6000000238
49361  -39.484  -22.504  -23.897 0.6000000238
50230  -39.756  -21.856  -23.125 0.5000000000
45876  -36.083  -26.211  -27.126 0.6000000238
50270  -39.245  -21.685  -25.545 0.6000000238
49347  -39.639  -22.907  -23.156 0.5000000000
50279  -38.808  -21.682  -27.172 0.6000000238
113096  -40.369  -21.826  -22.179 0.5000000000
46780  -36.006  -25.770  -27.922 0.6999999881
50289  -38.564  -21.170  -28.172 0.6000000238
50219  -40.826  -21.098  -21.840 0.5000000000
47679  -35.372  -24.475  -29.506 0.8000000119
46787  -35.824  -25.262  -28.679 0.8000000119
51072  -41.462  -20.405  -21.673 0.4000000060
50220  -41.674  -21.290  -21.308 0.4000000060
118325  -38.338  -20.930  -29.400 0.6000000238
51073  -42.341  -20.478  -21.438 0.4000000060
48564  -35.440  -23.419  -30.352 0.6999999881
53695  -41.437  -17.471  -22.873 0.5000000000
52810  -41.618  -18.187  -22.537 0.5000000000
51925  -42.055  -19.710  -21.738 0.4000000060
51926  -42.908  -19.798  -21.735 0.4000000060
49428  -35.171  -22.722  -30.460 0.6999999881
50314  -36.163  -21.688  -30.534 0.6999999881
50316  -38.010  -21.475  -30.647 0.6999999881
50310  -37.825  -20.876  -30.300 0.6999999881
53716  -41.228  -16.782  -23.255 0.5000000000
53696  -42.246  -17.548  -22.545 0.5000000000
124353  -42.686  -17.893  -22.458 0.4000000060
51942  -42.574  -19.029  -22.031 0.4000000060
54591  -41.715  -16.106  -23.164 0.4000000060
54575  -41.929  -16.796  -22.797 0.5000000000
54576  -42.608  -16.889  -22.699 0.4000000060
53697  -43.059  -17.434  -22.608 0.4000000060
53698  -43.616  -17.868  -22.741 0.4000000060
55424  -42.348  -15.492  -23.233 0.4000000060
54592  -42.517  -16.230  -22.930 0.4000000060
54593  -43.242  -16.580  -22.944 0.4000000060
53717  -43.827  -17.202  -23.083 0.4000000060
49378  -39.397  -22.150  -24.740 0.6000000238
45868  -36.061  -26.579  -26.380 0.5000000000
51128  -38.974  -21.285  -26.336 0.6000000238
51120  -39.205  -20.726  -25.607 0.6000000238
50243  -39.651  -21.032  -23.843 0.5000000000
50278  -38.725  -20.888  -27.089 0.6000000238
122958  -39.864  -21.114  -23.172 0.5000000000
118125  -35.776  -25.220  -28.029 0.6000000238
106331  -40.669  -20.254  -22.269 0.5000000000
50231  -40.214  -21.104  -22.588 0.5000000000
47669  -34.964  -24.267  -29.073 0.8000000119
52809  -40.897  -18.136  -23.000 0.5000000000
105712  -40.360  -19.733  -22.874 0.5000000000
48559  -34.783  -23.879  -29.771 0.8000000119
51156  -38.032  -20.236  -29.096 0.6000000238
109242  -40.646  -16.838  -23.741 0.5000000000
53734  -40.175  -17.357  -24.208 0.5000000000
120319  -41.078  -18.711  -22.591 0.5000000000
51940  -40.891  -19.374  -22.418 0.5000000000
51083  -41.343  -19.725  -21.962 0.4000000060
51168  -37.972  -20.498  -29.861 0.6999999881
53715  -40.756  -17.450  -23.440 0.5000000000
51941  -41.691  -18.984  -22.141 0.5000000000
50313  -34.850  -22.035  -30.400 0.8000000119
51173  -37.208  -20.459  -30.102 0.6999999881
54600  -40.244  -16.521  -24.197 0.5000000000
54590  -40.894  -16.077  -23.656 0.4000000060
51172  -36.518  -20.895  -30.359 0.6999999881
55423  -41.532  -15.387  -23.429 0.4000000060
50258  -39.425  -21.298  -24.752 0.5000000000
47653  -36.173  -24.937  -26.529 0.5000000000
125171  -38.909  -20.604  -26.400 0.6000000238
117802  -39.723  -20.266  -23.969 0.5000000000
46772  -36.035  -25.819  -26.225 0.5000000000
51113  -39.506  -20.468  -24.686 0.5000000000
46779  -36.025  -25.482  -27.282 0.5000000000
51139  -38.442  -20.428  -27.694 0.6000000238
51127  -38.687  -20.183  -26.888 0.6000000238
51963  -39.941  -18.921  -24.139 0.5000000000
51954  -39.981  -19.670  -23.623 0.5000000000
105800  -38.312  -20.538  -28.526 0.6000000238
110517  -38.121  -19.990  -28.219 0.6000000238
52837  -39.827  -18.145  -24.603 0.5000000000
52821  -40.322  -18.162  -23.756 0.5000000000
51955  -40.438  -18.943  -23.145 0.5000000000
48551  -34.399  -23.583  -29.252 0.6999999881
49425  -34.130  -23.215  -29.742 0.6999999881
52032  -37.502  -19.990  -29.469 0.6999999881
55434  -40.228  -15.731  -24.185 0.4000000060
48563  -34.551  -23.339  -30.133 0.8000000119
51167  -36.137  -20.435  -30.062 0.6999999881
55422  -40.822  -15.191  -23.774 0.5000000000
50312  -33.891  -22.270  -30.185 0.6999999881
51171  -35.547  -21.124  -30.343 0.8000000119
56346  -42.126  -14.744  -23.473 0.5000000000
57167  -42.513  -13.377  -24.172 0.4000000060
57168  -43.190  -13.392  -24.712 0.5000000000
57998  -43.171  -12.853  -25.157 0.5000000000
56365  -43.708  -14.134  -25.168 0.5000000000
57175  -43.565  -13.446  -25.675 0.5000000000
58009  -43.357  -12.742  -25.966 0.5000000000
51984  -39.020  -19.983  -26.168 0.6000000238
51974  -39.345  -19.812  -25.369 0.6000000238
111599  -39.658  -19.676  -24.503 0.5000000000
47654  -36.327  -24.068  -26.727 0.5000000000
47660  -35.818  -24.691  -27.625 0.5000000000
48543  -35.239  -24.188  -28.369 0.6999999881
51999  -38.359  -19.746  -27.414 0.6000000238
51983  -38.713  -19.464  -26.691 0.6000000238
52867  -39.127  -19.185  -26.002 0.6000000238
52854  -39.454  -18.048  -25.290 0.5000000000
51962  -39.504  -18.875  -25.141 0.5000000000
47643  -36.131  -25.062  -25.558 0.5000000000
109747  -35.038  -23.532  -28.239 0.6000000238
49417  -34.310  -23.334  -28.785 0.6999999881
51998  -37.910  -19.374  -27.882 0.6000000238
121409  -39.820  -16.864  -24.651 0.5000000000
49416  -33.733  -22.889  -29.201 0.6999999881
52020  -37.674  -19.685  -28.681 0.6000000238
54599  -39.719  -16.219  -24.655 0.4000000060
55433  -39.577  -15.429  -24.590 0.5000000000
52031  -36.628  -19.887  -29.650 0.6999999881
52019  -36.972  -19.472  -28.985 0.6999999881
56354  -40.155  -14.879  -24.171 0.5000000000
57995  -40.961  -12.700  -24.295 0.4000000060
114299  -41.460  -12.118  -24.533 0.4000000060
52030  -35.559  -19.935  -29.737 0.6999999881
57996  -41.922  -12.675  -24.296 0.4000000060
116705  -33.885  -20.881  -30.094 0.6999999881
57997  -42.670  -12.717  -24.654 0.4000000060
50309  -33.422  -21.760  -29.954 0.6999999881
57182  -43.586  -13.540  -26.914 0.5000000000
110272  -43.369  -12.723  -26.989 0.5000000000
52866  -38.700  -18.716  -26.500 0.6000000238
48539  -36.392  -23.218  -26.867 0.6000000238
49407  -35.730  -22.926  -27.567 0.6000000238
52885  -38.294  -19.042  -27.172 0.6000000238
49406  -34.781  -22.795  -28.195 0.6000000238
52884  -37.677  -18.724  -27.515 0.5000000000
52865  -38.112  -18.342  -26.870 0.5000000000
53743  -39.616  -17.437  -24.947 0.5000000000
54611  -39.350  -16.746  -25.119 0.5000000000
49405  -33.923  -22.770  -28.709 0.6999999881
52903  -37.299  -19.090  -28.238 0.6000000238
55446  -39.116  -15.964  -25.065 0.6000000238
49415  -33.159  -22.138  -28.837 0.6999999881
57164  -39.392  -13.617  -24.511 0.5000000000
117040  -40.213  -12.415  -24.540 0.4000000060
52018  -35.992  -19.387  -29.166 0.6999999881
52017  -34.711  -19.428  -29.383 0.6999999881
56353  -39.428  -14.547  -24.513 0.5000000000
112629  -40.094  -13.989  -24.201 0.5000000000
104162  -40.122  -13.126  -24.335 0.4000000060
49424  -33.560  -22.475  -29.719 0.6999999881
51166  -35.043  -20.610  -30.110 0.6999999881
117207  -41.504  -11.546  -24.935 0.4000000060
58877  -42.300  -11.451  -25.484 0.4000000060
50308  -32.825  -21.679  -29.422 0.6999999881
52029  -33.573  -20.101  -29.832 0.6999999881
58867  -42.141  -12.059  -24.745 0.4000000060
51165  -32.706  -21.038  -29.696 0.6999999881
58008  -42.817  -12.256  -25.295 0.4000000060
58018  -42.967  -11.995  -26.183 0.4000000060
53759  -38.557  -17.933  -26.264 0.5000000000
52853  -39.120  -18.358  -25.860 0.5000000000
53742  -39.058  -17.447  -25.629 0.5000000000
54610  -38.692  -16.551  -25.499 0.5000000000
50287  -34.305  -21.932  -28.164 0.6000000238
53774  -37.311  -18.064  -27.084 0.5000000000
55432  -38.841  -15.118  -24.907 0.5000000000
107145  -36.864  -18.483  -27.734 0.6000000238
52902  -36.443  -18.898  -28.467 0.6999999881
57994  -39.411  -12.676  -24.696 0.4000000060
56352  -38.597  -14.137  -24.840 0.5000000000
57993  -38.769  -13.276  -24.796 0.5000000000
58866  -40.722  -11.810  -24.700 0.4000000060
58876  -41.477  -10.973  -25.559 0.4000000060
118557  -33.119  -22.125  -29.212 0.6999999881
52882  -34.858  -18.136  -28.021 0.6000000238
59778  -42.107  -10.781  -26.064 0.4000000060
121873  -34.577  -20.154  -29.879 0.6999999881
52016  -33.406  -19.223  -29.420 0.6999999881
53781  -33.729  -17.916  -28.215 0.6000000238
51164  -31.753  -20.831  -29.366 0.6999999881
52028  -32.244  -20.051  -29.574 0.6000000238
120081  -32.363  -19.063  -29.350 0.6999999881
53780  -32.429  -17.739  -28.496 0.6000000238
58885  -42.765  -11.194  -26.291 0.4000000060
51163  -31.276  -20.945  -29.044 0.6999999881
53770  -33.179  -17.169  -27.744 0.6000000238
113965  -43.315  -11.802  -27.004 0.5000000000
53769  -31.676  -17.005  -28.203 0.6000000238
54630  -32.617  -16.422  -27.568 0.6000000238
58027  -43.780  -12.735  -27.610 0.5000000000
53741  -38.256  -17.117  -25.986 0.6000000238
51138  -35.854  -21.002  -27.179 0.5000000000
54609  -37.850  -16.299  -25.692 0.6000000238
51136  -33.332  -21.490  -28.327 0.6000000238
53757  -36.866  -17.375  -26.636 0.6000000238
53758  -37.786  -17.605  -26.525 0.6000000238
55445  -38.345  -15.704  -25.315 0.5000000000
113524  -38.026  -14.826  -25.189 0.5000000000
107242  -34.267  -20.802  -27.721 0.6000000238
114691  -32.939  -20.761  -27.992 0.6000000238
53756  -35.890  -17.197  -26.693 0.6000000238
57174  -38.080  -13.386  -25.097 0.5000000000
58007  -39.112  -12.002  -25.094 0.4000000060
58865  -39.816  -11.860  -24.881 0.4000000060
51154  -31.476  -21.045  -28.643 0.6999999881
51135  -31.666  -20.770  -28.089 0.6000000238
52883  -35.909  -18.302  -27.889 0.6999999881
58874  -40.182  -11.182  -25.247 0.4000000060
58875  -40.900  -11.187  -25.170 0.4000000060
52901  -35.389  -18.785  -28.624 0.6999999881
54621  -34.510  -16.222  -26.588 0.6999999881
56363  -37.116  -14.429  -25.407 0.5000000000
56364  -37.814  -14.075  -25.171 0.5000000000
52014  -30.333  -19.828  -28.458 0.6000000238
54631  -33.882  -16.696  -27.086 0.6000000238
55455  -34.171  -15.448  -26.537 0.6999999881
114796  -30.864  -20.625  -28.712 0.6999999881
52015  -31.255  -19.472  -29.150 0.6000000238
52899  -31.743  -18.499  -28.974 0.6000000238
54620  -33.480  -15.980  -26.936 0.6000000238
56368  -33.997  -14.642  -26.642 0.6000000238
104801  -42.759  -10.414  -26.371 0.4000000060
52898  -30.530  -18.762  -28.626 0.6000000238
53779  -30.964  -17.798  -28.602 0.6000000238
54619  -32.155  -15.689  -27.628 0.6000000238
56376  -32.982  -14.225  -27.602 0.6000000238
59779  -43.343  -10.841  -26.694 0.4000000060
55453  -31.799  -14.865  -28.026 0.6000000238
58895  -43.940  -11.237  -27.212 0.5000000000
118370  -43.992  -12.044  -27.524 0.5000000000
58896  -44.773  -11.694  -27.733 0.5000000000
54624  -37.364  -16.853  -26.144 0.6000000238
55444  -37.460  -15.427  -25.474 0.5000000000
105864  -35.188  -21.174  -27.578 0.6000000238
54623  -36.417  -16.635  -26.253 0.6000000238
58006  -38.483  -12.525  -25.118 0.5000000000
51995  -32.402  -20.002  -27.577 0.6000000238
51994  -31.000  -20.212  -27.518 0.6000000238
54622  -35.467  -16.437  -26.390 0.6000000238
55443  -36.530  -15.161  -25.641 0.5000000000
109709  -35.534  -13.617  -26.009 0.5000000000
57172  -36.492  -13.591  -25.615 0.5000000000
57173  -37.301  -13.496  -25.371 0.5000000000
55456  -35.078  -15.616  -26.234 0.5000000000
56362  -36.227  -14.328  -25.634 0.5000000000
107659  -42.105  -10.022  -26.325 0.4000000060
51992  -29.699  -19.082  -27.784 0.6000000238
57179  -34.050  -13.919  -26.901 0.6000000238
60604  -42.766  -9.699  -26.340 0.4000000060
52897  -29.870  -18.773  -28.152 0.6000000238
53767  -29.421  -17.115  -27.880 0.6000000238
57186  -33.668  -13.231  -27.891 0.6000000238
50301  -32.250  -21.486  -28.998 0.6999999881
53768  -30.129  -16.956  -28.353 0.6000000238
59788  -43.906  -10.512  -27.003 0.4000000060
60605  -43.513  -9.930  -26.551 0.4000000060
54629  -30.661  -16.055  -28.178 0.6000000238
121790  -44.596  -10.749  -27.271 0.4000000060
59789  -45.402  -10.927  -27.742 0.5000000000
59797  -46.088  -10.931  -28.350 0.4000000060
54608  -36.929  -16.047  -25.828 0.6000000238
58017  -37.190  -11.808  -26.054 0.5000000000
113022  -37.915  -11.989  -25.536 0.5000000000
117105  -39.259  -11.240  -25.460 0.4000000060
52881  -31.750  -19.323  -27.120 0.6000000238
52880  -30.519  -19.428  -27.110 0.6000000238
54607  -35.991  -15.810  -25.993 0.6000000238
57181  -36.083  -12.911  -26.030 0.5000000000
58004  -36.785  -12.745  -25.718 0.5000000000
58005  -37.592  -12.649  -25.407 0.5000000000
59768  -40.669  -10.573  -25.772 0.4000000060
52879  -29.914  -19.125  -27.326 0.6000000238
59777  -41.432  -10.357  -26.097 0.4000000060
52861  -29.522  -18.330  -27.296 0.6000000238
54628  -29.611  -16.251  -27.875 0.6000000238
60614  -44.022  -9.159  -26.586 0.4000000060
56375  -30.338  -14.364  -28.320 0.6000000238
58023  -32.643  -12.301  -29.229 0.6000000238
110775  -44.406  -9.892  -27.013 0.4000000060
55461  -30.661  -15.163  -28.218 0.6000000238
57184  -31.348  -14.000  -28.614 0.6000000238
57185  -32.216  -13.303  -28.830 0.6000000238
122313  -45.119  -10.256  -27.341 0.4000000060
120579  -45.233  -9.549  -27.291 0.3000000119
106087  -46.563  -8.880  -28.253 0.3000000119
58872  -37.924  -11.324  -25.974 0.5000000000
59767  -39.753  -10.553  -25.929 0.5000000000
59776  -40.185  -10.004  -26.500 0.5000000000
58016  -36.309  -12.106  -26.441 0.5000000000
121774  -40.871  -10.012  -26.297 0.5000000000
53752  -29.520  -17.482  -26.748 0.6000000238
116199  -29.377  -15.778  -26.961 0.6000000238
58015  -35.387  -12.543  -26.767 0.6000000238
60603  -41.407  -9.620  -26.349 0.4000000060
54617  -29.130  -16.550  -27.339 0.6000000238
55451  -29.465  -15.838  -27.427 0.6000000238
57187  -34.571  -12.687  -27.571 0.6999999881
104080  -43.191  -9.065  -26.332 0.3000000119
57183  -29.692  -12.997  -28.096 0.6000000238
58024  -33.949  -12.193  -28.763 0.6000000238
61395  -43.701  -8.386  -26.438 0.3000000119
55460  -29.870  -15.160  -27.860 0.6000000238
56381  -30.025  -13.534  -28.555 0.6000000238
57192  -30.592  -12.843  -29.124 0.6000000238
57193  -31.461  -12.276  -29.315 0.6000000238
58901  -31.829  -9.653  -29.447 0.6000000238
60615  -44.634  -9.163  -27.021 0.3000000119
61403  -45.209  -8.752  -27.278 0.3000000119
61406  -45.976  -8.270  -27.798 0.3000000119
58884  -37.438  -10.882  -26.823 0.6000000238
59766  -38.911  -10.576  -26.298 0.5000000000
58026  -35.926  -11.578  -27.582 0.6000000238
58883  -36.709  -11.183  -27.137 0.6000000238
60602  -40.601  -9.368  -26.552 0.4000000060
54618  -29.549  -16.521  -26.673 0.6000000238
55439  -29.891  -15.277  -26.633 0.6000000238
58025  -35.022  -11.931  -28.121 0.6000000238
61394  -42.186  -9.076  -26.298 0.3000000119
55452  -29.674  -14.943  -27.294 0.6000000238
57177  -30.016  -13.772  -27.471 0.6000000238
125278  -29.508  -12.560  -28.214 0.6000000238
58022  -30.009  -11.584  -28.166 0.6000000238
114645  -32.922  -11.130  -29.543 0.6000000238
58031  -29.857  -12.104  -28.834 0.6000000238
121149  -44.469  -8.505  -26.809 0.3000000119
58032  -30.499  -11.680  -29.204 0.6000000238
58900  -30.845  -10.598  -29.154 0.6000000238
124694  -45.695  -7.478  -27.607 0.3000000119
62095  -46.407  -7.496  -28.120 0.3000000119
59765  -38.147  -10.651  -26.600 0.5000000000
59775  -39.339  -9.964  -26.833 0.5000000000
58893  -36.240  -10.358  -28.348 0.6000000238
58894  -36.973  -10.097  -27.960 0.6000000238
61393  -41.204  -8.804  -26.470 0.4000000060
58892  -35.396  -10.837  -28.710 0.6000000238
108388  -41.755  -8.130  -26.318 0.4000000060
56359  -30.099  -14.648  -26.750 0.6000000238
58903  -34.572  -9.937  -29.197 0.6000000238
62074  -42.772  -8.187  -26.290 0.3000000119
122909  -29.665  -12.065  -27.952 0.6000000238
58902  -33.380  -9.773  -29.496 0.6000000238
112540  -43.397  -7.651  -26.391 0.3000000119
119118  -44.199  -7.770  -26.632 0.3000000119
58889  -30.745  -10.517  -28.540 0.6000000238
59782  -31.316  -9.251  -29.007 0.6000000238
120871  -45.170  -6.984  -27.278 0.3000000119
110200  -45.874  -6.802  -27.836 0.3000000119
59773  -37.656  -9.990  -27.593 0.6000000238
60600  -38.806  -9.205  -27.356 0.5000000000
60601  -39.626  -9.129  -27.031 0.4000000060
61392  -40.281  -8.508  -26.806 0.4000000060
108461  -40.904  -8.046  -26.592 0.4000000060
122785  -42.840  -7.565  -26.322 0.3000000119
57178  -30.494  -13.274  -27.219 0.6000000238
58904  -35.227  -9.308  -28.940 0.6000000238
117793  -42.248  -7.461  -26.319 0.3000000119
58000  -31.517  -13.356  -26.616 0.6000000238
58012  -30.649  -12.266  -27.514 0.6000000238
59796  -33.865  -8.290  -29.311 0.6000000238
62829  -43.555  -6.282  -26.548 0.3000000119
59795  -32.572  -8.186  -29.391 0.6000000238
58879  -30.814  -10.785  -28.015 0.6000000238
58890  -31.305  -9.454  -28.577 0.6000000238
59783  -31.708  -8.264  -29.054 0.6000000238
59787  -37.597  -9.003  -27.966 0.6000000238
60613  -38.600  -8.328  -27.540 0.4000000060
59785  -35.991  -8.630  -28.499 0.5000000000
59786  -36.931  -8.844  -28.196 0.5000000000
62073  -41.190  -7.283  -26.577 0.4000000060
62827  -41.963  -6.687  -26.433 0.3000000119
60619  -34.564  -7.997  -28.707 0.5000000000
62828  -42.621  -6.095  -26.489 0.3000000119
58001  -32.450  -12.894  -26.397 0.6000000238
60618  -33.017  -7.961  -28.621 0.5000000000
58013  -32.156  -11.700  -27.203 0.6000000238
59784  -32.613  -7.612  -28.876 0.6000000238
58014  -33.171  -11.198  -26.976 0.6000000238
58880  -31.897  -10.177  -27.805 0.6000000238
58891  -32.161  -8.734  -28.441 0.6000000238
58881  -33.348  -10.035  -27.465 0.5000000000
60611  -36.855  -7.789  -28.097 0.4000000060
60612  -37.861  -8.399  -27.871 0.3000000119
61391  -39.291  -8.066  -27.320 0.4000000060
122162  -39.999  -7.526  -27.070 0.3000000119
107898  -36.243  -7.702  -28.173 0.5000000000
62838  -40.219  -6.704  -27.082 0.3000000119
62826  -41.118  -6.494  -26.717 0.3000000119
60609  -34.161  -7.779  -28.473 0.5000000000
63685  -43.297  -5.488  -26.666 0.3000000119
59770  -33.546  -8.433  -28.084 0.5000000000
61400  -36.958  -7.265  -27.897 0.3000000119
61401  -37.573  -7.408  -27.813 0.3000000119
61402  -38.323  -7.562  -27.628 0.3000000119
61388  -36.399  -7.526  -27.861 0.3000000119
62086  -39.215  -6.812  -27.464 0.3000000119
60597  -35.280  -7.802  -27.836 0.4000000060
63683  -41.648  -5.934  -26.664 0.3000000119
63684  -42.358  -5.316  -26.757 0.3000000119
59771  -34.900  -8.629  -27.580 0.5000000000
64487  -43.117  -4.664  -26.908 0.3000000119
58882  -34.595  -10.000  -27.029 0.4000000060
62071  -37.154  -7.004  -27.695 0.3000000119
62084  -37.685  -6.965  -27.567 0.3000000119
61389  -36.881  -7.269  -27.501 0.3000000119
62085  -38.708  -7.192  -27.540 0.3000000119
63682  -40.467  -5.914  -27.160 0.3000000119
60599  -36.589  -7.744  -27.131 0.3000000119
63691  -41.331  -5.225  -27.084 0.3000000119
60592  -36.466  -8.793  -26.510 0.3000000119
59772  -35.773  -8.677  -27.009 0.4000000060
64496  -41.079  -4.490  -27.505 0.3000000119
64497  -42.128  -4.535  -27.165 0.3000000119
104206  -42.938  -3.857  -27.324 0.3000000119
59763  -35.525  -9.899  -26.469 0.4000000060
65329  -43.726  -3.169  -27.650 0.3000000119
62072  -37.364  -6.825  -27.337 0.3000000119
62836  -38.197  -6.470  -27.522 0.3000000119
62837  -39.193  -6.214  -27.536 0.3000000119
61390  -37.219  -7.094  -27.062 0.3000000119
63690  -39.373  -5.678  -27.633 0.3000000119
61385  -37.185  -7.810  -26.588 0.3000000119
105510  -40.206  -5.184  -27.549 0.3000000119
59764  -36.227  -9.792  -25.926 0.4000000060
65328  -41.937  -3.688  -27.722 0.3000000119
58871  -35.954  -10.763  -25.429 0.4000000060
114662  -42.912  -3.192  -27.827 0.3000000119
66151  -42.903  -2.112  -28.878 0.3000000119
66152  -44.664  -1.513  -28.738 0.3000000119
107322  -37.629  -6.520  -27.331 0.3000000119
63689  -38.329  -5.712  -27.615 0.3000000119
64494  -38.945  -5.223  -27.931 0.3000000119
60593  -37.111  -8.729  -25.995 0.3000000119
64495  -39.953  -4.528  -27.931 0.3000000119
65327  -40.867  -3.893  -27.920 0.3000000119
59757  -36.958  -9.812  -25.316 0.4000000060
65342  -41.343  -3.208  -28.321 0.3000000119
66150  -42.017  -2.439  -28.901 0.3000000119
120630  -36.543  -10.558  -25.108 0.4000000060
65344  -43.570  -2.390  -28.385 0.3000000119
66945  -44.497  -0.701  -29.381 0.3000000119
62825  -37.914  -5.919  -27.324 0.3000000119
62062  -37.772  -6.915  -26.628 0.3000000119
60594  -37.796  -8.585  -25.517 0.3000000119
65341  -39.943  -3.710  -28.327 0.3000000119
66149  -40.840  -2.708  -28.906 0.3000000119
66944  -43.773  -1.425  -29.242 0.3000000119
58864  -37.118  -10.858  -24.449 0.3000000119
67806  -44.696  -0.428  -29.097 0.3000000119
67807  -45.110  -0.654  -28.585 0.3000000119
62816  -38.124  -6.296  -26.631 0.3000000119
64493  -37.998  -5.105  -27.867 0.3000000119
120929  -38.560  -6.835  -25.828 0.3000000119
64509  -38.708  -4.628  -28.156 0.3000000119
65340  -38.454  -4.083  -28.459 0.3000000119
66148  -39.415  -3.208  -28.858 0.3000000119
120831  -41.153  -2.062  -29.587 0.3000000119
66159  -42.743  -1.576  -29.637 0.3000000119
104181  -42.583  -0.897  -30.581 0.3000000119
110853  -43.595  -0.667  -30.019 0.3000000119
66950  -44.064  -0.295  -29.515 0.3000000119
67811  -43.237  -0.162  -30.178 0.3000000119
116332  -44.204  -0.142  -29.155 0.3000000119
67793  -44.391  -0.452  -28.284 0.3000000119
63672  -38.797  -5.770  -25.984 0.3000000119
63671  -38.070  -5.750  -26.887 0.3000000119
63681  -38.034  -5.495  -27.374 0.3000000119
62817  -39.052  -6.387  -25.477 0.3000000119
64486  -38.530  -5.112  -26.474 0.3000000119
64485  -38.019  -4.872  -27.396 0.3000000119
64508  -37.823  -4.626  -28.100 0.3000000119
62063  -39.192  -7.058  -24.911 0.3000000119
62053  -39.214  -7.884  -24.266 0.3000000119
66158  -41.770  -2.087  -29.409 0.3000000119
66949  -41.904  -1.526  -30.148 0.3000000119
67814  -42.424  -0.109  -30.927 0.3000000119
67805  -43.616  0.022  -29.530 0.3000000119
106756  -39.375  -5.165  -25.313 0.3000000119
63663  -39.527  -5.819  -24.967 0.3000000119
62807  -39.595  -6.435  -24.472 0.3000000119
111225  -34.717  -14.940  -26.251 0.6999999881
51134  -30.784  -20.608  -28.223 0.6000000238
27464  -41.413  -46.076  -29.628 0.3000000119
28398  -39.655  -45.891  -30.013 0.3000000119
27471  -40.600  -46.233  -30.515 0.3000000119
28408  -39.293  -45.847  -31.134 0.3000000119
28413  -39.743  -45.601  -32.452 0.4000000060
28420  -40.991  -45.570  -33.756 0.4000000060
29348  -40.423  -44.701  -33.518 0.4000000060
30216  -40.927  -43.826  -33.716 0.4000000060
113960  -41.006  -43.001  -33.440 0.4000000060
31147  -41.495  -42.294  -33.562 0.4000000060
32048  -41.124  -40.933  -32.666 0.4000000060
32055  -41.622  -41.440  -33.330 0.4000000060
33857  -40.640  -39.399  -31.641 0.4000000060
37473  -39.880  -35.664  -29.334 0.4000000060
36385  -37.728  -37.727  -21.960 0.3000000119
35484  -38.370  -37.814  -22.115 0.3000000119
35485  -39.422  -37.415  -22.155 0.3000000119
37467  -40.293  -35.002  -29.175 0.5000000000
36396  -41.977  -36.947  -22.787 0.3000000119
37400  -42.564  -36.097  -22.066 0.3000000119
38526  -41.091  -33.784  -28.735 0.5000000000
44088  -46.360  -28.448  -22.953 0.3000000119
43226  -45.922  -29.011  -22.805 0.3000000119
44929  -46.796  -27.888  -23.096 0.3000000119
40406  -41.913  -32.317  -29.060 0.6000000238
108141  -46.594  -26.899  -22.352 0.4000000060
40407  -42.473  -32.134  -29.957 0.6000000238
45824  -46.514  -26.294  -21.966 0.4000000060
46733  -47.386  -25.566  -22.457 0.4000000060
113554  -46.972  -25.071  -22.004 0.4000000060
49351  -47.512  -22.957  -22.742 0.4000000060
40366  -34.464  -32.073  -25.760 0.4000000060
41298  -35.340  -32.084  -26.024 0.5000000000
108336  -36.337  -31.729  -26.244 0.5000000000
43302  -43.145  -29.107  -31.131 0.6999999881
123042  -47.147  -21.893  -23.438 0.4000000060
44159  -42.895  -28.180  -30.920 0.6999999881
107572  -46.505  -21.301  -24.684 0.4000000060
42278  -37.215  -30.186  -26.049 0.5000000000
43274  -38.085  -29.415  -26.890 0.5000000000
44975  -38.447  -27.961  -27.901 0.6000000238
112666  -41.827  -26.756  -28.945 0.8000000119
44985  -42.082  -27.396  -28.996 0.6999999881
44993  -42.487  -27.499  -30.065 0.6999999881
51115  -45.985  -21.030  -25.216 0.4000000060
45886  -38.169  -26.113  -29.041 0.8000000119
113298  -40.826  -24.632  -30.717 0.8000000119
51114  -45.629  -20.582  -24.594 0.4000000060
46796  -37.449  -25.120  -29.660 0.6999999881
46799  -40.741  -24.538  -31.734 0.8000000119
47682  -38.239  -24.464  -30.349 0.6999999881
47689  -38.150  -23.707  -30.789 0.6999999881
47692  -40.093  -24.288  -31.757 0.8000000119
114217  -38.875  -23.173  -31.179 0.6999999881
48567  -39.223  -23.325  -31.069 0.6000000238
52839  -45.044  -18.581  -24.818 0.3000000119
55425  -43.180  -15.747  -23.268 0.4000000060
110188  -44.429  -17.349  -23.827 0.4000000060
52838  -44.697  -18.229  -23.879 0.4000000060
56356  -43.749  -14.809  -24.574 0.4000000060
57159  -41.659  -14.265  -23.665 0.5000000000
56366  -44.186  -15.022  -25.949 0.4000000060
56370  -43.842  -14.303  -26.655 0.5000000000
56344  -40.879  -14.277  -23.839 0.5000000000
57165  -40.715  -13.499  -24.102 0.5000000000
57166  -41.558  -13.508  -23.943 0.4000000060
57188  -43.746  -13.617  -27.791 0.5000000000
58028  -44.419  -12.614  -28.048 0.5000000000
116305  -45.139  -12.432  -28.272 0.5000000000
50277  -36.309  -21.427  -26.743 0.5000000000
58905  -45.845  -11.821  -28.423 0.5000000000
60621  -46.611  -9.612  -28.401 0.4000000060
51982  -35.362  -19.634  -26.401 0.6000000238
51997  -34.709  -19.932  -27.173 0.6000000238
51996  -33.719  -19.913  -27.454 0.6000000238
52863  -32.407  -18.466  -26.555 0.6000000238
107241  -31.242  -18.302  -26.391 0.6000000238
52862  -30.180  -18.576  -26.713 0.6000000238
61407  -47.068  -8.258  -28.597 0.3000000119
62096  -47.277  -7.421  -28.565 0.3000000119
53739  -30.226  -16.940  -26.253 0.6000000238
56367  -31.148  -14.151  -26.404 0.6000000238
58002  -33.679  -12.281  -26.088 0.6000000238
57171  -33.558  -13.318  -25.363 0.6000000238
58869  -34.281  -11.230  -26.465 0.5000000000
58870  -35.211  -11.010  -25.888 0.4000000060
58863  -36.426  -11.331  -24.662 0.4000000060
66954  -41.718  -1.034  -31.131 0.3000000119
66955  -41.902  -0.561  -31.355 0.3000000119
68628  -42.827  0.158  -29.952 0.3000000119
104159  -42.537  0.165  -28.795 0.3000000119
67792  -43.263  -0.118  -28.265 0.3000000119
105707  -39.605  -7.092  -23.928 0.3000000119
62042  -39.634  -7.664  -23.282 0.3000000119
56377  -43.859  -14.479  -27.971 0.5000000000
29347  -39.753  -44.742  -32.917 0.4000000060
31110  -36.313  -43.078  -28.741 0.3000000119
30190  -36.913  -43.595  -29.814 0.3000000119
31116  -37.213  -42.648  -29.913 0.3000000119
31133  -38.974  -42.450  -31.436 0.4000000060
32017  -37.099  -41.896  -29.351 0.3000000119
34701  -37.984  -38.897  -29.190 0.4000000060
35526  -35.484  -37.483  -25.332 0.3000000119
38525  -40.414  -34.422  -28.685 0.4000000060
37393  -42.197  -35.650  -21.501 0.3000000119
38459  -41.658  -33.994  -20.712 0.3000000119
115000  -43.897  -32.102  -21.622 0.3000000119
107887  -41.115  -33.151  -20.779 0.3000000119
43231  -46.383  -29.236  -23.436 0.3000000119
40331  -39.397  -32.243  -22.325 0.3000000119
44924  -46.326  -27.653  -22.463 0.4000000060
42288  -41.145  -30.741  -27.365 0.6000000238
42296  -41.931  -30.725  -28.948 0.6999999881
42237  -39.640  -30.742  -22.367 0.3000000119
118324  -46.889  -25.769  -22.092 0.4000000060
42297  -42.275  -29.905  -29.433 0.6999999881
114735  -40.507  -28.903  -21.632 0.4000000060
45817  -45.343  -26.050  -21.067 0.4000000060
44137  -41.536  -28.200  -27.715 0.6999999881
43294  -42.627  -29.111  -30.072 0.6999999881
45804  -42.406  -26.433  -20.408 0.4000000060
44941  -40.430  -27.228  -24.578 0.6000000238
121215  -46.347  -22.307  -22.344 0.4000000060
111164  -34.841  -31.470  -25.382 0.3000000119
44976  -41.678  -27.276  -28.130 0.6999999881
44152  -42.507  -28.428  -29.778 0.6999999881
45880  -41.338  -26.849  -27.546 0.6999999881
45879  -41.370  -26.308  -28.430 0.6999999881
115519  -39.628  -24.657  -24.774 0.6999999881
47691  -39.608  -23.854  -31.295 0.6999999881
51964  -45.344  -19.628  -25.042 0.4000000060
48505  -39.467  -23.260  -23.804 0.6999999881
49431  -38.502  -22.222  -30.859 0.6999999881
47690  -39.178  -23.630  -31.103 0.8000000119
49426  -38.446  -21.633  -30.202 0.6999999881
116258  -44.148  -19.327  -22.517 0.3000000119
52822  -44.472  -18.780  -23.167 0.3000000119
108871  -39.517  -21.761  -24.060 0.5000000000
111223  -35.479  -24.747  -28.515 0.6999999881
52812  -43.080  -18.301  -22.386 0.4000000060
51099  -40.012  -20.455  -23.173 0.5000000000
123315  -34.706  -23.822  -28.803 0.6999999881
51170  -34.387  -21.460  -30.275 0.8000000119
47661  -35.767  -23.808  -27.570 0.5000000000
56345  -41.405  -14.769  -23.599 0.5000000000
50288  -35.599  -21.900  -27.524 0.5000000000
52900  -34.230  -18.653  -28.764 0.6000000238
109759  -33.049  -18.433  -28.970 0.6000000238
51155  -32.361  -21.331  -28.585 0.6999999881
53773  -36.382  -17.848  -27.209 0.6000000238
53771  -34.344  -17.443  -27.460 0.6999999881
52027  -31.141  -20.416  -29.127 0.6000000238
53772  -35.395  -17.648  -27.329 0.6999999881
53755  -34.909  -16.974  -26.834 0.6999999881
55454  -33.166  -15.195  -27.063 0.6000000238
53778  -29.944  -17.885  -28.226 0.6000000238
58873  -38.524  -11.671  -25.434 0.4000000060
55442  -35.529  -14.812  -25.911 0.5000000000
57180  -34.641  -13.328  -26.752 0.6999999881
59790  -45.853  -10.123  -27.885 0.4000000060
56369  -34.724  -14.162  -26.296 0.6000000238
58033  -31.529  -11.223  -29.450 0.6000000238
60620  -45.923  -9.204  -27.737 0.3000000119
119018  -38.541  -11.070  -25.874 0.5000000000
58034  -34.336  -11.134  -29.131 0.6000000238
58888  -30.131  -11.553  -28.728 0.6000000238
62087  -44.558  -7.207  -26.868 0.3000000119
62088  -44.998  -7.843  -27.219 0.3000000119
59774  -38.392  -9.788  -27.311 0.6000000238
62076  -43.880  -7.042  -26.537 0.3000000119
59794  -31.814  -8.383  -29.210 0.6000000238
60610  -35.439  -7.649  -28.056 0.4000000060
60598  -35.856  -7.934  -27.555 0.3000000119
66139  -44.382  -2.446  -28.060 0.3000000119
65343  -42.433  -2.850  -28.336 0.3000000119
119745  -45.151  -0.757  -28.922 0.3000000119
61386  -37.826  -7.717  -26.062 0.3000000119
62052  -38.582  -7.499  -25.467 0.3000000119
66157  -40.188  -2.377  -29.436 0.3000000119
122227  -42.808  -0.427  -30.579 0.3000000119
68616  -43.430  -0.194  -27.029 0.3000000119
61377  -38.979  -8.815  -23.975 0.3000000119
61367  -39.413  -8.449  -23.299 0.3000000119
68640  -41.840  0.126  -31.408 0.3000000119
30217  -41.863  -43.126  -34.150 0.4000000060
120300  -39.808  -24.097  -31.447 0.8000000119
55436  -44.181  -15.551  -24.811 0.4000000060
123180  -42.630  -14.463  -23.667 0.4000000060
56355  -43.124  -14.171  -24.075 0.4000000060
56379  -45.131  -15.768  -29.009 0.3000000119
56383  -44.819  -14.887  -28.948 0.4000000060
56380  -45.606  -14.811  -28.789 0.3000000119
56382  -44.334  -14.444  -28.524 0.4000000060
57189  -46.718  -14.135  -28.705 0.3000000119
57196  -45.857  -14.353  -28.950 0.4000000060
57160  -42.284  -14.061  -23.733 0.3000000119
57194  -44.265  -13.536  -28.303 0.4000000060
57195  -44.984  -14.290  -28.860 0.4000000060
58908  -46.702  -12.461  -29.143 0.3000000119
58035  -45.033  -13.264  -28.540 0.4000000060
58040  -48.005  -12.521  -29.437 0.3000000119
58039  -47.509  -12.973  -29.404 0.3000000119
115488  -45.866  -12.889  -28.741 0.4000000060
110929  -47.737  -11.635  -29.340 0.3000000119
59799  -47.431  -10.761  -29.192 0.3000000119
58906  -46.816  -11.436  -29.089 0.3000000119
51980  -33.158  -19.131  -27.074 0.5000000000
60623  -47.295  -9.949  -29.046 0.3000000119
52851  -35.180  -18.605  -25.117 0.5000000000
51971  -34.761  -18.863  -25.873 0.5000000000
52850  -34.204  -18.107  -25.297 0.5000000000
53754  -32.077  -17.710  -26.023 0.5000000000
60624  -47.868  -9.576  -29.130 0.3000000119
59798  -46.656  -10.459  -28.660 0.3000000119
52849  -33.194  -17.951  -25.903 0.5000000000
54605  -31.724  -16.127  -25.461 0.5000000000
53730  -33.667  -16.854  -24.711 0.5000000000
109775  -33.655  -16.151  -24.530 0.5000000000
54606  -32.784  -16.524  -25.115 0.5000000000
55429  -33.371  -15.289  -24.658 0.4000000060
54598  -34.367  -16.747  -24.285 0.5000000000
108509  -32.528  -15.109  -25.147 0.5000000000
55430  -34.268  -15.482  -24.239 0.4000000060
56360  -33.043  -14.573  -24.946 0.5000000000
120552  -34.491  -16.145  -24.110 0.4000000060
56361  -33.508  -13.997  -24.894 0.5000000000
56350  -34.073  -14.581  -24.456 0.4000000060
104823  -34.942  -14.114  -24.109 0.5000000000
56351  -34.929  -14.916  -23.964 0.4000000060
57161  -34.290  -13.691  -24.608 0.4000000060
56342  -35.614  -14.391  -23.653 0.3000000119
57162  -35.108  -13.345  -24.302 0.4000000060
58003  -34.846  -11.995  -25.420 0.4000000060
57163  -35.859  -13.067  -23.926 0.3000000119
57990  -35.390  -12.544  -24.562 0.3000000119
58862  -35.691  -11.673  -24.946 0.3000000119
57983  -36.517  -12.878  -23.636 0.3000000119
57991  -36.281  -12.235  -24.169 0.3000000119
57992  -36.894  -11.664  -24.072 0.3000000119
52852  -35.932  -19.042  -25.028 0.5000000000
55458  -45.315  -16.001  -28.589 0.3000000119
56371  -44.181  -15.335  -27.835 0.4000000060
51961  -36.625  -19.621  -24.787 0.4000000060
112717  -35.015  -17.929  -24.635 0.4000000060
55431  -35.002  -15.700  -23.838 0.5000000000
55440  -31.271  -15.215  -25.813 0.5000000000
118165  -43.373  -14.798  -23.971 0.4000000060
51981  -34.318  -19.283  -26.748 0.5000000000
52864  -33.760  -18.541  -26.292 0.5000000000
53753  -30.704  -17.676  -26.246 0.5000000000
54604  -30.380  -16.080  -26.142 0.5000000000
110789  -32.161  -14.616  -25.533 0.5000000000
57170  -32.546  -13.884  -25.657 0.5000000000
57989  -34.498  -12.873  -24.963 0.4000000060
123972  -45.496  -15.173  -28.741 0.3000000119
115407  -45.081  -15.082  -29.020 0.4000000060
56378  -44.659  -15.224  -28.739 0.4000000060
56384  -45.407  -14.789  -28.884 0.3000000119
57199  -46.519  -14.001  -29.108 0.3000000119
56385  -46.467  -14.209  -28.938 0.3000000119
58036  -45.825  -13.792  -28.943 0.4000000060
58909  -47.411  -12.214  -29.363 0.3000000119
115029  -47.807  -10.284  -29.190 0.3000000119
51973  -36.123  -19.650  -25.655 0.5000000000
53740  -33.169  -17.295  -25.320 0.5000000000
109131  -31.555  -16.918  -25.699 0.5000000000
53731  -34.243  -17.386  -24.669 0.5000000000
55441  -32.577  -15.758  -25.042 0.4000000060
57157  -35.576  -13.729  -23.841 0.3000000119
121313  -39.639  -28.024  -29.065 0.6999999881
46807  -40.648  -24.836  -32.063 0.6999999881
46806  -40.068  -24.426  -31.725 0.6999999881
45894  -39.907  -26.190  -30.600 0.6999999881
45887  -39.090  -26.447  -29.464 0.6999999881
44983  -39.101  -27.500  -28.700 0.6999999881
46798  -39.550  -25.328  -30.722 0.6999999881
45893  -38.805  -25.603  -29.885 0.6999999881
105605  -44.597  -16.919  -24.744 0.3000000119
54594  -44.070  -16.291  -23.820 0.3000000119
54601  -44.471  -16.237  -25.014 0.3000000119
46797  -39.154  -24.589  -30.751 0.6999999881
55447  -44.433  -15.886  -26.011 0.3000000119
55457  -44.523  -16.282  -27.610 0.3000000119
109000  -44.683  -17.170  -27.636 0.3000000119
45892  -38.187  -25.315  -29.732 0.6999999881
55435  -43.619  -15.327  -23.926 0.3000000119
124202  -44.338  -15.612  -26.884 0.3000000119
55462  -44.684  -16.284  -29.017 0.3000000119
56347  -42.970  -14.919  -23.556 0.3000000119
46808  -41.403  -25.216  -32.030 0.6999999881
45895  -41.899  -25.819  -30.912 0.6999999881
46809  -41.202  -25.570  -32.419 0.6999999881
43284  -39.313  -29.468  -28.276 0.6999999881
45902  -40.791  -25.520  -32.343 0.6999999881
45000  -40.408  -26.015  -31.612 0.6999999881
44984  -39.716  -27.224  -29.632 0.6999999881
44143  -39.229  -28.428  -28.395 0.6999999881
45901  -40.269  -25.147  -31.852 0.6999999881
53735  -44.790  -17.726  -24.677 0.3000000119
54612  -44.624  -16.766  -26.109 0.3000000119
53744  -44.755  -17.592  -26.559 0.3000000119
54632  -44.680  -16.943  -28.839 0.3000000119
55464  -44.860  -16.900  -29.363 0.3000000119
36493  -42.727  -36.671  -32.446 0.4000000060
36487  -43.024  -35.931  -32.305 0.4000000060
37483  -42.009  -35.192  -30.768 0.4000000060
37482  -41.029  -35.719  -30.394 0.4000000060
120069  -43.229  -35.332  -32.142 0.4000000060
39488  -41.743  -33.758  -29.523 0.4000000060
38540  -41.889  -34.451  -30.158 0.4000000060
38541  -42.596  -34.444  -30.847 0.4000000060
37475  -41.282  -35.044  -30.101 0.4000000060
39495  -42.581  -33.671  -30.478 0.5000000000
37484  -43.076  -34.841  -31.611 0.4000000060
37490  -43.567  -34.868  -32.493 0.4000000060
39489  -42.210  -32.988  -29.683 0.5000000000
38548  -43.262  -33.974  -31.483 0.5000000000
37497  -43.835  -34.820  -33.760 0.5000000000
110537  -42.850  -32.728  -30.614 0.5000000000
39500  -43.338  -33.139  -31.433 0.5000000000
38554  -43.702  -34.144  -33.529 0.5000000000
37503  -43.389  -34.963  -34.372 0.5000000000
37502  -42.343  -35.258  -34.368 0.5000000000
39501  -43.664  -33.358  -32.391 0.5000000000
40412  -43.108  -31.862  -30.962 0.6000000238
108421  -43.573  -34.374  -33.860 0.5000000000
40423  -43.610  -32.619  -33.154 0.5000000000
39512  -43.519  -33.731  -33.540 0.5000000000
40426  -42.670  -33.194  -33.559 0.6000000238
39511  -43.332  -33.582  -33.672 0.5000000000
39506  -41.749  -33.410  -33.280 0.5000000000
41328  -42.712  -31.273  -30.331 0.6000000238
40417  -43.680  -32.537  -32.486 0.6000000238
40428  -43.446  -33.045  -33.378 0.5000000000
121953  -41.141  -33.051  -32.800 0.5000000000
40414  -39.134  -32.952  -31.227 0.5000000000
39499  -39.527  -33.317  -31.716 0.5000000000
39505  -40.321  -33.109  -32.298 0.5000000000
40415  -39.977  -32.388  -31.889 0.5000000000
107394  -36.797  -33.037  -28.455 0.4000000060
40416  -43.557  -31.693  -32.127 0.6000000238
41319  -38.107  -32.069  -28.195 0.5000000000
41333  -43.316  -30.877  -31.512 0.6000000238
111421  -43.627  -31.741  -32.988 0.5000000000
40399  -37.577  -32.677  -28.769 0.5000000000
41339  -43.518  -30.857  -32.651 0.6000000238
41345  -43.355  -30.934  -33.024 0.6000000238
40400  -38.295  -32.299  -29.120 0.5000000000
40422  -42.839  -31.809  -33.309 0.6000000238
41343  -42.223  -31.114  -32.970 0.6000000238
40421  -42.079  -32.615  -33.190 0.5000000000
40411  -38.774  -32.702  -30.606 0.5000000000
40420  -40.992  -32.418  -32.578 0.5000000000
41342  -40.948  -31.516  -32.375 0.5000000000
40398  -35.915  -33.282  -28.196 0.4000000060
40388  -37.314  -32.468  -27.840 0.5000000000
39469  -34.974  -33.408  -28.011 0.4000000060
41309  -38.551  -31.204  -27.707 0.5000000000
110193  -42.883  -30.536  -30.632 0.6000000238
41320  -38.740  -31.637  -28.650 0.5000000000
42318  -43.453  -30.036  -32.294 0.6000000238
41321  -39.287  -31.179  -29.095 0.5000000000
42319  -43.272  -30.081  -32.812 0.6000000238
41344  -43.086  -30.964  -33.202 0.6000000238
42324  -42.584  -30.221  -32.992 0.6000000238
41337  -39.459  -32.048  -31.090 0.5000000000
42317  -40.547  -30.838  -31.864 0.5000000000
42316  -39.958  -31.223  -31.164 0.5000000000
40387  -36.439  -32.777  -27.568 0.4000000060
41308  -37.742  -31.706  -27.300 0.5000000000
40386  -35.526  -33.003  -27.351 0.4000000060
42294  -39.013  -30.336  -27.862 0.5000000000
42295  -39.438  -30.412  -28.649 0.5000000000
43285  -39.774  -29.816  -29.002 0.5000000000
44166  -43.268  -28.417  -32.012 0.6000000238
43308  -43.413  -29.247  -32.097 0.6000000238
42301  -39.753  -30.487  -29.601 0.5000000000
41325  -38.917  -31.871  -29.510 0.5000000000
44167  -43.141  -28.786  -32.597 0.6000000238
108658  -42.795  -29.396  -32.958 0.6000000238
113918  -39.538  -31.515  -30.610 0.5000000000
43313  -41.942  -29.557  -32.780 0.5000000000
41326  -39.417  -31.355  -29.943 0.5000000000
42308  -39.872  -30.849  -30.512 0.5000000000
42309  -40.365  -30.367  -31.252 0.5000000000
123451  -38.039  -30.959  -26.945 0.5000000000
107520  -39.866  -28.911  -29.158 0.5000000000
45002  -42.724  -27.163  -31.427 0.6000000238
112564  -42.797  -28.553  -32.769 0.6000000238
43292  -40.073  -29.642  -29.669 0.5000000000
44171  -42.381  -27.728  -32.817 0.6000000238
43300  -40.226  -29.951  -30.467 0.5000000000
43307  -41.382  -28.846  -32.439 0.5000000000
43301  -40.660  -29.239  -31.455 0.5000000000
40377  -36.887  -32.105  -26.971 0.4000000060
43275  -38.668  -29.485  -27.522 0.4000000060
44151  -40.162  -27.996  -29.899 0.6000000238
45009  -42.242  -27.002  -32.784 0.6000000238
43293  -40.381  -28.897  -30.372 0.5000000000
45005  -41.345  -26.902  -32.572 0.6000000238
41299  -37.218  -31.140  -26.396 0.5000000000
44135  -38.244  -28.700  -27.344 0.4000000060
42286  -37.806  -30.234  -26.555 0.4000000060
44991  -40.291  -26.978  -30.718 0.6000000238
44158  -40.535  -27.776  -31.192 0.5000000000
122846  -40.846  -27.312  -32.070 0.5000000000
40404  -37.832  -32.889  -29.590 0.5000000000
40405  -38.504  -32.500  -29.921 0.5000000000
41332  -39.111  -32.027  -30.285 0.5000000000
105255  -35.191  -32.683  -26.660 0.4000000060
42310  -43.244  -29.932  -31.352 0.6000000238
44992  -42.118  -26.670  -29.853 0.6000000238
45896  -42.386  -26.491  -30.997 0.6000000238
45907  -42.143  -26.429  -32.586 0.6000000238
45906  -41.719  -26.299  -32.643 0.6000000238
45007  -42.592  -27.031  -32.389 0.6000000238
119372  -41.182  -25.997  -32.561 0.6000000238
45001  -40.715  -26.577  -32.044 0.6000000238
44136  -38.804  -28.791  -27.820 0.5000000000
38549  -43.689  -34.166  -32.593 0.5000000000
39507  -43.675  -33.387  -33.241 0.5000000000
38557  -42.407  -34.526  -34.043 0.5000000000
40427  -43.077  -32.667  -33.502 0.6000000238
41348  -43.380  -31.979  -33.229 0.6000000238
42323  -41.507  -30.513  -32.552 0.5000000000
43315  -43.052  -29.297  -32.875 0.6000000238
43309  -43.274  -29.457  -32.625 0.6000000238
43306  -41.010  -29.897  -32.063 0.5000000000
44172  -42.785  -27.867  -32.574 0.6000000238
43314  -42.389  -28.635  -32.871 0.6000000238
44165  -41.769  -27.783  -32.785 0.6000000238
44164  -40.974  -28.047  -32.076 0.5000000000
45825  -47.100  -26.384  -22.529 0.3000000119
44925  -46.966  -27.208  -22.878 0.3000000119
45831  -47.573  -26.758  -23.175 0.3000000119
45826  -47.665  -26.074  -22.879 0.3000000119
45832  -48.211  -26.150  -23.389 0.3000000119
46738  -48.595  -25.307  -23.388 0.3000000119
47606  -47.579  -24.625  -22.461 0.3000000119
46734  -47.975  -25.394  -22.918 0.3000000119
47616  -48.954  -24.563  -23.555 0.3000000119
47607  -48.297  -24.575  -23.058 0.3000000119
50259  -47.071  -21.403  -25.441 0.3000000119
120491  -46.378  -21.233  -25.722 0.3000000119
50271  -46.671  -21.336  -26.842 0.3000000119
51129  -45.704  -20.440  -27.108 0.3000000119
51122  -46.038  -20.990  -26.398 0.3000000119
51121  -45.685  -20.471  -25.786 0.3000000119
37504  -43.778  -35.281  -34.222 0.4000000060
44931  -48.096  -27.000  -23.754 0.3000000119
37508  -43.211  -35.577  -34.783 0.4000000060
45847  -48.691  -26.512  -23.954 0.3000000119
46739  -49.194  -25.263  -23.840 0.3000000119
48496  -47.943  -23.767  -22.819 0.3000000119
48506  -48.186  -23.022  -23.277 0.3000000119
50246  -47.373  -21.633  -24.136 0.3000000119
50260  -48.051  -21.479  -25.070 0.3000000119
50272  -47.606  -21.519  -26.487 0.3000000119
51130  -46.073  -20.939  -27.652 0.3000000119
32010  -30.261  -41.681  -28.756 0.4000000060
115649  -30.096  -40.930  -28.799 0.3000000119
32896  -30.328  -40.427  -29.186 0.3000000119
33835  -30.100  -39.534  -28.833 0.3000000119
38545  -38.060  -34.677  -31.048 0.4000000060
38546  -38.736  -34.333  -31.341 0.4000000060
37488  -37.708  -35.349  -31.223 0.4000000060
36484  -38.080  -35.996  -31.621 0.4000000060
38539  -37.662  -34.203  -30.686 0.4000000060
105629  -38.375  -33.508  -30.778 0.4000000060
119700  -38.340  -34.088  -30.993 0.4000000060
39498  -38.883  -33.694  -31.246 0.4000000060
103997  -39.247  -33.936  -31.611 0.4000000060
39504  -39.884  -33.857  -32.097 0.4000000060
110333  -40.767  -33.702  -32.726 0.4000000060
37494  -39.557  -35.286  -32.157 0.4000000060
38552  -40.343  -34.591  -32.597 0.4000000060
39485  -34.141  -34.001  -29.265 0.3000000119
39494  -37.729  -33.665  -30.405 0.4000000060
39478  -35.353  -33.609  -28.841 0.3000000119
39477  -34.482  -33.685  -28.721 0.3000000119
39486  -37.094  -33.232  -29.303 0.4000000060
38544  -37.255  -34.908  -30.885 0.4000000060
110915  -38.639  -35.162  -31.531 0.4000000060
38547  -39.377  -34.521  -31.834 0.4000000060
29352  -41.327  -44.677  -34.247 0.3000000119
30223  -42.093  -43.933  -34.706 0.3000000119
32062  -42.272  -41.785  -34.034 0.3000000119
113091  -41.809  -40.780  -33.237 0.3000000119
32931  -42.399  -40.237  -33.562 0.3000000119
33876  -43.901  -39.485  -35.170 0.3000000119
33877  -44.190  -39.583  -36.020 0.3000000119
34752  -44.046  -38.910  -36.176 0.3000000119
34740  -43.744  -38.077  -34.195 0.3000000119
34741  -44.244  -37.738  -35.211 0.3000000119
34751  -43.950  -38.415  -36.231 0.3000000119
35592  -43.385  -36.965  -33.297 0.3000000119
35598  -44.009  -37.254  -34.283 0.3000000119
35599  -44.239  -36.817  -34.957 0.3000000119
36494  -43.683  -36.116  -33.215 0.3000000119
36506  -44.025  -36.094  -34.612 0.3000000119
32924  -41.584  -40.205  -32.826 0.3000000119
36495  -44.036  -35.601  -33.957 0.3000000119
115945  -44.098  -36.396  -34.174 0.3000000119
32056  -42.568  -41.030  -34.028 0.3000000119
28414  -40.577  -46.085  -32.912 0.4000000060
30189  -36.474  -43.667  -29.062 0.3000000119
30195  -37.409  -43.954  -30.461 0.4000000060
30203  -38.317  -43.906  -31.439 0.4000000060
31105  -35.760  -42.589  -27.497 0.3000000119
31115  -36.664  -42.867  -29.308 0.3000000119
31134  -39.560  -42.453  -31.956 0.4000000060
31140  -40.156  -42.471  -32.500 0.4000000060
31155  -42.583  -42.418  -34.576 0.3000000119
32018  -37.876  -41.206  -29.735 0.3000000119
32868  -34.720  -40.792  -25.276 0.3000000119
32909  -38.934  -40.386  -30.414 0.4000000060
32923  -40.814  -40.224  -32.172 0.4000000060
33821  -35.786  -39.836  -27.121 0.3000000119
33883  -43.816  -39.312  -36.390 0.3000000119
33885  -43.800  -40.096  -36.555 0.3000000119
34664  -35.028  -38.431  -24.361 0.3000000119
34679  -36.131  -38.348  -26.984 0.3000000119
34685  -37.278  -37.919  -28.118 0.4000000060
34690  -36.743  -38.529  -27.794 0.3000000119
34692  -37.957  -37.974  -28.815 0.3000000119
34747  -43.813  -38.692  -34.687 0.3000000119
34748  -44.194  -38.676  -35.695 0.3000000119
35568  -38.667  -37.515  -29.257 0.3000000119
35569  -39.222  -37.141  -29.554 0.4000000060
35608  -44.128  -38.067  -35.925 0.3000000119
36384  -37.474  -36.730  -21.890 0.3000000119
36419  -35.985  -35.916  -24.607 0.3000000119
36426  -36.169  -36.263  -25.633 0.3000000119
36458  -38.450  -36.331  -28.514 0.4000000060
36469  -40.253  -36.153  -29.963 0.4000000060
37389  -38.761  -35.431  -21.538 0.3000000119
37397  -36.567  -35.864  -22.831 0.3000000119
37412  -36.817  -35.125  -23.026 0.3000000119
37442  -36.841  -35.584  -26.069 0.3000000119
37456  -38.396  -35.139  -27.447 0.3000000119
37474  -40.606  -35.352  -29.735 0.5000000000
37489  -42.486  -35.643  -31.563 0.4000000060
37491  -43.781  -34.632  -33.177 0.5000000000
37496  -43.738  -35.310  -33.017 0.4000000060
38456  -38.556  -34.643  -21.804 0.3000000119
38480  -37.282  -34.465  -23.293 0.3000000119
38523  -30.614  -34.521  -28.645 0.5000000000
38558  -43.268  -34.205  -34.030 0.5000000000
39440  -39.034  -33.219  -24.483 0.3000000119
39462  -39.696  -33.412  -25.989 0.3000000119
39463  -40.328  -32.960  -26.394 0.3000000119
39475  -32.765  -33.523  -28.732 0.5000000000
39510  -42.563  -33.810  -33.761 0.6000000238
40376  -35.983  -32.444  -26.760 0.4000000060
40401  -41.482  -32.449  -28.278 0.6000000238
40410  -38.115  -33.149  -30.237 0.4000000060
41338  -40.102  -31.583  -31.684 0.5000000000
42238  -39.943  -30.191  -21.911 0.4000000060
42268  -35.192  -30.657  -25.058 0.3000000119
42287  -38.429  -30.279  -27.181 0.4000000060
42325  -43.106  -30.105  -32.995 0.6000000238
43254  -39.668  -29.846  -24.945 0.6000000238
43276  -40.941  -29.864  -27.078 0.6000000238
44073  -40.492  -28.110  -21.703 0.4000000060
44144  -41.889  -27.997  -28.385 0.6999999881
44898  -43.283  -27.717  -20.510 0.4000000060
45006  -41.946  -27.017  -32.921 0.6000000238
45807  -44.729  -26.263  -20.749 0.4000000060
45833  -48.824  -25.861  -23.740 0.3000000119
45903  -41.807  -25.858  -32.407 0.6999999881
45904  -42.390  -26.346  -32.064 0.6000000238
49363  -47.625  -22.300  -23.355 0.4000000060
49419  -38.964  -22.608  -28.973 0.6000000238
49427  -34.140  -22.853  -30.187 0.6999999881
50300  -31.490  -21.120  -28.945 0.6999999881
50307  -31.943  -21.202  -29.227 0.6999999881
50315  -37.251  -21.124  -30.499 0.6999999881
51137  -35.376  -20.432  -27.158 0.5000000000
51153  -31.115  -20.885  -28.725 0.6999999881
51972  -35.475  -19.169  -25.568 0.5000000000
51993  -30.200  -19.852  -27.686 0.6000000238
52811  -42.327  -18.314  -22.314 0.4000000060
52896  -29.501  -18.084  -27.768 0.6000000238
53751  -29.158  -17.493  -27.429 0.6000000238
56374  -29.990  -13.934  -27.909 0.6000000238
57191  -29.647  -12.648  -28.516 0.6000000238
58011  -29.701  -12.649  -27.885 0.6000000238
58021  -29.621  -12.180  -28.273 0.6000000238
58038  -46.720  -13.412  -29.177 0.3000000119
60608  -32.274  -7.817  -29.158 0.6000000238
68636  -42.625  0.052  -30.643 0.3000000119
106576  -31.110  -18.890  -26.677 0.6000000238
109270  -39.609  -31.161  -24.485 0.4000000060
109864  -41.205  -1.138  -31.659 0.3000000119
110251  -38.537  -40.967  -30.234 0.4000000060
112489  -43.025  -27.672  -32.000 0.6000000238
112964  -39.599  -39.041  -30.571 0.4000000060
114426  -35.397  -24.782  -29.027 0.8000000119
115115  -39.091  -31.003  -28.341 0.5000000000
115628  -36.815  -39.957  -28.363 0.3000000119
115813  -41.831  -31.885  -32.889 0.6000000238
116266  -42.069  -25.817  -31.823 0.6999999881
118814  -39.241  -36.159  -21.422 0.3000000119
118864  -30.563  -39.767  -29.310 0.3000000119
119217  -40.422  -26.594  -24.014 0.6000000238
119293  -43.376  -32.402  -31.498 0.6000000238
121781  -45.962  -24.911  -21.322 0.4000000060
121926  -37.526  -35.086  -26.364 0.3000000119
122085  -42.830  -28.965  -32.908 0.6000000238
122875  -43.745  -32.987  -32.884 0.5000000000
123076  -44.276  -20.367  -21.980 0.4000000060
123079  -37.817  -35.247  -26.958 0.3000000119
123894  -40.606  -28.514  -31.282 0.5000000000
124032  -44.091  -21.833  -21.255 0.4000000060
124756  -43.143  -25.299  -20.307 0.4000000060
124956  -39.376  -45.891  -30.550 0.3000000119
125013  -40.884  -31.094  -21.275 0.3000000119
125029  -42.908  -26.095  -20.292 0.4000000060
125257  -41.798  -31.835  -21.057 0.3000000119
