#!ascii label  , from subject sub-v2s17x50038_ses-1 vox2ras=TkReg
1377
114385  -11.766  -70.538  -38.256 0.5000000000
5491  -12.364  -72.390  -34.117 0.5000000000
119641  -12.542  -71.614  -33.804 0.5000000000
5482  -12.355  -72.048  -33.166 0.5000000000
8513  -11.313  -69.382  -40.484 0.5000000000
8502  -11.721  -69.832  -39.907 0.5000000000
115648  -12.245  -69.153  -38.977 0.5000000000
8476  -12.180  -68.979  -37.896 0.5000000000
8491  -12.504  -68.415  -37.958 0.6000000238
122360  -11.926  -70.430  -37.442 0.5000000000
5481  -11.782  -72.386  -32.232 0.5000000000
6233  -12.285  -71.639  -35.568 0.5000000000
5472  -11.707  -72.540  -31.373 0.5000000000
6223  -12.506  -71.647  -34.614 0.6000000238
6188  -12.069  -71.934  -31.653 0.6000000238
6917  -12.516  -70.649  -34.015 0.6000000238
6201  -12.282  -71.568  -32.319 0.6000000238
5473  -12.280  -72.091  -31.048 0.6999999881
6904  -12.370  -70.083  -33.097 0.6999999881
6189  -12.445  -71.270  -31.466 0.6999999881
7602  -12.572  -69.224  -31.578 0.6999999881
6879  -12.520  -70.228  -31.525 0.6999999881
6170  -12.820  -70.759  -30.756 0.6999999881
8503  -12.348  -69.088  -40.253 0.5000000000
9345  -12.846  -68.632  -39.259 0.6000000238
108102  -14.068  -68.264  -40.575 0.6000000238
9334  -14.264  -67.629  -38.573 0.6000000238
7675  -12.273  -69.394  -36.214 0.5000000000
5461  -12.778  -72.326  -30.716 0.5000000000
4836  -12.536  -73.290  -30.808 0.5000000000
4838  -14.115  -73.149  -30.653 0.6999999881
5462  -13.633  -72.305  -30.396 0.6999999881
113888  -12.428  -70.756  -35.029 0.6000000238
7646  -12.434  -69.712  -34.666 0.6999999881
7630  -12.477  -69.485  -33.813 0.6999999881
8415  -12.587  -68.650  -32.280 0.6999999881
6171  -13.980  -71.534  -29.887 0.6999999881
7594  -12.831  -68.761  -30.990 0.6999999881
114586  -12.751  -69.695  -30.866 0.6999999881
6869  -13.050  -70.098  -30.319 0.6999999881
6155  -14.383  -70.939  -29.173 0.6999999881
8368  -13.571  -68.548  -29.927 0.6999999881
7587  -14.213  -69.183  -28.861 0.6999999881
6858  -13.941  -70.023  -29.192 0.6999999881
7575  -14.800  -69.154  -28.214 0.6999999881
8522  -12.961  -68.281  -41.045 0.5000000000
9367  -14.076  -68.028  -41.076 0.6000000238
9369  -15.933  -67.003  -41.059 0.6000000238
9347  -14.771  -67.925  -39.857 0.6000000238
119588  -16.350  -67.122  -39.448 0.6000000238
9318  -12.920  -67.877  -37.109 0.6000000238
107031  -15.361  -67.289  -38.980 0.6000000238
9303  -12.953  -68.023  -36.114 0.6000000238
4839  -15.053  -73.239  -30.673 0.6999999881
8462  -12.599  -68.652  -35.715 0.6999999881
5463  -14.563  -72.489  -30.169 0.6999999881
4840  -15.908  -73.206  -30.696 0.6999999881
5474  -16.649  -72.935  -30.955 0.6999999881
9289  -13.123  -68.113  -35.219 0.6999999881
5464  -15.496  -72.622  -30.094 0.6999999881
5475  -17.333  -72.530  -31.350 0.6999999881
8448  -12.687  -68.736  -34.759 0.6999999881
8449  -13.224  -67.944  -34.440 0.6999999881
5465  -16.339  -72.607  -30.206 0.6999999881
116799  -12.811  -68.011  -32.974 0.6999999881
9264  -13.686  -67.587  -32.812 0.6999999881
5449  -15.029  -71.847  -29.434 0.6999999881
5466  -17.107  -72.357  -30.503 0.6999999881
8399  -13.799  -67.913  -31.000 0.6999999881
6140  -15.182  -71.030  -28.707 0.6999999881
5450  -15.983  -72.146  -29.524 0.6999999881
8384  -13.969  -68.030  -30.236 0.6999999881
6845  -14.611  -70.101  -28.628 0.6999999881
6157  -16.457  -71.610  -29.081 0.6999999881
8361  -14.595  -68.569  -28.664 0.6999999881
6846  -16.438  -70.408  -27.886 0.6999999881
6835  -15.380  -69.048  -27.668 0.6999999881
10166  -13.342  -67.532  -41.015 0.5000000000
10156  -14.129  -66.184  -40.619 0.6000000238
108479  -15.984  -65.570  -40.467 0.6000000238
10962  -14.056  -65.195  -39.684 0.5000000000
11831  -16.509  -65.004  -40.098 0.6000000238
10959  -11.636  -65.685  -38.679 0.5000000000
10967  -13.025  -65.755  -39.935 0.5000000000
118837  -17.569  -66.340  -40.318 0.6000000238
11821  -17.284  -64.251  -39.047 0.6000000238
10146  -17.583  -66.300  -39.788 0.6000000238
11833  -17.662  -65.204  -39.750 0.6000000238
116276  -13.812  -67.525  -37.382 0.6000000238
9319  -13.667  -67.617  -36.389 0.6999999881
9321  -16.033  -66.814  -37.019 0.6999999881
124197  -14.216  -67.608  -35.280 0.6999999881
111654  -14.522  -67.486  -35.783 0.6999999881
5483  -17.448  -72.604  -32.237 0.6999999881
9290  -14.135  -67.573  -34.277 0.6999999881
9305  -14.761  -67.533  -34.938 0.6999999881
5476  -18.034  -72.181  -31.719 0.6999999881
5484  -18.114  -72.199  -32.614 0.6999999881
9277  -15.682  -67.678  -33.699 0.6999999881
5467  -17.860  -72.052  -30.861 0.6999999881
6202  -18.842  -71.782  -32.011 0.6999999881
5493  -17.985  -72.111  -33.548 0.6999999881
118841  -15.285  -68.033  -32.073 0.6000000238
6172  -17.635  -71.866  -30.011 0.6999999881
6190  -18.526  -71.851  -31.202 0.6999999881
6203  -19.501  -71.473  -32.601 0.6999999881
106928  -18.773  -71.778  -33.049 0.6999999881
6211  -18.551  -71.611  -34.010 0.6999999881
8400  -14.697  -68.043  -31.028 0.6999999881
6158  -17.288  -71.540  -29.246 0.6999999881
6160  -19.020  -71.257  -29.591 0.6000000238
6191  -19.313  -71.579  -31.066 0.6999999881
115321  -19.598  -71.489  -31.846 0.6999999881
9212  -15.863  -67.802  -28.376 0.6000000238
6836  -16.057  -69.460  -27.403 0.6999999881
6837  -16.921  -69.792  -27.339 0.6999999881
6847  -17.347  -70.511  -27.967 0.6999999881
6144  -18.615  -70.931  -28.877 0.6000000238
6174  -19.394  -71.402  -30.223 0.6000000238
8351  -16.706  -68.157  -27.196 0.6000000238
7564  -16.677  -68.953  -26.990 0.6000000238
6848  -18.234  -70.479  -28.119 0.6000000238
6849  -19.120  -70.405  -28.298 0.5000000000
115620  -19.357  -70.829  -29.024 0.5000000000
6859  -19.920  -71.022  -29.637 0.5000000000
7565  -17.510  -68.472  -26.841 0.6000000238
106905  -19.150  -68.760  -26.950 0.5000000000
7576  -18.705  -69.781  -27.491 0.5000000000
11830  -15.306  -65.010  -39.857 0.6000000238
11817  -13.525  -64.584  -38.591 0.6000000238
13555  -16.738  -62.908  -38.746 0.5000000000
14417  -16.732  -61.692  -38.038 0.6999999881
10961  -13.111  -65.119  -39.023 0.5000000000
11803  -13.118  -64.371  -37.510 0.6000000238
12690  -13.728  -63.644  -37.303 0.6000000238
10941  -11.341  -65.657  -37.007 0.6000000238
108006  -11.892  -65.335  -37.813 0.6000000238
13547  -17.123  -62.829  -38.173 0.4000000060
10942  -11.951  -65.293  -36.762 0.6000000238
12693  -17.307  -63.928  -38.521 0.5000000000
10954  -17.384  -65.475  -38.480 0.6000000238
10126  -17.093  -65.962  -37.637 0.6000000238
9306  -15.531  -67.293  -35.509 0.6999999881
9322  -16.616  -66.567  -36.372 0.6000000238
116159  -15.824  -67.470  -34.575 0.6999999881
8417  -16.214  -68.230  -32.306 0.6000000238
8435  -16.307  -67.807  -33.063 0.6000000238
110171  -15.566  -68.289  -30.668 0.6000000238
6192  -20.111  -71.304  -31.369 0.6000000238
6204  -20.162  -71.204  -32.216 0.6000000238
120777  -20.058  -71.165  -32.957 0.6999999881
6212  -19.437  -71.272  -33.540 0.6999999881
6226  -19.067  -71.100  -34.476 0.6999999881
8371  -16.316  -67.842  -29.085 0.6000000238
6175  -20.023  -71.283  -30.545 0.6000000238
6236  -18.787  -70.929  -35.254 0.6999999881
9200  -17.830  -67.449  -27.545 0.6000000238
6850  -20.052  -70.356  -28.649 0.4000000060
108046  -21.330  -70.435  -29.979 0.4000000060
108152  -21.147  -70.613  -30.819 0.5000000000
6880  -20.807  -70.777  -31.711 0.6000000238
6905  -20.185  -70.754  -33.582 0.6000000238
6931  -19.485  -70.544  -35.113 0.6000000238
8353  -18.974  -67.866  -26.961 0.5000000000
8354  -19.878  -67.954  -26.977 0.5000000000
7566  -20.198  -68.806  -27.274 0.5000000000
7578  -20.578  -69.598  -27.945 0.5000000000
6881  -21.586  -70.292  -31.519 0.4000000060
6891  -21.368  -70.258  -32.355 0.6000000238
13534  -15.664  -61.840  -37.600 0.6000000238
12692  -15.765  -62.941  -38.529 0.6000000238
14404  -17.354  -61.399  -37.688 0.6000000238
11793  -13.141  -64.044  -36.589 0.6000000238
124631  -13.635  -63.431  -36.625 0.5000000000
13518  -13.636  -63.086  -35.314 0.6000000238
12645  -13.389  -63.290  -34.318 0.6000000238
14418  -17.209  -62.088  -38.199 0.6000000238
10927  -11.298  -65.597  -36.023 0.6999999881
11758  -12.284  -64.613  -34.543 0.6000000238
12644  -12.699  -63.924  -33.977 0.6000000238
12676  -17.194  -63.672  -37.794 0.5000000000
14419  -17.417  -61.921  -37.638 0.6000000238
10926  -10.017  -65.371  -35.391 0.6000000238
11741  -11.966  -64.369  -33.772 0.6999999881
11805  -17.302  -64.753  -37.952 0.5000000000
11756  -10.605  -64.782  -34.389 0.6999999881
10943  -17.136  -65.590  -37.496 0.6000000238
12642  -9.440  -63.392  -34.511 0.6000000238
9307  -16.443  -66.961  -35.362 0.6000000238
10125  -16.914  -66.167  -36.742 0.6000000238
105526  -17.275  -66.300  -35.178 0.6000000238
120829  -16.523  -67.210  -34.520 0.6000000238
8418  -17.013  -68.133  -32.559 0.6000000238
114148  -17.490  -68.758  -31.239 0.6000000238
111331  -19.255  -67.621  -29.551 0.6000000238
9226  -17.276  -67.725  -29.058 0.6000000238
9228  -19.786  -67.386  -28.983 0.6000000238
9215  -18.428  -67.294  -28.078 0.6000000238
116974  -21.269  -70.028  -33.156 0.6000000238
6906  -20.772  -70.172  -33.622 0.6000000238
6919  -20.296  -70.183  -34.454 0.6000000238
9202  -19.640  -67.553  -27.392 0.5000000000
8355  -20.755  -68.139  -27.255 0.5000000000
7567  -21.055  -68.893  -27.568 0.5000000000
7661  -20.460  -69.144  -36.329 0.6000000238
7613  -22.474  -69.515  -32.282 0.4000000060
7631  -21.683  -69.470  -33.686 0.6000000238
6920  -21.009  -69.616  -34.166 0.6000000238
14402  -15.069  -61.614  -36.590 0.6000000238
14377  -14.489  -61.168  -34.772 0.5000000000
15241  -15.875  -60.389  -35.928 0.6000000238
16065  -16.185  -59.751  -35.529 0.5000000000
13532  -13.896  -62.912  -36.260 0.6000000238
13501  -14.053  -61.811  -34.248 0.6000000238
14403  -16.183  -61.280  -37.320 0.5000000000
15252  -16.629  -60.765  -36.902 0.5000000000
15253  -17.745  -60.687  -37.129 0.5000000000
106064  -13.841  -62.462  -34.753 0.5000000000
13502  -14.221  -61.767  -35.054 0.6000000238
12628  -13.109  -63.338  -33.379 0.5000000000
14405  -18.034  -61.216  -37.100 0.6000000238
12625  -10.759  -63.579  -33.502 0.6999999881
12626  -11.614  -63.859  -33.265 0.6000000238
111714  -10.414  -62.846  -33.362 0.6000000238
11778  -16.603  -64.580  -36.211 0.5000000000
12641  -8.733  -63.293  -34.831 0.5000000000
12624  -9.924  -63.001  -33.843 0.6999999881
121680  -17.255  -66.011  -35.765 0.5000000000
10109  -17.328  -66.413  -34.354 0.5000000000
118745  -16.792  -67.657  -33.295 0.6000000238
9253  -18.984  -67.865  -31.297 0.6000000238
8403  -18.207  -68.429  -31.699 0.5000000000
9242  -19.548  -67.559  -30.549 0.6000000238
9241  -18.808  -67.968  -30.135 0.6000000238
9217  -20.387  -67.250  -27.781 0.5000000000
105930  -22.473  -69.228  -33.191 0.5000000000
108444  -22.335  -68.842  -34.089 0.5000000000
7648  -21.535  -68.940  -34.708 0.6000000238
113764  -21.127  -68.864  -35.611 0.6000000238
15227  -14.735  -60.481  -34.501 0.6000000238
15228  -15.287  -60.068  -35.016 0.6000000238
14347  -14.094  -61.198  -32.711 0.6000000238
16066  -17.251  -59.430  -36.092 0.5000000000
14362  -13.868  -61.930  -33.232 0.6000000238
13471  -13.020  -62.581  -32.012 0.6999999881
14394  -18.666  -60.878  -36.524 0.6000000238
13469  -11.456  -62.664  -32.435 0.6000000238
12609  -12.728  -63.151  -32.634 0.6000000238
110861  -17.761  -61.928  -37.070 0.6000000238
114752  -10.019  -62.473  -33.430 0.6000000238
13468  -10.468  -62.312  -32.958 0.6000000238
12675  -16.738  -63.701  -36.876 0.5000000000
10915  -17.384  -65.936  -34.957 0.5000000000
12623  -8.342  -63.190  -34.062 0.5000000000
13500  -9.211  -63.003  -34.113 0.6000000238
9280  -17.497  -66.817  -33.511 0.5000000000
10089  -18.436  -66.575  -32.468 0.6000000238
109175  -18.455  -67.580  -32.167 0.5000000000
10885  -19.530  -65.725  -31.153 0.5000000000
105752  -19.940  -67.498  -29.904 0.5000000000
8450  -22.848  -68.480  -34.415 0.6000000238
7649  -22.274  -68.381  -34.952 0.6000000238
16041  -14.704  -59.783  -33.282 0.6000000238
16051  -14.958  -59.859  -34.177 0.5000000000
16052  -15.596  -59.440  -34.619 0.5000000000
15205  -14.350  -60.327  -32.311 0.6999999881
16054  -17.544  -58.700  -35.669 0.5000000000
14327  -13.123  -61.888  -31.317 0.6999999881
14346  -13.591  -62.022  -32.190 0.6000000238
16067  -18.424  -59.212  -36.441 0.5000000000
13451  -12.570  -62.312  -31.637 0.6000000238
16077  -18.754  -59.945  -36.669 0.5000000000
14379  -18.291  -61.414  -35.610 0.6000000238
14324  -10.414  -60.893  -32.286 0.6999999881
13504  -17.552  -62.005  -36.139 0.6000000238
14343  -9.534  -61.656  -32.752 0.6000000238
13503  -16.347  -62.917  -35.321 0.6000000238
13467  -8.518  -63.074  -33.024 0.6999999881
14360  -9.501  -62.298  -33.074 0.6999999881
11779  -17.029  -65.440  -35.588 0.5000000000
12660  -16.284  -63.793  -35.855 0.5000000000
11760  -17.021  -65.333  -34.625 0.5000000000
11729  -8.144  -63.829  -32.349 0.5000000000
118393  -17.689  -65.630  -33.323 0.6000000238
121778  -17.618  -66.174  -33.692 0.5000000000
12606  -7.003  -63.951  -32.942 0.6000000238
10098  -17.948  -66.319  -33.097 0.5000000000
10078  -19.408  -66.811  -31.317 0.6000000238
10871  -20.168  -65.401  -30.466 0.5000000000
16029  -14.694  -59.515  -32.484 0.6999999881
16030  -15.067  -59.050  -32.930 0.5000000000
16879  -15.957  -58.775  -34.209 0.5000000000
15182  -13.635  -60.276  -30.424 0.8000000119
15197  -14.050  -60.419  -31.194 0.6999999881
16880  -16.838  -58.303  -34.775 0.5000000000
112375  -18.076  -57.888  -35.367 0.5000000000
15179  -11.455  -60.382  -30.837 0.6999999881
14303  -12.704  -61.271  -30.715 0.6999999881
15196  -13.404  -61.044  -30.809 0.8000000119
14326  -12.282  -61.809  -31.215 0.6999999881
16881  -19.123  -58.254  -35.770 0.5000000000
15194  -9.986  -60.061  -32.083 0.6999999881
15195  -10.930  -60.540  -31.567 0.6999999881
15230  -19.622  -60.413  -35.503 0.6000000238
114611  -19.803  -59.565  -35.524 0.5000000000
14301  -8.546  -61.673  -31.842 0.6000000238
14323  -9.483  -60.756  -32.465 0.6000000238
14378  -17.041  -62.029  -34.994 0.6000000238
13449  -8.769  -62.403  -32.415 0.6999999881
14322  -8.983  -61.434  -32.436 0.6999999881
113850  -16.254  -64.460  -34.161 0.6000000238
105838  -15.887  -63.465  -34.216 0.6000000238
12594  -8.527  -63.456  -32.012 0.6000000238
11730  -16.587  -64.516  -33.109 0.6000000238
10898  -18.225  -65.644  -32.650 0.6000000238
11727  -6.915  -64.298  -31.949 0.6000000238
106219  -18.491  -64.958  -32.139 0.6000000238
106369  -19.058  -65.003  -31.664 0.5000000000
16013  -13.800  -59.583  -30.022 0.6000000238
16837  -14.696  -58.941  -31.140 0.5000000000
16853  -14.895  -58.910  -32.086 0.5000000000
17749  -17.185  -57.534  -34.432 0.5000000000
16012  -12.569  -59.983  -29.983 0.8000000119
17750  -18.311  -57.121  -34.831 0.5000000000
15178  -10.567  -59.689  -31.253 0.6999999881
15229  -19.028  -61.047  -35.022 0.6000000238
13392  -6.093  -63.191  -27.095 0.6000000238
15193  -9.063  -60.064  -32.025 0.8000000119
12543  -6.713  -63.798  -27.487 0.6000000238
13422  -8.662  -62.177  -30.836 0.6999999881
15176  -8.174  -60.986  -31.135 0.8000000119
14365  -17.692  -61.372  -34.489 0.6000000238
12552  -6.361  -63.808  -28.997 0.6000000238
13434  -8.751  -62.883  -31.499 0.6000000238
12629  -15.901  -63.884  -33.286 0.6000000238
117820  -16.154  -64.054  -32.537 0.6000000238
11694  -7.397  -64.624  -29.699 0.6000000238
11703  -7.717  -64.582  -30.626 0.6000000238
11717  -8.196  -64.180  -31.475 0.6000000238
11731  -17.673  -64.954  -32.745 0.6000000238
12611  -17.028  -64.360  -32.121 0.6000000238
11728  -7.626  -64.199  -32.210 0.5000000000
11719  -18.747  -64.404  -31.606 0.5000000000
11720  -19.401  -64.648  -31.086 0.5000000000
113008  -18.455  -63.700  -30.496 0.5000000000
16824  -14.880  -58.313  -30.571 0.5000000000
16838  -15.202  -58.161  -31.583 0.5000000000
15998  -13.103  -59.279  -29.646 0.6000000238
15999  -13.850  -58.923  -29.715 0.5000000000
16011  -11.522  -59.759  -30.391 0.8000000119
15997  -12.047  -59.168  -29.831 0.6999999881
16010  -9.884  -58.930  -30.868 0.8000000119
16020  -9.316  -59.471  -31.557 0.8000000119
16055  -19.904  -59.707  -34.870 0.6000000238
16872  -19.786  -58.057  -34.674 0.5000000000
108010  -7.028  -63.700  -25.714 0.6000000238
15177  -8.316  -59.957  -31.278 0.8000000119
16043  -19.696  -59.591  -33.985 0.5000000000
12530  -7.588  -64.152  -26.383 0.6999999881
12529  -6.790  -63.685  -26.649 0.6000000238
14284  -8.536  -61.441  -29.849 0.8000000119
14364  -16.488  -61.946  -33.901 0.6000000238
15216  -18.433  -60.778  -33.899 0.6000000238
15217  -19.436  -60.364  -34.450 0.6000000238
11658  -8.095  -64.613  -27.218 0.6000000238
13472  -15.686  -62.785  -32.476 0.6000000238
114173  -16.211  -62.634  -34.328 0.6000000238
14349  -17.063  -61.225  -33.326 0.6000000238
11684  -7.033  -64.439  -28.989 0.6000000238
12582  -8.739  -63.724  -30.967 0.6000000238
12583  -9.081  -63.250  -30.465 0.5000000000
12595  -16.166  -63.722  -31.708 0.6000000238
11704  -8.645  -64.330  -30.426 0.6000000238
12596  -18.093  -63.991  -31.425 0.6000000238
105164  -16.476  -63.526  -30.731 0.6000000238
12585  -17.326  -63.709  -30.522 0.5000000000
12570  -18.708  -63.474  -29.541 0.5000000000
104796  -19.289  -63.757  -30.208 0.5000000000
12571  -19.627  -63.551  -29.458 0.5000000000
16809  -12.460  -58.445  -29.497 0.6000000238
16822  -10.949  -58.808  -30.300 0.6999999881
12468  -6.952  -63.816  -23.534 0.6000000238
12487  -6.911  -63.652  -24.944 0.6000000238
16009  -8.549  -59.140  -30.754 0.8000000119
16871  -19.844  -58.692  -33.847 0.5000000000
12488  -7.658  -63.922  -24.850 0.6000000238
16008  -8.011  -59.616  -30.184 0.8000000119
16855  -19.582  -58.248  -33.080 0.5000000000
12507  -7.987  -64.150  -25.537 0.6999999881
15207  -17.792  -60.564  -32.687 0.6000000238
108205  -18.931  -60.124  -33.325 0.6000000238
11659  -9.115  -64.776  -26.947 0.8000000119
118209  -9.146  -62.660  -29.973 0.6999999881
14348  -16.095  -62.004  -32.834 0.6000000238
15199  -17.309  -60.479  -31.487 0.6000000238
11676  -8.874  -64.894  -27.933 0.6999999881
11686  -8.636  -64.802  -28.866 0.6999999881
12568  -9.626  -63.490  -29.437 0.6000000238
110068  -15.808  -62.321  -31.863 0.6000000238
15198  -16.644  -61.058  -30.970 0.6000000238
11695  -8.262  -64.646  -29.710 0.6000000238
14328  -16.089  -61.917  -30.858 0.5000000000
12584  -16.852  -63.277  -29.836 0.5000000000
119358  -11.574  -58.417  -29.746 0.6000000238
124885  -12.112  -57.189  -29.134 0.5000000000
12458  -6.959  -63.810  -22.028 0.6000000238
16808  -10.652  -57.965  -29.761 0.6999999881
110357  -6.630  -63.879  -22.913 0.6000000238
16820  -8.979  -58.460  -30.247 0.6999999881
17683  -8.876  -57.604  -29.019 0.6000000238
112075  -7.370  -63.823  -24.177 0.6000000238
12469  -7.983  -63.861  -23.238 0.6000000238
16806  -8.327  -58.117  -29.354 0.6000000238
15984  -7.709  -59.107  -28.280 0.6999999881
115147  -8.432  -64.158  -24.786 0.8000000119
14265  -8.514  -60.774  -28.930 0.6999999881
15123  -8.536  -59.787  -27.838 0.6000000238
12531  -8.508  -64.475  -26.225 0.8000000119
13408  -9.517  -62.497  -29.072 0.8000000119
14267  -10.097  -62.088  -28.080 0.6999999881
11677  -9.750  -64.722  -27.622 0.6999999881
11687  -9.584  -64.582  -28.647 0.6999999881
12554  -10.128  -63.985  -28.681 0.6000000238
13409  -10.250  -63.226  -28.439 0.8000000119
12445  -6.794  -63.553  -21.163 0.6000000238
12459  -8.005  -63.473  -22.001 0.6000000238
12470  -8.972  -63.604  -22.981 0.6999999881
15976  -8.986  -59.313  -27.422 0.6000000238
114360  -8.472  -63.989  -23.949 0.6999999881
12489  -9.231  -64.162  -24.394 0.6999999881
14247  -9.179  -60.782  -28.111 0.6999999881
114946  -10.446  -61.191  -27.680 0.6000000238
12509  -9.772  -64.382  -25.025 0.8000000119
11644  -10.318  -64.511  -25.724 0.6000000238
11660  -10.005  -64.691  -26.673 0.5000000000
13393  -10.913  -63.052  -27.720 0.6999999881
14248  -11.288  -62.310  -27.551 0.6999999881
15126  -11.787  -61.353  -27.494 0.6000000238
11643  -9.433  -64.596  -25.981 0.8000000119
12545  -11.088  -64.127  -27.049 0.6000000238
12555  -10.715  -63.871  -27.778 0.6000000238
13312  -7.000  -62.412  -20.152 0.6000000238
13313  -7.776  -62.189  -20.600 0.6000000238
12447  -8.416  -62.898  -21.636 0.6999999881
12446  -7.687  -63.256  -21.338 0.6000000238
12460  -8.738  -63.205  -22.260 0.6999999881
12461  -9.245  -63.108  -22.770 0.6999999881
113355  -9.347  -63.835  -23.690 0.6999999881
12490  -10.063  -63.991  -24.149 0.6000000238
15125  -10.882  -60.433  -27.430 0.6000000238
105266  -10.509  -64.237  -24.898 0.6000000238
11661  -10.824  -64.410  -26.437 0.6000000238
15978  -11.387  -59.762  -27.164 0.5000000000
14249  -12.364  -62.200  -27.244 0.6000000238
15114  -12.748  -61.079  -27.285 0.5000000000
15115  -13.490  -60.910  -26.864 0.5000000000
13381  -12.752  -62.712  -26.563 0.6000000238
14233  -13.189  -61.799  -26.966 0.5000000000
15052  -6.802  -60.674  -20.165 0.6000000238
14174  -7.353  -61.579  -20.312 0.6000000238
13326  -8.435  -62.219  -21.474 0.6999999881
14175  -8.029  -61.616  -20.965 0.6999999881
14191  -8.816  -62.130  -22.303 0.6999999881
13332  -8.858  -62.728  -22.146 0.6999999881
13340  -9.260  -62.652  -22.856 0.6000000238
12471  -9.620  -63.440  -23.466 0.5000000000
12472  -10.312  -63.384  -23.953 0.6999999881
13351  -10.307  -62.647  -24.026 0.6000000238
12491  -10.930  -63.784  -24.550 0.6000000238
12492  -11.528  -63.688  -25.107 0.6000000238
13353  -11.740  -62.740  -24.687 0.6000000238
12512  -12.370  -63.278  -25.999 0.6000000238
13365  -12.876  -62.703  -25.808 0.5000000000
14222  -13.347  -62.039  -25.518 0.5000000000
14223  -13.854  -61.497  -25.902 0.5000000000
16742  -4.849  -57.722  -21.968 0.6999999881
17596  -4.721  -57.079  -22.297 0.6999999881
15059  -7.003  -60.286  -21.165 0.6000000238
15912  -5.843  -59.063  -22.295 0.6999999881
16746  -5.151  -57.437  -22.620 0.6999999881
18470  -5.084  -56.023  -23.275 0.6999999881
116303  -5.095  -55.274  -23.276 0.6000000238
15053  -7.462  -60.958  -20.771 0.6999999881
15907  -6.321  -59.710  -21.842 0.6999999881
15925  -6.053  -58.945  -22.887 0.6999999881
17609  -5.686  -57.428  -23.249 0.6999999881
15060  -7.552  -60.945  -21.595 0.6999999881
15067  -6.863  -60.279  -22.291 0.6999999881
16759  -6.191  -58.338  -23.245 0.6999999881
14199  -9.565  -62.234  -23.826 0.6000000238
13341  -9.778  -63.039  -23.388 0.6000000238
14208  -10.868  -62.029  -24.444 0.6000000238
123899  -10.206  -61.247  -24.426 0.6000000238
13352  -11.022  -63.076  -24.291 0.6000000238
15092  -10.961  -61.113  -24.383 0.6000000238
14209  -11.842  -61.809  -24.615 0.5000000000
15093  -11.988  -60.886  -24.158 0.6000000238
13354  -12.580  -62.439  -25.085 0.5000000000
14210  -12.850  -61.675  -24.720 0.5000000000
15094  -13.163  -61.039  -24.186 0.5000000000
17590  -4.245  -57.126  -21.725 0.6999999881
19352  -4.548  -55.856  -22.689 0.6999999881
20262  -5.386  -54.405  -23.035 0.6000000238
20263  -6.333  -54.127  -23.302 0.6000000238
20280  -6.865  -54.643  -24.008 0.4000000060
17618  -6.033  -57.001  -23.910 0.6000000238
19368  -5.615  -55.750  -23.754 0.5000000000
19353  -5.882  -54.886  -23.742 0.5000000000
20281  -7.827  -54.527  -24.063 0.4000000060
20265  -8.252  -53.942  -23.621 0.5000000000
14184  -8.242  -61.552  -21.876 0.6999999881
15077  -6.959  -60.102  -23.124 0.8000000119
15926  -6.663  -59.194  -23.280 0.6999999881
111791  -6.558  -57.240  -24.059 0.5000000000
18504  -7.191  -56.116  -24.422 0.4000000060
120504  -8.270  -55.151  -24.268 0.4000000060
20282  -8.705  -54.486  -24.046 0.4000000060
20283  -9.623  -54.570  -23.915 0.4000000060
15068  -7.470  -60.891  -22.685 0.8000000119
15078  -7.617  -60.608  -23.515 0.8000000119
16760  -6.743  -58.482  -23.664 0.8000000119
17619  -6.946  -57.875  -24.059 0.6000000238
18505  -7.907  -56.675  -24.165 0.5000000000
123662  -7.894  -55.793  -24.324 0.4000000060
19371  -9.062  -55.252  -24.036 0.4000000060
14190  -8.186  -61.436  -23.024 0.6999999881
14198  -8.924  -61.866  -23.371 0.8000000119
15090  -8.597  -60.640  -24.266 0.6999999881
15091  -9.436  -60.931  -24.404 0.5000000000
108623  -8.870  -56.794  -23.727 0.5000000000
116536  -9.342  -56.093  -23.681 0.4000000060
19372  -9.716  -55.486  -23.711 0.4000000060
14206  -9.057  -61.401  -24.167 0.6000000238
103986  -10.115  -60.464  -24.269 0.5000000000
123904  -10.478  -59.922  -23.883 0.6000000238
15944  -11.002  -60.310  -23.939 0.6000000238
15079  -11.731  -60.048  -23.423 0.6000000238
18463  -4.422  -56.513  -22.243 0.6000000238
19343  -4.126  -55.445  -22.048 0.5000000000
20261  -4.641  -54.925  -22.577 0.5000000000
20251  -5.869  -53.667  -22.573 0.4000000060
21129  -6.855  -53.606  -22.690 0.5000000000
20264  -7.329  -54.028  -23.446 0.5000000000
21118  -8.262  -53.263  -22.076 0.5000000000
21131  -8.660  -53.507  -22.986 0.5000000000
21975  -9.813  -52.843  -22.632 0.5000000000
20266  -9.092  -53.851  -23.745 0.5000000000
15941  -7.547  -59.404  -23.994 0.6999999881
124337  -7.537  -58.899  -24.084 0.6000000238
16771  -8.331  -58.484  -24.050 0.5000000000
17620  -7.516  -57.508  -24.149 0.5000000000
20267  -9.792  -53.786  -23.736 0.5000000000
21133  -10.308  -53.292  -23.424 0.5000000000
14197  -8.264  -61.119  -23.926 0.8000000119
15089  -7.841  -60.287  -24.027 0.6999999881
15942  -8.290  -59.783  -24.260 0.6000000238
17611  -8.344  -57.645  -23.914 0.5000000000
18493  -10.046  -56.149  -23.336 0.5000000000
20284  -10.422  -54.233  -23.631 0.5000000000
15943  -9.164  -60.075  -24.310 0.5000000000
16762  -9.728  -58.391  -23.439 0.5000000000
16761  -8.922  -58.216  -23.768 0.6000000238
17612  -9.280  -57.566  -23.483 0.5000000000
18492  -9.684  -56.840  -23.334 0.5000000000
120526  -10.661  -56.183  -23.068 0.5000000000
15928  -9.950  -59.452  -23.884 0.5000000000
119491  -10.440  -58.828  -23.225 0.5000000000
17613  -10.073  -57.557  -23.069 0.5000000000
108138  -10.904  -59.505  -23.390 0.6000000238
16763  -11.073  -58.751  -22.777 0.6000000238
20249  -4.381  -54.660  -21.726 0.5000000000
20242  -4.871  -53.925  -21.256 0.5000000000
20250  -5.055  -54.092  -22.186 0.5000000000
21115  -5.581  -53.441  -21.712 0.4000000060
21116  -6.404  -53.110  -22.068 0.4000000060
20241  -4.217  -54.455  -20.793 0.5000000000
21108  -5.364  -53.259  -20.831 0.4000000060
21117  -7.336  -53.136  -22.121 0.5000000000
21119  -9.086  -53.158  -22.249 0.5000000000
21960  -9.563  -52.802  -21.570 0.4000000060
21961  -10.207  -52.409  -22.022 0.4000000060
22838  -10.664  -52.018  -21.461 0.4000000060
21945  -5.818  -52.561  -20.483 0.4000000060
21109  -6.076  -52.790  -21.322 0.4000000060
21957  -6.905  -52.570  -21.583 0.4000000060
21958  -7.820  -52.762  -21.483 0.5000000000
21948  -8.293  -52.289  -20.917 0.5000000000
21947  -7.343  -52.024  -21.076 0.4000000060
22828  -7.805  -51.501  -20.546 0.4000000060
22829  -8.867  -51.864  -20.331 0.5000000000
21949  -9.333  -52.566  -20.808 0.4000000060
21950  -10.160  -52.496  -20.961 0.4000000060
22832  -11.209  -51.385  -21.134 0.4000000060
21938  -6.232  -51.824  -20.157 0.4000000060
21946  -6.553  -52.130  -20.942 0.4000000060
22806  -6.267  -50.733  -19.033 0.4000000060
23700  -6.999  -50.254  -19.515 0.4000000060
22827  -6.941  -51.408  -20.601 0.4000000060
22817  -8.335  -50.983  -20.038 0.4000000060
22818  -9.447  -51.377  -19.791 0.5000000000
22830  -9.934  -52.120  -20.273 0.4000000060
22831  -10.729  -51.945  -20.525 0.4000000060
23702  -8.893  -50.614  -19.415 0.4000000060
23703  -10.099  -50.904  -19.243 0.4000000060
23704  -11.305  -50.977  -19.298 0.4000000060
22819  -10.565  -51.540  -19.823 0.4000000060
22820  -11.361  -51.351  -20.076 0.4000000060
23685  -6.670  -49.979  -18.677 0.3000000119
23701  -7.888  -50.313  -19.578 0.3000000119
23687  -8.448  -50.018  -19.077 0.4000000060
122178  -7.421  -49.150  -17.537 0.4000000060
23667  -7.099  -49.467  -18.123 0.3000000119
23686  -7.625  -49.740  -18.871 0.3000000119
24638  -10.144  -49.770  -17.842 0.5000000000
23689  -10.908  -50.493  -18.552 0.4000000060
23690  -12.105  -50.527  -18.715 0.4000000060
105294  -12.470  -50.323  -19.003 0.4000000060
24657  -11.920  -50.091  -20.677 0.3000000119
24602  -10.686  -48.932  -16.497 0.5000000000
24619  -11.174  -49.358  -17.047 0.5000000000
24639  -11.751  -49.984  -17.873 0.4000000060
24640  -12.542  -49.784  -18.526 0.4000000060
25550  -12.602  -49.030  -19.362 0.3000000119
107969  -8.126  -48.929  -17.136 0.4000000060
24617  -8.984  -49.244  -17.521 0.5000000000
24618  -10.044  -49.244  -16.841 0.5000000000
24600  -9.105  -48.838  -16.593 0.4000000060
25512  -10.559  -48.294  -16.228 0.5000000000
25525  -11.459  -48.465  -16.756 0.4000000060
25526  -12.142  -48.284  -17.480 0.4000000060
25542  -12.561  -48.709  -18.288 0.3000000119
116983  -10.243  -47.655  -16.086 0.3000000119
111310  -10.809  -47.545  -16.540 0.3000000119
26429  -11.473  -47.313  -17.315 0.3000000119
24599  -7.300  -48.918  -16.781 0.4000000060
25510  -9.128  -48.369  -15.891 0.3000000119
25503  -9.025  -47.736  -15.349 0.4000000060
26441  -12.048  -47.564  -18.325 0.3000000119
25502  -8.371  -48.065  -15.272 0.3000000119
26395  -8.404  -47.089  -14.747 0.3000000119
12704  -15.156  -63.670  -38.701 0.6000000238
12674  -14.174  -62.955  -37.116 0.5000000000
13394  -12.002  -62.954  -27.096 0.6000000238
12532  -11.543  -63.914  -26.378 0.6000000238
5490  -11.857  -72.931  -33.412 0.5000000000
6210  -12.508  -71.142  -33.116 0.6000000238
8477  -12.361  -68.559  -36.877 0.5000000000
6889  -12.415  -70.674  -32.299 0.6999999881
107947  -12.691  -71.592  -30.810 0.6999999881
6154  -13.335  -70.788  -30.092 0.6999999881
8416  -13.055  -67.854  -32.158 0.6999999881
119176  -13.783  -70.682  -29.604 0.6999999881
6857  -13.429  -69.995  -29.783 0.6999999881
9335  -16.107  -66.830  -38.307 0.5000000000
8433  -14.693  -67.671  -32.642 0.6999999881
110524  -14.024  -67.720  -31.870 0.6999999881
5451  -16.812  -72.076  -29.727 0.6999999881
8385  -14.846  -68.051  -29.832 0.6999999881
12705  -16.454  -63.509  -39.057 0.6000000238
6173  -18.561  -71.642  -30.345 0.6999999881
8401  -15.914  -68.432  -31.522 0.6000000238
9213  -16.619  -67.596  -28.307 0.6000000238
125271  -17.391  -69.274  -26.972 0.5000000000
118168  -12.621  -64.518  -35.646 0.6999999881
8372  -17.146  -68.399  -30.087 0.6000000238
6890  -20.688  -70.664  -32.804 0.6000000238
6918  -19.713  -70.792  -34.201 0.6000000238
9214  -17.529  -67.398  -28.241 0.5000000000
9203  -20.496  -67.560  -27.421 0.5000000000
7612  -21.872  -69.747  -32.806 0.5000000000
12673  -13.325  -63.645  -35.890 0.6000000238
11757  -11.799  -65.194  -35.173 0.6999999881
13520  -16.917  -62.820  -36.575 0.6000000238
9265  -17.821  -68.049  -32.436 0.5000000000
8387  -18.207  -68.469  -30.701 0.5000000000
105690  -19.026  -67.410  -28.645 0.6000000238
9240  -17.975  -68.062  -29.768 0.5000000000
9216  -19.454  -67.255  -27.974 0.5000000000
7647  -20.743  -69.418  -35.094 0.6000000238
7632  -23.180  -68.639  -33.581 0.5000000000
14345  -10.885  -61.808  -32.353 0.6000000238
16056  -19.883  -58.943  -35.141 0.5000000000
13407  -6.132  -63.278  -28.105 0.6000000238
12581  -6.136  -64.035  -30.634 0.6000000238
11718  -18.126  -64.459  -32.074 0.6000000238
12553  -6.785  -64.086  -28.290 0.6000000238
125009  -8.007  -60.391  -30.458 0.8000000119
11675  -8.022  -64.822  -28.224 0.6000000238
15206  -16.545  -61.239  -32.023 0.6000000238
108076  -9.122  -64.482  -29.558 0.6000000238
13435  -16.323  -62.807  -30.271 0.6000000238
16022  -18.273  -59.825  -32.108 0.6000000238
121654  -9.646  -64.114  -29.323 0.6999999881
11678  -10.501  -64.442  -27.311 0.6000000238
12510  -11.152  -64.189  -25.468 0.6000000238
124241  -11.462  -63.028  -27.399 0.6999999881
12511  -11.799  -63.667  -25.724 0.6000000238
13366  -13.444  -62.116  -26.258 0.5000000000
14207  -9.885  -61.699  -24.318 0.5000000000
13364  -12.143  -63.209  -25.298 0.6000000238
14211  -13.689  -61.390  -25.060 0.5000000000
16743  -5.311  -58.501  -21.749 0.6999999881
15906  -5.830  -59.133  -21.267 0.6000000238
117029  -5.587  -58.221  -22.624 0.6999999881
15913  -6.392  -59.563  -22.696 0.8000000119
17610  -6.335  -57.733  -23.730 0.6000000238
19370  -7.427  -55.242  -24.357 0.5000000000
19369  -6.469  -55.591  -24.231 0.5000000000
19373  -10.427  -55.326  -23.466 0.5000000000
21132  -9.458  -53.339  -23.234 0.5000000000
106377  -7.996  -59.022  -24.186 0.6000000238
16772  -8.914  -59.060  -24.129 0.6000000238
114498  -10.530  -58.193  -22.869 0.5000000000
21959  -8.761  -52.922  -21.421 0.5000000000
22814  -5.880  -51.516  -19.355 0.4000000060
22815  -6.586  -50.970  -19.916 0.4000000060
22816  -7.365  -50.786  -20.139 0.4000000060
23688  -9.470  -50.238  -18.753 0.4000000060
23705  -12.015  -50.649  -19.592 0.4000000060
109308  -11.609  -50.879  -20.518 0.4000000060
24616  -7.947  -49.267  -18.028 0.3000000119
24637  -8.698  -49.648  -18.413 0.5000000000
24650  -12.454  -49.932  -19.536 0.4000000060
24620  -12.191  -49.173  -17.489 0.4000000060
24601  -9.932  -48.745  -16.235 0.4000000060
25511  -9.844  -48.131  -15.773 0.4000000060
27294  -8.920  -46.874  -15.385 0.3000000119
26411  -9.617  -47.306  -15.802 0.3000000119
5532  -18.046  -71.976  -38.740 0.5000000000
6251  -19.119  -71.678  -38.807 0.5000000000
6245  -20.433  -72.126  -37.614 0.5000000000
6252  -19.945  -71.534  -38.827 0.5000000000
6253  -20.774  -71.383  -38.442 0.5000000000
6950  -21.029  -70.743  -39.017 0.5000000000
6941  -21.638  -71.084  -37.964 0.6000000238
6258  -17.685  -71.591  -38.606 0.5000000000
6259  -18.804  -71.240  -38.834 0.5000000000
6260  -19.624  -71.044  -39.254 0.5000000000
6949  -20.323  -70.867  -39.295 0.5000000000
6942  -22.546  -70.749  -37.526 0.6000000238
6257  -16.664  -71.899  -38.673 0.4000000060
4874  -16.403  -73.434  -34.554 0.4000000060
5502  -16.421  -73.048  -35.729 0.5000000000
5509  -16.282  -72.657  -36.867 0.5000000000
5518  -15.959  -72.765  -38.038 0.5000000000
5510  -16.356  -72.053  -37.529 0.5000000000
6224  -16.839  -72.172  -35.970 0.5000000000
5519  -16.103  -72.163  -38.684 0.5000000000
6243  -16.751  -71.563  -38.014 0.5000000000
6943  -23.404  -70.422  -37.120 0.6000000238
6944  -24.204  -70.181  -36.719 0.6000000238
6250  -17.554  -71.245  -38.249 0.5000000000
6956  -18.493  -70.882  -38.644 0.5000000000
6947  -18.389  -70.546  -37.944 0.5000000000
6952  -22.941  -70.032  -38.396 0.6000000238
6957  -19.397  -70.683  -39.095 0.5000000000
6959  -20.876  -70.106  -39.370 0.6000000238
6951  -21.870  -70.262  -38.943 0.6000000238
7679  -23.950  -69.828  -38.060 0.6000000238
7690  -22.491  -69.539  -39.497 0.6000000238
7691  -23.516  -69.371  -39.585 0.6000000238
7692  -24.615  -69.257  -39.392 0.6999999881
4270  -15.800  -74.127  -31.995 0.6000000238
4271  -16.399  -73.691  -32.349 0.6000000238
4859  -16.906  -73.100  -32.769 0.6000000238
110602  -16.355  -73.789  -33.424 0.5000000000
4866  -16.832  -72.921  -33.720 0.5000000000
124272  -17.325  -72.434  -33.928 0.6000000238
5503  -16.850  -72.612  -34.704 0.5000000000
118641  -17.604  -71.600  -35.654 0.5000000000
6234  -17.142  -71.482  -36.795 0.5000000000
6244  -17.659  -70.938  -37.409 0.5000000000
105096  -25.037  -70.479  -35.315 0.6999999881
6935  -24.945  -70.104  -36.184 0.6000000238
6948  -19.141  -70.275  -38.554 0.5000000000
7688  -19.802  -70.101  -39.173 0.5000000000
7700  -21.253  -69.227  -39.456 0.6000000238
7680  -25.037  -69.610  -37.673 0.6999999881
7664  -25.568  -69.701  -36.594 0.6999999881
6960  -21.857  -69.265  -39.782 0.6000000238
7693  -25.846  -68.938  -39.767 0.6999999881
7706  -22.345  -68.530  -40.358 0.6000000238
7702  -23.750  -68.688  -40.808 0.6000000238
8516  -24.106  -68.066  -41.272 0.6999999881
111303  -15.205  -74.364  -31.821 0.5000000000
4850  -16.863  -73.096  -31.826 0.6000000238
5492  -17.435  -72.562  -33.129 0.6000000238
5504  -17.615  -71.978  -34.642 0.6000000238
6225  -18.314  -71.385  -34.978 0.6000000238
6235  -18.113  -71.004  -36.091 0.5000000000
109304  -19.323  -70.140  -36.208 0.6000000238
6936  -25.669  -70.134  -35.662 0.6999999881
6939  -18.538  -70.422  -36.876 0.5000000000
122512  -19.737  -69.588  -36.593 0.5000000000
7665  -26.280  -69.662  -36.314 0.5000000000
7650  -26.539  -70.119  -35.117 0.6000000238
6940  -19.164  -69.870  -37.491 0.6000000238
8492  -21.109  -68.563  -38.939 0.5000000000
8504  -21.857  -68.324  -39.971 0.5000000000
7681  -26.036  -69.300  -37.689 0.6000000238
118337  -22.595  -68.088  -40.644 0.5000000000
7694  -26.733  -69.096  -39.163 0.6000000238
8505  -22.546  -67.718  -40.148 0.5000000000
9361  -24.435  -67.656  -40.985 0.6000000238
8495  -26.699  -68.552  -40.532 0.5000000000
101759  -26.273  -67.649  -40.673 0.5000000000
101756  -27.900  -68.523  -40.410 0.5000000000
4848  -15.484  -73.776  -31.261 0.6000000238
4849  -16.223  -73.540  -31.436 0.6000000238
4847  -14.590  -73.987  -31.290 0.4000000060
6932  -20.060  -69.893  -35.597 0.5000000000
7666  -27.126  -69.614  -36.008 0.6000000238
7677  -19.909  -69.289  -37.568 0.5000000000
8493  -21.804  -67.845  -39.035 0.5000000000
7682  -26.844  -69.291  -37.348 0.5000000000
7683  -27.596  -69.353  -36.932 0.5000000000
8494  -22.704  -67.435  -38.875 0.5000000000
7695  -27.429  -69.135  -38.632 0.5000000000
9337  -24.455  -67.226  -39.154 0.6000000238
117516  -27.154  -68.674  -40.325 0.5000000000
103095  -27.567  -68.765  -40.057 0.6000000238
103371  -25.441  -67.324  -39.924 0.6000000238
4837  -13.284  -72.943  -30.669 0.4000000060
7662  -21.160  -68.532  -36.547 0.5000000000
7684  -28.345  -69.363  -36.650 0.5000000000
8478  -21.388  -68.222  -37.737 0.5000000000
8479  -22.171  -67.802  -37.578 0.5000000000
8482  -28.031  -69.082  -38.991 0.5000000000
8483  -28.752  -69.251  -37.738 0.5000000000
8484  -29.770  -69.245  -37.121 0.5000000000
8485  -30.777  -69.128  -36.712 0.5000000000
8500  -32.741  -68.040  -37.628 0.5000000000
8480  -23.172  -67.535  -37.238 0.6000000238
9323  -24.170  -67.393  -37.674 0.6000000238
8496  -28.583  -68.896  -39.400 0.5000000000
9338  -25.125  -67.356  -38.170 0.6000000238
8519  -29.475  -68.057  -40.180 0.5000000000
103617  -27.082  -67.121  -37.965 0.5000000000
115394  -23.702  -68.122  -35.077 0.5000000000
8497  -29.420  -69.077  -38.370 0.5000000000
115205  -30.292  -69.060  -37.700 0.5000000000
124113  -30.565  -68.857  -38.075 0.5000000000
106268  -31.185  -68.838  -37.492 0.5000000000
8465  -23.412  -67.859  -35.866 0.5000000000
8466  -24.226  -67.853  -35.499 0.6000000238
8498  -30.005  -68.840  -38.624 0.5000000000
9340  -31.781  -68.345  -38.104 0.5000000000
9354  -33.355  -67.320  -38.412 0.5000000000
9325  -25.548  -67.386  -36.993 0.5000000000
8508  -29.153  -68.592  -39.703 0.5000000000
8451  -23.516  -68.321  -34.396 0.5000000000
9365  -31.974  -67.419  -39.920 0.5000000000
9352  -31.355  -68.049  -39.277 0.5000000000
9353  -32.366  -67.719  -38.769 0.5000000000
10151  -34.230  -66.485  -39.466 0.4000000060
10154  -11.616  -66.909  -40.157 0.4000000060
13379  -6.154  -63.272  -26.235 0.5000000000
12467  -5.990  -63.766  -23.650 0.5000000000
109839  -6.336  -63.620  -24.485 0.5000000000
108276  -6.118  -63.904  -21.725 0.5000000000
12457  -5.770  -63.963  -22.710 0.5000000000
12506  -6.224  -63.435  -25.406 0.5000000000
16739  -5.294  -58.739  -20.870 0.5000000000
16738  -4.640  -58.166  -21.070 0.5000000000
18462  -3.950  -56.480  -21.669 0.5000000000
8464  -22.465  -67.982  -36.082 0.5000000000
8463  -21.759  -68.132  -36.651 0.5000000000
6958  -20.075  -70.491  -39.333 0.6000000238
124391  -21.839  -68.766  -39.920 0.6000000238
119860  -24.225  -69.035  -40.309 0.6999999881
7707  -23.120  -68.282  -40.928 0.6000000238
8506  -24.878  -68.524  -40.835 0.6000000238
8517  -25.031  -67.927  -41.244 0.6000000238
7678  -20.610  -68.722  -37.676 0.5000000000
110362  -23.639  -67.328  -40.077 0.6000000238
9349  -24.722  -67.301  -40.403 0.6000000238
8507  -26.008  -68.102  -41.061 0.5000000000
119599  -28.015  -69.262  -37.687 0.5000000000
9336  -23.593  -67.311  -38.585 0.5000000000
101758  -26.256  -67.327  -38.746 0.5000000000
9324  -24.738  -67.477  -36.987 0.5000000000
8499  -30.742  -68.574  -38.669 0.5000000000
122886  -29.911  -68.520  -39.443 0.5000000000
8509  -30.369  -68.135  -39.836 0.4000000060
10150  -33.053  -66.991  -39.575 0.4000000060
112767  -29.657  -69.586  -33.620 0.5000000000
7652  -29.095  -69.524  -34.365 0.6000000238
111197  -28.339  -69.716  -34.346 0.6000000238
7633  -27.812  -70.011  -33.773 0.4000000060
7669  -29.452  -69.374  -35.245 0.4000000060
119929  -28.670  -69.405  -35.797 0.4000000060
7668  -28.503  -69.539  -35.065 0.6000000238
7667  -27.959  -69.496  -35.841 0.4000000060
108425  -27.062  -70.211  -34.290 0.6000000238
6922  -25.649  -70.580  -34.742 0.6000000238
109246  -24.281  -70.636  -35.627 0.6000000238
6934  -23.625  -70.963  -35.690 0.6000000238
105643  -23.715  -70.650  -36.231 0.5000000000
6933  -23.050  -71.016  -36.283 0.5000000000
6247  -22.186  -71.420  -36.697 0.4000000060
6246  -21.294  -71.789  -37.100 0.5000000000
5528  -19.611  -72.371  -38.135 0.4000000060
122819  -18.630  -59.215  -32.111 0.4000000060
16023  -18.288  -59.179  -31.385 0.4000000060
16015  -17.692  -59.824  -30.907 0.5000000000
15080  -12.605  -60.416  -23.476 0.5000000000
108269  -12.318  -59.852  -22.960 0.5000000000
15930  -13.068  -60.056  -22.842 0.5000000000
15914  -12.541  -59.353  -22.494 0.4000000060
16747  -11.131  -58.123  -22.521 0.4000000060
16751  -14.984  -58.860  -22.012 0.4000000060
17597  -10.795  -57.506  -22.671 0.4000000060
17598  -11.551  -57.580  -22.394 0.4000000060
17599  -12.425  -57.751  -22.138 0.4000000060
18471  -11.190  -56.698  -22.662 0.4000000060
17601  -14.391  -57.960  -21.731 0.4000000060
19354  -11.203  -55.763  -22.999 0.4000000060
109384  -11.783  -56.135  -22.626 0.4000000060
117707  -14.122  -56.197  -22.021 0.4000000060
19355  -11.919  -55.335  -22.860 0.4000000060
20285  -11.189  -54.794  -23.295 0.4000000060
21962  -10.714  -51.938  -22.458 0.3000000119
21976  -10.496  -52.508  -22.954 0.4000000060
121829  -10.884  -51.422  -22.108 0.3000000119
21977  -11.340  -52.262  -22.980 0.3000000119
15916  -14.457  -59.586  -22.403 0.4000000060
16750  -13.931  -58.799  -21.934 0.4000000060
16749  -12.913  -58.658  -22.094 0.4000000060
15915  -13.474  -59.502  -22.353 0.4000000060
17600  -13.383  -57.880  -21.888 0.4000000060
18473  -12.936  -56.978  -22.150 0.4000000060
17602  -15.513  -57.942  -21.750 0.4000000060
18474  -13.818  -57.048  -21.931 0.4000000060
110566  -13.386  -56.339  -22.168 0.4000000060
18472  -12.060  -56.858  -22.373 0.4000000060
11746  -31.998  -65.374  -32.932 0.3000000119
123087  -32.219  -66.125  -33.171 0.3000000119
10892  -31.339  -66.073  -32.137 0.4000000060
10904  -31.801  -66.146  -32.698 0.3000000119
10101  -32.063  -67.007  -33.119 0.4000000060
9257  -31.881  -67.999  -31.796 0.3000000119
10091  -31.686  -67.063  -32.412 0.3000000119
9269  -32.326  -68.129  -32.659 0.4000000060
8391  -31.731  -68.430  -31.076 0.3000000119
118051  -32.366  -68.713  -32.091 0.3000000119
114805  -31.975  -69.116  -31.024 0.3000000119
8406  -32.188  -68.885  -31.552 0.3000000119
8421  -32.409  -69.186  -32.141 0.3000000119
7608  -31.935  -69.525  -31.620 0.3000000119
7620  -32.053  -69.481  -32.502 0.3000000119
7607  -31.182  -69.973  -31.440 0.3000000119
7619  -31.290  -69.788  -32.250 0.3000000119
6876  -30.256  -70.984  -29.474 0.3000000119
7600  -31.077  -70.229  -30.610 0.3000000119
7606  -30.215  -70.245  -31.369 0.3000000119
7618  -30.280  -69.909  -32.158 0.3000000119
7599  -29.961  -70.635  -30.518 0.4000000060
10102  -32.597  -66.685  -33.622 0.3000000119
10082  -31.264  -66.931  -31.715 0.4000000060
111540  -32.620  -67.768  -33.535 0.4000000060
9256  -31.365  -67.621  -31.226 0.3000000119
118874  -32.586  -68.907  -32.528 0.4000000060
8390  -31.626  -68.923  -30.465 0.3000000119
8439  -32.585  -69.201  -32.879 0.4000000060
103847  -31.425  -69.718  -29.910 0.3000000119
7636  -31.318  -69.639  -33.072 0.4000000060
6864  -31.000  -70.716  -29.025 0.4000000060
7635  -30.385  -69.706  -32.929 0.4000000060
115654  -29.249  -69.994  -32.084 0.3000000119
114775  -30.541  -71.081  -28.537 0.3000000119
10103  -33.128  -66.315  -34.016 0.3000000119
10911  -33.599  -65.470  -34.118 0.3000000119
10110  -33.138  -67.332  -34.208 0.3000000119
10072  -30.281  -66.799  -30.493 0.4000000060
9283  -32.705  -68.743  -33.218 0.3000000119
9284  -32.966  -68.369  -34.179 0.3000000119
9246  -31.043  -67.842  -30.588 0.3000000119
8440  -32.712  -69.085  -33.885 0.3000000119
8376  -30.459  -68.734  -28.968 0.3000000119
7637  -32.122  -69.448  -33.419 0.4000000060
7654  -31.117  -69.494  -33.967 0.4000000060
7591  -31.288  -70.166  -29.097 0.3000000119
7582  -30.952  -69.614  -28.545 0.3000000119
8454  -30.678  -69.357  -34.945 0.5000000000
8377  -31.136  -69.435  -29.226 0.3000000119
119864  -30.471  -69.563  -33.582 0.4000000060
7653  -30.041  -69.446  -34.289 0.4000000060
119246  -29.864  -71.400  -27.941 0.3000000119
112664  -33.766  -66.589  -34.446 0.3000000119
10918  -34.340  -65.990  -34.549 0.3000000119
9245  -30.332  -67.574  -30.068 0.4000000060
8456  -33.057  -68.767  -34.668 0.4000000060
107959  -32.757  -69.105  -34.715 0.4000000060
8455  -31.990  -69.377  -34.546 0.4000000060
8471  -32.356  -69.139  -35.413 0.5000000000
8470  -31.328  -69.217  -35.658 0.4000000060
8365  -30.181  -68.930  -28.156 0.3000000119
8469  -30.187  -69.250  -35.992 0.4000000060
7590  -31.056  -70.467  -28.375 0.3000000119
6852  -30.594  -70.803  -27.556 0.3000000119
6131  -29.895  -71.258  -27.079 0.3000000119
124221  -33.305  -67.892  -34.556 0.3000000119
9295  -33.444  -68.130  -34.885 0.3000000119
9233  -29.864  -67.728  -29.444 0.4000000060
8486  -31.794  -68.997  -36.374 0.4000000060
9221  -29.547  -68.082  -28.663 0.4000000060
7569  -29.432  -69.692  -26.753 0.3000000119
8358  -29.855  -69.230  -27.416 0.3000000119
6840  -29.959  -70.599  -26.871 0.3000000119
6130  -29.227  -71.615  -26.691 0.3000000119
8473  -33.329  -68.505  -35.141 0.3000000119
8472  -33.044  -68.874  -35.289 0.4000000060
105134  -32.649  -68.835  -36.030 0.4000000060
7556  -28.606  -69.990  -26.255 0.3000000119
6829  -27.882  -70.468  -25.760 0.3000000119
6831  -29.331  -70.457  -26.458 0.3000000119
6830  -28.797  -70.839  -26.079 0.3000000119
6839  -29.442  -71.087  -26.535 0.3000000119
6824  -27.195  -71.028  -25.290 0.3000000119
112116  -27.433  -71.830  -25.213 0.3000000119
6825  -28.124  -71.322  -25.628 0.3000000119
5409  -28.306  -72.104  -25.683 0.3000000119
6122  -28.863  -71.560  -26.137 0.3000000119
9330  -33.866  -67.944  -36.207 0.3000000119
8487  -33.098  -68.367  -36.472 0.4000000060
5407  -26.773  -72.246  -25.050 0.3000000119
118570  -27.041  -72.832  -25.110 0.3000000119
10129  -35.422  -67.131  -36.358 0.3000000119
9329  -33.632  -67.668  -37.240 0.3000000119
9341  -34.609  -67.272  -36.962 0.3000000119
10140  -34.926  -66.592  -37.980 0.3000000119
15929  -11.717  -59.346  -22.829 0.5000000000
106326  -10.999  -53.003  -23.228 0.5000000000
21134  -11.122  -53.806  -23.372 0.4000000060
16748  -11.873  -58.523  -22.367 0.4000000060
6923  -26.360  -70.549  -34.118 0.6000000238
7651  -27.613  -69.826  -34.904 0.5000000000
8468  -29.180  -69.321  -36.376 0.4000000060
117746  -32.236  -68.631  -37.002 0.4000000060
120361  -34.221  -66.924  -38.087 0.3000000119
15081  -13.510  -60.512  -23.546 0.5000000000
15931  -13.945  -60.139  -22.898 0.4000000060
113072  -31.697  -69.660  -30.790 0.3000000119
6865  -31.037  -70.511  -29.738 0.3000000119
10081  -30.833  -66.821  -31.071 0.4000000060
9234  -30.962  -68.575  -29.770 0.3000000119
7581  -30.649  -69.835  -27.773 0.3000000119
121360  -33.085  -68.693  -35.807 0.4000000060
8357  -28.904  -68.735  -27.198 0.3000000119
8488  -33.383  -68.445  -35.657 0.3000000119
5408  -27.667  -72.568  -25.297 0.3000000119
6239  -23.239  -71.300  -35.450 0.5000000000
6227  -23.077  -71.732  -34.739 0.5000000000
6228  -23.800  -71.174  -35.017 0.5000000000
6921  -24.698  -70.990  -34.587 0.5000000000
8452  -24.357  -68.069  -34.559 0.4000000060
7634  -28.764  -69.719  -33.640 0.5000000000
7617  -28.462  -69.951  -32.855 0.3000000119
7605  -28.179  -70.232  -31.908 0.3000000119
105644  -29.424  -69.763  -32.881 0.4000000060
123404  -29.194  -70.318  -31.372 0.3000000119
104097  -29.220  -68.390  -27.927 0.3000000119
114945  -28.606  -67.409  -28.412 0.3000000119
9232  -29.118  -67.354  -29.055 0.3000000119
121417  -29.249  -66.945  -29.461 0.3000000119
10071  -29.707  -66.870  -29.931 0.3000000119
10878  -30.309  -65.758  -30.872 0.3000000119
123778  -29.936  -65.252  -30.534 0.3000000119
10046  -28.677  -66.502  -29.037 0.3000000119
10058  -29.189  -66.178  -29.612 0.3000000119
10877  -29.718  -65.849  -30.209 0.3000000119
107626  -29.589  -64.886  -30.228 0.3000000119
10891  -30.858  -65.952  -31.526 0.3000000119
10903  -31.042  -65.080  -31.968 0.3000000119
10865  -28.737  -65.673  -29.289 0.3000000119
11722  -30.677  -64.493  -31.480 0.3000000119
7615  -26.984  -70.364  -33.519 0.5000000000
6907  -25.510  -70.963  -33.737 0.4000000060
125270  -15.509  -56.963  -21.656 0.3000000119
18475  -14.721  -57.011  -21.726 0.3000000119
20268  -11.964  -54.340  -23.092 0.3000000119
6238  -22.599  -71.633  -35.649 0.4000000060
115959  -22.618  -72.358  -34.259 0.4000000060
4853  -25.035  -73.707  -31.365 0.4000000060
5477  -24.030  -73.088  -31.816 0.4000000060
5487  -24.020  -72.089  -32.431 0.4000000060
6205  -24.523  -71.569  -32.729 0.4000000060
6893  -25.080  -71.221  -33.018 0.4000000060
5495  -23.396  -72.421  -32.987 0.4000000060
6229  -23.876  -71.505  -34.152 0.4000000060
6215  -24.594  -71.341  -33.579 0.4000000060
4259  -27.049  -74.218  -31.470 0.3000000119
4841  -24.952  -73.021  -30.875 0.4000000060
6176  -24.802  -71.978  -31.290 0.4000000060
6213  -23.206  -72.048  -33.785 0.4000000060
120306  -24.486  -73.050  -31.318 0.4000000060
4258  -25.967  -74.086  -31.379 0.3000000119
5478  -24.325  -72.434  -31.689 0.4000000060
6214  -23.884  -71.794  -33.244 0.4000000060
106218  -24.604  -71.765  -31.925 0.4000000060
4247  -26.243  -73.685  -30.412 0.3000000119
4842  -25.488  -73.345  -30.679 0.3000000119
118253  -24.861  -72.495  -31.033 0.3000000119
5468  -25.373  -72.678  -30.517 0.3000000119
6883  -25.799  -71.048  -31.894 0.3000000119
6895  -26.368  -70.680  -32.378 0.3000000119
6206  -25.118  -71.307  -32.277 0.3000000119
6896  -27.110  -70.388  -32.089 0.3000000119
7616  -27.547  -70.219  -32.829 0.3000000119
121932  -26.852  -70.453  -32.809 0.3000000119
6894  -25.693  -70.973  -32.757 0.3000000119
6908  -26.297  -70.674  -33.226 0.3000000119
3695  -21.141  -75.364  -24.767 0.3000000119
4199  -21.038  -74.618  -24.457 0.3000000119
7554  -26.386  -69.316  -26.007 0.3000000119
5390  -21.337  -72.452  -24.715 0.3000000119
6108  -21.777  -71.777  -25.134 0.3000000119
6819  -22.795  -70.780  -25.336 0.3000000119
6820  -23.587  -70.383  -25.383 0.3000000119
7540  -24.150  -69.690  -25.354 0.3000000119
7541  -25.059  -69.788  -25.519 0.3000000119
6097  -21.401  -71.608  -24.211 0.3000000119
6098  -22.065  -70.958  -24.728 0.3000000119
6812  -22.719  -70.199  -24.810 0.3000000119
7530  -23.347  -69.589  -24.892 0.3000000119
6193  -25.234  -71.514  -31.483 0.3000000119
115647  -21.322  -74.077  -24.917 0.3000000119
6109  -22.469  -71.471  -25.602 0.3000000119
124010  -21.493  -72.817  -25.293 0.3000000119
4782  -21.311  -73.312  -24.957 0.3000000119
124688  -22.061  -71.941  -25.631 0.3000000119
6804  -22.108  -70.198  -24.048 0.3000000119
4873  -16.258  -74.166  -35.634 0.5000000000
5403  -21.792  -72.426  -25.598 0.3000000119
5486  -23.697  -72.771  -32.290 0.4000000060
6141  -16.017  -71.052  -28.476 0.6999999881
6142  -16.886  -71.077  -28.536 0.6999999881
6143  -17.761  -71.035  -28.694 0.6999999881
6156  -15.734  -71.577  -29.025 0.6999999881
6159  -18.150  -71.397  -29.461 0.6000000238
6838  -17.792  -69.876  -27.411 0.5000000000
6860  -20.720  -70.501  -29.377 0.5000000000
6870  -20.626  -70.849  -30.193 0.6000000238
6892  -21.932  -69.958  -32.100 0.4000000060
6930  -18.870  -70.611  -35.870 0.6000000238
7563  -15.921  -68.535  -27.357 0.6999999881
7577  -19.661  -69.675  -27.682 0.5000000000
7586  -13.664  -69.170  -29.507 0.6999999881
7595  -13.134  -69.189  -30.224 0.6999999881
7611  -12.422  -69.645  -32.297 0.6999999881
7660  -12.436  -69.303  -35.353 0.6999999881
7663  -21.711  -68.419  -35.688 0.6000000238
7674  -12.053  -69.623  -37.391 0.5000000000
7676  -19.614  -69.717  -38.408 0.5000000000
7687  -11.952  -69.783  -38.663 0.5000000000
7689  -20.323  -69.354  -38.810 0.5000000000
7699  -20.430  -69.945  -39.315 0.6000000238
7701  -22.737  -68.945  -40.424 0.6000000238
8352  -18.118  -67.815  -27.019 0.5000000000
8356  -21.539  -68.363  -27.539 0.5000000000
8362  -16.121  -67.886  -27.725 0.6000000238
8369  -14.160  -68.422  -29.372 0.6999999881
8370  -15.409  -67.923  -28.987 0.6000000238
8383  -13.340  -68.352  -30.585 0.6999999881
8386  -15.957  -68.216  -29.927 0.6000000238
8398  -13.222  -68.042  -31.361 0.6999999881
8402  -16.833  -68.622  -31.788 0.6000000238
8431  -12.461  -69.002  -33.047 0.6999999881
8432  -12.738  -68.471  -33.842 0.6999999881
8434  -15.573  -67.811  -32.870 0.6000000238
8481  -24.066  -67.599  -36.484 0.5000000000
8514  -12.823  -68.546  -40.702 0.5000000000
8515  -13.450  -68.358  -40.865 0.5000000000
9199  -16.975  -67.587  -27.629 0.6000000238
9201  -18.710  -67.501  -27.455 0.6000000238
9227  -18.293  -67.544  -29.012 0.5000000000
9266  -17.951  -67.203  -32.825 0.5000000000
9275  -13.404  -67.684  -33.657 0.6999999881
9276  -14.612  -67.567  -33.483 0.6999999881
9278  -16.357  -67.560  -33.860 0.6000000238
9279  -16.962  -67.167  -33.947 0.6000000238
9291  -15.057  -67.607  -34.211 0.6999999881
9296  -33.747  -67.438  -34.749 0.3000000119
9304  -13.689  -67.744  -35.576 0.6999999881
9320  -15.281  -67.182  -36.404 0.6999999881
9333  -13.210  -67.972  -38.211 0.6000000238
9346  -13.741  -68.259  -39.543 0.6000000238
9348  -15.894  -67.615  -40.126 0.6000000238
9358  -13.230  -68.609  -40.352 0.5000000000
9359  -15.039  -67.876  -40.705 0.6000000238
9360  -16.094  -67.437  -40.791 0.6000000238
9362  -25.387  -67.632  -40.940 0.6000000238
9368  -15.138  -67.537  -41.119 0.6000000238
10077  -18.884  -66.944  -31.898 0.6000000238
10116  -17.036  -66.401  -35.808 0.6000000238
10138  -16.938  -66.614  -39.144 0.6000000238
10139  -17.306  -66.067  -38.781 0.6000000238
10144  -12.004  -65.994  -39.613 0.5000000000
10145  -16.971  -67.012  -40.160 0.6000000238
10147  -17.692  -65.622  -39.454 0.6000000238
10155  -12.606  -66.658  -40.425 0.5000000000
10157  -16.864  -66.575  -40.685 0.6000000238
10158  -17.886  -65.869  -40.069 0.6000000238
10167  -14.239  -67.227  -41.092 0.6000000238
10168  -15.134  -66.756  -41.033 0.6000000238
10884  -18.886  -65.887  -31.943 0.6000000238
10907  -17.424  -65.778  -34.110 0.5000000000
10914  -10.815  -65.327  -35.087 0.6000000238
10928  -12.079  -65.173  -35.987 0.6999999881
10929  -17.075  -66.012  -36.645 0.6000000238
10940  -10.587  -65.905  -36.792 0.6000000238
10953  -12.717  -64.915  -38.166 0.6000000238
10960  -12.367  -65.382  -38.873 0.5000000000
10968  -15.081  -65.807  -40.520 0.6000000238
10969  -16.911  -65.751  -40.679 0.6000000238
10970  -17.646  -65.829  -40.465 0.6000000238
10974  -16.068  -66.320  -40.878 0.6000000238
11685  -7.808  -64.757  -29.007 0.6000000238
11688  -10.244  -64.339  -28.083 0.6000000238
11702  -6.768  -64.464  -30.226 0.6000000238
11705  -9.261  -63.946  -30.038 0.6000000238
11706  -19.042  -63.972  -31.014 0.5000000000
11715  -6.856  -64.466  -31.099 0.6000000238
11716  -7.490  -64.456  -31.493 0.6000000238
11740  -11.160  -64.383  -33.795 0.6999999881
11759  -16.407  -64.593  -35.219 0.5000000000
11777  -10.100  -65.054  -34.897 0.6000000238
11792  -12.543  -64.712  -36.625 0.6000000238
11794  -17.017  -65.377  -36.700 0.5000000000
11802  -12.455  -64.932  -37.359 0.6000000238
11804  -13.999  -63.903  -38.185 0.6000000238
11818  -14.589  -64.386  -39.062 0.6000000238
11819  -15.872  -64.268  -39.427 0.6000000238
11820  -17.047  -64.430  -39.489 0.6000000238
11832  -17.347  -65.246  -40.197 0.6000000238
12432  -7.382  -62.905  -20.696 0.6000000238
12508  -8.881  -64.371  -25.309 0.8000000119
12544  -7.340  -64.421  -27.775 0.6000000238
12546  -11.454  -63.546  -27.131 0.6999999881
12608  -11.971  -63.361  -32.665 0.6000000238
12610  -15.754  -63.463  -32.512 0.6000000238
12627  -12.363  -63.721  -33.224 0.6000000238
12643  -10.247  -63.905  -34.080 0.6999999881
12646  -15.976  -63.901  -34.948 0.6000000238
12659  -13.026  -63.887  -34.927 0.6000000238
12691  -14.555  -63.215  -37.935 0.5000000000
12706  -17.065  -63.459  -38.943 0.6000000238
12707  -17.117  -63.397  -38.680 0.4000000060
13314  -8.164  -62.105  -20.957 0.6999999881
13325  -8.060  -62.567  -21.054 0.6000000238
13380  -12.058  -63.346  -26.536 0.6000000238
13450  -11.816  -62.230  -31.794 0.6000000238
13452  -15.689  -63.129  -31.903 0.6000000238
13470  -12.299  -62.782  -32.132 0.6000000238
13484  -9.084  -62.757  -33.483 0.6999999881
13485  -9.609  -62.621  -33.484 0.6000000238
13486  -11.150  -63.142  -33.008 0.6000000238
13487  -13.380  -62.702  -32.794 0.6999999881
13488  -15.772  -62.883  -33.358 0.6000000238
13519  -14.201  -62.173  -35.791 0.6000000238
13533  -14.607  -62.291  -36.849 0.6000000238
13535  -17.241  -62.697  -37.504 0.6000000238
13544  -15.145  -62.524  -37.767 0.6000000238
13545  -16.473  -62.281  -38.376 0.6999999881
13546  -17.025  -62.781  -38.535 0.5000000000
14266  -9.165  -61.569  -28.742 0.8000000119
14302  -11.845  -61.108  -30.920 0.6999999881
14325  -11.368  -61.424  -31.655 0.6000000238
14342  -9.144  -62.264  -32.827 0.6999999881
14344  -10.050  -61.465  -32.772 0.6000000238
14361  -9.841  -62.098  -33.101 0.6000000238
14363  -14.328  -61.033  -33.800 0.6000000238
14380  -19.070  -61.020  -35.963 0.6000000238
14391  -14.689  -61.373  -35.639 0.6000000238
14392  -15.502  -60.974  -36.306 0.6000000238
14393  -18.358  -61.318  -36.485 0.6000000238
14406  -18.448  -60.522  -36.787 0.6000000238
15124  -9.658  -60.183  -27.577 0.6000000238
15140  -8.043  -59.927  -28.491 0.6999999881
15161  -7.992  -60.198  -29.534 0.6999999881
15180  -12.239  -60.602  -30.420 0.6999999881
15181  -13.012  -60.632  -30.258 0.8000000119
15184  -17.100  -60.625  -30.336 0.6000000238
15192  -8.613  -60.683  -32.011 0.6000000238
15204  -13.806  -61.222  -31.672 0.8000000119
15215  -14.416  -60.497  -33.214 0.6000000238
15240  -15.041  -60.728  -35.340 0.5000000000
15242  -16.973  -60.129  -36.520 0.5000000000
15927  -7.297  -59.795  -23.630 0.8000000119
15940  -7.078  -59.119  -23.720 0.8000000119
15995  -7.757  -59.322  -29.167 0.8000000119
15996  -8.037  -58.848  -29.768 0.6000000238
16014  -14.230  -59.678  -30.718 0.6999999881
16021  -14.509  -59.634  -31.651 0.6999999881
16031  -19.159  -59.226  -32.930 0.5000000000
16042  -15.269  -59.246  -33.750 0.5000000000
16044  -19.976  -59.021  -34.518 0.5000000000
16053  -16.489  -59.058  -35.125 0.5000000000
16068  -19.612  -58.888  -35.783 0.5000000000
16076  -18.050  -59.952  -36.826 0.5000000000
16078  -19.098  -60.457  -36.333 0.6000000238
16769  -7.208  -58.714  -23.950 0.6000000238
16770  -7.633  -58.334  -24.097 0.6000000238
16805  -7.785  -58.550  -28.777 0.6000000238
16807  -9.463  -57.953  -29.702 0.6999999881
16810  -13.394  -58.376  -29.411 0.5000000000
16821  -10.027  -58.351  -30.300 0.6999999881
16823  -14.353  -58.969  -30.242 0.6000000238
16839  -18.908  -58.577  -32.017 0.4000000060
16854  -15.381  -58.349  -32.534 0.5000000000
16856  -19.788  -57.841  -33.898 0.5000000000
16882  -19.618  -58.330  -35.359 0.5000000000
16890  -19.098  -58.806  -36.207 0.5000000000
17684  -9.829  -57.411  -29.137 0.6999999881
17686  -12.717  -57.600  -29.209 0.5000000000
18469  -4.970  -56.691  -22.882 0.6999999881
18489  -5.543  -56.534  -23.536 0.5000000000
18490  -5.991  -56.287  -24.006 0.5000000000
18491  -8.579  -55.947  -24.062 0.4000000060
18503  -6.549  -56.529  -24.224 0.5000000000
21130  -7.791  -53.607  -22.769 0.5000000000
104799  -19.206  -57.662  -35.249 0.5000000000
106006  -13.194  -71.535  -30.413 0.6999999881
106488  -7.050  -56.989  -24.313 0.5000000000
106551  -17.323  -67.530  -33.084 0.6000000238
106583  -14.598  -60.288  -33.827 0.6000000238
107015  -16.528  -68.641  -30.903 0.6000000238
107675  -17.594  -64.859  -38.996 0.5000000000
107944  -17.162  -65.160  -33.680 0.6000000238
108206  -16.741  -66.340  -37.706 0.6000000238
108589  -30.573  -65.149  -31.353 0.3000000119
109461  -13.649  -62.649  -33.758 0.5000000000
109681  -15.609  -58.549  -33.362 0.5000000000
109720  -20.565  -71.030  -30.913 0.6000000238
109735  -14.754  -68.107  -28.930 0.6999999881
110496  -13.440  -66.641  -40.686 0.5000000000
110804  -30.254  -70.033  -27.166 0.3000000119
111532  -23.019  -68.203  -35.104 0.5000000000
112125  -15.014  -67.167  -37.576 0.6999999881
112823  -19.413  -59.605  -36.263 0.5000000000
112908  -7.268  -64.170  -27.076 0.6000000238
113294  -10.408  -56.834  -22.972 0.5000000000
113728  -11.696  -57.684  -29.362 0.6000000238
113990  -18.383  -68.371  -26.790 0.5000000000
114238  -12.295  -70.051  -35.586 0.5000000000
114286  -13.836  -67.710  -34.936 0.6999999881
114720  -18.503  -58.507  -35.988 0.5000000000
115116  -7.487  -63.776  -22.675 0.6000000238
116358  -4.121  -56.032  -22.095 0.5000000000
116864  -18.161  -69.132  -26.911 0.5000000000
117006  -11.477  -64.887  -34.388 0.6999999881
117062  -15.856  -63.024  -31.142 0.6000000238
117225  -15.453  -70.094  -28.040 0.6999999881
118852  -23.365  -67.840  -40.900 0.6000000238
119254  -13.249  -59.998  -30.011 0.8000000119
119354  -17.412  -67.844  -27.180 0.6000000238
119413  -15.228  -68.234  -28.113 0.6999999881
119565  -16.915  -64.438  -37.113 0.5000000000
120303  -14.433  -67.368  -36.666 0.6999999881
120454  -12.763  -68.458  -31.655 0.6999999881
120688  -11.510  -63.354  -24.715 0.6000000238
120723  -16.945  -66.734  -34.878 0.6000000238
121254  -8.303  -63.580  -22.568 0.6999999881
121332  -7.920  -59.480  -28.002 0.6999999881
121543  -7.379  -64.571  -28.453 0.6000000238
121728  -21.586  -68.877  -27.785 0.5000000000
121791  -11.972  -60.541  -27.379 0.5000000000
122444  -16.922  -63.993  -31.250 0.6000000238
122648  -12.587  -61.630  -27.288 0.6000000238
123156  -4.384  -57.614  -21.461 0.6999999881
123416  -10.746  -59.274  -30.738 0.8000000119
123529  -12.560  -69.092  -34.257 0.6999999881
123597  -16.146  -72.359  -39.145 0.4000000060
123817  -21.172  -69.804  -33.645 0.6000000238
124792  -16.050  -66.969  -36.091 0.6999999881
125055  -17.561  -68.568  -31.975 0.6000000238
125126  -11.964  -63.566  -26.167 0.6000000238
