#!ascii label  , from subject sub-v2s17x50038_ses-1 vox2ras=TkReg
1803
13531  -40.615  -62.863  -34.887 0.1000000015
13530  -40.144  -63.356  -35.676 0.1000000015
11770  -38.580  -65.257  -36.019 0.1000000015
12669  -39.570  -64.001  -36.187 0.1000000015
12688  -38.823  -64.486  -37.051 0.1000000015
13542  -39.313  -62.767  -38.330 0.1000000015
10947  -37.881  -65.169  -37.761 0.1000000015
13553  -38.178  -63.047  -39.154 0.1000000015
12701  -37.844  -63.768  -39.074 0.1000000015
12700  -37.328  -63.693  -38.741 0.1000000015
13541  -37.765  -62.627  -38.616 0.1000000015
13540  -37.193  -63.041  -37.942 0.1000000015
13513  -35.875  -62.013  -35.546 0.1000000015
12699  -36.612  -64.086  -38.589 0.1000000015
12686  -35.729  -63.655  -37.143 0.1000000015
12687  -36.518  -63.427  -37.538 0.1000000015
15250  -40.957  -60.812  -36.081 0.1000000015
122223  -40.452  -62.563  -35.874 0.1000000015
14401  -40.844  -61.959  -35.366 0.1000000015
105576  -39.677  -63.339  -36.929 0.1000000015
15259  -40.631  -60.454  -37.501 0.1000000015
14415  -39.782  -61.909  -38.297 0.1000000015
13543  -40.025  -62.653  -36.974 0.1000000015
14425  -40.131  -61.008  -38.422 0.1000000015
12703  -38.620  -63.131  -38.815 0.1000000015
14423  -38.853  -61.388  -39.346 0.1000000015
14422  -38.349  -62.097  -39.051 0.1000000015
16846  -34.143  -58.688  -31.327 0.1000000015
16038  -35.113  -59.472  -32.515 0.1000000015
16047  -35.605  -59.799  -33.198 0.1000000015
15223  -35.311  -60.469  -33.588 0.1000000015
14387  -35.456  -61.529  -34.720 0.1000000015
14388  -36.364  -61.267  -35.247 0.1000000015
14399  -36.596  -61.889  -36.113 0.1000000015
13529  -36.391  -62.651  -36.584 0.1000000015
15238  -42.113  -60.063  -34.644 0.1000000015
16895  -42.613  -57.910  -36.775 0.2000000030
16075  -42.846  -58.401  -35.897 0.2000000030
16901  -42.755  -57.277  -37.103 0.1000000015
16084  -41.292  -58.821  -37.450 0.1000000015
15251  -41.615  -60.008  -35.687 0.1000000015
16900  -41.888  -57.890  -37.380 0.1000000015
23824  -35.551  -50.892  -29.124 0.1000000015
22047  -34.768  -51.992  -29.550 0.1000000015
16088  -40.727  -58.557  -37.901 0.1000000015
16087  -40.169  -59.395  -38.570 0.1000000015
15262  -39.753  -60.580  -39.036 0.1000000015
22062  -34.187  -52.733  -29.876 0.1000000015
21206  -34.545  -53.285  -29.509 0.1000000015
114348  -35.077  -53.706  -29.447 0.1000000015
19436  -35.325  -55.763  -30.172 0.1000000015
18579  -36.039  -55.974  -30.776 0.1000000015
18578  -35.538  -56.660  -30.803 0.1000000015
16086  -39.635  -59.521  -38.709 0.1000000015
16085  -39.035  -59.706  -38.653 0.1000000015
14413  -37.780  -61.710  -37.974 0.1000000015
19425  -34.849  -55.004  -29.690 0.1000000015
119363  -34.314  -55.605  -29.802 0.1000000015
17713  -35.322  -57.457  -31.145 0.1000000015
17714  -36.084  -57.239  -31.586 0.1000000015
16867  -37.104  -57.950  -33.024 0.1000000015
16049  -37.113  -59.056  -33.919 0.1000000015
15258  -38.464  -60.206  -38.184 0.1000000015
17703  -34.673  -57.210  -30.633 0.1000000015
112674  -34.859  -58.543  -31.638 0.1000000015
16847  -35.559  -58.061  -31.768 0.1000000015
16866  -36.621  -58.590  -33.111 0.1000000015
15237  -37.210  -60.128  -35.059 0.1000000015
118980  -36.976  -60.734  -35.418 0.1000000015
16865  -35.347  -58.800  -32.186 0.1000000015
16039  -35.861  -59.108  -32.821 0.1000000015
16048  -36.345  -59.412  -33.534 0.1000000015
15236  -36.537  -60.482  -34.671 0.1000000015
14400  -37.216  -61.317  -36.390 0.1000000015
14412  -37.185  -62.246  -37.178 0.1000000015
16896  -43.264  -57.456  -36.359 0.1000000015
16888  -43.579  -57.907  -35.332 0.2000000030
16063  -43.023  -59.063  -34.746 0.1000000015
16050  -43.968  -58.609  -33.470 0.2000000030
15214  -43.706  -59.585  -32.895 0.2000000030
17766  -43.187  -56.661  -36.740 0.1000000015
17769  -42.309  -56.990  -37.421 0.1000000015
24766  -36.424  -49.778  -29.088 0.1000000015
23828  -35.552  -50.559  -29.653 0.1000000015
16899  -41.290  -57.584  -37.574 0.1000000015
16898  -40.339  -58.195  -37.901 0.1000000015
113004  -39.859  -58.115  -37.496 0.1000000015
113356  -34.790  -52.624  -29.399 0.1000000015
20346  -35.359  -54.375  -29.663 0.1000000015
20360  -35.622  -55.026  -29.992 0.1000000015
16082  -39.565  -58.908  -38.069 0.1000000015
19437  -36.163  -55.358  -30.479 0.1000000015
17715  -36.895  -56.987  -32.095 0.1000000015
17743  -37.707  -57.641  -33.302 0.1000000015
16886  -37.951  -58.678  -34.471 0.1000000015
16073  -37.787  -59.734  -35.647 0.1000000015
16081  -38.752  -59.412  -37.565 0.1000000015
15248  -37.522  -60.445  -36.055 0.1000000015
18604  -42.577  -55.755  -33.754 0.1000000015
17746  -42.965  -56.655  -34.048 0.1000000015
18615  -42.933  -56.152  -34.627 0.1000000015
17747  -43.544  -56.986  -34.442 0.1000000015
17748  -43.852  -57.623  -34.254 0.2000000030
17732  -43.903  -57.748  -33.642 0.2000000030
17759  -43.758  -56.948  -35.061 0.2000000030
109608  -44.046  -58.184  -33.491 0.2000000030
113577  -44.193  -58.803  -32.759 0.2000000030
18636  -42.992  -56.035  -36.369 0.1000000015
18626  -42.805  -55.786  -35.355 0.1000000015
18635  -42.176  -55.892  -36.202 0.1000000015
17758  -41.039  -56.232  -35.652 0.1000000015
23825  -35.963  -50.363  -29.093 0.1000000015
22035  -35.908  -51.721  -28.829 0.1000000015
22036  -36.686  -51.782  -28.730 0.1000000015
22050  -37.135  -52.418  -29.131 0.1000000015
17764  -41.393  -56.523  -36.779 0.1000000015
17763  -40.290  -57.074  -36.044 0.1000000015
24769  -36.689  -49.489  -29.924 0.1000000015
25683  -37.901  -48.815  -29.191 0.1000000015
22048  -35.350  -52.214  -29.124 0.1000000015
22049  -36.113  -52.364  -29.000 0.1000000015
20361  -36.377  -54.519  -30.159 0.1000000015
19438  -36.939  -55.050  -30.862 0.1000000015
19452  -37.316  -55.562  -31.493 0.1000000015
18601  -38.073  -56.300  -32.597 0.1000000015
17744  -38.437  -57.241  -33.586 0.1000000015
17756  -38.903  -57.471  -34.291 0.1000000015
16894  -39.650  -57.869  -36.486 0.1000000015
24770  -37.503  -49.042  -29.978 0.1000000015
18590  -36.555  -56.346  -31.406 0.1000000015
121662  -37.509  -56.797  -32.478 0.1000000015
16877  -38.155  -57.933  -33.944 0.1000000015
120383  -38.590  -58.087  -34.651 0.1000000015
16074  -38.437  -59.262  -36.249 0.1000000015
24771  -38.162  -49.144  -30.790 0.1000000015
25693  -39.266  -48.792  -30.747 0.1000000015
24776  -38.870  -49.336  -31.731 0.1000000015
25698  -40.118  -48.860  -31.477 0.1000000015
20385  -42.510  -54.067  -32.367 0.1000000015
21229  -42.387  -53.717  -31.517 0.1000000015
20384  -42.251  -53.894  -32.916 0.1000000015
18593  -42.230  -56.208  -32.826 0.1000000015
17731  -43.300  -57.265  -33.735 0.1000000015
16868  -43.579  -57.791  -32.993 0.2000000030
20383  -41.925  -53.762  -32.936 0.1000000015
19478  -42.137  -54.658  -34.038 0.1000000015
19479  -42.375  -55.322  -34.350 0.1000000015
20374  -41.208  -53.626  -32.445 0.1000000015
19468  -42.025  -54.072  -33.451 0.1000000015
25685  -40.150  -48.107  -28.955 0.1000000015
25684  -38.866  -48.478  -29.173 0.1000000015
25676  -38.425  -48.673  -28.437 0.1000000015
25675  -37.561  -49.142  -28.483 0.1000000015
24760  -37.012  -49.722  -28.411 0.1000000015
23816  -37.057  -50.495  -28.253 0.1000000015
22938  -36.422  -51.193  -28.598 0.1000000015
111729  -40.442  -53.503  -31.941 0.1000000015
19467  -40.764  -54.303  -32.977 0.1000000015
18614  -41.548  -55.211  -34.436 0.1000000015
24767  -37.087  -49.246  -29.146 0.1000000015
21208  -37.712  -52.950  -29.842 0.1000000015
20362  -37.433  -54.269  -30.732 0.1000000015
18603  -39.760  -55.335  -33.221 0.1000000015
18613  -40.160  -55.932  -33.973 0.1000000015
26567  -41.945  -47.492  -28.993 0.1000000015
111190  -36.531  -53.036  -29.405 0.1000000015
21216  -37.052  -53.677  -30.047 0.1000000015
20363  -38.335  -54.064  -31.267 0.1000000015
19465  -38.146  -55.529  -32.137 0.1000000015
120403  -38.761  -55.722  -32.742 0.1000000015
17745  -39.211  -56.826  -33.920 0.1000000015
17757  -39.910  -56.778  -34.776 0.1000000015
25692  -38.489  -48.727  -29.962 0.1000000015
105432  -39.755  -48.401  -29.862 0.1000000015
25694  -40.655  -48.414  -30.598 0.1000000015
25699  -41.463  -48.405  -31.238 0.1000000015
25706  -41.049  -48.965  -32.101 0.1000000015
113861  -42.209  -55.446  -32.349 0.1000000015
20375  -42.189  -53.621  -32.408 0.1000000015
19456  -42.498  -54.619  -32.014 0.1000000015
17730  -42.588  -57.071  -33.175 0.1000000015
116681  -41.595  -53.226  -31.737 0.1000000015
21219  -42.062  -53.064  -30.896 0.1000000015
16850  -42.467  -57.898  -32.333 0.1000000015
21218  -40.306  -52.745  -30.729 0.1000000015
111171  -41.280  -52.846  -31.094 0.1000000015
112493  -39.108  -48.368  -28.694 0.1000000015
24750  -37.610  -49.770  -27.934 0.1000000015
108826  -39.319  -53.101  -30.865 0.1000000015
19454  -39.891  -54.105  -32.251 0.1000000015
16849  -41.670  -58.085  -31.591 0.1000000015
107452  -42.625  -58.261  -31.723 0.2000000030
22939  -37.255  -51.224  -28.377 0.1000000015
22051  -38.310  -52.378  -29.426 0.1000000015
21217  -38.239  -53.456  -30.638 0.1000000015
21227  -39.016  -53.500  -31.196 0.1000000015
19466  -39.265  -54.956  -32.521 0.1000000015
26568  -42.744  -46.987  -29.572 0.1000000015
25686  -41.633  -47.852  -29.783 0.1000000015
25695  -42.661  -47.282  -30.317 0.1000000015
25696  -42.619  -47.142  -30.636 0.1000000015
25700  -42.425  -47.640  -31.034 0.1000000015
104805  -42.159  -48.339  -31.848 0.1000000015
22054  -42.208  -52.796  -29.127 0.1000000015
22064  -42.172  -52.936  -29.982 0.1000000015
20351  -42.314  -53.534  -30.423 0.1000000015
22040  -41.912  -52.192  -28.720 0.1000000015
20365  -42.497  -54.062  -30.853 0.1000000015
22063  -41.488  -52.624  -30.456 0.1000000015
18592  -41.574  -56.601  -32.009 0.1000000015
113421  -39.438  -52.246  -29.595 0.1000000015
22052  -40.435  -52.367  -30.036 0.1000000015
19455  -41.692  -55.593  -31.740 0.1000000015
26561  -41.000  -47.713  -28.289 0.1000000015
25677  -39.467  -48.294  -28.238 0.1000000015
26553  -40.156  -48.152  -27.579 0.1000000015
25663  -37.944  -49.163  -27.925 0.1000000015
23805  -38.137  -50.252  -27.722 0.1000000015
22940  -38.324  -51.311  -28.284 0.1000000015
22038  -38.968  -51.870  -28.919 0.1000000015
18582  -40.787  -56.675  -31.278 0.1000000015
17717  -41.817  -57.382  -32.182 0.1000000015
26562  -42.669  -46.821  -28.648 0.1000000015
22922  -37.870  -50.799  -28.028 0.1000000015
22037  -37.714  -51.838  -28.762 0.1000000015
21209  -39.065  -52.705  -30.240 0.1000000015
16833  -40.957  -58.177  -30.736 0.1000000015
27465  -42.588  -46.627  -29.321 0.1000000015
26569  -42.820  -46.923  -30.135 0.1000000015
27481  -40.516  -46.352  -31.365 0.1000000015
27473  -42.614  -47.092  -30.781 0.1000000015
27488  -40.475  -46.320  -32.137 0.1000000015
22041  -42.166  -52.694  -28.443 0.1000000015
21200  -42.260  -53.041  -28.722 0.1000000015
21210  -42.258  -53.354  -29.383 0.1000000015
20350  -42.244  -54.029  -29.923 0.1000000015
116307  -41.104  -51.641  -28.402 0.1000000015
22942  -41.921  -51.828  -27.944 0.1000000015
19442  -42.209  -54.670  -31.250 0.1000000015
22941  -39.730  -51.442  -28.308 0.1000000015
20364  -41.728  -54.636  -30.459 0.1000000015
27457  -42.537  -46.430  -28.369 0.1000000015
24751  -38.451  -49.568  -27.515 0.1000000015
22923  -39.029  -50.780  -27.712 0.1000000015
22924  -40.701  -51.153  -27.658 0.1000000015
19440  -40.338  -55.339  -30.228 0.1000000015
26554  -41.838  -47.378  -27.776 0.1000000015
25665  -39.758  -48.615  -27.068 0.1000000015
24752  -39.386  -49.281  -27.007 0.1000000015
18581  -39.966  -56.635  -30.616 0.1000000015
27456  -41.788  -45.903  -28.848 0.1000000015
27464  -41.413  -46.076  -29.628 0.1000000015
28392  -40.088  -45.772  -29.188 0.1000000015
28398  -39.655  -45.891  -30.013 0.1000000015
27471  -40.600  -46.233  -30.515 0.1000000015
106341  -39.719  -45.943  -31.766 0.1000000015
28408  -39.293  -45.847  -31.134 0.1000000015
23790  -41.831  -50.600  -26.306 0.1000000015
22907  -42.160  -51.413  -26.652 0.1000000015
22926  -42.218  -52.028  -27.273 0.1000000015
21184  -42.094  -52.998  -28.207 0.1000000015
21199  -41.805  -53.490  -28.502 0.1000000015
25650  -40.296  -48.916  -26.504 0.1000000015
23789  -40.420  -49.798  -26.574 0.1000000015
22925  -41.883  -51.462  -27.317 0.1000000015
20337  -41.817  -53.972  -29.157 0.1000000015
28386  -41.762  -45.756  -28.110 0.1000000015
27448  -42.647  -46.134  -27.717 0.1000000015
25666  -40.902  -47.975  -26.876 0.1000000015
23806  -39.346  -50.133  -27.196 0.1000000015
20349  -40.887  -54.616  -29.609 0.1000000015
28385  -40.290  -45.645  -28.367 0.1000000015
19441  -40.861  -55.632  -30.992 0.1000000015
17706  -40.269  -57.482  -30.731 0.1000000015
28391  -38.676  -45.606  -29.525 0.1000000015
28390  -37.741  -45.250  -29.765 0.1000000015
28397  -38.568  -45.552  -30.405 0.1000000015
29320  -37.162  -44.514  -29.899 0.1000000015
29325  -37.725  -44.868  -30.502 0.1000000015
29334  -38.345  -45.042  -31.246 0.1000000015
22943  -42.141  -52.321  -28.048 0.1000000015
22026  -42.042  -52.596  -27.681 0.1000000015
21172  -41.699  -52.791  -27.072 0.1000000015
21183  -41.477  -53.206  -27.638 0.1000000015
28377  -41.542  -45.715  -27.349 0.1000000015
26543  -42.052  -47.574  -26.587 0.1000000015
24736  -41.411  -49.558  -26.006 0.1000000015
28375  -38.980  -45.524  -27.829 0.1000000015
28376  -40.228  -45.588  -27.539 0.1000000015
26555  -42.738  -46.524  -27.798 0.1000000015
120701  -42.409  -47.133  -27.360 0.1000000015
28384  -38.891  -45.569  -28.676 0.1000000015
29306  -37.164  -44.995  -28.458 0.1000000015
28383  -37.831  -45.374  -28.979 0.1000000015
29312  -36.593  -44.321  -28.618 0.1000000015
29313  -37.102  -44.846  -29.212 0.1000000015
30184  -36.231  -43.621  -28.320 0.1000000015
29319  -36.750  -44.222  -29.354 0.1000000015
30190  -36.913  -43.595  -29.814 0.1000000015
24737  -42.247  -50.507  -25.841 0.1000000015
22900  -42.372  -51.238  -25.793 0.1000000015
22908  -42.245  -51.668  -26.300 0.1000000015
22015  -42.064  -52.298  -26.831 0.1000000015
119150  -42.196  -51.570  -25.647 0.1000000015
106571  -42.628  -48.883  -25.382 0.1000000015
25651  -41.244  -48.489  -26.202 0.1000000015
105929  -37.980  -45.348  -27.347 0.1000000015
28362  -38.920  -45.489  -26.942 0.1000000015
28374  -37.264  -45.069  -27.715 0.1000000015
29305  -36.301  -44.135  -27.655 0.1000000015
31110  -36.313  -43.078  -28.741 0.1000000015
32011  -36.454  -42.323  -28.704 0.1000000015
23791  -42.417  -51.124  -26.062 0.1000000015
22885  -42.373  -51.047  -25.337 0.1000000015
24724  -41.846  -48.933  -25.719 0.1000000015
28363  -40.076  -45.602  -26.663 0.1000000015
27449  -42.869  -46.318  -27.444 0.1000000015
104605  -42.776  -46.593  -27.243 0.1000000015
25634  -42.183  -48.103  -25.872 0.1000000015
111311  -37.274  -45.118  -27.055 0.1000000015
28373  -36.737  -44.727  -27.283 0.1000000015
30179  -35.933  -43.386  -27.604 0.1000000015
31106  -36.057  -42.835  -28.179 0.1000000015
32005  -36.064  -41.977  -28.025 0.1000000015
115528  -36.083  -41.123  -27.773 0.1000000015
25635  -43.144  -48.772  -24.969 0.1000000015
26545  -43.310  -46.786  -25.867 0.1000000015
26533  -43.128  -47.796  -25.441 0.1000000015
28364  -41.290  -45.700  -26.490 0.1000000015
28365  -42.403  -45.855  -26.281 0.1000000015
27440  -42.977  -46.417  -26.781 0.1000000015
28361  -37.780  -45.308  -26.425 0.1000000015
31099  -35.453  -42.452  -26.770 0.1000000015
32004  -35.662  -41.746  -27.284 0.1000000015
32875  -35.096  -40.797  -26.123 0.1000000015
32882  -35.580  -40.799  -27.007 0.1000000015
27426  -43.181  -46.080  -25.851 0.1000000015
28345  -40.048  -45.647  -25.787 0.1000000015
28360  -36.866  -44.930  -26.510 0.1000000015
30171  -35.906  -43.728  -26.902 0.1000000015
30178  -35.663  -43.110  -27.017 0.1000000015
31997  -35.275  -41.614  -26.492 0.1000000015
32868  -34.720  -40.792  -25.276 0.1000000015
29299  -36.316  -44.358  -26.728 0.1000000015
29298  -35.878  -44.006  -26.109 0.1000000015
30170  -35.511  -43.222  -26.257 0.1000000015
31089  -35.170  -42.380  -25.966 0.1000000015
31992  -34.908  -41.567  -25.668 0.1000000015
33785  -34.667  -40.088  -24.581 0.1000000015
31991  -34.649  -41.537  -24.861 0.1000000015
29288  -36.411  -44.581  -25.861 0.1000000015
113459  -35.201  -43.056  -25.405 0.1000000015
31088  -34.866  -42.309  -25.144 0.1000000015
31078  -34.676  -42.207  -24.314 0.1000000015
12689  -39.114  -63.653  -37.713 0.1000000015
12702  -38.402  -63.794  -38.636 0.1000000015
11816  -38.119  -64.487  -38.327 0.1000000015
13554  -38.660  -62.374  -39.146 0.1000000015
14416  -40.440  -61.652  -36.903 0.1000000015
15260  -41.166  -59.700  -36.889 0.1000000015
15263  -40.245  -60.127  -38.602 0.1000000015
120377  -39.181  -61.948  -39.166 0.1000000015
16089  -39.261  -60.045  -39.091 0.1000000015
14414  -38.368  -61.081  -38.779 0.1000000015
15224  -36.082  -60.144  -33.905 0.1000000015
15235  -35.790  -60.830  -34.335 0.1000000015
106306  -41.953  -58.834  -36.546 0.1000000015
16083  -40.684  -59.457  -37.912 0.1000000015
23815  -36.178  -50.755  -28.722 0.1000000015
21207  -35.415  -52.991  -29.263 0.1000000015
16848  -36.519  -57.825  -32.383 0.1000000015
111777  -36.008  -58.498  -32.437 0.1000000015
17728  -37.278  -57.376  -32.704 0.1000000015
16876  -37.443  -58.324  -33.601 0.1000000015
16059  -36.781  -59.769  -34.286 0.1000000015
16060  -37.490  -59.440  -34.723 0.1000000015
15257  -37.892  -60.788  -37.374 0.1000000015
18637  -43.494  -56.372  -35.814 0.1000000015
16889  -43.817  -57.561  -34.747 0.2000000030
16878  -44.030  -58.008  -34.029 0.2000000030
17767  -40.667  -57.406  -37.252 0.1000000015
16893  -39.178  -58.681  -36.921 0.1000000015
20347  -35.938  -53.725  -29.586 0.1000000015
19451  -36.597  -55.667  -31.015 0.1000000015
17729  -37.948  -56.971  -32.984 0.1000000015
16061  -38.087  -59.157  -35.269 0.1000000015
15249  -38.115  -59.969  -36.820 0.1000000015
19485  -42.240  -55.254  -34.640 0.1000000015
16887  -39.310  -57.665  -35.247 0.1000000015
118044  -37.731  -54.801  -31.321 0.1000000015
124836  -37.921  -55.154  -31.692 0.1000000015
18591  -37.408  -56.273  -32.027 0.1000000015
18602  -38.855  -56.371  -33.269 0.1000000015
121866  -38.738  -58.514  -35.563 0.1000000015
24775  -37.877  -49.562  -31.493 0.1000000015
20376  -42.597  -54.128  -31.600 0.1000000015
112828  -42.516  -54.872  -32.803 0.1000000015
20391  -42.303  -54.497  -33.363 0.1000000015
16851  -43.751  -58.305  -32.164 0.2000000030
19477  -41.196  -54.770  -33.741 0.1000000015
21228  -40.181  -53.178  -31.360 0.1000000015
18624  -40.871  -55.901  -34.798 0.1000000015
19453  -38.615  -54.652  -31.828 0.1000000015
20373  -39.350  -53.823  -31.656 0.1000000015
17716  -41.062  -57.549  -31.416 0.1000000015
27472  -42.097  -46.696  -30.647 0.1000000015
26579  -42.459  -47.416  -31.189 0.1000000015
22039  -40.538  -51.951  -29.146 0.1000000015
112784  -42.285  -46.496  -29.997 0.1000000015
27482  -41.710  -46.821  -31.508 0.1000000015
121418  -39.912  -50.623  -27.320 0.1000000015
23807  -40.958  -50.664  -26.957 0.1000000015
110352  -37.414  -43.191  -30.334 0.1000000015
26544  -43.025  -47.073  -26.395 0.1000000015
14165  -37.161  -61.381  -19.930 0.5000000000
15072  -42.283  -60.539  -21.185 0.5000000000
14195  -42.112  -61.607  -21.865 0.5000000000
14164  -36.490  -61.309  -19.476 0.5000000000
14166  -38.676  -61.208  -20.062 0.5000000000
14156  -35.424  -60.919  -18.439 0.5000000000
14157  -35.935  -61.420  -18.838 0.5000000000
15043  -36.901  -60.437  -19.632 0.5000000000
14185  -42.415  -60.617  -20.516 0.5000000000
15037  -36.010  -60.387  -19.229 0.5000000000
15036  -35.321  -59.949  -18.674 0.5000000000
15894  -36.745  -59.485  -19.271 0.5000000000
15886  -35.994  -59.297  -18.995 0.4000000060
124927  -37.535  -58.771  -18.951 0.4000000060
16756  -42.758  -58.528  -22.046 0.5000000000
16768  -43.438  -58.239  -22.724 0.5000000000
16757  -43.591  -58.036  -21.887 0.5000000000
111996  -43.748  -57.861  -22.372 0.5000000000
18501  -42.211  -56.625  -23.509 0.5000000000
18488  -42.918  -56.969  -22.937 0.5000000000
18515  -41.286  -56.521  -24.172 0.4000000060
18513  -39.188  -56.636  -23.773 0.4000000060
11640  -43.640  -64.517  -25.022 0.1000000015
120187  -42.151  -62.377  -22.440 0.5000000000
13298  -36.321  -62.000  -19.115 0.5000000000
13307  -36.843  -62.235  -19.724 0.5000000000
14176  -37.463  -62.202  -20.207 0.5000000000
14178  -39.238  -61.880  -20.353 0.4000000060
14186  -42.315  -61.506  -21.324 0.5000000000
14151  -35.367  -61.321  -17.470 0.5000000000
116768  -35.691  -61.625  -18.052 0.5000000000
15026  -34.927  -60.894  -16.716 0.5000000000
15001  -34.670  -60.383  -14.803 0.5000000000
15011  -34.173  -59.951  -15.490 0.5000000000
15030  -34.377  -60.025  -17.331 0.5000000000
15842  -33.737  -59.198  -15.093 0.4000000060
15025  -34.301  -60.198  -16.364 0.3000000119
15035  -34.737  -59.579  -18.139 0.5000000000
15885  -35.367  -59.004  -18.573 0.4000000060
15887  -36.850  -58.588  -18.820 0.4000000060
15877  -34.196  -59.146  -17.666 0.3000000119
15888  -38.356  -58.791  -19.021 0.6999999881
15897  -40.024  -59.460  -19.235 0.5000000000
15847  -33.660  -59.295  -15.983 0.3000000119
15864  -33.486  -58.639  -16.599 0.3000000119
15884  -34.771  -58.647  -18.168 0.3000000119
112669  -36.176  -58.377  -18.589 0.4000000060
116734  -39.434  -59.015  -19.133 0.6000000238
16734  -41.616  -59.035  -19.213 0.6000000238
15048  -42.347  -59.911  -19.592 0.6000000238
112510  -42.701  -59.771  -20.408 0.5000000000
15920  -42.074  -59.092  -21.690 0.3000000119
124532  -33.800  -58.694  -17.276 0.3000000119
16728  -36.870  -57.833  -18.507 0.4000000060
16730  -38.609  -58.616  -19.206 0.5000000000
117020  -40.965  -58.900  -19.278 0.6000000238
16740  -42.696  -58.254  -19.901 0.6000000238
16745  -43.182  -58.240  -20.861 0.5000000000
16716  -35.029  -57.687  -18.002 0.4000000060
17570  -36.577  -57.246  -18.305 0.4000000060
17572  -37.718  -58.038  -18.894 0.5000000000
17578  -39.373  -58.452  -19.533 0.5000000000
17587  -41.566  -57.957  -20.134 0.5000000000
119085  -42.622  -57.810  -20.501 0.5000000000
17595  -43.449  -57.898  -21.484 0.5000000000
17554  -35.502  -56.695  -17.684 0.4000000060
18433  -36.202  -56.631  -18.003 0.4000000060
18454  -36.723  -57.012  -18.436 0.5000000000
17585  -38.669  -57.829  -20.195 0.5000000000
17591  -39.373  -57.441  -21.091 0.4000000060
17593  -41.881  -57.445  -21.029 0.5000000000
17606  -42.092  -57.081  -21.843 0.5000000000
19324  -36.317  -56.343  -18.509 0.4000000060
18460  -37.353  -57.073  -19.663 0.5000000000
18467  -39.999  -57.068  -21.822 0.4000000060
18486  -40.799  -56.773  -22.453 0.4000000060
18487  -42.099  -56.774  -22.681 0.5000000000
18464  -36.683  -56.369  -20.956 0.5000000000
112131  -37.996  -56.559  -21.933 0.4000000060
18485  -39.510  -56.677  -22.541 0.4000000060
18514  -40.178  -56.564  -23.968 0.4000000060
115096  -37.051  -56.383  -21.924 0.3000000119
18483  -37.562  -56.475  -22.720 0.4000000060
18498  -38.183  -56.633  -23.485 0.3000000119
117293  -38.465  -56.971  -24.306 0.3000000119
10011  -43.631  -65.942  -24.647 0.1000000015
11656  -43.815  -64.869  -25.146 0.1000000015
9988  -44.550  -65.887  -22.976 0.1000000015
11641  -44.126  -64.835  -24.556 0.1000000015
12462  -42.824  -64.006  -23.431 0.4000000060
13336  -42.400  -63.133  -23.086 0.4000000060
13328  -42.164  -62.324  -22.197 0.5000000000
123756  -42.324  -63.021  -22.689 0.4000000060
12451  -42.146  -62.365  -21.731 0.5000000000
13299  -36.685  -62.757  -18.838 0.5000000000
111760  -37.029  -62.997  -19.569 0.5000000000
13308  -37.355  -62.929  -20.103 0.5000000000
14177  -38.197  -62.099  -20.410 0.4000000060
13321  -42.336  -61.421  -20.794 0.5000000000
114160  -35.726  -61.606  -16.503 0.5000000000
14152  -35.971  -61.939  -17.262 0.5000000000
13292  -36.200  -62.189  -18.160 0.5000000000
15002  -35.420  -60.885  -14.534 0.5000000000
15012  -34.876  -60.784  -15.551 0.5000000000
122916  -41.593  -61.161  -20.006 0.6000000238
15843  -34.259  -59.756  -14.531 0.4000000060
16683  -33.884  -59.017  -14.237 0.2000000030
16676  -33.533  -58.163  -14.062 0.2000000030
121202  -33.451  -58.541  -14.757 0.3000000119
17537  -33.200  -57.890  -16.437 0.3000000119
17552  -33.645  -57.843  -17.171 0.4000000060
122868  -33.182  -57.594  -14.268 0.3000000119
17528  -32.862  -57.329  -15.756 0.3000000119
17512  -32.869  -56.999  -14.422 0.3000000119
18409  -33.146  -56.338  -16.120 0.4000000060
18420  -33.992  -56.215  -16.763 0.4000000060
18432  -34.749  -56.363  -17.250 0.4000000060
19323  -35.864  -55.985  -17.956 0.4000000060
122389  -35.942  -55.894  -18.485 0.4000000060
113505  -33.854  -55.476  -16.370 0.3000000119
19322  -35.172  -55.493  -17.694 0.3000000119
116212  -35.901  -55.868  -19.257 0.3000000119
18459  -36.816  -56.584  -19.931 0.4000000060
112369  -34.981  -55.502  -19.692 0.3000000119
19351  -35.949  -56.025  -20.973 0.3000000119
19328  -33.990  -55.253  -20.121 0.2000000030
19338  -34.625  -55.595  -20.734 0.2000000030
19367  -34.982  -56.056  -22.201 0.3000000119
18497  -37.024  -56.690  -23.489 0.3000000119
20256  -32.530  -54.361  -21.004 0.1000000015
19366  -34.127  -55.840  -22.596 0.2000000030
18481  -35.509  -56.325  -22.826 0.4000000060
23706  -32.631  -50.708  -20.146 0.1000000015
10817  -43.995  -65.740  -22.312 0.1000000015
11620  -43.791  -64.966  -23.224 0.1000000015
11619  -42.728  -64.951  -22.729 0.2000000030
12401  -37.304  -63.309  -18.191 0.5000000000
12423  -37.502  -63.616  -19.721 0.4000000060
11601  -38.521  -64.245  -20.443 0.4000000060
12437  -39.273  -63.749  -20.935 0.4000000060
13319  -41.446  -62.375  -20.824 0.5000000000
13327  -41.755  -62.957  -21.573 0.5000000000
14147  -36.588  -62.146  -16.310 0.5000000000
13286  -36.556  -62.380  -17.185 0.5000000000
13293  -36.901  -62.779  -17.668 0.4000000060
14997  -35.556  -60.620  -13.601 0.4000000060
15003  -36.144  -61.091  -13.973 0.4000000060
14136  -36.242  -61.654  -15.563 0.5000000000
15839  -34.975  -60.049  -13.146 0.4000000060
14996  -34.828  -60.265  -14.016 0.5000000000
15838  -34.420  -59.543  -13.683 0.4000000060
16661  -34.889  -58.833  -12.125 0.3000000119
15833  -34.654  -59.228  -12.884 0.3000000119
17491  -33.936  -57.912  -13.288 0.3000000119
18356  -34.476  -56.737  -12.696 0.2000000030
113344  -33.389  -57.396  -13.783 0.2000000030
18357  -35.133  -56.492  -12.310 0.1000000015
19238  -33.784  -56.185  -13.118 0.3000000119
118135  -34.716  -55.043  -12.522 0.1000000015
19237  -33.213  -55.670  -13.619 0.3000000119
19257  -32.865  -55.464  -14.867 0.3000000119
19212  -33.740  -55.420  -13.110 0.2000000030
20140  -33.469  -54.775  -13.512 0.2000000030
105141  -33.190  -54.723  -14.709 0.2000000030
19288  -34.178  -54.846  -16.542 0.2000000030
125281  -34.331  -54.678  -17.915 0.2000000030
21038  -33.494  -53.361  -15.297 0.2000000030
114456  -33.800  -54.166  -16.803 0.2000000030
20227  -34.022  -54.652  -18.499 0.2000000030
110644  -33.512  -53.695  -16.040 0.2000000030
21077  -33.269  -53.744  -17.415 0.1000000015
20235  -33.378  -54.702  -19.470 0.2000000030
20244  -33.111  -54.904  -20.566 0.2000000030
21917  -32.524  -52.230  -17.398 0.1000000015
121921  -32.426  -53.180  -18.266 0.1000000015
21110  -32.220  -53.671  -20.540 0.1000000015
22807  -32.442  -51.521  -17.974 0.1000000015
21939  -32.058  -52.168  -19.186 0.1000000015
108466  -32.086  -53.043  -20.894 0.1000000015
22821  -32.260  -51.360  -19.650 0.1000000015
22833  -32.274  -51.403  -20.484 0.1000000015
23707  -33.233  -50.059  -19.836 0.1000000015
119713  -34.534  -49.092  -19.197 0.1000000015
10809  -42.851  -65.837  -21.940 0.3000000119
11610  -41.390  -64.952  -21.972 0.3000000119
112339  -40.963  -65.787  -19.622 0.3000000119
10794  -40.903  -65.589  -20.906 0.3000000119
12449  -41.144  -64.046  -21.823 0.3000000119
12450  -42.038  -63.831  -22.510 0.4000000060
10745  -39.974  -65.553  -19.311 0.3000000119
10793  -39.746  -65.250  -20.551 0.3000000119
12448  -40.219  -64.456  -21.384 0.5000000000
12403  -38.959  -64.025  -17.336 0.4000000060
11552  -38.522  -64.413  -18.491 0.5000000000
10769  -38.984  -64.919  -20.354 0.4000000060
12438  -40.606  -63.411  -21.274 0.5000000000
14117  -37.041  -61.325  -13.848 0.4000000060
14127  -37.329  -61.779  -14.693 0.4000000060
13280  -37.492  -62.419  -15.839 0.5000000000
12391  -37.664  -63.154  -17.156 0.5000000000
15821  -36.407  -59.805  -11.154 0.4000000060
15835  -35.992  -60.094  -11.914 0.4000000060
14998  -36.347  -60.900  -13.270 0.4000000060
15820  -35.553  -59.198  -11.426 0.4000000060
15834  -35.241  -59.673  -12.325 0.4000000060
15805  -36.172  -59.083  -10.600 0.4000000060
16638  -36.180  -58.313  -10.130 0.3000000119
112024  -35.162  -58.241  -11.580 0.3000000119
17459  -35.515  -57.551  -11.211 0.3000000119
17460  -35.793  -57.024  -10.892 0.3000000119
18351  -35.573  -56.919  -11.633 0.2000000030
19215  -35.992  -55.683  -12.235 0.1000000015
19214  -35.246  -55.707  -12.386 0.1000000015
112226  -34.637  -54.173  -12.510 0.1000000015
105814  -33.551  -53.889  -13.848 0.2000000030
20981  -34.994  -53.425  -12.370 0.1000000015
21010  -34.425  -53.218  -12.768 0.1000000015
21025  -33.596  -53.163  -14.474 0.2000000030
21880  -33.428  -52.484  -15.194 0.1000000015
109751  -33.496  -51.588  -15.062 0.1000000015
21893  -32.766  -52.032  -16.630 0.1000000015
106436  -33.287  -50.966  -15.786 0.1000000015
22794  -32.630  -51.527  -17.167 0.1000000015
120517  -32.357  -51.359  -18.819 0.1000000015
109587  -33.442  -50.273  -17.262 0.1000000015
23673  -33.326  -50.284  -18.009 0.1000000015
23674  -33.978  -49.873  -18.630 0.1000000015
24642  -34.748  -49.646  -18.372 0.1000000015
25532  -35.756  -48.824  -18.208 0.1000000015
26419  -36.360  -48.148  -17.655 0.1000000015
26421  -37.939  -47.494  -16.569 0.1000000015
10772  -42.322  -65.796  -19.951 0.3000000119
9921  -43.837  -65.836  -20.858 0.2000000030
10728  -42.039  -65.318  -18.109 0.3000000119
11554  -40.398  -64.829  -17.499 0.4000000060
11537  -40.798  -64.413  -16.639 0.3000000119
14107  -37.822  -61.324  -13.210 0.3000000119
14128  -38.203  -62.134  -14.670 0.4000000060
12381  -38.825  -63.171  -15.865 0.4000000060
12394  -40.215  -63.932  -16.075 0.3000000119
15822  -37.122  -60.191  -11.082 0.3000000119
14991  -37.529  -60.938  -12.334 0.3000000119
13282  -39.191  -62.902  -15.125 0.4000000060
12382  -39.671  -63.430  -15.577 0.4000000060
12383  -40.577  -63.640  -15.334 0.3000000119
108268  -37.476  -58.421  -9.164 0.3000000119
15806  -37.003  -59.644  -10.430 0.3000000119
16639  -36.631  -58.939  -10.030 0.3000000119
17447  -37.479  -56.905  -8.736 0.3000000119
17453  -36.370  -57.533  -9.713 0.3000000119
18346  -36.755  -56.800  -9.344 0.3000000119
114682  -35.882  -57.535  -10.442 0.3000000119
18348  -36.239  -56.769  -10.250 0.3000000119
18352  -36.062  -56.573  -11.249 0.2000000030
19200  -36.487  -56.079  -11.826 0.1000000015
19216  -37.192  -55.680  -12.104 0.1000000015
20110  -38.055  -55.460  -12.555 0.1000000015
20108  -36.171  -54.993  -12.344 0.1000000015
20984  -37.502  -54.629  -12.663 0.1000000015
113904  -36.492  -54.094  -12.371 0.1000000015
21831  -34.990  -52.631  -12.498 0.1000000015
21852  -34.403  -52.311  -13.009 0.2000000030
22692  -35.009  -51.706  -12.729 0.2000000030
22713  -34.427  -51.446  -13.374 0.2000000030
22712  -33.896  -51.289  -14.189 0.1000000015
22714  -35.088  -50.819  -13.146 0.1000000015
24566  -34.691  -50.018  -14.375 0.1000000015
24587  -33.764  -50.275  -15.846 0.1000000015
24588  -34.899  -49.685  -15.176 0.1000000015
24610  -33.973  -49.961  -16.808 0.1000000015
109529  -35.289  -49.647  -16.210 0.1000000015
24611  -34.864  -49.707  -16.987 0.1000000015
111377  -35.264  -49.652  -17.849 0.1000000015
112327  -35.384  -49.396  -18.227 0.1000000015
25533  -36.452  -49.342  -17.754 0.1000000015
25534  -37.356  -49.744  -17.604 0.1000000015
25518  -37.619  -48.842  -17.457 0.1000000015
26420  -37.016  -47.851  -17.036 0.1000000015
25519  -38.504  -48.717  -17.263 0.1000000015
26422  -39.043  -47.572  -16.420 0.1000000015
27314  -40.388  -46.484  -16.072 0.1000000015
9943  -44.826  -66.362  -20.175 0.2000000030
10796  -44.654  -66.047  -20.766 0.2000000030
10731  -45.891  -64.685  -19.273 0.2000000030
10729  -43.368  -65.142  -18.347 0.3000000119
11541  -45.864  -64.476  -17.148 0.2000000030
104498  -38.025  -61.701  -13.999 0.3000000119
13274  -38.834  -62.474  -14.732 0.3000000119
14964  -37.804  -60.231  -10.785 0.3000000119
14982  -37.670  -60.600  -11.501 0.3000000119
14108  -38.470  -61.287  -12.597 0.3000000119
14129  -38.915  -62.130  -14.084 0.3000000119
13275  -39.494  -62.648  -14.470 0.3000000119
13283  -40.002  -63.194  -14.856 0.3000000119
105892  -37.949  -59.729  -10.079 0.3000000119
13268  -39.750  -62.388  -13.831 0.3000000119
13276  -40.265  -62.944  -14.236 0.3000000119
12375  -40.834  -63.459  -14.688 0.2000000030
12384  -41.495  -63.873  -15.191 0.2000000030
18332  -38.326  -56.644  -8.404 0.2000000030
17455  -37.640  -57.761  -8.801 0.2000000030
19164  -37.792  -56.022  -8.690 0.3000000119
116030  -37.186  -56.230  -9.076 0.3000000119
19181  -37.492  -55.615  -9.333 0.3000000119
18349  -36.845  -56.138  -9.794 0.3000000119
19192  -37.316  -55.617  -10.462 0.2000000030
19201  -37.125  -55.851  -11.580 0.1000000015
20086  -38.049  -55.200  -10.803 0.2000000030
19202  -38.560  -55.759  -11.894 0.1000000015
19217  -38.792  -55.795  -12.534 0.1000000015
20142  -39.433  -55.659  -13.247 0.1000000015
19240  -40.693  -56.143  -13.186 0.1000000015
19220  -42.577  -56.664  -13.266 0.1000000015
119331  -38.964  -55.154  -13.243 0.1000000015
20143  -39.916  -55.566  -13.458 0.1000000015
20144  -40.473  -55.794  -13.515 0.1000000015
21013  -42.503  -55.500  -13.818 0.1000000015
20147  -43.620  -56.542  -14.006 0.1000000015
20148  -44.557  -56.447  -14.230 0.1000000015
108387  -37.976  -53.819  -12.781 0.1000000015
109898  -38.746  -54.210  -13.129 0.1000000015
121022  -40.825  -53.593  -13.537 0.1000000015
114560  -41.757  -55.257  -13.752 0.1000000015
21015  -44.352  -54.851  -14.150 0.1000000015
21834  -37.650  -52.596  -12.531 0.1000000015
21833  -36.798  -52.351  -12.407 0.1000000015
121452  -36.414  -50.679  -12.731 0.2000000030
23575  -35.864  -50.286  -13.087 0.1000000015
23576  -36.752  -50.059  -13.108 0.1000000015
24567  -35.422  -49.668  -14.417 0.1000000015
123570  -36.069  -49.540  -14.602 0.1000000015
24589  -35.685  -49.592  -15.327 0.1000000015
112147  -36.205  -49.856  -16.376 0.1000000015
24612  -35.911  -49.800  -17.330 0.1000000015
24627  -36.697  -49.828  -17.530 0.1000000015
114429  -37.555  -50.257  -17.379 0.1000000015
25535  -38.149  -49.822  -17.665 0.1000000015
25520  -39.436  -48.680  -17.201 0.1000000015
12372  -44.524  -64.003  -12.730 0.2000000030
11540  -44.654  -64.528  -16.634 0.2000000030
11556  -42.617  -64.838  -17.280 0.3000000119
11555  -41.408  -64.894  -17.280 0.3000000119
12362  -43.356  -63.580  -12.700 0.2000000030
11512  -44.693  -64.549  -14.390 0.2000000030
11523  -43.423  -64.426  -15.736 0.2000000030
11539  -43.132  -64.527  -16.489 0.3000000119
11538  -41.889  -64.435  -16.481 0.3000000119
14983  -38.487  -60.689  -11.262 0.3000000119
14099  -39.158  -61.185  -11.891 0.3000000119
14119  -39.978  -62.094  -13.145 0.3000000119
15807  -38.815  -59.725  -9.843 0.3000000119
14984  -39.359  -60.751  -11.007 0.3000000119
108825  -40.159  -61.704  -12.257 0.3000000119
14110  -40.749  -62.347  -12.807 0.3000000119
13269  -40.487  -62.650  -13.551 0.3000000119
18334  -39.909  -56.838  -8.009 0.2000000030
16629  -38.986  -58.144  -8.597 0.3000000119
13277  -41.037  -63.278  -14.016 0.2000000030
12376  -41.703  -63.753  -14.532 0.2000000030
118867  -39.052  -56.472  -8.217 0.2000000030
104789  -38.573  -55.825  -8.421 0.2000000030
18333  -39.417  -55.795  -8.148 0.2000000030
19165  -38.162  -55.239  -8.853 0.3000000119
19166  -38.886  -54.994  -8.508 0.3000000119
19182  -38.023  -54.822  -9.654 0.3000000119
20058  -38.524  -54.567  -9.002 0.3000000119
20939  -39.202  -53.733  -9.662 0.2000000030
20951  -39.311  -53.899  -10.325 0.2000000030
120079  -38.813  -54.826  -10.996 0.2000000030
20092  -39.911  -55.497  -11.752 0.1000000015
113724  -40.493  -52.407  -13.251 0.1000000015
107742  -41.752  -53.549  -13.632 0.1000000015
21855  -42.647  -52.588  -13.598 0.1000000015
21856  -43.292  -53.084  -13.762 0.1000000015
22696  -39.200  -51.869  -12.784 0.1000000015
22697  -40.028  -51.538  -12.988 0.1000000015
22715  -40.799  -51.302  -13.198 0.1000000015
22717  -42.599  -51.372  -13.598 0.1000000015
118428  -38.135  -51.556  -12.580 0.1000000015
23578  -39.558  -50.919  -12.869 0.1000000015
23598  -39.414  -50.210  -13.154 0.1000000015
105370  -40.886  -50.443  -13.506 0.1000000015
23600  -41.579  -50.245  -13.779 0.1000000015
23577  -37.266  -50.789  -12.662 0.1000000015
23597  -38.587  -50.000  -13.143 0.1000000015
24572  -40.447  -49.749  -14.513 0.1000000015
24571  -39.567  -49.668  -14.487 0.1000000015
24551  -38.178  -49.547  -13.729 0.1000000015
24550  -37.206  -49.556  -13.719 0.1000000015
24569  -37.664  -49.572  -14.618 0.1000000015
24592  -38.160  -50.123  -15.524 0.1000000015
108719  -37.077  -49.739  -15.209 0.1000000015
24590  -36.448  -49.690  -15.358 0.1000000015
111301  -37.049  -50.190  -16.288 0.1000000015
24613  -36.885  -50.174  -17.149 0.1000000015
13260  -44.931  -62.899  -10.840 0.3000000119
13265  -43.481  -63.043  -11.824 0.3000000119
12370  -42.889  -63.876  -13.577 0.2000000030
12385  -42.492  -64.119  -15.085 0.2000000030
110145  -42.774  -62.542  -11.417 0.3000000119
107810  -42.516  -62.926  -12.173 0.3000000119
13271  -42.220  -63.316  -13.000 0.3000000119
11522  -42.249  -64.187  -15.780 0.2000000030
14966  -39.653  -60.194  -10.252 0.3000000119
14967  -40.612  -60.462  -10.310 0.3000000119
14101  -41.421  -61.719  -11.351 0.3000000119
13264  -41.583  -62.685  -12.493 0.3000000119
12369  -41.921  -63.577  -13.795 0.2000000030
17450  -40.735  -57.796  -8.005 0.2000000030
15802  -40.375  -59.322  -9.133 0.3000000119
111336  -40.967  -59.715  -9.353 0.3000000119
109667  -40.334  -55.822  -7.880 0.2000000030
113588  -40.843  -54.833  -7.837 0.2000000030
19167  -39.769  -54.873  -8.192 0.2000000030
20059  -39.194  -54.114  -8.856 0.2000000030
20923  -39.813  -53.407  -9.174 0.3000000119
20940  -39.847  -53.234  -9.878 0.2000000030
24593  -39.882  -50.063  -15.480 0.1000000015
23634  -38.447  -50.811  -16.525 0.1000000015
23633  -37.796  -50.585  -16.473 0.1000000015
23675  -37.643  -50.559  -17.090 0.1000000015
13238  -46.387  -62.900  -8.908 0.1000000015
13237  -45.691  -62.338  -9.395 0.2000000030
13251  -45.372  -62.640  -10.121 0.3000000119
105981  -44.491  -62.428  -10.403 0.3000000119
14093  -44.766  -62.074  -9.776 0.3000000119
14092  -43.674  -61.988  -10.195 0.3000000119
14968  -41.420  -60.752  -10.245 0.3000000119
14969  -42.237  -60.982  -10.015 0.3000000119
16631  -41.245  -58.655  -8.272 0.3000000119
15796  -41.118  -59.266  -8.849 0.3000000119
15803  -41.718  -59.921  -9.144 0.3000000119
109846  -41.830  -60.475  -9.692 0.3000000119
17433  -41.723  -57.053  -7.430 0.2000000030
19148  -41.057  -55.835  -7.665 0.2000000030
20060  -40.120  -53.990  -8.422 0.2000000030
20925  -42.343  -53.308  -8.013 0.1000000015
123491  -40.746  -53.952  -8.152 0.2000000030
20924  -40.618  -53.238  -8.651 0.2000000030
108617  -41.465  -52.802  -8.528 0.2000000030
21776  -40.893  -52.503  -9.232 0.3000000119
14078  -45.064  -61.735  -9.100 0.3000000119
14077  -44.113  -61.519  -9.424 0.3000000119
14958  -43.535  -60.967  -9.008 0.3000000119
14957  -42.582  -60.566  -9.241 0.3000000119
16632  -41.909  -58.625  -7.929 0.3000000119
104039  -41.830  -59.287  -8.469 0.3000000119
17434  -41.872  -57.889  -7.537 0.2000000030
18316  -42.243  -56.508  -7.169 0.2000000030
112838  -42.674  -55.979  -7.005 0.1000000015
20046  -42.488  -54.290  -7.583 0.1000000015
20907  -43.233  -53.809  -7.664 0.1000000015
20926  -43.159  -52.894  -8.036 0.1000000015
21777  -42.271  -52.228  -8.591 0.1000000015
109563  -43.848  -60.715  -8.506 0.3000000119
14936  -44.415  -60.413  -7.435 0.2000000030
14946  -43.215  -60.343  -8.594 0.3000000119
107256  -43.058  -59.772  -8.217 0.3000000119
113849  -42.403  -57.401  -7.156 0.2000000030
16625  -42.595  -58.454  -7.410 0.3000000119
14945  -42.500  -59.865  -8.620 0.3000000119
18317  -43.028  -56.709  -6.820 0.2000000030
17435  -43.123  -57.775  -6.815 0.2000000030
19139  -45.054  -55.686  -6.725 0.1000000015
19138  -44.151  -55.746  -6.710 0.1000000015
117297  -45.881  -55.651  -6.894 0.1000000015
19151  -44.582  -55.058  -7.113 0.1000000015
20047  -44.078  -54.323  -7.447 0.1000000015
20048  -45.034  -54.430  -7.500 0.1000000015
116713  -44.674  -53.848  -7.755 0.1000000015
20908  -44.004  -53.446  -7.819 0.1000000015
20927  -43.896  -52.689  -8.119 0.1000000015
15789  -43.923  -59.546  -7.203 0.2000000030
16626  -43.378  -58.714  -6.985 0.2000000030
15788  -43.196  -59.328  -7.666 0.2000000030
17408  -43.789  -57.205  -6.432 0.2000000030
18304  -44.606  -56.558  -6.319 0.1000000015
116975  -45.658  -56.277  -6.414 0.1000000015
19152  -45.503  -55.082  -7.232 0.1000000015
20049  -46.009  -54.415  -7.687 0.1000000015
20909  -45.312  -53.882  -7.838 0.1000000015
20910  -45.934  -53.568  -8.051 0.1000000015
21765  -44.881  -53.047  -8.065 0.1000000015
19154  -47.819  -55.494  -7.283 0.1000000015
20050  -47.150  -54.644  -7.712 0.1000000015
115481  -46.701  -53.976  -7.990 0.1000000015
20051  -48.392  -54.704  -7.776 0.1000000015
20911  -47.654  -53.981  -8.085 0.1000000015
15045  -39.337  -60.254  -19.526 0.4000000060
15044  -38.014  -60.506  -19.739 0.5000000000
15895  -37.715  -59.519  -19.293 0.5000000000
15896  -38.874  -59.433  -19.219 0.6000000238
14168  -41.037  -60.962  -19.715 0.5000000000
13317  -38.727  -62.807  -20.640 0.4000000060
15062  -42.154  -59.838  -21.122 0.5000000000
117320  -40.256  -61.615  -20.177 0.4000000060
15898  -41.126  -59.475  -19.243 0.5000000000
15046  -40.538  -60.180  -19.388 0.6000000238
15905  -43.060  -59.288  -19.870 0.5000000000
15908  -42.584  -59.283  -20.987 0.3000000119
14170  -42.411  -60.502  -20.096 0.5000000000
14194  -40.880  -60.731  -22.082 0.5000000000
15049  -42.713  -59.741  -19.786 0.5000000000
16744  -43.064  -58.501  -21.153 0.4000000060
17607  -43.177  -57.306  -22.138 0.5000000000
18500  -41.066  -56.533  -23.329 0.4000000060
18516  -42.541  -56.643  -24.426 0.4000000060
18499  -39.937  -56.523  -23.205 0.4000000060
118058  -39.051  -56.515  -23.139 0.4000000060
11630  -43.710  -64.342  -23.916 0.2000000030
13316  -37.863  -62.886  -20.472 0.5000000000
14167  -39.839  -61.025  -19.816 0.4000000060
15889  -40.556  -59.123  -19.212 0.6000000238
16689  -33.245  -58.431  -15.646 0.3000000119
16715  -34.219  -58.241  -17.737 0.4000000060
16727  -35.577  -58.114  -18.311 0.4000000060
16729  -37.614  -58.232  -18.807 0.5000000000
16733  -39.947  -58.880  -19.256 0.6000000238
17580  -41.806  -58.572  -19.473 0.6000000238
15899  -42.046  -59.344  -19.282 0.6000000238
15047  -41.605  -60.087  -19.393 0.6000000238
14169  -41.920  -60.665  -19.808 0.6000000238
15900  -42.745  -59.297  -19.569 0.5000000000
15909  -43.150  -58.873  -20.381 0.5000000000
17571  -37.059  -57.636  -18.648 0.4000000060
17577  -38.243  -58.076  -19.249 0.5000000000
17579  -40.657  -58.507  -19.560 0.5000000000
16735  -42.618  -58.861  -19.474 0.5000000000
17588  -43.133  -58.094  -20.615 0.5000000000
16741  -43.183  -58.649  -19.997 0.5000000000
17569  -35.999  -57.265  -18.023 0.4000000060
17553  -34.460  -57.292  -17.535 0.4000000060
17576  -37.347  -57.502  -18.937 0.5000000000
17586  -40.033  -58.011  -20.216 0.5000000000
17592  -40.611  -57.523  -21.017 0.4000000060
17594  -42.933  -57.563  -21.209 0.5000000000
122284  -35.835  -56.293  -17.793 0.4000000060
19300  -35.424  -55.986  -17.526 0.3000000119
19330  -36.457  -56.334  -19.341 0.5000000000
17584  -37.861  -57.601  -19.606 0.5000000000
18461  -37.807  -57.234  -20.417 0.5000000000
18468  -41.046  -57.177  -21.672 0.5000000000
111188  -37.246  -56.767  -20.447 0.5000000000
18466  -38.344  -57.136  -21.153 0.4000000060
106920  -38.927  -56.865  -21.886 0.4000000060
19340  -36.206  -56.171  -20.168 0.4000000060
18465  -37.508  -56.711  -21.176 0.4000000060
18484  -38.531  -56.540  -22.629 0.4000000060
12412  -37.672  -63.850  -18.794 0.5000000000
116061  -38.342  -63.482  -20.569 0.4000000060
14126  -36.389  -61.409  -14.693 0.5000000000
14179  -41.125  -61.672  -20.281 0.5000000000
16677  -34.135  -58.724  -13.465 0.3000000119
18371  -33.862  -57.069  -13.184 0.2000000030
16682  -33.025  -57.773  -14.839 0.3000000119
113630  -33.358  -57.108  -16.631 0.4000000060
17511  -32.713  -56.418  -15.171 0.3000000119
18386  -32.799  -56.032  -14.287 0.3000000119
19287  -33.180  -55.566  -15.650 0.3000000119
118766  -33.750  -54.999  -15.955 0.3000000119
19299  -34.686  -55.519  -17.029 0.3000000119
103832  -35.374  -55.504  -18.548 0.3000000119
120411  -34.727  -55.019  -18.123 0.3000000119
20205  -34.495  -54.831  -17.347 0.2000000030
19329  -34.426  -55.102  -19.073 0.3000000119
19339  -35.495  -55.817  -20.379 0.3000000119
19350  -35.252  -55.900  -21.313 0.3000000119
115514  -36.006  -56.161  -21.868 0.4000000060
18482  -36.531  -56.406  -22.734 0.4000000060
19337  -33.707  -55.371  -21.124 0.2000000030
19349  -34.354  -55.729  -21.677 0.3000000119
19378  -34.683  -56.191  -22.966 0.2000000030
20243  -32.591  -54.300  -20.103 0.2000000030
20257  -32.983  -54.954  -21.522 0.2000000030
124255  -32.372  -51.458  -21.189 0.1000000015
106177  -32.705  -50.695  -19.267 0.1000000015
12402  -38.095  -63.702  -17.756 0.4000000060
11600  -37.990  -64.139  -20.069 0.5000000000
13318  -40.082  -62.545  -20.645 0.5000000000
14137  -37.024  -62.012  -15.413 0.5000000000
14989  -35.733  -60.378  -12.751 0.4000000060
112281  -34.735  -58.120  -12.185 0.3000000119
17470  -35.021  -57.381  -12.044 0.2000000030
19213  -34.431  -55.741  -12.694 0.2000000030
118791  -33.246  -54.517  -14.128 0.2000000030
20141  -33.938  -53.958  -13.087 0.2000000030
20181  -33.553  -54.159  -15.340 0.2000000030
20164  -33.495  -53.988  -14.633 0.2000000030
114540  -33.722  -54.432  -16.018 0.2000000030
20204  -33.755  -54.304  -17.802 0.2000000030
21052  -33.215  -53.376  -16.759 0.1000000015
20226  -33.272  -54.306  -18.659 0.2000000030
119302  -33.183  -52.762  -16.075 0.1000000015
21051  -32.823  -52.704  -16.875 0.1000000015
21076  -32.669  -53.109  -17.581 0.1000000015
21096  -32.806  -53.767  -18.259 0.2000000030
20234  -32.660  -54.057  -19.213 0.2000000030
21931  -32.285  -52.479  -18.265 0.1000000015
22767  -32.896  -51.229  -16.536 0.1000000015
123928  -32.208  -53.232  -18.990 0.1000000015
115709  -32.254  -53.664  -19.787 0.1000000015
106755  -31.968  -52.879  -20.051 0.1000000015
21126  -32.292  -53.615  -21.366 0.1000000015
121711  -32.867  -50.786  -17.376 0.1000000015
105491  -32.006  -52.004  -20.050 0.1000000015
21951  -32.108  -52.208  -20.876 0.1000000015
23691  -32.747  -50.734  -18.361 0.1000000015
23692  -33.295  -50.199  -18.905 0.1000000015
24641  -33.865  -49.645  -19.428 0.1000000015
25543  -35.134  -48.884  -18.690 0.1000000015
10808  -41.498  -65.480  -21.476 0.3000000119
10746  -41.501  -65.646  -18.936 0.3000000119
107606  -41.960  -65.859  -20.649 0.3000000119
118487  -40.613  -65.595  -18.843 0.3000000119
10771  -40.307  -65.631  -20.149 0.3000000119
10795  -42.560  -65.904  -21.303 0.3000000119
11609  -40.384  -65.133  -21.193 0.3000000119
10770  -39.220  -65.282  -19.870 0.3000000119
119143  -38.629  -64.832  -19.390 0.3000000119
11573  -40.058  -65.277  -18.391 0.3000000119
11572  -39.226  -65.154  -18.907 0.3000000119
11602  -39.415  -64.728  -20.811 0.3000000119
12392  -38.483  -63.443  -16.746 0.4000000060
12393  -39.331  -63.696  -16.393 0.4000000060
11536  -39.848  -64.272  -16.931 0.4000000060
11553  -39.475  -64.678  -17.889 0.4000000060
14990  -36.573  -60.662  -12.482 0.4000000060
14138  -37.696  -62.178  -15.184 0.4000000060
13288  -38.015  -62.895  -16.241 0.4000000060
14981  -36.859  -60.423  -11.717 0.4000000060
16644  -35.662  -58.329  -10.828 0.3000000119
120304  -36.601  -55.655  -12.217 0.1000000015
20107  -35.367  -54.934  -12.365 0.1000000015
111671  -35.523  -54.098  -12.284 0.1000000015
21009  -33.910  -52.969  -13.557 0.2000000030
120468  -36.388  -53.010  -12.333 0.1000000015
21851  -34.021  -52.045  -13.664 0.1000000015
21866  -33.689  -52.254  -14.341 0.1000000015
22768  -33.116  -51.822  -15.869 0.1000000015
23631  -33.739  -50.755  -15.039 0.1000000015
23632  -34.257  -50.132  -15.115 0.1000000015
23657  -33.316  -50.540  -16.575 0.1000000015
106120  -34.428  -49.790  -15.973 0.1000000015
119593  -34.559  -49.813  -17.585 0.1000000015
24626  -35.919  -49.588  -17.898 0.1000000015
10773  -43.761  -65.693  -20.207 0.2000000030
10747  -42.762  -65.567  -19.176 0.2000000030
9940  -43.630  -66.181  -21.662 0.2000000030
10727  -40.950  -65.337  -18.115 0.3000000119
14118  -38.666  -61.668  -13.380 0.3000000119
13281  -38.340  -62.570  -15.374 0.4000000060
15800  -37.291  -59.097  -9.707 0.3000000119
19191  -36.621  -56.194  -10.873 0.1000000015
116136  -37.972  -55.704  -12.092 0.1000000015
20111  -38.879  -55.619  -12.961 0.1000000015
20109  -37.027  -55.243  -12.401 0.1000000015
20985  -38.326  -54.968  -13.029 0.1000000015
20983  -37.142  -53.411  -12.487 0.1000000015
21832  -35.835  -52.157  -12.406 0.1000000015
115050  -34.497  -50.626  -13.795 0.1000000015
24549  -36.157  -49.651  -13.773 0.1000000015
10749  -45.382  -64.999  -20.078 0.2000000030
11559  -46.265  -64.622  -18.106 0.2000000030
10730  -44.773  -64.821  -18.856 0.2000000030
11557  -44.018  -64.685  -17.534 0.2000000030
14965  -38.675  -60.261  -10.522 0.3000000119
14992  -38.262  -60.963  -11.908 0.3000000119
14109  -39.304  -61.649  -12.802 0.3000000119
119608  -39.335  -61.982  -13.463 0.3000000119
16635  -38.227  -58.348  -8.861 0.3000000119
103866  -38.904  -58.936  -9.009 0.3000000119
17449  -39.046  -57.257  -8.292 0.3000000119
19193  -37.709  -55.646  -11.494 0.1000000015
104867  -39.228  -55.931  -12.455 0.1000000015
19218  -39.408  -55.929  -12.897 0.1000000015
19239  -39.976  -56.006  -13.213 0.1000000015
19219  -41.516  -56.349  -13.201 0.1000000015
20145  -41.181  -56.024  -13.534 0.1000000015
115661  -42.775  -56.526  -13.717 0.1000000015
20146  -41.955  -56.280  -13.569 0.1000000015
20986  -39.498  -54.690  -13.415 0.1000000015
21011  -40.266  -54.810  -13.607 0.1000000015
21012  -41.001  -54.993  -13.688 0.1000000015
113734  -43.334  -55.350  -13.951 0.1000000015
21014  -43.114  -54.353  -13.857 0.1000000015
21835  -38.516  -52.883  -12.757 0.1000000015
20987  -40.032  -53.543  -13.413 0.1000000015
21836  -39.301  -53.286  -13.132 0.1000000015
111952  -42.523  -54.071  -13.760 0.1000000015
107619  -43.820  -53.787  -13.966 0.1000000015
21016  -45.351  -54.938  -14.263 0.1000000015
22695  -37.272  -51.705  -12.485 0.1000000015
22694  -36.534  -51.424  -12.503 0.1000000015
24568  -36.770  -49.516  -14.482 0.1000000015
12371  -43.981  -64.191  -13.485 0.2000000030
111557  -44.963  -64.593  -15.251 0.2000000030
12363  -44.176  -63.498  -12.153 0.3000000119
12386  -43.707  -64.447  -14.945 0.2000000030
14954  -39.536  -59.482  -9.455 0.3000000119
14985  -40.124  -60.720  -10.801 0.3000000119
104767  -40.716  -61.542  -11.604 0.3000000119
14100  -40.070  -61.160  -11.423 0.3000000119
14111  -41.078  -62.048  -12.048 0.3000000119
13270  -41.277  -62.994  -13.258 0.3000000119
105167  -39.810  -57.935  -8.305 0.3000000119
16636  -39.690  -58.787  -8.798 0.3000000119
20938  -38.616  -54.290  -10.137 0.2000000030
119340  -39.295  -55.771  -11.898 0.1000000015
19203  -39.987  -56.048  -12.643 0.1000000015
21853  -41.316  -52.255  -13.363 0.1000000015
21854  -42.058  -52.081  -13.437 0.1000000015
21857  -44.662  -53.005  -14.041 0.1000000015
23599  -40.147  -50.624  -13.160 0.1000000015
22716  -41.714  -51.075  -13.406 0.1000000015
118410  -38.112  -50.564  -12.799 0.1000000015
24553  -40.093  -49.906  -13.680 0.1000000015
24552  -39.113  -49.650  -13.699 0.1000000015
24570  -38.641  -49.596  -14.512 0.1000000015
117095  -38.986  -50.138  -15.505 0.1000000015
24591  -37.527  -50.057  -15.609 0.1000000015
13259  -44.469  -63.183  -11.529 0.3000000119
12356  -45.353  -63.455  -11.234 0.3000000119
13250  -43.797  -62.594  -11.016 0.3000000119
118920  -42.988  -62.170  -10.815 0.3000000119
13257  -41.891  -62.358  -11.738 0.3000000119
13258  -42.238  -61.954  -11.085 0.3000000119
14955  -40.392  -59.892  -9.738 0.3000000119
14089  -40.879  -61.091  -10.925 0.3000000119
14956  -41.164  -60.202  -9.759 0.3000000119
14090  -41.797  -61.349  -10.678 0.3000000119
16630  -40.506  -58.662  -8.544 0.3000000119
18335  -40.962  -56.730  -7.715 0.2000000030
21775  -40.306  -52.899  -9.430 0.2000000030
21791  -40.610  -52.703  -9.969 0.2000000030
20952  -40.030  -53.504  -10.487 0.2000000030
12330  -46.577  -63.987  -8.877 0.1000000015
14091  -42.658  -61.621  -10.423 0.3000000119
14076  -43.114  -61.293  -9.697 0.3000000119
17451  -41.408  -58.119  -7.864 0.3000000119
18315  -41.593  -56.232  -7.445 0.2000000030
120288  -41.497  -55.517  -7.539 0.2000000030
20061  -41.459  -53.875  -7.952 0.1000000015
20045  -41.862  -54.914  -7.538 0.1000000015
14959  -44.358  -61.215  -8.775 0.3000000119
15787  -42.523  -59.247  -8.048 0.3000000119
19149  -42.099  -55.722  -7.288 0.2000000030
103980  -42.759  -55.204  -7.206 0.1000000015
117996  -43.249  -54.554  -7.363 0.1000000015
110846  -43.684  -55.118  -7.089 0.1000000015
19150  -43.322  -55.837  -6.834 0.1000000015
15797  -43.734  -60.119  -8.012 0.3000000119
18303  -43.762  -56.388  -6.576 0.1000000015
19153  -46.499  -55.234  -7.301 0.1000000015
16627  -43.959  -58.940  -6.597 0.2000000030
115670  -40.701  -59.107  -22.990 0.3000000119
15948  -39.800  -59.475  -23.421 0.3000000119
15116  -37.453  -60.557  -26.333 0.2000000030
15130  -36.192  -60.595  -27.564 0.2000000030
104604  -39.503  -59.578  -24.065 0.4000000060
15109  -39.135  -60.077  -25.770 0.3000000119
15936  -41.470  -58.886  -23.571 0.4000000060
15958  -39.811  -59.665  -24.948 0.3000000119
15108  -38.080  -60.278  -25.102 0.3000000119
16767  -42.045  -58.655  -22.868 0.4000000060
15959  -41.016  -59.430  -25.257 0.4000000060
15117  -38.251  -60.383  -26.169 0.3000000119
105622  -38.122  -60.506  -26.923 0.2000000030
15950  -41.883  -58.956  -24.365 0.4000000060
15118  -39.937  -60.102  -26.625 0.4000000060
16775  -42.727  -58.544  -23.539 0.4000000060
16758  -43.836  -57.884  -22.853 0.4000000060
15969  -40.149  -59.822  -25.818 0.4000000060
105032  -38.951  -60.332  -26.962 0.3000000119
15132  -38.351  -60.519  -27.761 0.3000000119
16781  -43.312  -58.535  -24.290 0.4000000060
120250  -39.108  -60.435  -27.804 0.4000000060
17617  -44.017  -57.930  -23.507 0.4000000060
122409  -41.644  -59.453  -25.767 0.4000000060
15133  -39.786  -60.325  -27.531 0.3000000119
17608  -43.571  -57.491  -22.903 0.4000000060
16782  -43.971  -58.546  -25.002 0.4000000060
15960  -42.537  -59.073  -25.245 0.4000000060
15979  -41.841  -59.803  -27.019 0.4000000060
17616  -43.884  -57.659  -23.554 0.4000000060
15971  -42.262  -59.450  -26.157 0.4000000060
18502  -43.222  -56.973  -23.575 0.4000000060
16783  -44.400  -58.132  -25.094 0.4000000060
15961  -43.649  -59.046  -25.800 0.4000000060
16789  -44.789  -58.143  -26.095 0.4000000060
15972  -44.623  -58.827  -26.420 0.4000000060
113558  -43.208  -59.476  -26.708 0.4000000060
15135  -41.541  -60.171  -27.917 0.3000000119
18517  -43.656  -57.174  -24.292 0.4000000060
16792  -45.230  -58.304  -26.785 0.4000000060
15981  -44.111  -59.462  -27.337 0.4000000060
15980  -42.764  -59.876  -27.633 0.3000000119
15154  -41.215  -60.420  -28.771 0.2000000030
17644  -44.430  -57.810  -25.383 0.4000000060
18530  -43.373  -56.891  -25.103 0.4000000060
17643  -44.075  -57.257  -25.677 0.4000000060
16793  -45.497  -58.182  -27.366 0.4000000060
15982  -45.181  -58.797  -27.269 0.4000000060
15155  -42.580  -60.247  -28.677 0.2000000030
15991  -43.693  -59.864  -28.140 0.2000000030
15170  -41.835  -60.536  -29.581 0.3000000119
18534  -43.033  -56.949  -26.007 0.3000000119
15983  -45.500  -58.626  -28.038 0.3000000119
15156  -44.236  -59.972  -29.017 0.2000000030
15992  -44.843  -59.425  -28.076 0.2000000030
108942  -43.115  -60.428  -29.738 0.2000000030
14317  -41.089  -60.890  -30.864 0.2000000030
18529  -42.398  -56.690  -25.305 0.3000000119
17665  -44.868  -57.539  -27.070 0.4000000060
15993  -45.364  -59.160  -28.839 0.1000000015
18527  -40.365  -56.780  -24.761 0.3000000119
17642  -41.499  -56.941  -25.950 0.3000000119
106183  -43.246  -57.144  -26.813 0.2000000030
17682  -44.875  -57.586  -28.057 0.2000000030
15190  -43.513  -60.482  -30.484 0.1000000015
120380  -41.674  -61.187  -31.410 0.2000000030
17651  -42.123  -57.107  -26.789 0.2000000030
17663  -42.728  -57.349  -27.508 0.2000000030
16803  -44.296  -57.829  -29.157 0.1000000015
16006  -45.119  -59.459  -29.726 0.1000000015
17628  -39.389  -56.909  -24.516 0.2000000030
112376  -40.567  -56.979  -25.465 0.3000000119
18512  -37.459  -57.069  -24.240 0.2000000030
124524  -38.705  -57.255  -24.943 0.1000000015
17641  -39.474  -57.245  -25.419 0.3000000119
17650  -40.832  -57.313  -26.858 0.2000000030
17681  -43.516  -57.563  -28.277 0.1000000015
16019  -45.250  -58.778  -30.361 0.1000000015
15191  -44.313  -60.025  -30.827 0.1000000015
15202  -43.389  -60.597  -31.206 0.1000000015
17627  -37.862  -57.407  -24.947 0.2000000030
17640  -38.343  -57.572  -25.623 0.2000000030
17649  -39.822  -57.578  -26.925 0.2000000030
110137  -41.399  -57.498  -27.590 0.1000000015
17680  -42.023  -57.775  -28.359 0.1000000015
124375  -44.426  -58.287  -30.652 0.1000000015
16028  -44.877  -59.121  -31.105 0.1000000015
14338  -43.221  -60.602  -32.171 0.1000000015
14356  -42.402  -61.261  -32.662 0.1000000015
106796  -38.871  -57.744  -26.543 0.1000000015
17662  -40.103  -57.788  -27.689 0.2000000030
17679  -40.754  -57.929  -28.434 0.1000000015
16801  -41.266  -58.185  -29.214 0.1000000015
16818  -43.481  -58.236  -30.271 0.1000000015
16040  -44.483  -58.981  -31.961 0.1000000015
14374  -41.578  -61.793  -33.616 0.1000000015
16834  -42.185  -58.388  -31.047 0.1000000015
16835  -43.860  -58.353  -31.236 0.1000000015
15226  -43.416  -59.358  -33.722 0.1000000015
15225  -42.083  -60.865  -33.784 0.1000000015
16869  -44.142  -58.418  -32.700 0.1000000015
22659  -41.911  -51.745  -9.919 0.2000000030
18496  -35.945  -56.699  -23.538 0.2000000030
18511  -36.401  -57.127  -24.277 0.1000000015
17639  -37.392  -57.713  -25.687 0.1000000015
104465  -37.758  -57.921  -27.050 0.1000000015
17678  -39.653  -58.093  -28.718 0.1000000015
16817  -41.716  -58.384  -30.137 0.1000000015
110990  -42.813  -60.496  -33.144 0.1000000015
123031  -44.065  -59.520  -32.232 0.1000000015
16852  -44.508  -58.679  -31.653 0.1000000015
15949  -40.492  -59.252  -24.096 0.4000000060
16776  -43.843  -58.124  -23.456 0.4000000060
15970  -41.017  -59.739  -26.304 0.4000000060
15134  -40.719  -60.097  -27.266 0.3000000119
16777  -44.118  -58.090  -24.215 0.4000000060
17653  -44.682  -57.699  -26.272 0.4000000060
17652  -44.100  -57.227  -26.523 0.3000000119
17666  -45.356  -57.846  -27.456 0.2000000030
15189  -42.298  -60.796  -30.638 0.2000000030
18528  -41.428  -56.646  -25.023 0.3000000119
15994  -45.622  -58.366  -28.715 0.2000000030
15171  -44.310  -60.146  -30.038 0.1000000015
17664  -44.007  -57.264  -27.365 0.2000000030
106262  -45.257  -57.943  -28.956 0.1000000015
14337  -42.423  -61.146  -31.632 0.1000000015
16819  -44.908  -58.146  -30.037 0.1000000015
119589  -44.891  -59.499  -30.442 0.1000000015
105446  -40.159  -57.297  -26.188 0.3000000119
16802  -42.690  -58.092  -29.239 0.1000000015
16836  -44.840  -58.515  -30.850 0.1000000015
15203  -44.185  -59.772  -31.578 0.1000000015
107287  -42.253  -61.416  -32.273 0.1000000015
17626  -36.878  -57.500  -25.002 0.1000000015
17661  -39.247  -57.847  -27.366 0.1000000015
14375  -42.157  -61.403  -33.158 0.1000000015
16800  -40.339  -58.174  -29.166 0.1000000015
17660  -38.452  -57.956  -27.606 0.1000000015
12478  -40.356  -62.834  -23.866 0.3000000119
13345  -39.625  -62.104  -23.138 0.2000000030
12477  -39.055  -62.754  -23.712 0.3000000119
13333  -39.131  -61.418  -22.793 0.2000000030
13347  -42.075  -62.685  -23.097 0.4000000060
13346  -40.983  -62.294  -23.141 0.2000000030
13335  -41.605  -61.853  -22.458 0.4000000060
13334  -40.246  -61.489  -22.614 0.3000000119
13344  -38.513  -61.997  -23.212 0.2000000030
14201  -38.333  -61.264  -23.075 0.2000000030
14200  -37.546  -61.803  -23.541 0.1000000015
14213  -37.055  -61.474  -23.911 0.1000000015
15070  -39.713  -60.540  -22.439 0.3000000119
13343  -37.080  -62.450  -23.949 0.1000000015
15097  -37.646  -60.983  -23.652 0.2000000030
13342  -36.861  -61.902  -23.929 0.1000000015
14212  -36.504  -61.601  -24.460 0.1000000015
114237  -36.972  -60.990  -24.363 0.1000000015
14226  -35.374  -61.701  -25.515 0.1000000015
105081  -35.999  -61.509  -25.108 0.1000000015
15106  -36.466  -61.065  -25.109 0.1000000015
119094  -35.007  -61.328  -26.407 0.1000000015
14227  -35.835  -61.178  -25.748 0.1000000015
15918  -40.124  -60.047  -22.165 0.3000000119
15083  -38.518  -60.595  -23.159 0.2000000030
15098  -38.151  -60.281  -23.915 0.2000000030
105913  -37.537  -60.581  -24.389 0.2000000030
14242  -35.863  -60.826  -26.645 0.1000000015
15919  -40.854  -59.453  -22.115 0.2000000030
15107  -37.233  -60.654  -25.272 0.2000000030
108987  -36.564  -60.792  -25.978 0.1000000015
14260  -34.292  -61.302  -27.338 0.1000000015
15935  -39.856  -59.676  -22.766 0.3000000119
15957  -38.867  -59.885  -24.519 0.3000000119
15061  -41.672  -59.585  -21.522 0.2000000030
125155  -37.746  -60.466  -25.738 0.2000000030
14261  -35.186  -60.831  -27.536 0.1000000015
106538  -36.744  -60.612  -26.897 0.1000000015
14279  -34.395  -60.967  -28.164 0.1000000015
108970  -36.949  -60.542  -27.652 0.1000000015
111647  -35.036  -60.847  -28.592 0.1000000015
14280  -35.851  -60.646  -28.431 0.1000000015
16755  -41.595  -58.991  -22.374 0.2000000030
105190  -37.537  -60.558  -28.148 0.1000000015
15151  -36.722  -60.587  -28.335 0.1000000015
106971  -38.268  -60.567  -28.791 0.1000000015
14278  -33.901  -60.924  -28.934 0.1000000015
14294  -35.644  -60.978  -29.312 0.1000000015
15166  -37.338  -60.672  -29.008 0.1000000015
105251  -36.306  -61.242  -29.927 0.1000000015
15071  -41.176  -60.005  -21.600 0.3000000119
14193  -39.686  -60.996  -22.484 0.2000000030
15947  -39.031  -59.911  -23.426 0.3000000119
14192  -39.017  -60.851  -22.683 0.2000000030
15069  -39.304  -60.256  -22.736 0.3000000119
122694  -34.515  -60.918  -28.756 0.1000000015
14293  -34.736  -61.127  -29.437 0.1000000015
14295  -36.483  -60.795  -29.165 0.1000000015
15152  -38.872  -60.501  -28.340 0.2000000030
14314  -37.669  -61.047  -30.516 0.1000000015
103711  -37.421  -61.548  -31.232 0.1000000015
14315  -38.535  -60.783  -30.447 0.2000000030
13463  -37.097  -62.077  -31.829 0.1000000015
15167  -38.811  -60.582  -29.607 0.2000000030
105528  -38.311  -61.265  -31.256 0.2000000030
15186  -39.444  -60.670  -30.328 0.1000000015
103814  -39.209  -60.977  -31.185 0.1000000015
110479  -39.054  -60.528  -28.906 0.2000000030
15168  -39.754  -60.550  -29.395 0.1000000015
14333  -38.086  -61.877  -32.036 0.1000000015
14334  -39.049  -61.575  -31.932 0.1000000015
15153  -39.616  -60.467  -28.409 0.2000000030
14335  -39.952  -61.417  -31.788 0.1000000015
14316  -40.130  -60.891  -31.042 0.1000000015
105339  -40.499  -60.351  -28.119 0.2000000030
124671  -40.341  -60.487  -28.834 0.2000000030
15187  -40.381  -60.660  -30.225 0.1000000015
15188  -41.249  -60.668  -30.165 0.1000000015
14336  -40.852  -61.338  -31.585 0.1000000015
14296  -37.934  -60.692  -29.719 0.1000000015
12479  -41.696  -63.022  -23.944 0.2000000030
9986  -43.700  -66.474  -22.069 0.1000000015
11500  -45.414  -64.351  -12.618 0.1000000015
9900  -46.153  -65.303  -19.835 0.1000000015
9909  -45.535  -66.002  -20.273 0.1000000015
11525  -45.665  -64.570  -16.086 0.1000000015
9910  -45.923  -65.401  -20.268 0.1000000015
12365  -45.980  -64.542  -12.020 0.2000000030
11505  -45.983  -64.920  -13.793 0.1000000015
9041  -44.917  -66.829  -17.214 0.1000000015
12364  -45.174  -63.839  -11.967 0.2000000030
118436  -45.663  -64.747  -14.341 0.1000000015
116968  -46.084  -64.938  -14.680 0.1000000015
10708  -46.640  -64.885  -16.537 0.1000000015
10716  -46.647  -64.789  -17.790 0.1000000015
119556  -45.971  -66.086  -17.681 0.1000000015
12480  -42.605  -63.447  -23.832 0.2000000030
10732  -46.431  -64.808  -19.112 0.1000000015
11542  -46.374  -64.642  -16.929 0.1000000015
11513  -45.706  -64.726  -15.115 0.1000000015
12357  -46.010  -64.045  -11.263 0.2000000030
9971  -43.107  -66.459  -21.533 0.1000000015
9908  -44.528  -66.961  -19.152 0.1000000015
9899  -45.590  -66.311  -18.788 0.1000000015
11526  -46.189  -64.862  -15.683 0.1000000015
111497  -46.213  -65.110  -14.016 0.1000000015
12503  -42.477  -63.811  -24.765 0.1000000015
125090  -44.357  -59.970  -6.956 0.1000000015
14937  -44.961  -61.261  -7.618 0.1000000015
14066  -45.666  -62.046  -7.775 0.1000000015
13203  -45.961  -63.555  -7.464 0.1000000015
14947  -44.396  -60.852  -8.177 0.1000000015
14065  -45.088  -61.513  -8.385 0.1000000015
14913  -44.906  -60.617  -5.705 0.1000000015
14929  -44.943  -61.334  -6.185 0.1000000015
14038  -45.109  -62.231  -5.778 0.1000000015
12272  -45.164  -63.226  -5.671 0.1000000015
14928  -44.676  -60.484  -6.609 0.1000000015
117274  -44.895  -61.036  -6.936 0.1000000015
14049  -45.313  -61.944  -6.731 0.1000000015
13188  -45.434  -62.874  -6.007 0.1000000015
12293  -45.610  -63.990  -7.120 0.1000000015
15773  -44.468  -59.669  -6.387 0.1000000015
14017  -44.627  -62.255  -5.361 0.1000000015
107681  -44.970  -61.497  -5.570 0.1000000015
14018  -44.849  -62.360  -5.398 0.1000000015
13175  -45.133  -62.868  -5.435 0.1000000015
13187  -44.877  -63.280  -5.577 0.1000000015
16604  -44.471  -58.751  -6.083 0.1000000015
14891  -45.140  -60.797  -5.021 0.1000000015
13999  -44.691  -61.610  -5.293 0.1000000015
15751  -45.557  -59.983  -5.056 0.1000000015
16605  -45.111  -58.615  -5.665 0.1000000015
16603  -43.840  -58.167  -6.443 0.1000000015
20953  -40.779  -53.217  -10.676 0.1000000015
20964  -41.940  -54.299  -11.559 0.1000000015
16580  -45.942  -58.972  -5.162 0.1000000015
17409  -44.631  -57.745  -5.996 0.1000000015
21793  -41.953  -51.734  -9.359 0.1000000015
20961  -39.548  -54.551  -11.075 0.1000000015
20962  -40.281  -54.341  -11.207 0.1000000015
22669  -42.528  -51.387  -10.095 0.1000000015
20095  -42.329  -55.695  -12.080 0.1000000015
20963  -41.059  -54.311  -11.402 0.1000000015
14890  -44.773  -60.863  -4.798 0.1000000015
20093  -40.582  -55.674  -11.957 0.1000000015
13223  -46.201  -62.815  -8.036 0.1000000015
13224  -46.397  -63.615  -8.305 0.1000000015
14079  -45.835  -62.178  -8.623 0.1000000015
13202  -45.710  -62.842  -7.069 0.1000000015
118276  -46.101  -64.072  -7.733 0.1000000015
12282  -45.467  -63.443  -6.493 0.1000000015
16579  -45.067  -59.531  -5.604 0.1000000015
21815  -41.583  -53.076  -10.895 0.1000000015
20094  -41.418  -55.720  -12.069 0.1000000015
18495  -34.954  -56.513  -23.623 0.1000000015
11670  -40.276  -65.470  -26.667 0.1000000015
11669  -39.272  -65.400  -26.854 0.1000000015
12523  -39.292  -64.059  -25.385 0.1000000015
10852  -39.421  -65.900  -27.179 0.1000000015
10851  -38.638  -65.896  -27.404 0.1000000015
11668  -38.222  -65.281  -26.845 0.1000000015
11652  -39.946  -64.782  -26.300 0.1000000015
10029  -38.503  -66.615  -27.463 0.1000000015
10031  -40.169  -65.867  -26.796 0.1000000015
11653  -41.122  -64.897  -26.213 0.1000000015
9195  -37.864  -67.584  -27.420 0.1000000015
8347  -37.913  -68.184  -27.042 0.1000000015
119583  -39.902  -66.266  -26.735 0.1000000015
8334  -37.694  -69.220  -26.682 0.1000000015
9197  -39.035  -66.835  -26.537 0.1000000015
11531  -32.951  -63.590  -16.167 0.1000000015
11532  -33.733  -63.679  -16.912 0.1000000015
9937  -33.060  -66.054  -21.048 0.1000000015
9967  -33.470  -66.634  -21.458 0.1000000015
9105  -33.746  -67.225  -21.760 0.1000000015
9132  -34.890  -67.738  -22.623 0.1000000015
12524  -40.535  -64.202  -25.523 0.1000000015
8274  -34.321  -68.453  -22.357 0.1000000015
8288  -35.063  -68.557  -23.043 0.1000000015
12500  -38.583  -63.387  -24.409 0.1000000015
7521  -35.146  -71.066  -24.685 0.1000000015
6816  -35.444  -71.397  -25.699 0.1000000015
7532  -36.246  -70.967  -25.706 0.1000000015
7547  -37.185  -69.986  -26.999 0.1000000015
8333  -37.349  -70.247  -26.310 0.1000000015
8322  -37.908  -69.340  -25.600 0.1000000015
9182  -38.344  -68.079  -26.326 0.1000000015
12476  -37.958  -62.642  -23.703 0.1000000015
6806  -34.702  -71.811  -24.694 0.1000000015
7545  -35.559  -71.076  -26.318 0.1000000015
7533  -36.916  -70.810  -26.018 0.1000000015
8321  -37.412  -70.056  -25.384 0.1000000015
11549  -33.463  -63.742  -17.923 0.1000000015
11568  -33.084  -63.903  -18.843 0.1000000015
10790  -33.495  -65.276  -20.780 0.1000000015
10840  -41.328  -65.388  -26.249 0.1000000015
11654  -42.288  -64.892  -25.954 0.1000000015
11638  -41.821  -64.307  -25.562 0.1000000015
10805  -33.887  -65.809  -21.364 0.1000000015
9106  -34.320  -67.430  -22.176 0.1000000015
9968  -34.349  -66.522  -21.869 0.1000000015
12501  -39.794  -63.426  -24.621 0.1000000015
8319  -36.257  -69.717  -24.535 0.1000000015
8320  -36.963  -70.211  -25.133 0.1000000015
118633  -36.828  -69.287  -24.277 0.1000000015
107865  -37.784  -69.421  -24.753 0.1000000015
11533  -34.656  -64.001  -16.679 0.1000000015
11550  -34.373  -64.147  -17.619 0.1000000015
11519  -34.887  -63.839  -15.766 0.1000000015
11510  -35.728  -63.983  -14.489 0.1000000015
10841  -42.592  -65.234  -25.901 0.1000000015
11569  -34.040  -64.190  -18.573 0.1000000015
10743  -34.533  -64.717  -19.187 0.1000000015
10020  -40.765  -65.921  -26.309 0.1000000015
11639  -42.908  -64.430  -25.427 0.1000000015
10009  -39.948  -66.654  -25.813 0.1000000015
10791  -34.432  -65.318  -20.724 0.1000000015
10806  -34.877  -65.815  -21.322 0.1000000015
9133  -35.637  -67.814  -22.979 0.1000000015
8303  -35.691  -69.002  -23.775 0.1000000015
8305  -37.477  -69.299  -24.432 0.1000000015
8304  -36.271  -68.605  -23.664 0.1000000015
8289  -37.044  -68.613  -23.597 0.1000000015
11520  -35.720  -64.194  -15.555 0.1000000015
103927  -41.884  -65.710  -25.864 0.1000000015
11534  -35.532  -64.428  -16.479 0.1000000015
11511  -36.736  -64.417  -14.509 0.1000000015
121486  -37.062  -64.377  -13.893 0.1000000015
9169  -40.496  -66.896  -24.547 0.1000000015
108182  -41.135  -66.284  -25.462 0.1000000015
10021  -42.850  -65.645  -25.530 0.1000000015
11570  -34.927  -64.717  -18.257 0.1000000015
11551  -35.247  -64.632  -17.371 0.1000000015
9183  -38.934  -67.345  -25.701 0.1000000015
12502  -41.121  -63.548  -24.763 0.1000000015
10768  -34.986  -65.209  -19.782 0.1000000015
10744  -35.419  -65.335  -18.815 0.1000000015
8306  -38.074  -68.871  -23.782 0.1000000015
111226  -38.474  -68.220  -25.132 0.1000000015
9135  -37.319  -68.159  -22.662 0.1000000015
9969  -35.379  -66.369  -21.889 0.1000000015
9985  -35.891  -67.002  -22.461 0.1000000015
9134  -36.426  -67.803  -22.986 0.1000000015
11521  -36.498  -64.531  -15.308 0.1000000015
11535  -36.442  -64.901  -16.232 0.1000000015
9168  -39.238  -67.382  -24.787 0.1000000015
8290  -37.852  -68.664  -23.204 0.1000000015
8291  -38.379  -68.605  -22.481 0.1000000015
9970  -36.281  -66.616  -21.645 0.1000000015
10792  -35.428  -65.651  -20.403 0.1000000015
10807  -35.835  -66.084  -21.052 0.1000000015
9151  -39.497  -67.563  -23.701 0.1000000015
9152  -40.648  -67.216  -23.338 0.1000000015
8307  -38.753  -68.245  -23.044 0.1000000015
10713  -36.035  -65.215  -17.141 0.1000000015
8275  -38.074  -68.565  -21.918 0.1000000015
8276  -38.588  -68.721  -21.443 0.1000000015
10725  -35.712  -65.383  -17.964 0.1000000015
9107  -36.750  -67.360  -22.167 0.1000000015
9108  -37.587  -68.086  -21.447 0.1000000015
9919  -35.973  -65.890  -19.319 0.1000000015
121715  -36.533  -66.565  -20.777 0.1000000015
9080  -37.055  -67.205  -21.070 0.1000000015
9938  -36.305  -66.245  -20.085 0.1000000015
9136  -39.667  -67.694  -22.657 0.1000000015
9137  -40.883  -67.341  -22.363 0.1000000015
121820  -38.710  -68.897  -20.719 0.1000000015
8277  -39.127  -68.600  -21.199 0.1000000015
10714  -36.801  -65.856  -16.969 0.1000000015
9081  -37.617  -68.156  -20.098 0.1000000015
8256  -38.267  -68.697  -20.656 0.1000000015
124358  -36.312  -66.287  -18.909 0.1000000015
9083  -40.741  -67.680  -20.597 0.1000000015
8257  -38.661  -69.039  -19.981 0.1000000015
123962  -36.904  -64.977  -15.752 0.1000000015
9939  -36.965  -67.101  -20.026 0.1000000015
9906  -36.234  -66.111  -18.535 0.1000000015
9074  -41.153  -67.729  -19.946 0.1000000015
10726  -36.453  -66.060  -17.725 0.1000000015
124799  -36.099  -64.038  -13.674 0.1000000015
11488  -37.245  -63.841  -11.817 0.1000000015
120467  -37.465  -64.031  -12.318 0.1000000015
11498  -37.750  -64.303  -12.831 0.1000000015
11503  -36.938  -64.165  -13.197 0.1000000015
10766  -33.066  -64.775  -20.215 0.1000000015
9984  -35.070  -66.999  -22.440 0.1000000015
107614  -34.638  -69.290  -22.883 0.1000000015
8302  -35.131  -69.730  -23.714 0.1000000015
7522  -35.660  -70.373  -24.747 0.1000000015
6827  -35.706  -71.291  -26.164 0.1000000015
7546  -36.296  -71.004  -26.448 0.1000000015
122496  -36.888  -70.702  -26.636 0.1000000015
120331  -36.341  -69.116  -27.054 0.1000000015
11587  -33.577  -64.388  -19.466 0.1000000015
110758  -38.120  -68.989  -24.605 0.1000000015
9150  -38.569  -68.238  -24.094 0.1000000015
8292  -39.008  -68.454  -22.049 0.1000000015
9072  -37.336  -67.793  -19.270 0.1000000015
9109  -39.834  -67.799  -21.720 0.1000000015
114912  -36.783  -63.928  -12.359 0.1000000015
8390  -31.626  -68.923  -30.465 0.1000000015
7654  -31.117  -69.494  -33.967 0.1000000015
7636  -31.318  -69.639  -33.072 0.1000000015
7637  -32.122  -69.448  -33.419 0.1000000015
7620  -32.053  -69.481  -32.502 0.1000000015
7607  -31.182  -69.973  -31.440 0.1000000015
8454  -30.678  -69.357  -34.945 0.1000000015
8470  -31.328  -69.217  -35.658 0.1000000015
8485  -30.777  -69.128  -36.712 0.1000000015
8391  -31.731  -68.430  -31.076 0.1000000015
9246  -31.043  -67.842  -30.588 0.1000000015
9234  -30.962  -68.575  -29.770 0.1000000015
114805  -31.975  -69.116  -31.024 0.1000000015
7608  -31.935  -69.525  -31.620 0.1000000015
7619  -31.290  -69.788  -32.250 0.1000000015
8455  -31.990  -69.377  -34.546 0.1000000015
8486  -31.794  -68.997  -36.374 0.1000000015
117746  -32.236  -68.631  -37.002 0.1000000015
12576  -28.756  -62.703  -29.165 0.1000000015
11696  -28.519  -64.813  -29.137 0.1000000015
12577  -29.256  -63.305  -29.907 0.1000000015
9245  -30.332  -67.574  -30.068 0.1000000015
10877  -29.718  -65.849  -30.209 0.1000000015
10058  -29.189  -66.178  -29.612 0.1000000015
10866  -29.131  -65.277  -29.709 0.1000000015
9256  -31.365  -67.621  -31.226 0.1000000015
10071  -29.707  -66.870  -29.931 0.1000000015
9257  -31.881  -67.999  -31.796 0.1000000015
8421  -32.409  -69.186  -32.141 0.1000000015
8406  -32.188  -68.885  -31.552 0.1000000015
8471  -32.356  -69.139  -35.413 0.1000000015
13430  -29.403  -62.253  -29.588 0.1000000015
11697  -29.065  -64.337  -29.791 0.1000000015
13419  -29.052  -61.759  -28.887 0.1000000015
10072  -30.281  -66.799  -30.493 0.1000000015
123778  -29.936  -65.252  -30.534 0.1000000015
107626  -29.589  -64.886  -30.228 0.1000000015
10081  -30.833  -66.821  -31.071 0.1000000015
8439  -32.585  -69.201  -32.879 0.1000000015
8440  -32.712  -69.085  -33.885 0.1000000015
107959  -32.757  -69.105  -34.715 0.1000000015
111596  -28.599  -63.720  -29.230 0.1000000015
118051  -32.366  -68.713  -32.091 0.1000000015
10082  -31.264  -66.931  -31.715 0.1000000015
10091  -31.686  -67.063  -32.412 0.1000000015
11689  -28.060  -64.077  -28.549 0.1000000015
10101  -32.063  -67.007  -33.119 0.1000000015
123087  -32.219  -66.125  -33.171 0.1000000015
11747  -32.682  -65.566  -33.515 0.1000000015
10878  -30.309  -65.758  -30.872 0.1000000015
10891  -30.858  -65.952  -31.526 0.1000000015
10892  -31.339  -66.073  -32.137 0.1000000015
10903  -31.042  -65.080  -31.968 0.1000000015
10904  -31.801  -66.146  -32.698 0.1000000015
11746  -31.998  -65.374  -32.932 0.1000000015
117985  -30.124  -64.582  -30.861 0.1000000015
11722  -30.677  -64.493  -31.480 0.1000000015
11735  -31.662  -64.613  -32.463 0.1000000015
10102  -32.597  -66.685  -33.622 0.1000000015
123009  -31.533  -65.413  -32.476 0.1000000015
7557  -36.695  -70.329  -26.928 0.1000000015
8258  -39.141  -68.813  -20.416 0.1000000015
8345  -37.008  -69.452  -27.222 0.1000000015
9196  -38.405  -67.221  -27.196 0.1000000015
9210  -38.155  -66.976  -27.620 0.1000000015
9922  -45.083  -66.319  -20.510 0.1000000015
9923  -45.606  -65.570  -20.345 0.1000000015
10001  -44.334  -65.667  -23.821 0.1000000015
10030  -39.167  -66.342  -27.164 0.1000000015
10748  -44.186  -65.357  -19.599 0.2000000030
10750  -46.091  -65.044  -20.143 0.1000000015
10767  -34.020  -64.827  -20.117 0.1000000015
10774  -44.857  -65.441  -20.361 0.2000000030
10818  -44.346  -65.634  -22.891 0.1000000015
10819  -44.400  -65.435  -23.417 0.1000000015
10828  -44.380  -65.146  -24.041 0.1000000015
10834  -44.095  -65.194  -24.687 0.1000000015
10842  -43.488  -65.212  -25.418 0.1000000015
11504  -45.210  -64.511  -13.465 0.1000000015
11524  -44.523  -64.557  -15.703 0.2000000030
11558  -45.389  -64.563  -17.943 0.2000000030
11571  -38.043  -64.308  -19.478 0.5000000000
11588  -38.484  -64.697  -20.003 0.4000000060
11621  -44.274  -64.929  -23.743 0.1000000015
11655  -43.218  -64.841  -25.573 0.1000000015
11711  -29.546  -64.104  -30.331 0.1000000015
11815  -37.490  -64.384  -39.034 0.1000000015
12292  -45.143  -64.048  -6.827 0.1000000015
12329  -46.460  -63.465  -9.424 0.1000000015
12377  -42.653  -64.029  -14.363 0.2000000030
12378  -43.523  -64.264  -14.150 0.2000000030
12395  -41.200  -64.038  -15.881 0.3000000119
12436  -37.858  -63.565  -20.279 0.4000000060
13252  -46.069  -62.920  -9.671 0.3000000119
13287  -37.221  -62.635  -16.692 0.5000000000
13320  -42.188  -62.113  -20.994 0.4000000060
13552  -37.781  -63.276  -38.928 0.1000000015
14125  -35.667  -61.247  -15.226 0.5000000000
14146  -35.454  -61.304  -15.885 0.5000000000
14180  -41.992  -61.380  -20.411 0.6000000238
14424  -39.446  -61.236  -39.143 0.1000000015
14426  -39.256  -60.592  -39.261 0.1000000015
14999  -37.064  -61.071  -13.019 0.4000000060
15031  -34.906  -60.515  -17.865 0.5000000000
15054  -42.722  -59.988  -20.121 0.5000000000
15131  -37.545  -60.544  -27.291 0.1000000015
15169  -40.765  -60.551  -29.493 0.1000000015
15239  -42.688  -59.995  -33.958 0.1000000015
15261  -38.849  -60.472  -39.107 0.1000000015
15801  -38.203  -59.135  -9.396 0.3000000119
15865  -33.874  -59.448  -16.820 0.3000000119
16007  -45.538  -58.503  -29.528 0.1000000015
16062  -42.322  -59.307  -35.495 0.1000000015
16064  -43.756  -58.342  -34.293 0.2000000030
16090  -39.728  -60.008  -39.063 0.1000000015
16634  -36.754  -58.349  -9.560 0.3000000119
16660  -34.451  -58.415  -12.750 0.3000000119
16736  -43.037  -58.994  -19.655 0.5000000000
16788  -44.438  -58.468  -25.636 0.4000000060
16790  -45.263  -57.959  -26.833 0.4000000060
16804  -45.514  -57.988  -28.098 0.2000000030
16864  -34.586  -59.104  -31.910 0.1000000015
16897  -43.731  -57.044  -35.750 0.1000000015
16902  -40.093  -58.862  -38.406 0.1000000015
17448  -38.253  -57.512  -8.531 0.2000000030
17454  -36.985  -57.611  -9.103 0.3000000119
17469  -34.419  -57.612  -12.681 0.2000000030
17629  -44.170  -57.863  -24.354 0.4000000060
17765  -42.410  -56.292  -37.099 0.1000000015
17768  -41.674  -56.843  -37.445 0.1000000015
18358  -35.806  -56.336  -12.028 0.1000000015
18370  -33.222  -56.554  -13.692 0.2000000030
18431  -33.943  -56.961  -17.151 0.4000000060
18456  -36.875  -56.808  -19.004 0.5000000000
18518  -44.029  -57.415  -24.944 0.4000000060
18577  -34.565  -56.418  -30.186 0.1000000015
18625  -41.871  -55.568  -35.222 0.1000000015
18627  -43.409  -56.412  -35.122 0.1000000015
19258  -32.984  -55.191  -14.149 0.2000000030
19348  -33.536  -55.411  -22.073 0.2000000030
20073  -38.698  -54.223  -9.466 0.3000000119
20106  -34.078  -54.817  -12.841 0.2000000030
20982  -35.682  -53.198  -12.308 0.1000000015
21792  -41.362  -52.128  -9.676 0.2000000030
22053  -41.667  -52.393  -29.637 0.1000000015
22693  -35.750  -51.119  -12.671 0.2000000030
22849  -32.405  -51.896  -21.751 0.1000000015
22937  -35.841  -51.225  -28.831 0.1000000015
22949  -35.345  -51.522  -29.148 0.1000000015
23595  -35.235  -50.054  -13.675 0.1000000015
23596  -37.694  -49.997  -13.146 0.1000000015
23614  -34.170  -50.530  -14.465 0.1000000015
24625  -33.977  -49.991  -17.744 0.1000000015
24628  -38.084  -50.390  -17.498 0.1000000015
24725  -42.347  -49.816  -25.550 0.1000000015
24759  -36.479  -50.234  -28.646 0.1000000015
25664  -38.898  -48.719  -27.606 0.1000000015
26437  -36.938  -48.893  -17.635 0.1000000015
27439  -42.611  -45.937  -27.148 0.1000000015
29287  -35.895  -44.212  -25.275 0.1000000015
30189  -36.474  -43.667  -29.062 0.1000000015
30195  -37.409  -43.954  -30.461 0.1000000015
31105  -35.760  -42.589  -27.497 0.1000000015
31115  -36.664  -42.867  -29.308 0.1000000015
32867  -34.572  -40.907  -24.557 0.1000000015
104601  -37.965  -45.364  -28.163 0.1000000015
106314  -42.506  -47.761  -31.696 0.1000000015
106350  -45.951  -64.821  -12.864 0.2000000030
106782  -37.850  -57.852  -26.280 0.1000000015
107424  -46.588  -64.148  -9.681 0.1000000015
108589  -30.573  -65.149  -31.353 0.1000000015
110862  -33.383  -54.892  -15.373 0.3000000119
111143  -38.858  -50.774  -12.776 0.1000000015
111170  -46.439  -65.308  -18.526 0.1000000015
111216  -41.504  -52.136  -9.055 0.1000000015
112555  -37.155  -63.346  -19.062 0.5000000000
113072  -31.697  -69.660  -30.790 0.1000000015
113860  -39.824  -52.497  -13.102 0.1000000015
116353  -43.937  -64.536  -24.382 0.1000000015
116949  -37.809  -61.504  -20.155 0.5000000000
118240  -46.549  -63.492  -8.876 0.1000000015
119326  -35.566  -43.650  -25.582 0.1000000015
119371  -36.747  -44.641  -27.970 0.1000000015
119627  -35.070  -63.815  -15.018 0.1000000015
120074  -37.491  -49.462  -28.147 0.1000000015
121433  -41.951  -48.001  -30.546 0.1000000015
122086  -41.337  -57.524  -7.699 0.2000000030
122452  -32.235  -51.862  -18.550 0.1000000015
122562  -36.339  -57.664  -18.317 0.4000000060
122679  -36.768  -61.718  -15.075 0.5000000000
124292  -38.867  -59.341  -9.423 0.3000000119
124423  -33.960  -59.755  -16.176 0.3000000119
124537  -43.904  -57.873  -23.014 0.4000000060
124623  -32.733  -57.150  -15.049 0.3000000119
124956  -39.376  -45.891  -30.550 0.1000000015
125247  -43.219  -64.189  -24.996 0.1000000015
