#!ascii label  , from subject sub-v2s17x50038_ses-1 vox2ras=TkReg
1099
113557  8.148  -30.310  56.174 0.0000000000
107623  1.369  -31.111  40.065 0.0000000000
35285  0.673  -34.051  56.634 0.0000000000
40761  -0.519  -27.322  54.892 0.0000000000
117315  -0.589  -22.719  48.273 0.0000000000
37179  4.323  -32.368  58.762 0.0000000000
41560  2.894  -27.576  60.009 0.0000000000
38092  11.547  -31.565  54.874 0.0000000000
35295  6.961  -33.553  55.706 0.0000000000
107501  2.529  -35.864  55.450 0.0000000000
47115  -2.830  -21.865  56.680 0.0000000000
43527  -1.368  -25.522  51.756 0.0000000000
49929  -1.575  -18.386  53.887 0.0000000000
36281  -2.501  -34.030  52.074 0.0000000000
39026  -0.234  -31.040  50.634 0.0000000000
38966  0.304  -30.580  57.538 0.0000000000
120067  -0.596  -24.506  57.543 0.0000000000
40005  3.305  -28.849  48.374 0.0000000000
120529  2.078  -25.651  43.678 0.0000000000
43638  -1.005  -24.372  41.500 0.0000000000
49076  0.568  -20.079  46.132 0.0000000000
38959  6.758  -30.759  57.917 0.0000000000
40727  5.254  -28.889  58.701 0.0000000000
38968  9.850  -31.302  55.466 0.0000000000
36250  9.502  -33.032  55.498 0.0000000000
37191  7.914  -32.161  56.941 0.0000000000
36248  6.012  -33.081  56.872 0.0000000000
126422  -2.234  -19.758  55.377 0.0000000000
36263  -1.132  -34.040  54.205 0.0000000000
37206  -0.823  -32.695  54.810 0.0000000000
37193  0.317  -32.798  56.920 0.0000000000
44399  2.455  -25.171  58.039 0.0000000000
43451  1.698  -26.211  59.097 0.0000000000
33301  1.110  -35.317  56.009 0.0000000000
32369  0.228  -36.424  54.267 0.0000000000
33313  -0.423  -35.420  54.553 0.0000000000
107018  -2.342  -35.231  52.370 0.0000000000
39965  1.850  -29.488  53.641 0.0000000000
39037  1.741  -30.499  50.000 0.0000000000
41618  1.363  -28.262  51.946 0.0000000000
111070  -1.341  -24.703  49.498 0.0000000000
41684  0.009  -27.038  47.702 0.0000000000
42621  -0.187  -25.669  46.437 0.0000000000
42676  -0.214  -25.223  42.937 0.0000000000
45466  -0.667  -24.170  45.148 0.0000000000
122350  1.564  -33.783  58.370 0.0000000000
38075  0.558  -31.563  59.352 0.0000000000
39924  3.803  -29.483  60.021 0.0000000000
42503  3.920  -26.690  58.328 0.0000000000
37211  13.145  -32.219  53.585 0.0000000000
37245  11.416  -32.659  50.501 0.0000000000
126396  11.163  -33.611  53.258 0.0000000000
110891  8.582  -33.745  53.481 0.0000000000
124194  4.936  -34.559  55.951 0.0000000000
35283  3.773  -34.193  57.289 0.0000000000
43475  -1.689  -24.633  55.364 0.0000000000
41621  -1.047  -26.288  52.758 0.0000000000
45391  -1.944  -24.331  53.789 0.0000000000
119494  -1.935  -22.457  52.493 0.0000000000
48069  -1.012  -20.547  50.940 0.0000000000
40755  9.491  -28.903  54.078 0.0000000000
39971  15.008  -29.374  52.979 0.0000000000
40739  15.800  -28.005  55.299 0.0000000000
38974  13.278  -30.273  55.015 0.0000000000
39958  11.558  -29.733  55.049 0.0000000000
37261  -2.646  -33.412  49.193 0.0000000000
38163  -2.027  -32.182  48.759 0.0000000000
38129  -1.987  -32.428  51.211 0.0000000000
38097  0.592  -31.250  54.554 0.0000000000
39954  0.112  -28.975  56.101 0.0000000000
111162  0.763  -29.586  58.981 0.0000000000
40728  0.125  -28.221  57.706 0.0000000000
42510  -0.888  -25.946  56.540 0.0000000000
45340  -1.697  -23.158  57.421 0.0000000000
39071  -0.586  -31.022  47.367 0.0000000000
126275  1.020  -30.544  45.598 0.0000000000
40065  3.053  -29.725  43.688 0.0000000000
41643  0.268  -27.786  50.132 0.0000000000
41710  3.496  -27.483  45.789 0.0000000000
40901  4.068  -28.719  41.608 0.0000000000
124975  3.529  -27.195  39.661 0.0000000000
41788  1.319  -26.121  38.562 0.0000000000
50925  -0.840  -17.524  51.822 0.0000000000
49030  -0.574  -19.066  49.605 0.0000000000
50988  -0.363  -18.194  48.747 0.0000000000
48109  0.261  -20.849  46.790 0.0000000000
48138  -0.627  -22.051  43.052 0.0000000000
38965  7.109  -30.723  57.560 0.0000000000
40729  6.676  -29.466  57.188 0.0000000000
40735  7.023  -28.985  56.338 0.0000000000
39941  9.093  -30.716  55.757 0.0000000000
38087  8.863  -31.701  55.978 0.0000000000
38964  7.846  -30.919  56.907 0.0000000000
37185  7.408  -31.658  57.224 0.0000000000
39225  0.858  -31.470  38.690 0.0000000000
125441  2.432  -30.800  38.709 0.0000000000
35290  -0.120  -34.126  55.635 0.0000000000
36255  -0.349  -33.689  55.514 0.0000000000
36249  0.410  -33.000  57.108 0.0000000000
38148  12.560  -31.276  50.286 0.0000000000
110056  0.885  -34.499  56.432 0.0000000000
33306  0.225  -35.256  55.441 0.0000000000
34312  0.083  -34.914  55.746 0.0000000000
34319  -0.763  -34.919  54.405 0.0000000000
40759  0.568  -28.438  54.573 0.0000000000
40768  1.669  -28.731  53.280 0.0000000000
40770  -0.111  -27.811  53.915 0.0000000000
45432  -1.059  -24.078  49.155 0.0000000000
44496  -1.060  -25.002  47.870 0.0000000000
114041  -0.876  -24.675  47.162 0.0000000000
111693  -0.583  -24.651  45.455 0.0000000000
119686  -0.615  -23.885  46.571 0.0000000000
36231  2.755  -33.065  58.809 0.0000000000
38073  2.717  -31.691  59.555 0.0000000000
106486  4.521  -30.682  59.443 0.0000000000
41569  4.901  -28.115  58.371 0.0000000000
43473  3.886  -25.720  56.624 0.0000000000
37205  12.548  -32.302  54.292 0.0000000000
36270  12.285  -33.076  53.317 0.0000000000
36261  11.659  -33.087  54.242 0.0000000000
35294  8.387  -33.458  55.529 0.0000000000
124334  9.346  -33.730  54.509 0.0000000000
35301  7.922  -33.790  54.446 0.0000000000
34305  5.993  -34.044  56.015 0.0000000000
37188  5.832  -32.512  57.825 0.0000000000
107740  4.635  -33.853  57.135 0.0000000000
36239  4.282  -33.459  58.047 0.0000000000
114557  2.768  -34.011  58.023 0.0000000000
45363  -2.323  -23.233  56.374 0.0000000000
44430  -1.916  -24.211  54.974 0.0000000000
115997  -2.488  -23.065  55.246 0.0000000000
48964  -2.010  -19.683  54.750 0.0000000000
47133  -2.237  -21.389  54.107 0.0000000000
48045  -1.668  -20.912  52.687 0.0000000000
47144  -1.631  -21.604  52.196 0.0000000000
48055  -1.342  -20.518  51.850 0.0000000000
121588  13.985  -30.176  54.923 0.0000000000
36304  -2.652  -33.717  50.787 0.0000000000
37247  -2.411  -33.132  50.351 0.0000000000
37236  -2.088  -32.907  51.743 0.0000000000
38094  -0.403  -32.320  55.669 0.0000000000
38099  -0.848  -32.379  54.337 0.0000000000
38981  0.337  -30.878  56.084 0.0000000000
38980  0.686  -30.423  55.643 0.0000000000
39944  0.226  -29.838  57.152 0.0000000000
38951  1.717  -29.430  59.751 0.0000000000
38953  0.771  -30.327  59.039 0.0000000000
39927  1.429  -28.763  59.513 0.0000000000
43456  0.740  -25.378  58.255 0.0000000000
105831  0.571  -27.193  58.510 0.0000000000
124607  -0.199  -26.398  57.494 0.0000000000
42509  -0.586  -26.711  56.732 0.0000000000
42505  -1.074  -25.382  56.998 0.0000000000
44404  -1.477  -24.549  57.007 0.0000000000
125098  -1.238  -23.933  57.479 0.0000000000
36299  10.808  -32.936  50.621 0.0000000000
37258  10.477  -32.446  49.222 0.0000000000
33331  3.166  -35.872  54.030 0.0000000000
33341  3.198  -35.914  53.067 0.0000000000
33321  2.357  -36.207  54.593 0.0000000000
32371  -0.601  -36.145  53.817 0.0000000000
105344  0.104  -36.706  53.041 0.0000000000
118540  -2.607  -34.598  52.119 0.0000000000
36292  -2.866  -34.331  51.224 0.0000000000
39040  -1.441  -31.542  49.610 0.0000000000
39056  -1.609  -31.833  48.135 0.0000000000
39039  -0.048  -30.921  49.137 0.0000000000
39998  2.744  -29.616  49.233 0.0000000000
39069  1.596  -30.389  47.571 0.0000000000
39084  2.363  -29.964  46.404 0.0000000000
39118  2.209  -30.197  44.763 0.0000000000
40040  3.056  -29.361  45.958 0.0000000000
42563  -1.199  -26.127  51.772 0.0000000000
41632  -0.999  -26.980  51.934 0.0000000000
125298  -0.898  -26.874  50.390 0.0000000000
41713  1.251  -26.807  46.243 0.0000000000
121071  1.988  -27.080  47.060 0.0000000000
42646  3.058  -26.310  44.689 0.0000000000
41738  3.927  -27.509  43.732 0.0000000000
42691  3.960  -26.577  42.508 0.0000000000
41779  4.052  -27.512  40.306 0.0000000000
42692  3.273  -25.870  41.850 0.0000000000
112333  -0.642  -25.016  42.559 0.0000000000
109074  0.164  -25.361  41.186 0.0000000000
42725  -0.143  -25.293  39.829 0.0000000000
51826  -0.799  -16.416  51.656 0.0000000000
49011  -0.796  -18.898  50.871 0.0000000000
115704  -0.711  -17.655  50.246 0.0000000000
121443  0.336  -18.622  47.523 0.0000000000
50014  -0.021  -18.541  47.987 0.0000000000
49057  -0.134  -19.672  48.093 0.0000000000
48108  0.448  -20.317  46.448 0.0000000000
47210  -0.068  -21.931  45.098 0.0000000000
48127  0.275  -21.164  44.807 0.0000000000
37177  6.035  -31.550  58.298 0.0000000000
38954  5.156  -30.262  59.209 0.0000000000
39935  6.035  -29.937  58.494 0.0000000000
38085  10.649  -31.329  55.119 0.0000000000
37202  10.456  -32.702  55.194 0.0000000000
38086  9.633  -31.766  55.451 0.0000000000
36251  8.869  -32.696  55.872 0.0000000000
36253  7.584  -32.812  56.296 0.0000000000
35282  6.481  -33.111  56.496 0.0000000000
36246  7.189  -32.599  56.678 0.0000000000
37187  6.437  -32.134  57.617 0.0000000000
47995  -2.117  -20.248  57.253 0.0000000000
107836  -2.625  -21.079  56.414 0.0000000000
119443  -2.219  -19.187  56.660 0.0000000000
49909  -2.122  -18.614  56.166 0.0000000000
51792  -1.542  -17.279  55.087 0.0000000000
121095  -1.733  -33.817  53.035 0.0000000000
37213  -1.548  -33.242  53.208 0.0000000000
113411  -0.992  -33.472  54.578 0.0000000000
37203  -0.537  -32.811  55.408 0.0000000000
38089  0.202  -31.910  56.984 0.0000000000
43452  2.817  -25.915  58.872 0.0000000000
42493  1.857  -27.088  59.621 0.0000000000
44395  2.050  -25.406  58.665 0.0000000000
44396  1.661  -25.193  58.523 0.0000000000
116100  0.349  -23.819  57.497 0.0000000000
45338  -0.466  -23.462  57.495 0.0000000000
33303  1.875  -35.461  56.154 0.0000000000
33322  1.472  -36.384  54.747 0.0000000000
107319  0.973  -36.031  55.443 0.0000000000
123793  -0.030  -35.976  54.814 0.0000000000
33324  -0.854  -35.846  53.769 0.0000000000
33334  -1.802  -35.823  52.724 0.0000000000
34327  -1.483  -34.897  53.293 0.0000000000
35304  -1.707  -34.827  53.124 0.0000000000
106820  1.602  -30.668  52.275 0.0000000000
39025  0.976  -30.829  50.549 0.0000000000
39012  2.008  -30.341  51.612 0.0000000000
39989  2.540  -29.153  50.807 0.0000000000
40808  2.686  -28.734  49.987 0.0000000000
44475  -1.540  -25.133  51.293 0.0000000000
41657  -0.777  -26.486  49.767 0.0000000000
43552  -0.950  -25.492  48.505 0.0000000000
41686  -0.020  -26.064  46.924 0.0000000000
111904  0.335  -26.134  45.677 0.0000000000
118124  1.132  -25.521  43.405 0.0000000000
41729  -0.326  -26.171  45.116 0.0000000000
42662  -0.399  -25.072  44.008 0.0000000000
112656  -1.061  -24.018  43.825 0.0000000000
50035  0.912  -19.512  46.123 0.0000000000
48136  0.393  -20.554  43.762 0.0000000000
49083  0.748  -19.874  43.581 0.0000000000
35279  1.053  -33.950  57.987 0.0000000000
36243  0.737  -33.278  58.346 0.0000000000
37181  1.374  -32.553  59.393 0.0000000000
38067  2.018  -31.281  59.679 0.0000000000
111048  3.087  -28.643  60.161 0.0000000000
39930  5.000  -29.297  59.236 0.0000000000
41565  4.117  -27.792  59.531 0.0000000000
41566  3.414  -27.386  59.841 0.0000000000
106897  3.150  -25.759  57.873 0.0000000000
38113  13.357  -31.815  52.671 0.0000000000
38126  12.676  -32.135  51.266 0.0000000000
123169  12.462  -32.860  52.205 0.0000000000
35299  10.432  -33.574  54.218 0.0000000000
118081  9.772  -33.706  53.413 0.0000000000
35336  8.738  -33.530  52.146 0.0000000000
105360  4.702  -35.069  54.825 0.0000000000
33308  3.958  -35.353  55.283 0.0000000000
119777  5.848  -33.554  56.528 0.0000000000
34307  4.499  -34.614  56.188 0.0000000000
34308  3.439  -35.037  56.246 0.0000000000
34301  2.281  -34.864  56.813 0.0000000000
34296  1.438  -34.492  57.210 0.0000000000
42523  -1.176  -25.899  54.520 0.0000000000
41607  -0.848  -26.741  53.251 0.0000000000
42531  -1.405  -25.524  53.912 0.0000000000
43500  -1.536  -25.208  53.116 0.0000000000
43514  -1.524  -25.269  52.567 0.0000000000
47126  -2.537  -21.767  54.917 0.0000000000
46274  -2.246  -22.999  53.227 0.0000000000
110429  -1.802  -24.416  51.952 0.0000000000
105081  -1.624  -23.551  51.357 0.0000000000
126687  -1.375  -23.093  50.641 0.0000000000
47165  -0.802  -21.264  49.898 0.0000000000
39951  8.857  -29.799  55.301 0.0000000000
39009  14.043  -30.331  52.227 0.0000000000
42526  17.007  -26.290  54.670 0.0000000000
105323  16.182  -26.683  55.477 0.0000000000
41593  16.311  -27.489  54.882 0.0000000000
39955  15.593  -28.755  54.282 0.0000000000
39964  15.115  -29.431  53.873 0.0000000000
38996  14.233  -30.686  53.002 0.0000000000
38096  13.449  -31.279  54.425 0.0000000000
38975  12.726  -30.537  54.994 0.0000000000
122326  12.747  -29.651  55.192 0.0000000000
38976  12.027  -30.569  55.116 0.0000000000
39950  11.104  -30.388  55.198 0.0000000000
106784  9.969  -30.262  55.202 0.0000000000
38139  -1.939  -32.200  50.366 0.0000000000
125238  -1.197  -31.489  51.410 0.0000000000
38104  -1.540  -32.664  52.918 0.0000000000
38116  -1.417  -32.002  52.591 0.0000000000
38999  -0.109  -31.276  52.188 0.0000000000
38990  1.265  -30.916  54.247 0.0000000000
39963  1.037  -29.242  54.962 0.0000000000
40748  -0.291  -28.107  55.626 0.0000000000
37184  0.369  -32.119  58.435 0.0000000000
38962  0.454  -31.051  58.201 0.0000000000
39936  0.392  -30.146  58.090 0.0000000000
119588  1.045  -27.464  59.168 0.0000000000
40724  0.394  -28.828  58.328 0.0000000000
39940  0.072  -28.957  57.701 0.0000000000
40732  -0.200  -28.024  57.079 0.0000000000
40738  -0.441  -27.746  56.481 0.0000000000
123745  -0.790  -26.421  55.853 0.0000000000
43474  -1.466  -25.115  55.850 0.0000000000
44411  -1.883  -23.828  56.405 0.0000000000
46238  -2.440  -22.777  57.025 0.0000000000
46235  -1.341  -22.096  57.487 0.0000000000
112500  -1.927  -21.714  57.543 0.0000000000
47105  -2.105  -21.107  57.450 0.0000000000
33352  2.565  -36.197  51.651 0.0000000000
32379  0.974  -36.637  53.431 0.0000000000
39053  0.665  -30.755  48.625 0.0000000000
39087  -0.027  -30.793  46.688 0.0000000000
39155  2.474  -30.536  42.248 0.0000000000
41619  -0.748  -27.492  52.355 0.0000000000
117940  0.725  -27.930  50.798 0.0000000000
41652  2.649  -27.869  49.061 0.0000000000
111310  0.633  -27.521  48.644 0.0000000000
41669  2.081  -27.431  48.223 0.0000000000
107706  3.664  -28.001  46.322 0.0000000000
40852  3.632  -28.381  44.681 0.0000000000
40077  3.650  -29.427  42.212 0.0000000000
39176  3.344  -30.112  40.918 0.0000000000
39209  3.417  -29.954  39.411 0.0000000000
42710  2.329  -25.829  40.429 0.0000000000
41787  1.895  -26.404  38.983 0.0000000000
51795  -1.352  -16.992  54.314 0.0000000000
52728  -0.767  -16.036  53.689 0.0000000000
49939  -1.272  -18.102  52.882 0.0000000000
48999  -0.999  -18.936  51.507 0.0000000000
111777  -0.693  -19.681  50.281 0.0000000000
117690  -0.506  -21.037  49.178 0.0000000000
49994  -0.524  -18.650  49.123 0.0000000000
123210  -0.301  -20.237  48.736 0.0000000000
114626  -0.358  -22.361  47.504 0.0000000000
46336  -0.331  -22.883  45.450 0.0000000000
46345  -0.815  -23.664  44.192 0.0000000000
107655  -1.106  -23.637  42.169 0.0000000000
117534  -1.146  -22.124  41.932 0.0000000000
39937  7.584  -30.618  56.985 0.0000000000
39943  7.371  -29.858  56.711 0.0000000000
39942  8.415  -30.745  56.317 0.0000000000
39212  0.678  -31.422  39.628 0.0000000000
39224  1.780  -31.138  38.218 0.0000000000
39211  1.743  -31.148  39.275 0.0000000000
35286  0.344  -34.109  56.120 0.0000000000
36254  0.239  -33.572  56.276 0.0000000000
35281  0.555  -33.705  56.875 0.0000000000
39022  13.093  -30.825  50.838 0.0000000000
38136  12.922  -31.515  50.973 0.0000000000
34304  0.457  -34.490  55.951 0.0000000000
111368  0.049  -34.545  55.595 0.0000000000
40760  -0.255  -27.936  54.794 0.0000000000
40769  0.932  -28.224  53.701 0.0000000000
40771  -0.614  -27.239  54.004 0.0000000000
46314  -0.837  -23.258  48.990 0.0000000000
45444  -1.045  -24.622  48.280 0.0000000000
45451  -0.795  -24.314  47.262 0.0000000000
46328  -0.575  -23.407  47.364 0.0000000000
119747  3.439  -32.219  59.152 0.0000000000
105926  4.441  -31.625  59.118 0.0000000000
37200  12.044  -32.101  54.705 0.0000000000
36256  12.010  -32.629  54.466 0.0000000000
113382  7.716  -33.347  55.761 0.0000000000
35300  8.666  -33.775  54.749 0.0000000000
104622  7.858  -33.651  55.252 0.0000000000
35302  7.220  -33.877  54.121 0.0000000000
34313  7.138  -33.837  54.913 0.0000000000
34314  6.268  -34.076  55.288 0.0000000000
37178  5.161  -32.174  58.505 0.0000000000
36238  5.180  -33.020  57.976 0.0000000000
36229  4.584  -32.813  58.375 0.0000000000
36230  3.788  -32.927  58.567 0.0000000000
46246  -2.724  -22.521  56.660 0.0000000000
106821  -2.551  -22.910  56.027 0.0000000000
46253  -2.764  -22.412  56.049 0.0000000000
48977  -1.746  -19.281  54.091 0.0000000000
119338  -1.930  -19.991  54.171 0.0000000000
121730  -1.715  -19.796  53.518 0.0000000000
107521  -1.549  -20.053  52.755 0.0000000000
48988  -1.532  -19.064  53.005 0.0000000000
116423  -2.627  -33.863  51.481 0.0000000000
37237  -2.340  -33.170  51.147 0.0000000000
37226  -2.295  -33.442  51.896 0.0000000000
38088  0.001  -31.817  56.477 0.0000000000
38093  -0.082  -31.610  55.983 0.0000000000
38971  0.295  -30.905  56.780 0.0000000000
39926  2.072  -28.703  59.916 0.0000000000
40718  1.964  -28.096  59.741 0.0000000000
44398  0.174  -24.692  57.730 0.0000000000
112138  0.601  -25.882  58.325 0.0000000000
43457  -0.040  -25.282  57.733 0.0000000000
43461  -0.499  -25.679  57.400 0.0000000000
116826  -1.026  -24.795  57.403 0.0000000000
44403  -0.545  -23.969  57.556 0.0000000000
33320  3.211  -35.747  54.962 0.0000000000
32381  -0.999  -36.217  53.263 0.0000000000
107952  -0.310  -36.425  53.655 0.0000000000
126631  -2.749  -34.370  51.738 0.0000000000
39027  -1.185  -31.361  50.306 0.0000000000
116865  -0.676  -31.113  49.732 0.0000000000
40006  2.933  -29.521  48.588 0.0000000000
111256  2.427  -30.029  48.041 0.0000000000
40017  3.124  -29.386  47.742 0.0000000000
40028  3.080  -29.431  46.863 0.0000000000
107993  3.473  -28.907  47.246 0.0000000000
41646  -1.081  -26.444  51.602 0.0000000000
111856  -1.098  -26.011  51.256 0.0000000000
41726  1.640  -26.306  45.496 0.0000000000
42647  2.067  -25.909  44.694 0.0000000000
42672  3.778  -26.620  43.422 0.0000000000
42673  3.157  -25.773  43.041 0.0000000000
42674  2.106  -25.544  42.619 0.0000000000
43627  -0.859  -24.691  41.789 0.0000000000
42712  -0.292  -25.234  40.846 0.0000000000
42726  -0.665  -24.948  40.463 0.0000000000
53668  -0.763  -15.267  51.808 0.0000000000
111123  -0.881  -15.672  51.338 0.0000000000
50943  -0.788  -17.274  51.118 0.0000000000
51836  -0.847  -16.334  50.875 0.0000000000
49066  0.611  -19.609  46.555 0.0000000000
50026  0.334  -19.170  47.284 0.0000000000
49067  0.423  -19.730  46.934 0.0000000000
48118  0.527  -20.530  45.540 0.0000000000
38079  6.449  -30.935  58.200 0.0000000000
38960  6.230  -30.383  58.395 0.0000000000
40736  6.332  -28.655  56.802 0.0000000000
38081  8.245  -31.830  56.501 0.0000000000
37190  8.391  -32.236  56.233 0.0000000000
36252  8.238  -32.771  56.119 0.0000000000
36245  7.796  -32.452  56.497 0.0000000000
113917  6.944  -32.883  56.453 0.0000000000
37192  7.383  -32.203  56.969 0.0000000000
38078  6.934  -31.278  57.708 0.0000000000
37186  6.774  -32.076  57.506 0.0000000000
121526  6.611  -31.510  57.880 0.0000000000
48927  -2.070  -19.325  57.116 0.0000000000
50892  -1.833  -17.955  56.463 0.0000000000
121632  -1.549  -17.316  55.870 0.0000000000
50895  -1.836  -17.912  55.557 0.0000000000
36271  -1.349  -33.657  53.737 0.0000000000
37197  -0.077  -33.015  55.909 0.0000000000
104778  0.179  -32.438  56.665 0.0000000000
110656  -0.121  -32.402  56.119 0.0000000000
38084  0.324  -32.014  57.560 0.0000000000
43460  2.301  -25.528  58.583 0.0000000000
43453  2.274  -25.937  59.010 0.0000000000
45336  1.809  -24.532  57.859 0.0000000000
44401  1.200  -24.529  57.906 0.0000000000
45337  0.865  -23.837  57.466 0.0000000000
33300  1.460  -35.243  56.288 0.0000000000
33304  1.401  -35.608  55.905 0.0000000000
33307  -0.058  -35.215  55.201 0.0000000000
33312  0.271  -35.710  55.252 0.0000000000
32362  -0.048  -35.631  54.989 0.0000000000
33323  -0.333  -35.927  54.400 0.0000000000
33325  -1.375  -35.657  53.228 0.0000000000
33314  -0.940  -35.415  53.835 0.0000000000
35296  -0.798  -34.342  54.691 0.0000000000
35303  -1.211  -34.619  53.830 0.0000000000
36264  -1.634  -34.311  53.261 0.0000000000
38997  2.043  -30.106  53.081 0.0000000000
40777  1.858  -28.669  52.351 0.0000000000
39983  2.326  -29.102  51.750 0.0000000000
124871  2.392  -28.796  51.193 0.0000000000
40790  2.033  -28.489  51.416 0.0000000000
45433  -1.531  -24.695  50.506 0.0000000000
43545  -1.049  -25.536  49.672 0.0000000000
44489  -1.265  -25.113  48.965 0.0000000000
43562  -0.824  -25.387  47.520 0.0000000000
42608  -0.326  -25.828  47.145 0.0000000000
41715  0.159  -26.134  45.793 0.0000000000
41700  0.093  -25.980  46.078 0.0000000000
41728  -0.318  -26.289  45.154 0.0000000000
42634  0.008  -25.685  45.840 0.0000000000
44524  -0.661  -24.290  44.908 0.0000000000
43602  -0.302  -25.189  45.229 0.0000000000
44540  -0.620  -24.639  44.672 0.0000000000
43616  -0.799  -24.702  43.467 0.0000000000
106366  -0.853  -24.262  44.253 0.0000000000
51013  1.045  -18.818  46.637 0.0000000000
50034  1.400  -19.262  45.665 0.0000000000
50045  0.965  -19.801  44.859 0.0000000000
114575  0.995  -19.676  43.819 0.0000000000
36242  1.069  -33.594  58.447 0.0000000000
36232  1.669  -33.264  58.914 0.0000000000
38956  3.833  -30.243  59.858 0.0000000000
38066  2.949  -30.722  59.754 0.0000000000
38949  3.155  -29.774  60.042 0.0000000000
39925  3.286  -29.122  60.143 0.0000000000
40721  5.481  -29.455  58.832 0.0000000000
107604  4.914  -29.729  59.374 0.0000000000
40722  5.017  -28.953  59.106 0.0000000000
41564  4.696  -28.349  59.070 0.0000000000
41570  4.351  -27.479  58.800 0.0000000000
42495  3.606  -26.920  59.184 0.0000000000
43458  3.211  -26.181  58.528 0.0000000000
109444  3.546  -26.161  57.880 0.0000000000
37223  13.136  -32.260  52.970 0.0000000000
37233  12.857  -32.368  52.179 0.0000000000
117001  11.676  -33.463  53.079 0.0000000000
117385  12.169  -33.168  52.586 0.0000000000
36279  11.553  -33.360  52.251 0.0000000000
125280  10.771  -33.062  54.971 0.0000000000
36258  10.181  -33.313  54.948 0.0000000000
35310  9.141  -33.778  53.898 0.0000000000
108096  9.837  -33.709  54.020 0.0000000000
35323  9.154  -33.679  52.976 0.0000000000
122661  9.445  -33.526  52.205 0.0000000000
35324  8.262  -33.673  52.856 0.0000000000
35325  7.305  -33.762  52.733 0.0000000000
34315  5.343  -34.466  55.575 0.0000000000
34316  4.587  -34.916  55.672 0.0000000000
34299  4.101  -34.393  56.739 0.0000000000
34300  3.146  -34.691  56.830 0.0000000000
34309  2.480  -35.159  56.402 0.0000000000
36241  2.281  -33.684  58.412 0.0000000000
35277  1.959  -34.183  57.851 0.0000000000
35278  1.213  -34.066  57.915 0.0000000000
42524  -1.456  -25.331  54.911 0.0000000000
45380  -2.120  -23.866  54.664 0.0000000000
43490  -1.559  -25.195  53.451 0.0000000000
44444  -1.700  -24.993  53.182 0.0000000000
45399  -1.849  -24.754  53.002 0.0000000000
112645  -2.477  -20.328  55.903 0.0000000000
106970  -2.570  -21.112  55.629 0.0000000000
47138  -2.026  -21.748  53.170 0.0000000000
119712  -2.374  -22.170  53.975 0.0000000000
112392  -1.972  -24.206  52.725 0.0000000000
46282  -1.935  -23.395  52.233 0.0000000000
47155  -1.313  -21.488  51.385 0.0000000000
46294  -1.335  -22.389  51.012 0.0000000000
46304  -1.086  -22.250  50.248 0.0000000000
47154  -1.049  -21.409  50.644 0.0000000000
39961  8.983  -29.128  54.624 0.0000000000
40756  8.619  -28.501  54.141 0.0000000000
40767  9.272  -28.418  53.567 0.0000000000
39980  15.445  -28.457  52.661 0.0000000000
39987  14.643  -28.703  51.696 0.0000000000
39981  14.904  -29.003  52.282 0.0000000000
39008  14.544  -29.650  52.455 0.0000000000
41576  15.697  -26.892  55.792 0.0000000000
41584  15.992  -27.300  55.417 0.0000000000
40751  16.028  -28.121  54.632 0.0000000000
38982  14.569  -30.074  54.291 0.0000000000
38987  14.612  -30.102  53.477 0.0000000000
38988  14.212  -30.765  53.828 0.0000000000
38973  13.776  -29.950  55.090 0.0000000000
38984  13.647  -30.568  54.786 0.0000000000
38090  13.045  -30.958  54.757 0.0000000000
40744  12.272  -29.388  55.036 0.0000000000
39949  12.061  -30.079  55.222 0.0000000000
125414  11.608  -30.557  55.221 0.0000000000
40754  10.431  -29.100  54.175 0.0000000000
39960  9.741  -29.507  54.688 0.0000000000
37272  -2.791  -33.601  48.388 0.0000000000
38130  -2.175  -32.701  50.594 0.0000000000
38140  -2.206  -32.601  49.952 0.0000000000
38138  -1.578  -31.757  50.849 0.0000000000
38128  -1.602  -31.896  51.716 0.0000000000
37207  -1.121  -33.135  54.183 0.0000000000
38100  -1.187  -32.764  53.824 0.0000000000
38102  -0.333  -31.790  54.298 0.0000000000
38103  -1.093  -32.219  53.515 0.0000000000
38115  -0.436  -31.646  53.032 0.0000000000
38114  0.615  -31.382  53.744 0.0000000000
39953  0.637  -29.585  55.632 0.0000000000
40747  0.306  -28.695  55.386 0.0000000000
36234  0.404  -32.463  58.828 0.0000000000
36244  0.525  -32.945  58.019 0.0000000000
123584  0.214  -31.906  59.165 0.0000000000
38957  0.607  -30.286  58.647 0.0000000000
38076  0.499  -31.121  58.994 0.0000000000
38958  0.539  -30.651  58.437 0.0000000000
39933  0.522  -29.696  58.473 0.0000000000
41562  1.733  -27.447  59.490 0.0000000000
42494  1.413  -26.748  59.203 0.0000000000
41567  0.186  -26.957  57.896 0.0000000000
114558  0.378  -27.880  58.203 0.0000000000
109488  0.300  -29.307  58.173 0.0000000000
113871  -0.536  -27.214  56.548 0.0000000000
41575  -0.745  -26.508  56.239 0.0000000000
41582  -0.648  -26.944  55.890 0.0000000000
42516  -1.051  -25.907  55.967 0.0000000000
117995  -1.613  -23.783  57.202 0.0000000000
44410  -1.796  -23.836  56.863 0.0000000000
45350  -2.003  -23.169  57.142 0.0000000000
45351  -2.121  -23.323  56.798 0.0000000000
46237  -2.143  -22.514  57.417 0.0000000000
46227  -1.225  -22.737  57.548 0.0000000000
37244  12.138  -32.411  50.820 0.0000000000
38137  12.412  -31.871  50.478 0.0000000000
37256  11.838  -32.144  50.044 0.0000000000
33342  2.518  -36.302  52.629 0.0000000000
32360  0.769  -36.317  54.886 0.0000000000
32368  0.844  -36.542  54.151 0.0000000000
121936  -2.843  -33.920  49.628 0.0000000000
36329  -3.046  -34.011  48.951 0.0000000000
39072  -1.364  -31.538  47.269 0.0000000000
39089  -1.612  -31.737  46.613 0.0000000000
39088  -1.009  -31.274  46.452 0.0000000000
39038  0.882  -30.784  49.529 0.0000000000
39052  1.626  -30.527  49.010 0.0000000000
39086  0.960  -30.502  46.780 0.0000000000
39101  0.511  -30.671  45.941 0.0000000000
39102  -0.146  -31.030  45.297 0.0000000000
126756  0.903  -30.774  44.653 0.0000000000
108120  2.275  -30.283  43.986 0.0000000000
39136  1.538  -30.776  43.511 0.0000000000
39135  2.403  -30.438  43.139 0.0000000000
39178  1.720  -30.912  41.770 0.0000000000
40780  -0.708  -27.328  53.138 0.0000000000
41620  -0.935  -26.828  52.577 0.0000000000
41644  -0.264  -27.768  50.877 0.0000000000
41642  1.480  -27.922  50.268 0.0000000000
41653  1.960  -27.754  49.419 0.0000000000
108206  -0.706  -26.737  49.001 0.0000000000
110825  -0.644  -27.112  48.865 0.0000000000
41670  -0.185  -27.308  48.366 0.0000000000
41696  2.591  -27.065  46.613 0.0000000000
41682  1.630  -27.256  47.633 0.0000000000
41681  2.639  -27.319  47.505 0.0000000000
41680  3.249  -27.730  47.774 0.0000000000
41695  3.271  -27.476  46.736 0.0000000000
40840  3.668  -28.122  45.530 0.0000000000
111449  3.647  -27.695  45.087 0.0000000000
40886  4.038  -28.565  42.546 0.0000000000
40866  3.923  -28.372  43.360 0.0000000000
39154  3.147  -30.077  41.827 0.0000000000
40089  3.636  -29.562  41.494 0.0000000000
119210  3.214  -30.290  40.115 0.0000000000
39194  3.701  -29.585  40.152 0.0000000000
40925  3.314  -27.649  38.974 0.0000000000
42675  0.374  -25.388  43.235 0.0000000000
113849  1.096  -25.450  42.281 0.0000000000
42694  0.246  -25.360  42.071 0.0000000000
42724  1.254  -25.817  39.345 0.0000000000
42723  1.666  -25.811  39.870 0.0000000000
51806  -0.742  -16.175  53.154 0.0000000000
51807  -1.031  -16.765  53.405 0.0000000000
119229  -0.958  -17.310  52.616 0.0000000000
49949  -1.153  -18.595  52.135 0.0000000000
120123  -1.009  -17.930  52.149 0.0000000000
121040  -0.664  -18.836  50.245 0.0000000000
48080  -0.577  -20.375  49.640 0.0000000000
116080  -0.492  -19.682  49.410 0.0000000000
50987  -0.110  -17.542  48.506 0.0000000000
50971  -0.429  -17.292  49.143 0.0000000000
104916  -0.577  -17.918  49.495 0.0000000000
48100  0.230  -20.018  47.297 0.0000000000
48101  0.011  -20.571  47.736 0.0000000000
47188  -0.320  -21.458  48.268 0.0000000000
47195  -0.072  -21.588  47.162 0.0000000000
46327  -0.344  -22.841  46.527 0.0000000000
47201  0.013  -21.829  46.136 0.0000000000
47220  -0.273  -21.876  43.958 0.0000000000
47211  -0.462  -22.882  44.505 0.0000000000
47221  -0.630  -22.815  43.615 0.0000000000
46355  -0.848  -23.383  43.461 0.0000000000
116844  -0.844  -22.654  42.736 0.0000000000
39934  6.561  -30.341  58.050 0.0000000000
39938  6.957  -30.209  57.521 0.0000000000
38969  9.095  -31.296  55.909 0.0000000000
38963  8.318  -31.478  56.467 0.0000000000
38082  7.797  -31.538  56.934 0.0000000000
38083  7.283  -31.149  57.429 0.0000000000
119791  -0.621  -33.920  55.122 0.0000000000
36259  -0.757  -33.823  54.961 0.0000000000
34310  0.914  -34.996  56.084 0.0000000000
33305  0.648  -35.335  55.687 0.0000000000
34311  0.511  -34.883  55.824 0.0000000000
34318  -0.246  -34.931  55.158 0.0000000000
35291  -0.400  -34.497  55.162 0.0000000000
40758  1.414  -28.887  54.180 0.0000000000
40778  1.212  -28.241  52.808 0.0000000000
120533  -1.391  -24.211  49.936 0.0000000000
112633  -0.894  -24.863  46.998 0.0000000000
43589  -0.546  -25.119  46.126 0.0000000000
44504  -0.736  -24.562  46.476 0.0000000000
45458  -0.685  -24.368  46.245 0.0000000000
37180  2.295  -32.524  59.331 0.0000000000
38072  3.681  -31.194  59.523 0.0000000000
42507  4.717  -26.996  57.214 0.0000000000
42508  4.087  -26.495  57.585 0.0000000000
43462  3.584  -25.829  57.307 0.0000000000
37204  13.099  -31.970  54.157 0.0000000000
37224  12.742  -32.722  52.924 0.0000000000
37212  12.733  -32.557  53.729 0.0000000000
112941  11.866  -33.247  53.674 0.0000000000
35298  11.226  -33.491  53.765 0.0000000000
35293  9.225  -33.526  55.156 0.0000000000
35311  8.464  -33.798  54.030 0.0000000000
36237  5.626  -33.039  57.344 0.0000000000
110928  5.388  -33.431  56.974 0.0000000000
35275  4.954  -33.442  57.484 0.0000000000
121210  4.272  -33.819  57.572 0.0000000000
35284  2.788  -34.360  57.413 0.0000000000
35276  3.564  -33.986  57.814 0.0000000000
36240  3.217  -33.555  58.265 0.0000000000
44421  -1.924  -23.915  55.803 0.0000000000
45372  -2.253  -23.497  55.545 0.0000000000
46269  -2.260  -23.626  54.385 0.0000000000
48024  -2.272  -20.579  54.830 0.0000000000
48033  -1.893  -20.642  53.608 0.0000000000
117882  -1.636  -22.493  51.757 0.0000000000
41585  15.427  -27.678  55.653 0.0000000000
39957  14.387  -29.863  54.862 0.0000000000
109220  13.947  -29.377  55.316 0.0000000000
39947  13.415  -29.526  55.222 0.0000000000
37248  -2.629  -33.556  50.020 0.0000000000
37260  -2.434  -33.017  49.642 0.0000000000
111376  -0.512  -32.070  55.145 0.0000000000
38098  0.212  -31.309  55.317 0.0000000000
38970  0.409  -29.954  56.383 0.0000000000
123722  0.032  -29.172  56.697 0.0000000000
38068  1.253  -31.001  59.508 0.0000000000
38069  0.688  -30.792  59.186 0.0000000000
111916  1.286  -30.212  59.499 0.0000000000
38952  0.983  -29.705  59.231 0.0000000000
39928  0.882  -28.942  59.134 0.0000000000
42499  1.106  -26.035  58.824 0.0000000000
42500  0.824  -26.573  58.766 0.0000000000
42501  0.211  -26.249  58.012 0.0000000000
41571  -0.171  -27.097  57.395 0.0000000000
42504  -0.609  -26.167  57.024 0.0000000000
43464  -1.322  -25.239  56.509 0.0000000000
123766  -1.381  -24.247  57.276 0.0000000000
37246  10.695  -32.682  49.960 0.0000000000
34337  3.881  -35.534  53.557 0.0000000000
33332  2.458  -36.299  53.554 0.0000000000
32378  1.742  -36.544  53.111 0.0000000000
32380  0.290  -36.614  53.617 0.0000000000
35328  -2.637  -34.979  52.122 0.0000000000
36305  -2.911  -34.277  50.361 0.0000000000
39041  -1.689  -31.785  49.000 0.0000000000
111011  -2.053  -32.309  47.929 0.0000000000
39055  -1.038  -31.314  48.831 0.0000000000
39054  -0.292  -30.948  48.246 0.0000000000
39036  2.347  -30.057  49.585 0.0000000000
120092  1.870  -30.373  48.329 0.0000000000
39085  1.746  -30.257  46.801 0.0000000000
39100  1.457  -30.354  46.041 0.0000000000
119231  1.441  -30.492  45.179 0.0000000000
39099  2.259  -30.068  45.572 0.0000000000
40054  2.842  -29.627  45.081 0.0000000000
118258  2.751  -29.821  44.409 0.0000000000
42551  -1.201  -25.956  52.490 0.0000000000
41645  -0.853  -27.050  51.063 0.0000000000
114459  -0.593  -27.304  50.223 0.0000000000
105330  0.410  -26.995  47.241 0.0000000000
41697  1.092  -27.015  47.023 0.0000000000
105745  1.739  -26.919  46.476 0.0000000000
41712  2.224  -26.733  45.919 0.0000000000
42645  3.364  -27.005  45.039 0.0000000000
41725  3.744  -27.559  44.439 0.0000000000
42657  3.582  -26.788  44.217 0.0000000000
41753  4.117  -27.551  42.941 0.0000000000
106465  4.242  -27.655  42.080 0.0000000000
114142  4.140  -28.388  40.817 0.0000000000
126010  4.093  -26.777  41.685 0.0000000000
41769  3.776  -26.597  40.953 0.0000000000
41780  3.327  -26.486  40.186 0.0000000000
42695  -0.366  -25.187  41.839 0.0000000000
105285  0.639  -25.623  39.189 0.0000000000
106474  -0.753  -15.947  52.226 0.0000000000
125538  -0.776  -16.989  51.928 0.0000000000
49957  -0.730  -18.204  50.625 0.0000000000
49974  -0.634  -18.395  49.880 0.0000000000
50015  -0.310  -18.943  48.368 0.0000000000
49056  0.079  -19.325  47.662 0.0000000000
48119  0.338  -21.066  45.817 0.0000000000
38071  5.275  -31.103  58.950 0.0000000000
38070  5.880  -30.629  58.725 0.0000000000
39929  5.588  -29.947  58.905 0.0000000000
40726  5.785  -29.396  58.353 0.0000000000
40725  6.357  -29.829  57.975 0.0000000000
41568  5.488  -28.646  57.981 0.0000000000
37201  11.207  -32.222  54.977 0.0000000000
37194  10.500  -31.992  55.151 0.0000000000
37195  9.588  -32.405  55.494 0.0000000000
37196  8.993  -32.192  55.831 0.0000000000
35287  8.703  -33.141  55.767 0.0000000000
35288  7.995  -33.111  55.972 0.0000000000
109311  7.178  -33.137  56.133 0.0000000000
36247  6.589  -32.798  56.802 0.0000000000
36235  6.799  -32.433  57.103 0.0000000000
36236  6.213  -32.696  57.216 0.0000000000
47106  -2.440  -21.226  57.127 0.0000000000
48002  -2.376  -20.094  56.751 0.0000000000
48951  -2.347  -19.430  56.048 0.0000000000
121459  -1.689  -18.086  57.094 0.0000000000
115727  -1.958  -18.827  55.101 0.0000000000
50905  -1.643  -17.755  54.602 0.0000000000
113989  -2.161  -34.231  52.584 0.0000000000
37214  -2.039  -33.637  52.524 0.0000000000
37198  -0.641  -33.295  55.224 0.0000000000
119390  -0.863  -33.065  54.890 0.0000000000
38972  0.266  -31.349  57.189 0.0000000000
42492  2.612  -26.994  59.739 0.0000000000
41561  2.386  -27.516  59.797 0.0000000000
42498  2.249  -26.374  59.294 0.0000000000
43454  1.939  -25.751  58.910 0.0000000000
44400  2.141  -25.082  58.314 0.0000000000
107887  1.863  -24.980  58.355 0.0000000000
43455  1.396  -25.561  58.705 0.0000000000
44397  0.975  -24.912  58.142 0.0000000000
44402  0.324  -24.227  57.628 0.0000000000
33310  1.908  -35.832  55.778 0.0000000000
121499  1.926  -36.158  55.269 0.0000000000
33311  1.360  -36.089  55.440 0.0000000000
32361  0.237  -36.119  54.884 0.0000000000
32370  -0.156  -36.207  54.332 0.0000000000
33333  -1.307  -35.969  53.207 0.0000000000
34338  -1.908  -34.899  52.969 0.0000000000
35315  -2.215  -34.789  52.597 0.0000000000
39013  0.607  -31.040  51.587 0.0000000000
124186  0.186  -30.904  49.912 0.0000000000
108567  1.457  -30.698  51.375 0.0000000000
39024  1.910  -30.440  50.884 0.0000000000
39972  2.121  -29.277  52.751 0.0000000000
115097  2.359  -29.809  51.309 0.0000000000
39023  2.390  -29.909  50.448 0.0000000000
105422  2.677  -29.374  49.899 0.0000000000
39997  3.037  -28.932  49.180 0.0000000000
42572  -0.914  -25.999  50.268 0.0000000000
43537  -1.230  -25.519  50.826 0.0000000000
42582  -0.744  -26.113  49.083 0.0000000000
41672  -0.420  -26.543  48.235 0.0000000000
42594  -0.583  -25.948  47.985 0.0000000000
41685  0.125  -26.762  47.542 0.0000000000
41698  0.350  -26.673  47.068 0.0000000000
109124  0.329  -26.703  45.901 0.0000000000
125055  1.162  -25.867  45.073 0.0000000000
121011  1.236  -25.668  44.276 0.0000000000
42659  0.736  -25.552  44.078 0.0000000000
42660  0.107  -25.426  44.295 0.0000000000
42648  -0.133  -25.360  45.114 0.0000000000
109862  -0.328  -25.140  43.619 0.0000000000
42677  -0.626  -25.048  42.894 0.0000000000
42696  -0.789  -24.799  42.301 0.0000000000
43628  -0.914  -24.586  42.460 0.0000000000
50025  0.612  -19.060  46.942 0.0000000000
49075  0.730  -19.949  45.621 0.0000000000
115281  0.623  -20.296  45.289 0.0000000000
49084  0.660  -20.214  44.433 0.0000000000
121901  0.912  -34.032  57.152 0.0000000000
35280  0.729  -33.644  57.515 0.0000000000
36233  0.823  -32.996  58.986 0.0000000000
37182  0.611  -32.262  59.303 0.0000000000
120951  1.912  -32.029  59.613 0.0000000000
38950  2.119  -30.210  59.838 0.0000000000
109431  2.612  -29.102  60.076 0.0000000000
40716  3.172  -28.138  60.127 0.0000000000
38955  4.452  -29.897  59.700 0.0000000000
39931  4.303  -29.141  59.763 0.0000000000
40723  4.508  -28.613  59.516 0.0000000000
41558  3.772  -28.166  59.976 0.0000000000
41559  3.194  -27.643  60.032 0.0000000000
42491  2.968  -27.127  59.912 0.0000000000
42496  3.016  -26.732  59.581 0.0000000000
43459  2.707  -25.621  58.275 0.0000000000
43463  2.989  -25.290  57.541 0.0000000000
44407  3.453  -25.351  56.957 0.0000000000
38125  13.151  -31.695  51.791 0.0000000000
37234  12.369  -32.653  51.582 0.0000000000
36278  11.977  -33.033  51.860 0.0000000000
37235  11.850  -32.799  51.222 0.0000000000
36289  11.299  -33.099  51.336 0.0000000000
105981  9.719  -33.185  50.843 0.0000000000
36257  11.340  -32.752  54.803 0.0000000000
36262  10.962  -33.269  54.537 0.0000000000
35292  9.788  -33.619  54.598 0.0000000000
35309  10.543  -33.662  53.441 0.0000000000
35322  10.120  -33.615  52.653 0.0000000000
36291  9.233  -33.353  51.458 0.0000000000
106382  4.996  -34.797  53.937 0.0000000000
34326  3.912  -35.514  54.458 0.0000000000
33309  3.283  -35.470  55.677 0.0000000000
35289  6.491  -33.408  56.226 0.0000000000
34306  5.322  -34.179  56.214 0.0000000000
34298  5.021  -33.971  56.647 0.0000000000
34317  3.970  -35.127  55.845 0.0000000000
33302  2.548  -35.504  55.976 0.0000000000
33299  1.859  -35.178  56.453 0.0000000000
34302  1.624  -34.934  56.707 0.0000000000
34295  1.974  -34.580  57.166 0.0000000000
34303  1.200  -34.884  56.558 0.0000000000
34297  1.086  -34.267  57.198 0.0000000000
41598  -0.742  -26.769  54.064 0.0000000000
41599  -0.905  -26.369  54.234 0.0000000000
41608  -0.968  -26.326  53.370 0.0000000000
42538  -1.074  -26.095  53.068 0.0000000000
43482  -1.650  -24.921  54.409 0.0000000000
42539  -1.323  -25.622  53.069 0.0000000000
43499  -1.303  -25.607  52.623 0.0000000000
43513  -1.355  -25.562  52.300 0.0000000000
44454  -1.580  -25.077  51.885 0.0000000000
47122  -2.770  -21.783  55.907 0.0000000000
46259  -2.657  -22.385  55.363 0.0000000000
46268  -2.474  -22.856  54.422 0.0000000000
45390  -2.124  -23.874  53.618 0.0000000000
45398  -1.749  -24.909  52.329 0.0000000000
119933  -1.698  -24.941  51.843 0.0000000000
45422  -1.663  -24.569  51.290 0.0000000000
46305  -1.509  -23.962  50.624 0.0000000000
114071  -1.196  -23.307  49.851 0.0000000000
47178  -0.754  -22.144  49.266 0.0000000000
39952  7.821  -29.403  55.808 0.0000000000
40745  8.287  -28.900  54.990 0.0000000000
41583  16.491  -26.820  55.057 0.0000000000
40763  16.030  -28.043  53.822 0.0000000000
39970  15.547  -28.665  53.430 0.0000000000
40752  15.470  -28.691  55.048 0.0000000000
38995  14.517  -30.053  52.832 0.0000000000
38124  13.692  -31.160  52.399 0.0000000000
38983  13.993  -30.637  54.545 0.0000000000
116413  13.400  -31.746  54.039 0.0000000000
37199  12.837  -31.659  54.482 0.0000000000
38091  12.402  -31.422  54.689 0.0000000000
125079  13.568  -28.989  55.342 0.0000000000
39948  12.749  -30.109  55.162 0.0000000000
108617  12.266  -30.965  54.882 0.0000000000
113362  11.526  -30.983  54.985 0.0000000000
38977  11.027  -30.870  55.203 0.0000000000
38978  10.098  -30.944  55.480 0.0000000000
39959  10.730  -29.688  54.838 0.0000000000
38153  -2.244  -32.545  49.258 0.0000000000
38152  -1.929  -32.063  49.584 0.0000000000
38151  -1.671  -31.773  50.136 0.0000000000
39014  -0.488  -31.231  51.469 0.0000000000
37225  -1.900  -33.061  52.387 0.0000000000
38117  -1.846  -32.485  52.101 0.0000000000
38127  -0.953  -31.508  52.084 0.0000000000
38998  0.692  -31.231  52.712 0.0000000000
110061  1.448  -30.869  53.361 0.0000000000
38989  1.727  -30.295  53.938 0.0000000000
38986  0.987  -30.738  54.933 0.0000000000
38985  1.402  -30.361  54.518 0.0000000000
39962  1.527  -29.738  54.422 0.0000000000
123376  0.605  -33.393  57.436 0.0000000000
37189  0.406  -32.454  57.809 0.0000000000
37183  0.297  -31.779  58.997 0.0000000000
38077  0.412  -31.414  58.520 0.0000000000
38080  0.392  -31.749  58.166 0.0000000000
120619  0.378  -31.527  57.920 0.0000000000
38967  0.352  -31.298  57.757 0.0000000000
38961  0.341  -30.306  57.846 0.0000000000
40719  1.378  -28.082  59.417 0.0000000000
40720  0.923  -28.307  59.127 0.0000000000
41563  0.693  -27.968  58.815 0.0000000000
39932  0.619  -28.786  58.743 0.0000000000
121894  0.263  -29.760  57.879 0.0000000000
39939  0.191  -29.702  57.692 0.0000000000
40731  -0.086  -28.778  57.117 0.0000000000
40737  -0.254  -28.330  56.366 0.0000000000
41574  -0.332  -27.428  57.055 0.0000000000
40749  -0.541  -27.512  55.767 0.0000000000
41590  -0.631  -26.852  55.003 0.0000000000
41591  -0.860  -26.309  55.266 0.0000000000
124441  -1.195  -25.735  55.335 0.0000000000
43465  -1.617  -24.492  56.473 0.0000000000
124760  -1.702  -24.384  56.014 0.0000000000
46245  -2.600  -22.102  57.178 0.0000000000
45339  -1.209  -23.259  57.540 0.0000000000
46228  -1.677  -22.694  57.497 0.0000000000
46236  -1.833  -22.220  57.539 0.0000000000
110150  -2.236  -21.809  57.476 0.0000000000
40746  7.408  -28.444  55.390 0.0000000000
38149  12.019  -31.598  49.816 0.0000000000
37257  11.139  -32.295  49.657 0.0000000000
32367  1.626  -36.515  53.930 0.0000000000
120352  1.150  -36.618  52.767 0.0000000000
39073  -1.801  -32.022  47.220 0.0000000000
119802  1.256  -30.571  48.231 0.0000000000
39070  0.509  -30.681  47.642 0.0000000000
106529  -0.364  -30.979  45.965 0.0000000000
39121  -0.629  -31.494  44.699 0.0000000000
39119  1.518  -30.610  44.343 0.0000000000
39196  1.741  -30.965  40.813 0.0000000000
40779  0.011  -27.934  52.917 0.0000000000
40791  0.637  -28.100  52.287 0.0000000000
41631  -0.640  -27.646  51.653 0.0000000000
41630  0.401  -28.051  51.539 0.0000000000
41629  1.436  -28.099  51.135 0.0000000000
40801  2.024  -28.173  50.732 0.0000000000
41641  2.370  -28.164  49.951 0.0000000000
40816  3.197  -28.421  48.686 0.0000000000
110125  -0.896  -26.525  50.626 0.0000000000
41656  -0.849  -26.927  49.717 0.0000000000
41655  -0.225  -27.473  49.298 0.0000000000
41683  0.593  -27.270  47.796 0.0000000000
106077  1.304  -27.426  48.213 0.0000000000
111612  1.577  -27.568  48.803 0.0000000000
115096  2.266  -27.635  48.776 0.0000000000
40830  3.575  -28.172  47.239 0.0000000000
108169  3.516  -28.588  45.942 0.0000000000
40039  3.368  -28.898  45.282 0.0000000000
40053  3.243  -29.245  44.511 0.0000000000
124890  3.811  -28.164  44.013 0.0000000000
122647  3.603  -28.898  43.888 0.0000000000
40078  3.102  -29.955  42.701 0.0000000000
39177  2.574  -30.635  41.356 0.0000000000
39195  2.665  -30.689  40.478 0.0000000000
39210  2.718  -30.682  39.537 0.0000000000
39223  3.002  -30.211  38.707 0.0000000000
42693  2.109  -25.583  41.485 0.0000000000
106079  1.125  -25.479  41.044 0.0000000000
41781  2.710  -26.539  39.459 0.0000000000
112530  2.556  -27.059  38.684 0.0000000000
51791  -1.210  -16.677  55.099 0.0000000000
51794  -1.050  -16.405  54.034 0.0000000000
50917  -1.341  -17.492  53.620 0.0000000000
120755  -1.270  -19.448  52.036 0.0000000000
49012  -1.002  -19.651  51.222 0.0000000000
49948  -0.866  -18.186  51.436 0.0000000000
48068  -0.807  -20.627  50.296 0.0000000000
49045  -0.423  -19.321  48.848 0.0000000000
46337  -0.568  -23.789  45.741 0.0000000000
110445  -0.649  -23.725  44.883 0.0000000000
124616  -0.776  -23.940  44.623 0.0000000000
45481  -1.010  -23.914  43.766 0.0000000000
45491  -1.054  -23.810  42.997 0.0000000000
44565  -1.090  -24.098  41.959 0.0000000000
48126  0.495  -20.607  44.619 0.0000000000
107723  0.113  -21.091  43.819 0.0000000000
46365  -1.044  -22.950  42.215 0.0000000000
44576  -1.095  -23.826  41.112 0.0000000000
36260  12.226  -32.840  53.979 0.0000000000
38074  1.219  -31.829  59.574 0.0000000000
38979  1.161  -30.037  55.079 0.0000000000
39011  2.202  -29.865  52.163 0.0000000000
39015  -0.985  -31.306  50.927 0.0000000000
39051  2.383  -30.095  48.805 0.0000000000
39068  2.423  -29.974  47.232 0.0000000000
40016  3.458  -28.688  47.748 0.0000000000
40027  3.498  -28.729  46.602 0.0000000000
40064  3.633  -29.234  43.075 0.0000000000
40717  2.664  -28.222  60.055 0.0000000000
40792  -0.222  -27.990  52.126 0.0000000000
40800  2.395  -28.547  50.715 0.0000000000
40822  3.410  -28.236  48.085 0.0000000000
41633  -1.125  -26.353  52.261 0.0000000000
41651  2.891  -28.326  49.220 0.0000000000
41654  0.978  -27.670  49.453 0.0000000000
41667  3.153  -27.951  48.569 0.0000000000
41668  2.778  -27.611  48.338 0.0000000000
41671  -0.349  -26.987  48.293 0.0000000000
41699  0.023  -26.282  46.654 0.0000000000
41711  3.020  -26.998  45.892 0.0000000000
41714  0.719  -26.342  46.056 0.0000000000
41716  -0.161  -26.135  45.503 0.0000000000
41727  1.136  -26.403  45.773 0.0000000000
41739  0.235  -25.671  44.881 0.0000000000
41768  4.227  -27.610  41.203 0.0000000000
42497  2.626  -26.562  59.491 0.0000000000
42530  -1.171  -25.990  53.559 0.0000000000
42633  2.625  -26.478  45.295 0.0000000000
42658  3.054  -25.985  44.003 0.0000000000
42661  0.246  -25.519  44.747 0.0000000000
42709  3.009  -25.894  40.909 0.0000000000
42711  0.597  -25.473  40.186 0.0000000000
42713  -0.727  -24.943  41.555 0.0000000000
43574  -0.661  -25.281  46.725 0.0000000000
43610  -0.389  -25.093  44.309 0.0000000000
43637  -0.920  -24.662  40.994 0.0000000000
43650  -1.075  -24.166  40.602 0.0000000000
44437  -1.799  -24.587  54.028 0.0000000000
44485  -1.356  -25.133  50.169 0.0000000000
44513  -0.625  -24.409  45.721 0.0000000000
44553  -1.032  -24.293  42.981 0.0000000000
45443  -0.823  -23.833  48.221 0.0000000000
45473  -0.786  -23.855  44.467 0.0000000000
49899  -2.010  -18.588  56.894 0.0000000000
106301  0.855  -26.917  46.602 0.0000000000
107736  3.536  -28.787  60.097 0.0000000000
109477  -0.001  -26.199  45.485 0.0000000000
109489  2.080  -30.949  40.040 0.0000000000
110993  -0.848  -24.488  43.918 0.0000000000
112163  -0.707  -24.753  46.238 0.0000000000
112453  3.868  -29.227  40.873 0.0000000000
113575  -0.775  -16.939  50.469 0.0000000000
113616  -1.293  -22.105  41.390 0.0000000000
114006  -0.126  -26.344  47.536 0.0000000000
116868  1.445  -26.648  45.960 0.0000000000
117424  0.111  -25.689  45.563 0.0000000000
121103  -1.036  -31.326  47.953 0.0000000000
121421  -0.939  -23.413  43.034 0.0000000000
123118  0.291  -31.434  59.117 0.0000000000
123849  1.116  -28.513  59.292 0.0000000000
123932  -0.316  -26.139  45.485 0.0000000000
124131  3.091  -26.440  59.146 0.0000000000
125179  -1.144  -36.211  53.719 0.0000000000
