#!ascii label  , from subject sub-v2s17x50038_ses-1 vox2ras=TkReg
2082
29668  -0.985  -41.298  48.989 0.1111110002
29669  -1.814  -40.820  49.223 0.1111110002
120625  -2.479  -40.239  48.971 0.2222220004
28771  1.183  -42.225  50.167 0.1111110002
28772  0.238  -42.318  50.285 0.1111110002
113337  -0.283  -41.737  48.771 0.1111110002
126515  2.128  -41.351  49.470 0.1111110002
28791  1.079  -41.696  48.423 0.1111110002
29665  3.210  -40.497  49.544 0.2222220004
29666  2.549  -40.906  49.051 0.2222220004
28779  1.504  -41.822  49.343 0.1111110002
122488  0.533  -42.004  49.231 0.1111110002
29670  -2.877  -40.236  49.072 0.4444440007
30554  -2.687  -39.168  48.709 0.4444440007
115610  -3.375  -39.931  48.770 0.4444440007
30566  -3.717  -39.723  48.431 0.2222220004
29679  2.978  -40.324  48.604 0.2222220004
29682  -1.163  -40.497  48.243 0.2222220004
31490  3.857  -39.130  47.732 0.2222220004
30572  2.663  -40.134  47.654 0.2222220004
29680  2.261  -40.753  48.155 0.2222220004
30564  -1.403  -39.603  48.077 0.4444440007
31498  4.333  -38.605  47.285 0.2222220004
30555  -3.287  -39.126  48.665 0.4444440007
30556  -3.751  -39.016  48.490 0.3333329856
117130  -4.133  -38.906  48.156 0.2222220004
122459  -4.243  -39.202  47.563 0.3333329856
31511  -4.131  -38.932  46.045 0.2222220004
28793  -0.474  -41.295  48.108 0.1111110002
30562  3.436  -39.751  48.143 0.2222220004
29701  1.457  -40.252  46.708 0.2222220004
28806  0.042  -41.275  47.596 0.2222220004
30563  -0.838  -39.867  47.601 0.4444440007
32456  5.202  -37.414  46.238 0.2222220004
32448  4.868  -37.962  46.920 0.2222220004
30582  2.190  -39.793  46.667 0.3333329856
30584  0.669  -39.658  46.457 0.3333329856
30565  -1.881  -38.934  48.350 0.5555559993
126708  5.839  -37.100  46.418 0.2222220004
32457  4.398  -37.745  45.974 0.2222220004
31499  3.549  -38.920  46.836 0.2222220004
31507  3.111  -38.636  46.028 0.3333329856
114844  -1.051  -38.906  47.872 0.5555559993
31482  -2.428  -38.128  48.567 0.4444440007
33415  5.544  -36.879  45.757 0.4444440007
31483  -3.446  -38.145  48.431 0.4444440007
33414  6.850  -36.084  45.346 0.2222220004
31493  -4.232  -37.974  48.025 0.4444440007
30591  -3.731  -39.214  45.335 0.1111110002
29692  -0.361  -40.652  47.433 0.4444440007
31501  -0.419  -39.270  47.315 0.5555559993
31508  2.126  -38.956  45.870 0.3333329856
30583  1.341  -39.617  46.256 0.3333329856
30573  0.120  -39.496  46.819 0.5555559993
31492  -0.417  -38.334  47.611 0.5555559993
32458  3.540  -37.988  45.688 0.2222220004
31509  1.296  -38.838  45.920 0.5555559993
31510  0.630  -38.896  46.346 0.5555559993
31480  -0.751  -37.810  48.281 0.6666669846
31481  -1.552  -38.063  48.435 0.5555559993
32466  3.111  -37.500  45.188 0.3333329856
32467  2.378  -37.446  45.248 0.5555559993
32468  1.726  -37.268  45.531 0.6666669846
32424  -2.010  -37.305  49.249 0.6666669846
32425  -2.944  -37.371  48.792 0.5555559993
34430  7.685  -35.676  44.947 0.3333329856
33424  5.482  -36.170  44.590 0.4444440007
31519  -4.137  -38.382  45.562 0.1111110002
34443  8.161  -35.309  44.259 0.6666669846
34431  6.894  -35.749  44.497 0.3333329856
31512  -4.471  -38.244  46.483 0.2222220004
31500  0.027  -38.681  47.022 0.5555559993
32459  1.028  -37.939  45.970 0.5555559993
120491  0.331  -37.446  47.507 0.5555559993
32438  -0.100  -37.431  48.271 0.5555559993
33416  4.154  -36.683  44.790 0.5555559993
33426  3.277  -36.427  44.635 0.6666669846
33418  2.246  -36.711  45.164 0.6666669846
33407  1.231  -36.875  46.280 0.5555559993
32436  0.665  -36.892  47.973 0.7777780294
32422  -0.280  -37.182  49.212 0.6666669846
114847  -2.659  -36.594  49.679 0.5555559993
33425  4.772  -36.126  44.330 0.5555559993
35412  3.620  -35.017  44.097 0.7777780294
34448  2.923  -35.629  44.606 0.8888890147
32423  -1.046  -37.407  49.211 0.6666669846
109583  -3.980  -37.418  48.353 0.4444440007
35409  8.596  -34.853  43.779 0.6666669846
34445  6.366  -35.467  43.834 0.7777780294
34459  4.935  -34.738  43.663 0.7777780294
32451  -4.485  -37.677  47.338 0.2222220004
35389  2.595  -35.270  45.327 0.8888890147
33406  1.795  -36.355  45.729 0.7777780294
33398  1.665  -36.031  46.798 0.8888890147
35411  4.319  -34.497  43.884 0.8888890147
35399  3.057  -34.589  45.072 0.8888890147
34416  2.831  -34.769  46.869 0.8888890147
34404  2.296  -35.334  47.404 0.8888890147
34457  6.969  -34.957  43.367 0.6666669846
35420  6.062  -34.663  43.397 0.7777780294
35388  2.729  -34.838  45.895 0.8888890147
35418  9.904  -34.200  43.518 0.6666669846
113662  8.197  -34.430  43.089 0.6666669846
35419  7.449  -34.452  43.092 0.7777780294
36365  4.308  -33.465  44.945 0.8888890147
36377  4.388  -33.840  44.210 0.8888890147
35398  3.803  -34.103  44.531 0.8888890147
35387  3.752  -33.807  45.576 0.8888890147
35378  3.504  -34.148  47.346 0.7777780294
36387  6.606  -33.924  43.087 0.7777780294
35421  5.384  -34.474  43.539 0.8888890147
114393  3.267  -34.250  46.258 0.8888890147
36384  10.341  -33.637  42.989 0.7777780294
36397  9.035  -33.125  42.439 0.7777780294
108866  7.600  -33.647  42.818 0.7777780294
36382  12.028  -33.329  43.404 0.7777780294
36383  11.209  -33.498  43.165 0.7777780294
36353  4.462  -33.282  46.002 0.8888890147
35377  3.986  -33.689  46.695 0.6666669846
36374  6.185  -32.932  43.702 0.8888890147
36375  5.514  -32.844  44.489 0.8888890147
36352  5.192  -32.849  46.356 0.7777780294
37325  8.203  -32.981  42.593 0.7777780294
121814  7.464  -32.604  43.090 0.8888890147
37314  13.652  -32.783  44.038 0.5555559993
36371  13.260  -33.478  44.487 0.5555559993
37315  12.845  -33.117  43.707 0.7777780294
37333  11.988  -32.261  42.289 0.7777780294
37334  11.147  -32.406  42.132 0.7777780294
36396  9.889  -33.116  42.399 0.7777780294
38227  12.778  -31.991  42.561 0.7777780294
114435  11.751  -31.002  41.667 0.7777780294
38180  17.469  -31.417  46.517 0.3333329856
39080  17.755  -30.841  46.112 0.4444440007
37305  7.132  -32.170  45.102 0.8888890147
37306  6.296  -32.434  44.805 0.8888890147
37302  14.828  -32.801  45.122 0.4444440007
36360  14.432  -33.476  45.547 0.3333329856
37336  9.467  -32.361  42.275 0.7777780294
112934  8.168  -32.168  42.997 0.8888890147
37316  7.778  -31.980  44.156 0.8888890147
37303  14.056  -33.134  44.801 0.4444440007
38242  11.467  -31.661  41.861 0.7777780294
37344  10.677  -31.763  41.889 0.8888890147
37313  14.430  -32.385  44.393 0.6666669846
38208  13.941  -31.985  43.685 0.6666669846
38240  13.042  -31.169  42.212 0.7777780294
38241  12.267  -31.500  42.001 0.7777780294
38225  14.116  -31.257  43.368 0.7777780294
39132  13.847  -30.662  42.661 0.7777780294
37277  16.775  -32.678  47.342 0.2222220004
37288  16.518  -32.409  46.587 0.3333329856
38181  16.831  -31.721  46.214 0.3333329856
40034  18.321  -29.836  45.098 0.4444440007
39092  18.056  -30.312  45.619 0.4444440007
37289  15.869  -32.800  46.224 0.3333329856
38192  15.852  -31.706  45.156 0.4444440007
37304  7.983  -31.981  45.444 0.7777780294
37293  7.422  -32.274  46.157 0.7777780294
37294  6.558  -32.360  45.917 0.6666669846
40047  18.674  -29.399  44.570 0.5555559993
38193  15.141  -31.993  44.793 0.5555559993
37301  15.563  -32.474  45.454 0.3333329856
38229  8.906  -31.761  42.740 0.8888890147
38228  9.012  -31.228  43.360 0.8888890147
38195  8.550  -31.551  44.845 0.7777780294
40861  18.659  -28.673  43.299 0.5555559993
38206  15.449  -31.208  44.572 0.6666669846
39152  10.424  -30.426  41.898 0.8888890147
38243  10.242  -31.220  41.945 0.8888890147
126773  9.312  -31.180  42.789 0.8888890147
38207  14.705  -31.424  44.054 0.7777780294
39150  13.158  -30.267  41.815 0.7777780294
40087  12.041  -29.337  41.434 0.8888890147
40088  11.019  -29.986  41.665 0.8888890147
39131  14.597  -30.599  43.409 0.7777780294
39081  17.051  -31.025  45.908 0.3333329856
38191  16.478  -31.378  45.526 0.5555559993
40035  17.582  -29.979  45.053 0.4444440007
39093  17.335  -30.510  45.458 0.5555559993
39094  16.694  -30.732  45.205 0.5555559993
38182  16.206  -32.085  45.857 0.4444440007
38209  9.105  -30.972  44.322 0.7777780294
40048  17.867  -29.537  44.519 0.5555559993
109123  17.199  -29.710  44.530 0.5555559993
40036  16.895  -30.145  44.873 0.5555559993
39095  16.050  -30.961  44.961 0.5555559993
39133  9.835  -30.102  43.338 0.8888890147
39117  9.609  -30.338  44.263 0.7777780294
40849  18.199  -29.036  43.981 0.5555559993
40850  17.224  -29.182  43.961 0.5555559993
40049  16.498  -29.714  44.190 0.5555559993
39113  16.266  -30.353  44.632 0.5555559993
39114  15.747  -30.629  44.453 0.5555559993
40076  10.543  -29.637  42.056 0.8888890147
115512  10.118  -30.015  42.509 0.8888890147
39134  9.434  -30.731  43.399 0.8888890147
41746  19.526  -27.878  42.059 0.5555559993
40877  18.229  -28.387  42.554 0.6666669846
40878  17.304  -28.391  42.536 0.6666669846
40060  16.432  -29.170  43.646 0.7777780294
40061  15.808  -29.404  43.582 0.7777780294
39115  15.196  -30.574  44.045 0.7777780294
40900  11.597  -28.938  41.565 0.8888890147
41759  20.050  -27.316  40.914 0.6666669846
41760  19.218  -27.632  41.147 0.6666669846
41747  18.684  -27.987  41.886 0.6666669846
40864  15.964  -28.808  43.119 0.7777780294
40865  15.226  -28.920  42.986 0.7777780294
40073  14.611  -29.207  42.571 0.7777780294
40882  13.919  -28.697  41.733 0.7777780294
40086  12.972  -29.183  41.443 0.7777780294
120552  23.414  -24.351  40.554 0.5555559993
44572  22.751  -24.695  40.076 0.5555559993
44585  22.344  -24.300  39.245 0.7777780294
43644  22.007  -25.110  39.665 0.6666669846
42719  20.836  -25.928  39.601 0.6666669846
42720  20.004  -26.278  39.463 0.6666669846
41775  19.378  -27.148  40.357 0.6666669846
41776  18.563  -27.268  40.434 0.6666669846
41761  18.225  -27.681  41.131 0.7777780294
108445  21.190  -25.331  39.130 0.7777780294
43645  20.334  -25.539  38.896 0.6666669846
42721  19.100  -26.269  39.321 0.7777780294
40052  9.953  -29.634  44.336 0.8888890147
40063  10.290  -29.347  43.099 0.8888890147
40863  16.802  -28.791  43.202 0.6666669846
40879  16.339  -28.306  42.517 0.7777780294
40075  11.095  -29.223  41.782 0.8888890147
45512  24.220  -23.090  40.655 0.5555559993
45513  23.631  -23.561  40.270 0.5555559993
41748  17.788  -28.030  41.836 0.6666669846
41749  16.868  -27.900  41.864 0.7777780294
41750  15.854  -27.639  41.728 0.7777780294
41751  14.948  -27.699  41.750 0.7777780294
40897  14.092  -27.820  41.541 0.7777780294
40898  13.160  -28.041  41.374 0.8888890147
41767  12.615  -27.273  41.562 0.8888890147
45526  22.581  -23.366  38.992 0.8888890147
44586  21.552  -24.610  38.734 0.8888890147
42704  19.473  -26.689  39.821 0.6666669846
42722  18.269  -26.229  39.390 0.7777780294
41777  17.684  -27.195  40.525 0.8888890147
41778  16.797  -26.994  40.681 0.8888890147
41765  14.326  -27.075  41.275 0.8888890147
41766  13.493  -27.176  41.369 0.8888890147
45527  21.813  -23.783  38.423 0.8888890147
45539  21.171  -23.129  37.766 0.8888890147
43660  20.677  -24.811  38.408 0.8888890147
43661  19.789  -24.965  38.299 0.8888890147
43646  19.460  -25.664  38.838 0.8888890147
120526  17.442  -26.111  39.499 0.8888890147
44600  20.971  -24.016  37.981 0.8888890147
40051  10.346  -28.889  44.252 0.8888890147
41724  11.297  -27.580  43.890 0.8888890147
40851  10.810  -28.233  44.572 0.8888890147
41752  12.008  -26.892  42.152 0.8888890147
41737  11.448  -27.565  42.617 0.8888890147
46392  24.362  -22.406  40.379 0.6666669846
46393  23.754  -22.708  39.942 0.6666669846
41763  16.540  -27.413  41.261 0.8888890147
42689  13.703  -26.404  41.222 0.8888890147
42671  12.630  -26.362  41.923 0.8888890147
47252  24.079  -21.917  39.876 0.8888890147
46405  23.115  -22.619  39.187 0.8888890147
122730  16.312  -26.366  40.227 0.8888890147
42686  15.865  -26.802  40.870 0.8888890147
42687  14.971  -26.081  40.713 0.7777780294
42688  14.320  -26.240  40.936 0.8888890147
47263  23.669  -21.454  39.208 0.8888890147
123779  23.563  -22.095  39.390 0.8888890147
46406  22.387  -22.442  38.390 0.8888890147
46417  21.440  -22.284  37.792 0.8888890147
112389  19.658  -23.523  37.847 0.7777780294
44602  19.248  -24.239  38.095 0.7777780294
44603  18.579  -24.499  38.388 0.8888890147
43648  17.667  -25.546  39.120 0.8888890147
45540  20.321  -23.294  37.691 0.7777780294
44601  20.102  -24.175  37.893 0.8888890147
41709  11.312  -27.631  45.091 0.7777780294
40839  10.873  -28.309  45.671 0.4444440007
42644  12.178  -26.263  44.086 0.7777780294
47237  26.572  -21.644  41.836 0.4444440007
47238  25.959  -21.704  41.372 0.5555559993
46376  25.361  -22.024  41.240 0.5555559993
47251  25.696  -21.443  40.683 0.5555559993
120130  13.878  -24.485  41.881 0.7777780294
120893  13.266  -24.955  42.204 0.7777780294
42655  12.735  -25.558  42.557 0.7777780294
47262  24.365  -21.255  39.553 0.8888890147
43636  16.483  -25.377  39.587 0.8888890147
43623  15.620  -24.927  40.167 0.8888890147
43624  15.010  -25.062  40.545 0.7777780294
43625  14.338  -25.077  41.009 0.7777780294
43626  13.722  -25.468  41.342 0.7777780294
48185  23.765  -20.786  38.824 0.8888890147
47279  22.394  -20.809  38.162 0.8888890147
111552  21.384  -20.578  37.870 0.7777780294
48187  20.388  -20.487  38.236 0.7777780294
47282  20.009  -21.583  37.977 0.7777780294
46407  18.926  -22.586  38.409 0.7777780294
45542  18.592  -23.864  38.364 0.7777780294
45529  17.957  -24.023  38.790 0.7777780294
44588  17.291  -24.664  39.021 0.7777780294
46418  20.504  -22.332  37.674 0.8888890147
46419  19.649  -22.615  37.895 0.7777780294
42632  12.171  -26.337  45.214 0.5555559993
41723  11.781  -26.972  44.550 0.4444440007
47236  27.441  -21.360  41.921 0.2222220004
47249  27.158  -21.254  41.300 0.2222220004
47250  26.496  -21.305  40.984 0.5555559993
43609  13.042  -24.811  43.322 0.4444440007
43601  12.576  -25.539  43.669 0.6666669846
48168  27.246  -20.962  40.573 0.6666669846
47261  25.209  -21.018  39.854 0.7777780294
48183  25.568  -20.672  39.035 0.8888890147
44575  16.091  -24.023  40.248 0.7777780294
44563  14.889  -24.192  41.241 0.6666669846
44564  14.473  -24.113  41.721 0.6666669846
48184  24.591  -20.679  38.930 0.8888890147
48200  23.920  -20.032  38.210 0.8888890147
49138  23.168  -19.376  38.157 0.8888890147
49140  21.786  -19.326  38.340 0.7777780294
49127  21.305  -19.046  38.950 0.7777780294
48171  19.866  -20.205  39.424 0.7777780294
47265  19.611  -21.044  38.763 0.7777780294
47254  19.170  -21.550  39.396 0.7777780294
45528  18.327  -23.056  38.919 0.7777780294
45516  17.893  -23.088  39.819 0.7777780294
44574  16.803  -23.897  39.755 0.6666669846
123064  20.596  -25.137  44.728 0.3333329856
43596  19.868  -24.375  45.208 0.2222220004
119251  18.204  -23.888  45.392 0.1111110002
43585  15.825  -23.610  46.350 0.1111110002
43586  14.802  -23.891  46.430 0.1111110002
43587  13.918  -24.176  45.866 0.2222220004
108848  21.930  -22.802  44.767 0.1111110002
44531  20.745  -24.362  43.917 0.3333329856
43606  20.127  -24.109  44.442 0.3333329856
43607  19.171  -23.794  44.499 0.2222220004
43608  18.190  -23.699  44.650 0.2222220004
44522  16.232  -23.267  44.378 0.2222220004
44523  15.195  -23.387  44.667 0.1111110002
43599  14.201  -23.813  44.895 0.2222220004
43588  13.111  -24.958  45.392 0.2222220004
42643  12.582  -25.619  44.778 0.3333329856
48152  28.810  -20.880  41.485 0.2222220004
48153  28.000  -20.982  41.173 0.2222220004
46353  21.502  -21.918  44.498 0.1111110002
46354  21.204  -22.811  44.103 0.2222220004
44532  20.153  -23.735  43.803 0.3333329856
44534  18.937  -23.575  44.051 0.2222220004
44535  18.093  -23.325  43.662 0.2222220004
44521  17.175  -23.325  44.051 0.2222220004
110379  13.518  -24.418  44.953 0.3333329856
43600  13.006  -24.923  44.395 0.3333329856
113595  29.646  -20.673  41.319 0.3333329856
126077  22.797  -19.563  44.425 0.1111110002
47227  21.310  -21.026  44.028 0.2222220004
45488  20.400  -22.762  43.417 0.2222220004
45489  19.880  -22.873  43.031 0.3333329856
44547  18.899  -23.206  43.047 0.2222220004
108742  18.402  -23.130  42.987 0.2222220004
105494  16.962  -23.020  43.096 0.2222220004
44537  15.202  -23.258  43.515 0.2222220004
44538  14.308  -23.655  43.824 0.3333329856
44539  13.555  -24.235  44.095 0.4444440007
48167  28.907  -20.713  40.691 0.4444440007
106238  28.106  -20.741  40.187 0.5555559993
111382  27.299  -20.713  39.699 0.6666669846
49106  23.751  -17.682  42.332 0.5555559993
49107  22.889  -18.263  42.585 0.4444440007
49102  22.056  -19.080  42.766 0.4444440007
48144  21.385  -20.071  43.387 0.4444440007
46363  20.355  -21.782  42.967 0.4444440007
45500  19.286  -22.480  42.221 0.5555559993
44560  18.732  -22.672  42.133 0.4444440007
109048  18.077  -22.750  42.029 0.4444440007
44549  16.056  -23.197  42.049 0.3333329856
44550  15.171  -23.495  42.253 0.5555559993
44551  14.395  -23.759  42.680 0.5555559993
44552  13.652  -24.185  42.989 0.6666669846
48181  28.070  -20.566  39.293 0.6666669846
50088  24.091  -17.366  40.494 0.7777780294
50075  22.960  -17.747  41.583 0.6666669846
122075  21.565  -18.966  41.861 0.6666669846
48154  21.132  -19.579  42.359 0.5555559993
46378  19.906  -21.587  42.300 0.6666669846
46380  18.837  -22.177  41.025 0.6666669846
45502  18.226  -22.659  41.001 0.5555559993
44561  16.989  -23.165  40.982 0.5555559993
107712  16.334  -23.367  41.260 0.4444440007
48197  27.827  -20.445  38.450 0.7777780294
123996  27.366  -20.552  38.961 0.7777780294
48198  25.918  -20.426  38.113 0.8888890147
48199  24.908  -20.234  38.105 0.8888890147
49137  23.809  -19.117  38.003 0.8888890147
50116  23.311  -18.639  38.379 0.7777780294
50102  22.437  -18.121  39.536 0.7777780294
106560  21.568  -18.638  40.955 0.7777780294
49109  20.966  -19.273  41.293 0.6666669846
47253  19.462  -21.057  40.233 0.6666669846
46394  19.062  -21.736  40.356 0.7777780294
48220  25.331  -19.859  37.193 0.8888890147
48221  24.481  -19.558  37.629 0.8888890147
48180  29.001  -20.519  39.686 0.5555559993
48196  28.677  -20.364  38.743 0.5555559993
119723  26.931  -20.474  38.239 0.8888890147
50115  23.886  -18.207  38.440 0.7777780294
106575  24.579  -17.833  39.037 0.7777780294
48218  27.419  -20.353  37.558 0.8888890147
48219  26.387  -20.300  37.292 0.8888890147
121787  24.894  -19.187  37.168 0.8888890147
111834  24.619  -18.227  38.054 0.7777780294
48151  30.465  -20.496  41.577 0.2222220004
48164  30.936  -20.227  41.074 0.4444440007
107452  30.301  -20.438  40.936 0.4444440007
48166  29.801  -20.465  40.353 0.4444440007
120643  26.088  -17.873  41.017 0.3333329856
48178  30.281  -20.173  39.884 0.4444440007
48179  29.787  -20.279  39.624 0.4444440007
50086  25.946  -18.023  40.083 0.5555559993
48195  29.505  -20.165  38.983 0.5555559993
105206  25.235  -17.719  39.604 0.6666669846
105515  25.190  -18.006  38.479 0.5555559993
48216  29.192  -19.976  38.170 0.6666669846
51087  25.464  -18.122  37.560 0.6666669846
48217  28.351  -20.220  37.863 0.6666669846
49155  27.973  -20.093  36.951 0.8888890147
121547  26.660  -19.793  35.958 0.8888890147
49158  25.383  -19.227  36.560 0.8888890147
50147  25.671  -18.218  36.636 0.7777780294
111769  27.557  -19.869  36.066 0.8888890147
50146  25.959  -18.443  35.861 1.0000000000
50073  27.401  -18.210  41.385 0.2222220004
49098  31.687  -19.843  41.374 0.2222220004
50085  26.930  -18.225  40.583 0.3333329856
121332  31.300  -19.815  40.501 0.2222220004
50074  26.643  -17.823  41.688 0.3333329856
49117  30.852  -19.829  39.835 0.3333329856
50098  26.722  -18.201  39.485 0.4444440007
50099  25.846  -17.956  39.072 0.5555559993
48194  30.300  -19.866  39.235 0.5555559993
50114  26.001  -17.988  38.116 0.6666669846
51086  26.227  -17.881  37.108 0.8888890147
51096  26.839  -17.617  35.508 1.0000000000
49136  29.981  -19.706  38.440 0.7777780294
109867  28.879  -19.834  37.293 0.8888890147
51111  26.438  -18.132  35.486 1.0000000000
49167  29.380  -19.357  36.744 1.0000000000
49168  28.530  -19.680  36.391 1.0000000000
49179  29.043  -19.195  35.847 1.0000000000
49180  28.146  -19.437  35.531 1.0000000000
49182  26.512  -18.686  35.276 1.0000000000
107127  28.818  -18.903  42.885 0.1111110002
104989  28.032  -18.450  43.071 0.2222220004
50061  28.335  -18.570  42.233 0.2222220004
50062  27.427  -18.055  42.302 0.2222220004
105312  27.974  -18.386  41.624 0.2222220004
50072  28.097  -18.392  40.772 0.3333329856
50084  27.766  -18.333  39.778 0.4444440007
51060  27.535  -18.176  38.871 0.6666669846
121272  27.498  -17.972  38.196 0.6666669846
119439  32.097  -19.258  40.563 0.2222220004
51074  27.062  -17.830  37.633 0.6666669846
49125  31.511  -19.385  39.814 0.3333329856
50097  32.050  -18.803  39.681 0.3333329856
50113  26.657  -18.088  38.557 0.6666669846
51085  27.060  -17.409  36.557 0.8888890147
49134  31.553  -19.006  39.211 0.5555559993
49135  31.030  -19.421  39.198 0.6666669846
50112  31.192  -18.892  38.491 0.8888890147
52004  27.319  -16.783  35.669 1.0000000000
122447  30.615  -19.428  38.660 0.8888890147
49153  30.459  -19.182  37.962 1.0000000000
51110  26.994  -18.090  34.868 1.0000000000
49154  29.694  -19.517  37.623 0.7777780294
107549  28.644  -18.963  35.161 1.0000000000
51123  27.610  -17.568  34.438 1.0000000000
50060  29.218  -18.694  42.093 0.1111110002
50071  28.707  -18.481  41.461 0.2222220004
51040  29.602  -18.429  41.293 0.1111110002
122377  29.010  -18.381  40.771 0.3333329856
51073  28.045  -17.497  37.726 0.6666669846
51084  27.745  -17.289  37.191 0.6666669846
51047  32.627  -18.472  40.258 0.2222220004
51994  27.848  -16.747  36.659 0.6666669846
51057  32.478  -18.077  39.426 0.2222220004
50111  31.899  -18.463  38.903 0.6666669846
51072  31.651  -18.101  38.103 0.7777780294
51083  31.483  -17.654  37.306 1.0000000000
111033  30.956  -18.465  37.464 1.0000000000
50143  31.018  -17.905  36.774 1.0000000000
52014  27.257  -16.517  34.708 1.0000000000
49166  30.143  -18.948  37.110 1.0000000000
50144  30.489  -18.365  36.587 1.0000000000
50158  30.146  -18.244  35.877 1.0000000000
50172  28.602  -18.343  34.631 1.0000000000
52028  27.446  -16.836  34.270 1.0000000000
51032  30.234  -18.509  42.048 0.1111110002
125369  30.465  -17.576  40.502 0.2222220004
118217  29.994  -16.654  39.165 0.1111110002
51048  29.820  -18.071  40.385 0.3333329856
51049  28.807  -18.277  40.005 0.3333329856
51058  29.539  -17.689  39.477 0.4444440007
51982  29.601  -16.230  38.466 0.4444440007
51059  28.554  -18.089  39.113 0.6666669846
105788  28.328  -17.756  38.345 0.6666669846
51983  28.918  -16.842  37.876 0.5555559993
52913  28.801  -15.998  37.329 0.5555559993
51993  28.347  -16.794  37.268 0.6666669846
121681  28.306  -16.167  36.877 0.6666669846
52928  27.811  -16.003  36.309 0.7777780294
112766  32.251  -17.702  38.620 0.5555559993
51071  32.013  -17.308  37.876 0.6666669846
113230  27.474  -15.279  36.176 1.0000000000
52002  31.266  -17.157  36.501 0.8888890147
52003  30.787  -16.950  35.702 1.0000000000
52012  30.327  -16.774  34.977 1.0000000000
52013  29.573  -17.171  34.411 1.0000000000
52941  27.296  -15.941  35.398 1.0000000000
51108  30.118  -17.664  35.239 1.0000000000
51109  29.371  -17.921  34.701 1.0000000000
51121  28.897  -17.658  34.273 1.0000000000
52027  27.884  -17.009  33.902 1.0000000000
52037  27.482  -16.382  33.846 1.0000000000
52954  26.948  -15.999  34.026 1.0000000000
120394  26.920  -15.848  34.627 1.0000000000
53847  26.696  -15.242  35.270 1.0000000000
52942  26.255  -15.324  34.238 1.0000000000
121042  26.390  -14.626  35.556 1.0000000000
52898  29.279  -15.843  37.863 0.4444440007
51981  32.495  -16.845  38.381 0.5555559993
51967  32.743  -17.215  39.174 0.4444440007
51991  32.199  -16.576  37.755 0.5555559993
110380  31.500  -16.144  36.548 0.6666669846
126149  30.660  -16.465  35.391 0.8888890147
122598  29.338  -16.663  34.028 1.0000000000
52036  28.073  -16.205  33.569 1.0000000000
52967  27.197  -15.774  33.483 1.0000000000
52955  26.397  -15.300  33.516 1.0000000000
53848  25.793  -14.574  34.916 1.0000000000
122322  29.450  -15.127  38.458 0.4444440007
53814  28.892  -15.152  37.686 0.4444440007
53815  28.158  -14.474  37.594 0.4444440007
53823  27.583  -14.552  36.839 0.8888890147
52911  32.509  -15.857  38.098 0.5555559993
53833  26.900  -14.584  36.103 1.0000000000
53813  32.633  -14.840  38.193 0.2222220004
53821  32.206  -15.043  37.558 0.3333329856
52912  32.025  -15.946  37.319 0.5555559993
53822  31.907  -14.273  37.161 0.3333329856
52927  31.727  -15.141  36.897 0.3333329856
52939  31.233  -15.142  36.196 0.6666669846
52011  30.985  -16.081  35.771 0.7777780294
52025  29.875  -16.201  34.368 1.0000000000
54743  32.066  -13.185  36.531 0.3333329856
117890  31.801  -13.679  36.759 0.3333329856
53832  31.472  -14.258  36.563 0.3333329856
52940  30.728  -15.152  35.504 0.7777780294
52952  30.225  -15.200  34.790 1.0000000000
108247  29.072  -16.159  33.754 1.0000000000
52966  27.709  -15.399  33.279 1.0000000000
114925  31.485  -13.464  36.239 0.3333329856
53845  30.939  -14.080  35.862 0.4444440007
53846  30.464  -14.399  35.222 0.8888890147
53858  29.301  -14.504  33.939 1.0000000000
52965  28.633  -15.237  33.513 1.0000000000
53870  27.868  -14.507  33.074 1.0000000000
112339  26.233  -14.642  33.104 1.0000000000
53849  25.262  -13.995  34.425 1.0000000000
54752  25.430  -13.510  35.336 0.8888890147
55613  31.761  -12.969  35.868 0.3333329856
119418  31.119  -13.260  35.576 0.5555559993
54751  30.551  -13.615  35.145 1.0000000000
53857  29.911  -14.184  34.620 1.0000000000
53869  28.794  -14.262  33.550 1.0000000000
54761  25.266  -13.638  33.761 1.0000000000
54753  25.129  -13.346  34.492 0.8888890147
54745  25.605  -12.533  35.921 0.8888890147
55621  31.437  -12.935  35.100 0.7777780294
54758  30.713  -13.084  34.883 1.0000000000
54759  30.067  -13.313  34.528 0.8888890147
54768  28.635  -13.490  33.316 1.0000000000
105924  26.879  -13.028  32.836 1.0000000000
55644  26.030  -12.720  33.027 1.0000000000
56472  25.585  -12.366  33.570 1.0000000000
55629  31.152  -12.732  34.243 0.8888890147
54767  29.511  -13.075  33.866 1.0000000000
55641  28.924  -12.810  33.149 1.0000000000
107068  26.076  -11.985  33.184 1.0000000000
115374  28.648  -14.402  38.353 0.4444440007
119817  27.490  -13.893  37.452 0.7777780294
54744  26.824  -13.750  36.804 0.8888890147
55611  33.551  -12.922  36.381 0.2222220004
55603  32.740  -13.128  36.909 0.2222220004
54726  32.842  -14.032  38.295 0.2222220004
117097  32.364  -14.158  37.715 0.2222220004
53834  26.160  -14.054  35.889 0.8888890147
54735  32.784  -13.528  37.651 0.2222220004
54736  32.243  -13.588  37.147 0.2222220004
117305  26.010  -13.214  36.396 0.8888890147
55619  33.313  -12.749  35.454 0.3333329856
55612  32.573  -12.914  36.094 0.3333329856
56459  25.739  -11.407  34.668 1.0000000000
56452  25.553  -11.833  35.330 0.8888890147
55620  32.373  -12.779  35.125 0.4444440007
122903  31.873  -12.733  34.518 0.7777780294
55640  29.743  -12.661  33.356 1.0000000000
55653  29.217  -12.275  32.636 1.0000000000
55654  27.687  -12.064  32.643 1.0000000000
56470  26.497  -11.176  33.257 1.0000000000
56471  25.813  -11.589  33.812 1.0000000000
55639  30.627  -12.542  33.391 1.0000000000
120861  28.458  -12.352  32.690 1.0000000000
56482  28.099  -11.238  32.333 1.0000000000
56483  27.283  -11.314  32.655 1.0000000000
55592  27.453  -12.958  39.110 0.5555559993
54737  27.030  -13.226  37.667 0.7777780294
120410  34.221  -12.972  36.886 0.1111110002
54738  26.510  -12.997  37.107 0.8888890147
55610  34.530  -12.817  36.184 0.2222220004
55614  26.209  -12.404  36.784 0.7777780294
119453  34.054  -12.752  35.657 0.3333329856
56442  26.058  -11.680  36.254 0.8888890147
104904  32.514  -12.547  34.158 0.6666669846
56451  26.220  -10.998  35.449 0.8888890147
55628  33.277  -12.529  34.527 0.4444440007
125202  31.904  -12.575  33.900 0.8888890147
106799  26.847  -10.288  33.891 1.0000000000
57323  26.835  -10.304  34.935 1.0000000000
112527  31.535  -12.424  33.279 0.8888890147
55651  31.035  -12.189  32.493 1.0000000000
55652  30.105  -12.229  32.586 1.0000000000
57333  27.167  -10.482  32.999 1.0000000000
56480  30.491  -11.723  31.800 1.0000000000
56481  29.522  -11.708  32.037 1.0000000000
56492  28.921  -11.027  31.805 1.0000000000
55593  27.081  -12.649  38.369 0.5555559993
105151  35.117  -12.939  36.878 0.1111110002
56411  27.188  -11.857  38.915 0.6666669846
55604  26.733  -12.420  37.562 0.7777780294
56429  26.651  -11.626  37.122 0.7777780294
105150  34.735  -12.533  35.405 0.2222220004
57313  27.037  -10.420  35.863 0.7777780294
56441  26.732  -10.955  36.469 0.8888890147
58243  27.445  -9.725  34.536 0.7777780294
105551  34.074  -12.522  34.915 0.2222220004
57332  27.748  -10.006  32.697 1.0000000000
55637  33.195  -12.243  33.595 0.4444440007
55638  32.378  -12.319  33.314 0.7777780294
57342  28.772  -10.222  31.776 1.0000000000
57343  28.232  -10.500  32.155 1.0000000000
57344  27.674  -10.710  32.498 1.0000000000
55650  32.013  -12.025  32.368 0.8888890147
56479  31.323  -11.798  31.808 0.8888890147
105246  27.001  -11.640  38.026 0.5555559993
57263  28.081  -10.214  38.903 0.3333329856
55600  35.987  -12.967  37.294 0.1111110002
57282  27.270  -10.742  37.387 0.3333329856
55609  35.437  -12.567  35.946 0.1111110002
57298  27.329  -10.414  36.570 0.3333329856
58214  28.131  -9.534  36.093 0.4444440007
57297  27.914  -9.904  36.918 0.3333329856
58242  28.058  -9.127  34.206 0.7777780294
55627  34.122  -12.166  33.954 0.3333329856
56468  33.790  -11.820  33.019 0.3333329856
58270  28.375  -9.702  32.304 1.0000000000
58257  28.083  -9.269  33.158 0.8888890147
56469  32.963  -11.954  32.696 0.8888890147
119685  30.458  -11.274  31.391 1.0000000000
57356  29.519  -10.328  31.343 1.0000000000
58256  28.682  -8.897  32.709 1.0000000000
55607  36.736  -12.608  36.790 0.1111110002
125056  35.928  -12.734  36.572 0.1111110002
58185  29.490  -9.124  38.594 0.2222220004
58201  28.610  -9.437  37.449 0.3333329856
57281  27.973  -10.074  37.919 0.3333329856
55608  36.275  -12.351  36.044 0.1111110002
58200  29.390  -8.941  37.658 0.3333329856
124601  29.024  -9.032  37.157 0.3333329856
55626  34.822  -12.155  34.614 0.3333329856
58225  28.924  -8.652  34.991 0.5555559993
106517  28.822  -8.903  35.983 0.4444440007
58241  28.685  -8.656  33.793 0.6666669846
56478  33.510  -11.496  32.207 0.7777780294
56489  31.943  -11.501  31.446 0.8888890147
56490  31.045  -11.273  31.226 1.0000000000
58269  29.062  -9.413  31.808 0.8888890147
57354  31.748  -10.829  30.885 0.8888890147
58283  30.252  -9.940  30.889 1.0000000000
125517  29.703  -9.494  31.248 1.0000000000
59243  29.209  -8.609  32.336 0.8888890147
58213  29.448  -8.684  36.762 0.2222220004
59214  29.482  -8.245  34.376 0.5555559993
58224  29.641  -8.424  35.923 0.4444440007
30553  -1.985  -39.796  48.570 0.3333329856
29667  1.849  -41.314  48.684 0.2222220004
28792  0.254  -41.674  48.224 0.2222220004
30571  3.096  -39.499  47.231 0.2222220004
29681  1.491  -41.131  47.826 0.2222220004
29689  1.869  -40.515  47.297 0.2222220004
28805  0.723  -41.324  47.646 0.2222220004
31506  3.976  -38.329  46.430 0.2222220004
31489  4.629  -38.817  48.161 0.2222220004
116237  -3.047  -38.321  48.638 0.4444440007
30576  -4.023  -39.730  47.956 0.2222220004
31484  -3.879  -38.109  48.305 0.4444440007
31502  -4.397  -38.527  47.448 0.2222220004
30586  -4.277  -39.080  46.796 0.2222220004
30585  -3.814  -39.671  46.154 0.2222220004
30574  -0.321  -39.973  47.130 0.5555559993
30581  2.817  -39.184  46.477 0.2222220004
29690  1.113  -40.803  47.100 0.2222220004
29691  0.388  -40.825  47.125 0.3333329856
29702  0.815  -40.286  46.625 0.2222220004
29703  0.181  -40.198  46.863 0.5555559993
110176  5.929  -36.385  45.230 0.2222220004
32464  4.733  -37.128  45.493 0.2222220004
31517  2.665  -38.137  45.491 0.3333329856
114287  5.105  -36.586  45.000 0.3333329856
33405  6.399  -36.674  46.108 0.2222220004
125046  0.963  -39.273  46.167 0.4444440007
32465  3.910  -37.373  45.305 0.3333329856
31518  1.822  -38.127  45.521 0.5555559993
32450  0.388  -38.054  46.763 0.5555559993
32449  0.676  -37.283  46.912 0.5555559993
32474  2.813  -36.908  44.928 0.6666669846
33417  3.446  -36.989  44.934 0.5555559993
32426  -3.582  -37.139  48.575 0.5555559993
33423  6.170  -35.944  44.556 0.4444440007
34446  5.474  -35.725  44.061 0.5555559993
31520  -4.435  -37.741  45.816 0.1111110002
34444  7.341  -35.444  44.000 0.5555559993
34456  7.815  -34.989  43.544 0.6666669846
32439  -4.275  -37.066  48.079 0.5555559993
31491  0.047  -37.818  47.521 0.5555559993
32437  0.330  -37.115  48.225 0.6666669846
105616  3.863  -35.936  44.238 0.7777780294
33427  2.682  -36.323  44.858 0.7777780294
34432  2.291  -35.931  45.184 0.7777780294
33399  1.125  -36.534  47.424 0.7777780294
32412  -2.079  -36.689  50.397 0.4444440007
34447  4.637  -35.367  43.907 0.7777780294
111821  9.041  -34.344  43.270 0.6666669846
34442  8.838  -35.107  44.495 0.4444440007
34458  5.494  -35.144  43.666 0.6666669846
34417  2.214  -35.453  46.117 0.8888890147
106817  1.702  -35.870  47.976 0.8888890147
35410  4.875  -34.068  43.759 0.8888890147
36388  5.588  -33.709  43.604 0.7777780294
36385  9.461  -33.735  42.813 0.6666669846
36364  4.958  -32.963  45.293 0.7777780294
36376  4.891  -33.409  44.308 0.8888890147
124315  6.859  -33.038  43.159 0.8888890147
36395  10.765  -33.072  42.483 0.7777780294
36386  8.579  -33.754  42.735 0.7777780294
37324  11.614  -32.923  42.685 0.7777780294
37335  10.318  -32.451  42.155 0.7777780294
37317  6.881  -32.413  43.937 0.8888890147
36363  5.722  -32.574  45.626 0.8888890147
36351  5.998  -32.594  46.659 0.6666669846
37337  8.702  -32.478  42.496 0.8888890147
37322  13.227  -32.414  43.270 0.6666669846
37323  12.438  -32.712  42.948 0.7777780294
38244  9.602  -31.526  42.303 0.8888890147
38210  8.550  -31.584  43.700 0.8888890147
38251  11.000  -30.895  41.668 0.8888890147
126520  10.048  -31.871  42.081 0.8888890147
38226  13.517  -31.614  42.931 0.7777780294
39151  12.410  -30.704  41.721 0.7777780294
40848  19.093  -28.917  44.033 0.5555559993
39153  9.792  -30.719  42.480 0.8888890147
39174  12.449  -29.940  41.532 0.7777780294
39175  11.707  -30.192  41.549 0.8888890147
120508  14.440  -29.943  42.874 0.7777780294
40074  13.907  -29.688  42.061 0.7777780294
118574  9.168  -31.235  45.480 0.5555559993
39098  9.513  -30.618  45.194 0.5555559993
39116  9.754  -30.097  45.024 0.6666669846
40876  19.093  -28.287  42.651 0.5555559993
40862  17.740  -28.760  43.259 0.6666669846
40050  15.750  -30.057  44.065 0.7777780294
40885  10.733  -28.951  42.310 0.8888890147
109610  15.100  -29.765  43.412 0.7777780294
40899  12.168  -28.353  41.447 0.8888890147
122496  11.489  -29.528  41.570 0.8888890147
41774  20.080  -26.837  40.216 0.6666669846
40880  15.471  -28.309  42.407 0.7777780294
40881  14.737  -28.427  42.124 0.7777780294
45514  22.990  -23.931  39.825 0.7777780294
43635  22.518  -25.272  40.369 0.6666669846
125212  21.503  -25.690  39.795 0.7777780294
125371  20.632  -26.443  40.070 0.6666669846
42705  18.804  -26.773  39.832 0.6666669846
42706  17.993  -26.724  39.921 0.7777780294
40037  10.189  -29.242  45.016 0.7777780294
40062  10.800  -28.362  43.188 0.8888890147
40884  11.259  -28.350  41.902 0.8888890147
40883  11.846  -27.629  41.765 0.8888890147
45525  23.241  -23.262  39.650 0.7777780294
41762  17.330  -27.589  41.186 0.7777780294
42690  13.126  -26.601  41.481 0.8888890147
45538  21.928  -23.027  38.217 0.8888890147
43647  18.581  -25.657  38.907 0.8888890147
42707  17.093  -26.522  40.012 0.8888890147
41764  15.056  -26.978  41.184 0.8888890147
43662  18.958  -25.052  38.446 0.8888890147
44587  18.124  -24.992  38.628 0.8888890147
110786  10.492  -28.840  45.297 0.7777780294
41736  11.822  -26.902  43.356 0.8888890147
46377  24.779  -22.548  40.987 0.7777780294
42670  13.170  -25.850  41.659 0.7777780294
46391  24.846  -21.779  40.400 0.7777780294
47264  22.941  -21.703  38.701 0.8888890147
42708  15.652  -25.821  40.303 0.8888890147
123970  23.160  -21.000  38.651 0.8888890147
47280  21.900  -21.501  37.940 0.8888890147
47281  20.844  -21.389  37.722 0.7777780294
45541  19.030  -23.324  38.122 0.7777780294
47266  19.276  -21.876  38.440 0.7777780294
42656  12.276  -26.212  42.893 0.6666669846
48202  22.013  -19.974  38.014 0.8888890147
48201  22.978  -20.222  38.247 0.8888890147
48203  21.154  -19.731  38.214 0.7777780294
119999  17.421  -23.660  39.454 0.7777780294
48169  26.306  -20.911  40.025 0.6666669846
44562  15.497  -23.994  40.903 0.6666669846
125222  15.366  -23.676  41.574 0.5555559993
49126  22.006  -18.725  38.807 0.7777780294
50117  22.711  -18.634  38.596 0.7777780294
49139  22.454  -19.374  38.243 0.7777780294
49118  21.723  -18.537  39.819 0.7777780294
48186  20.548  -19.547  39.059 0.7777780294
48170  20.355  -19.642  40.376 0.7777780294
49119  21.063  -19.068  40.068 0.7777780294
48156  19.867  -20.324  40.727 0.7777780294
46395  18.728  -22.186  39.503 0.7777780294
45515  18.355  -22.574  40.366 0.7777780294
44573  17.694  -22.950  40.698 0.5555559993
43605  20.587  -24.685  44.297 0.3333329856
111546  20.836  -25.560  44.690 0.2222220004
43597  19.110  -24.061  45.193 0.1111110002
43598  17.256  -23.624  45.019 0.1111110002
44511  16.200  -23.479  45.408 0.1111110002
44512  15.031  -23.640  45.657 0.1111110002
45479  21.613  -23.708  44.478 0.1111110002
45480  20.811  -23.695  44.023 0.3333329856
46344  22.663  -22.799  45.280 0.1111110002
44530  21.253  -24.620  44.324 0.2222220004
44533  19.940  -23.644  43.824 0.3333329856
47219  21.951  -21.077  44.716 0.1111110002
44545  20.140  -23.539  43.585 0.3333329856
106383  19.617  -23.172  43.166 0.3333329856
44536  16.116  -23.056  43.248 0.2222220004
48143  22.373  -19.543  43.884 0.3333329856
48135  21.865  -20.356  44.190 0.3333329856
49092  23.191  -18.993  44.126 0.3333329856
46362  20.848  -21.884  43.756 0.2222220004
47228  20.719  -20.972  43.304 0.2222220004
46364  19.836  -22.296  42.618 0.5555559993
45490  19.375  -22.865  42.675 0.3333329856
44546  19.922  -23.081  43.147 0.3333329856
44548  17.268  -22.870  42.304 0.3333329856
48182  26.583  -20.621  39.040 0.7777780294
105492  23.869  -17.400  41.352 0.4444440007
49108  22.179  -18.409  41.781 0.7777780294
49101  22.829  -18.770  43.382 0.4444440007
47239  20.269  -20.939  42.507 0.5555559993
48145  20.707  -20.289  42.734 0.5555559993
45501  18.760  -22.504  41.689 0.5555559993
50101  23.189  -18.008  39.095 0.7777780294
50100  23.929  -17.600  39.569 0.7777780294
50089  23.199  -17.578  40.341 0.6666669846
104988  24.715  -17.360  41.097 0.7777780294
50090  22.269  -18.050  40.707 0.7777780294
48155  20.370  -20.083  41.737 0.6666669846
46379  19.401  -21.763  41.560 0.6666669846
47240  19.801  -20.948  41.587 0.6666669846
49159  24.459  -18.804  37.737 0.7777780294
49157  26.035  -19.842  36.454 0.8888890147
105163  25.384  -17.585  40.655 0.5555559993
50087  24.687  -17.464  40.087 0.7777780294
49156  26.968  -20.192  36.628 0.8888890147
50130  25.080  -18.568  37.195 0.7777780294
121240  24.992  -18.216  37.819 0.7777780294
49169  25.989  -19.223  35.780 1.0000000000
49170  25.565  -18.719  36.346 0.8888890147
49181  27.068  -19.371  35.320 1.0000000000
51097  26.270  -17.890  36.127 0.8888890147
50160  27.882  -18.952  34.882 1.0000000000
50161  27.211  -18.713  34.929 1.0000000000
123168  29.592  -18.805  42.693 0.1111110002
108503  27.192  -17.296  34.801 1.0000000000
50145  29.806  -18.787  36.237 1.0000000000
50159  29.446  -18.514  35.319 1.0000000000
50173  27.715  -18.282  34.551 1.0000000000
51095  30.650  -17.723  36.115 0.8888890147
51122  28.214  -17.676  34.188 1.0000000000
51039  30.547  -17.941  41.101 0.2222220004
51956  30.426  -17.089  39.947 0.1111110002
51968  29.238  -17.280  38.675 0.4444440007
51992  31.788  -16.820  37.197 0.6666669846
125929  31.162  -16.605  36.120 0.7777780294
52026  28.720  -16.990  33.883 1.0000000000
52914  28.231  -15.356  36.962 0.4444440007
113427  30.512  -15.995  35.103 1.0000000000
122483  25.609  -14.598  33.715 1.0000000000
52953  29.543  -15.263  34.114 1.0000000000
115678  26.961  -15.047  33.065 1.0000000000
54760  29.442  -13.679  33.989 1.0000000000
110806  26.823  -14.156  32.860 1.0000000000
54769  27.629  -13.583  32.904 1.0000000000
54770  25.901  -13.747  33.048 1.0000000000
55645  25.513  -13.081  33.414 1.0000000000
56460  25.382  -12.075  34.387 1.0000000000
55622  25.181  -12.661  34.946 0.8888890147
55630  30.247  -12.876  34.182 1.0000000000
55642  27.997  -12.872  32.884 1.0000000000
55643  26.698  -12.068  32.836 1.0000000000
57324  26.220  -10.857  34.315 0.8888890147
112851  28.639  -11.720  32.333 1.0000000000
58258  27.479  -9.742  33.539 1.0000000000
56491  29.859  -11.182  31.500 1.0000000000
58215  27.619  -10.059  36.184 0.4444440007
58226  28.152  -9.280  35.228 0.5555559993
58227  27.541  -9.887  35.481 0.5555559993
57264  27.466  -10.867  38.466 0.3333329856
55618  35.426  -12.152  35.137 0.3333329856
117210  28.656  -9.234  36.731 0.4444440007
56488  32.750  -11.568  31.850 0.8888890147
57355  30.340  -10.780  31.123 1.0000000000
58186  28.708  -9.536  38.312 0.2222220004
118297  30.176  -8.610  38.085 0.2222220004
117063  30.972  -10.443  30.786 1.0000000000
59230  29.265  -8.323  33.272 0.7777780294
57353  32.654  -10.940  31.095 0.8888890147
33376  -3.181  -36.538  49.217 0.4444440007
32413  -2.591  -36.187  50.790 0.2222220004
32411  -1.346  -36.975  50.241 0.3333329856
32409  0.156  -36.831  50.245 0.6666669846
32410  -0.595  -36.972  50.243 0.3333329856
119867  -2.178  -36.371  51.323 0.2222220004
32399  -1.596  -36.619  51.289 0.2222220004
32408  0.904  -36.711  49.813 0.6666669846
33388  1.246  -36.407  48.525 0.6666669846
33375  1.462  -36.427  49.421 0.6666669846
107400  -0.928  -36.756  51.249 0.2222220004
124879  0.167  -36.687  51.086 0.3333329856
33387  1.869  -35.914  49.007 0.6666669846
34390  2.373  -35.328  48.531 0.6666669846
33374  2.140  -36.071  49.854 0.6666669846
34379  2.524  -35.513  49.454 0.5555559993
34403  3.002  -34.647  48.087 0.6666669846
34378  3.050  -35.188  49.847 0.3333329856
34389  2.975  -34.903  49.139 0.5555559993
35370  3.599  -34.336  48.976 0.4444440007
36340  4.740  -33.263  47.017 0.5555559993
35362  3.570  -34.705  49.793 0.3333329856
35368  5.052  -33.467  48.545 0.3333329856
120689  4.310  -33.831  48.798 0.3333329856
35369  4.325  -33.658  47.795 0.4444440007
36316  5.941  -33.396  49.111 0.2222220004
35361  4.258  -34.111  49.683 0.1111110002
36327  5.733  -33.134  48.174 0.2222220004
36328  5.052  -33.277  47.796 0.3333329856
36338  6.305  -32.779  47.594 0.2222220004
36339  5.486  -32.938  47.302 0.3333329856
36350  6.856  -32.504  46.897 0.4444440007
36325  7.584  -33.016  48.677 0.1111110002
36326  6.615  -33.049  48.487 0.2222220004
37282  7.748  -32.508  47.048 0.1111110002
37292  8.275  -32.289  46.365 0.4444440007
43621  23.203  -25.490  41.513 0.2222220004
38185  9.420  -31.725  46.325 0.2222220004
38186  8.777  -31.879  45.841 0.5555559993
44559  23.801  -24.769  41.418 0.3333329856
43615  23.810  -25.452  42.144 0.2222220004
43634  23.072  -25.062  40.810 0.2222220004
39097  9.834  -30.341  45.813 0.4444440007
38194  9.668  -31.027  46.096 0.3333329856
125654  22.292  -24.292  45.780 0.1111110002
120072  21.525  -25.916  45.262 0.1111110002
43580  22.275  -24.656  45.565 0.1111110002
43595  21.474  -25.443  44.797 0.1111110002
44520  21.995  -24.488  44.798 0.1111110002
123736  20.906  -25.158  44.310 0.1111110002
39083  10.108  -30.715  46.594 0.2222220004
117306  10.269  -29.336  45.697 0.5555559993
45499  24.013  -23.872  41.014 0.4444440007
39082  10.505  -30.212  47.003 0.2222220004
38183  10.432  -31.059  47.312 0.2222220004
40015  10.847  -29.712  47.336 0.3333329856
39096  10.176  -29.903  46.215 0.3333329856
40026  10.621  -29.188  46.402 0.3333329856
49089  26.591  -17.792  44.180 0.1111110002
104653  25.569  -18.047  44.323 0.1111110002
49099  24.592  -18.027  43.609 0.2222220004
50053  26.109  -17.682  43.606 0.2222220004
49090  25.267  -17.916  43.827 0.2222220004
104663  27.085  -17.776  43.335 0.2222220004
50063  26.417  -17.633  42.682 0.2222220004
123337  25.533  -17.466  41.909 0.2222220004
107682  24.549  -18.452  44.360 0.2222220004
108323  23.934  -18.529  44.044 0.3333329856
49100  23.677  -18.204  43.330 0.3333329856
50065  24.611  -17.617  42.773 0.2222220004
125376  24.526  -17.406  41.941 0.2222220004
59272  30.227  -9.016  30.989 0.8888890147
59271  30.892  -8.345  30.798 0.7777780294
60212  31.208  -7.388  30.915 0.7777780294
53806  29.043  -14.358  39.122 0.3333329856
54728  27.706  -13.662  38.297 0.4444440007
126512  30.991  -6.999  32.592 0.7777780294
60199  30.510  -7.406  32.358 0.6666669846
59242  29.774  -7.976  32.572 0.6666669846
62170  32.571  -5.391  32.033 0.6666669846
61206  32.145  -6.027  32.515 0.6666669846
60198  31.049  -6.900  31.835 0.7777780294
60213  30.676  -7.573  31.416 0.7777780294
59256  30.197  -8.120  31.532 0.6666669846
59257  29.622  -8.734  31.642 0.7777780294
63072  33.460  -4.364  30.958 0.7777780294
61215  31.566  -6.604  31.107 0.7777780294
113997  33.905  -4.454  30.125 0.7777780294
54727  28.133  -13.821  39.146 0.3333329856
61195  34.055  -5.798  34.396 0.3333329856
61196  33.412  -6.175  34.137 0.4444440007
61197  32.463  -6.411  33.547 0.4444440007
60182  31.039  -7.209  33.353 0.7777780294
63047  34.501  -4.378  33.651 0.4444440007
62168  33.929  -4.648  33.224 0.5555559993
63060  34.262  -4.053  32.831 0.5555559993
116446  33.016  -4.798  31.469 0.6666669846
63919  34.834  -3.423  30.112 0.7777780294
63071  33.959  -3.854  31.050 0.7777780294
63929  36.125  -3.356  29.025 0.7777780294
61183  34.712  -5.847  35.172 0.1111110002
59229  29.987  -7.910  33.809 0.4444440007
61185  33.942  -6.260  34.655 0.3333329856
60168  33.611  -6.631  34.704 0.2222220004
60169  32.009  -7.459  34.777 0.3333329856
59228  30.730  -7.620  34.139 0.3333329856
63026  38.022  -3.389  35.600 0.1111110002
63878  37.329  -3.402  34.956 0.1111110002
106148  36.673  -3.977  35.363 0.3333329856
63037  35.315  -4.574  34.743 0.5555559993
62156  34.723  -4.852  34.416 0.3333329856
60181  31.904  -7.036  33.896 0.5555559993
60183  30.385  -7.581  33.263 0.5555559993
63877  38.305  -2.896  34.899 0.1111110002
63885  36.845  -3.129  34.025 0.2222220004
63058  35.532  -3.491  33.538 0.4444440007
63046  35.086  -4.072  34.021 0.5555559993
63884  37.884  -2.765  34.158 0.1111110002
63895  36.671  -2.697  32.972 0.3333329856
63896  35.743  -2.975  32.642 0.6666669846
63059  34.873  -3.593  33.008 0.6666669846
63906  36.476  -2.468  31.884 0.7777780294
63907  35.661  -2.699  31.365 0.7777780294
63897  35.026  -3.176  31.868 0.7777780294
63918  35.566  -2.863  30.041 0.7777780294
109058  28.182  -10.468  39.870 0.2222220004
56395  27.573  -11.122  39.418 0.2222220004
61177  34.448  -6.393  35.311 0.1111110002
59213  30.358  -7.895  34.944 0.3333329856
60167  34.018  -6.561  35.028 0.2222220004
60155  32.683  -7.496  35.384 0.2222220004
59212  31.210  -7.669  34.988 0.3333329856
60154  34.074  -6.953  35.496 0.1111110002
121342  31.006  -7.814  35.629 0.2222220004
110247  30.411  -8.047  35.822 0.3333329856
109779  33.513  -7.089  35.148 0.2222220004
59211  31.763  -7.708  35.622 0.2222220004
60147  33.381  -7.476  35.928 0.1111110002
106994  30.349  -8.185  36.520 0.3333329856
59193  31.239  -7.852  36.268 0.2222220004
59192  32.290  -7.705  36.234 0.2222220004
58212  30.227  -8.388  37.278 0.2222220004
59179  31.016  -7.943  36.978 0.2222220004
59178  31.712  -7.771  36.745 0.1111110002
42703  21.988  -25.698  40.385 0.4444440007
40838  11.345  -27.747  46.092 0.3333329856
59194  29.764  -8.221  35.266 0.4444440007
32421  0.353  -36.934  49.105 0.6666669846
122190  -3.444  -36.210  49.207 0.4444440007
32420  0.842  -36.725  48.886 0.6666669846
118515  -0.660  -36.563  52.045 0.2222220004
124927  3.724  -34.085  48.217 0.4444440007
50064  25.459  -17.621  43.104 0.2222220004
60197  31.543  -6.639  32.827 0.6666669846
61205  32.901  -5.676  33.166 0.5555559993
62169  33.268  -4.968  32.641 0.5555559993
61207  31.590  -6.358  31.917 0.6666669846
63061  33.689  -4.241  32.048 0.7777780294
113672  27.799  -13.089  39.938 0.3333329856
62158  33.660  -5.390  33.684 0.4444440007
62157  34.231  -5.123  34.087 0.4444440007
62145  34.486  -5.541  34.682 0.3333329856
109699  32.872  -6.995  34.482 0.4444440007
63070  34.361  -3.644  32.015 0.7777780294
63909  34.333  -3.812  30.319 0.7777780294
116298  35.064  -3.019  30.888 0.7777780294
63908  34.546  -3.408  31.022 0.7777780294
63930  35.387  -3.824  29.234 0.7777780294
62136  35.266  -5.536  35.512 0.2222220004
61184  34.297  -6.083  34.869 0.1111110002
60170  31.387  -7.407  34.259 0.4444440007
63035  36.509  -3.705  34.813 0.3333329856
63036  35.986  -4.367  35.219 0.5555559993
63045  35.875  -3.754  34.328 0.5555559993
63886  36.142  -3.197  33.524 0.5555559993
64785  36.345  -2.377  30.701 0.7777780294
64793  36.428  -2.606  29.563 0.7777780294
30575  -3.984  -39.766  47.131 0.1111110002
125035  -3.619  -39.833  45.505 0.1111110002
29672  -3.390  -40.591  48.785 0.3333329856
108654  -4.467  -36.920  47.296 0.1111110002
32460  -4.542  -37.209  46.472 0.1111110002
33365  -3.013  -35.927  50.149 0.2222220004
29654  2.671  -41.024  49.992 0.1111110002
29653  3.360  -40.631  50.548 0.1111110002
31471  5.090  -39.233  49.952 0.1111110002
30546  4.014  -40.179  51.117 0.1111110002
30552  3.925  -40.137  50.037 0.1111110002
30551  4.437  -39.596  49.529 0.1111110002
31479  4.898  -39.019  49.034 0.1111110002
30561  4.164  -39.353  48.629 0.1111110002
108305  3.722  -39.964  49.074 0.1111110002
31488  5.457  -38.480  48.486 0.1111110002
33353  1.700  -36.473  51.308 0.4444440007
33364  1.600  -36.477  50.318 0.6666669846
31478  5.621  -38.824  49.408 0.1111110002
34358  2.976  -35.750  51.043 0.2222220004
33352  2.565  -36.197  51.651 0.2222220004
33363  2.341  -36.161  50.712 0.3333329856
31497  4.968  -38.331  47.735 0.1111110002
34368  2.767  -35.668  50.235 0.4444440007
32447  5.568  -37.966  47.684 0.1111110002
31476  6.892  -38.364  49.651 0.1111110002
112422  6.204  -38.698  49.749 0.1111110002
32418  7.537  -37.972  49.079 0.1111110002
31477  6.195  -38.362  49.063 0.1111110002
126432  7.935  -37.784  48.721 0.1111110002
32434  7.522  -37.665  48.286 0.1111110002
32446  6.292  -37.626  47.562 0.1111110002
32445  7.091  -37.257  47.466 0.1111110002
104616  9.687  -37.482  48.800 0.1111110002
105532  9.140  -37.819  49.193 0.1111110002
120866  8.737  -37.691  48.798 0.1111110002
33386  9.719  -36.938  48.161 0.1111110002
32443  8.830  -36.985  47.904 0.1111110002
32444  7.985  -37.081  47.723 0.1111110002
33396  9.317  -36.456  47.384 0.1111110002
33397  8.465  -36.543  47.172 0.1111110002
33404  7.638  -36.691  46.983 0.1111110002
32454  6.956  -36.810  46.761 0.1111110002
33403  8.930  -35.926  46.546 0.1111110002
111397  8.043  -36.201  46.425 0.1111110002
33413  7.623  -35.974  45.770 0.1111110002
34415  8.974  -35.553  45.737 0.1111110002
32417  10.039  -37.791  49.495 0.1111110002
37278  16.104  -33.039  47.029 0.2222220004
32431  10.358  -37.244  48.772 0.1111110002
32430  11.070  -36.984  48.819 0.1111110002
33385  10.671  -36.640  48.102 0.1111110002
40858  21.073  -28.039  43.801 0.2222220004
33394  11.278  -36.231  47.738 0.1111110002
114234  10.053  -36.408  47.580 0.1111110002
40045  20.674  -28.525  44.314 0.3333329856
33395  10.661  -36.041  47.330 0.1111110002
33402  9.848  -35.897  46.949 0.1111110002
34427  10.099  -35.147  45.680 0.2222220004
34414  9.640  -35.517  46.100 0.1111110002
35397  10.140  -34.805  44.967 0.3333329856
34429  8.568  -35.435  45.057 0.2222220004
40860  19.501  -28.497  43.414 0.4444440007
35408  9.457  -34.720  44.204 0.4444440007
121959  15.185  -34.330  48.060 0.2222220004
34386  14.201  -35.314  48.743 0.1111110002
34377  13.679  -35.791  49.262 0.1111110002
36334  15.689  -33.687  47.485 0.2222220004
124873  14.566  -34.852  48.256 0.2222220004
33382  12.973  -36.175  48.949 0.1111110002
36347  15.442  -33.438  46.664 0.2222220004
36335  14.930  -33.988  47.169 0.2222220004
34399  13.245  -35.422  47.658 0.1111110002
33383  12.244  -36.455  48.622 0.1111110002
33373  11.700  -36.885  49.055 0.1111110002
40845  22.278  -28.153  44.725 0.1111110002
40846  21.464  -28.354  44.534 0.2222220004
35383  14.215  -34.314  46.794 0.2222220004
35375  13.715  -34.853  47.235 0.1111110002
33384  11.506  -36.587  48.343 0.1111110002
37290  15.150  -33.137  45.886 0.2222220004
36348  14.713  -33.756  46.330 0.2222220004
35376  12.941  -35.016  46.972 0.1111110002
34412  12.184  -35.144  46.660 0.1111110002
34413  11.445  -35.059  46.230 0.1111110002
40847  19.910  -28.720  44.137 0.3333329856
34426  10.785  -34.903  45.601 0.2222220004
105320  10.875  -34.504  44.769 0.2222220004
35407  10.247  -34.467  44.260 0.5555559993
40844  23.077  -27.945  44.924 0.1111110002
41706  23.856  -27.719  45.147 0.1111110002
41721  22.687  -27.598  44.227 0.1111110002
36349  13.927  -33.985  46.056 0.1111110002
35386  12.062  -34.764  46.042 0.2222220004
41722  21.875  -27.816  44.019 0.2222220004
35394  13.147  -34.219  45.798 0.3333329856
36362  12.817  -33.953  45.072 0.4444440007
35396  11.620  -34.580  45.390 0.2222220004
41735  20.676  -27.791  43.051 0.4444440007
36372  12.343  -33.747  44.264 0.5555559993
36373  11.597  -33.745  43.848 0.6666669846
40875  19.888  -28.036  42.850 0.4444440007
41720  23.494  -27.388  44.432 0.1111110002
41734  21.486  -27.550  43.264 0.2222220004
41733  22.300  -27.300  43.501 0.2222220004
41744  21.085  -27.383  42.457 0.4444440007
41745  20.301  -27.675  42.267 0.4444440007
111900  19.959  -27.606  41.578 0.4444440007
41705  24.654  -27.577  45.324 0.1111110002
41732  23.110  -27.066  43.733 0.1111110002
42684  21.472  -26.872  41.841 0.4444440007
41758  20.625  -27.292  41.643 0.4444440007
42626  25.701  -26.801  45.134 0.1111110002
41718  25.037  -27.027  44.886 0.1111110002
42640  23.917  -26.835  43.955 0.1111110002
124796  23.122  -26.350  42.685 0.1111110002
42669  22.424  -26.453  42.184 0.1111110002
42683  21.906  -26.229  41.172 0.4444440007
42685  20.879  -26.779  40.864 0.5555559993
41689  27.299  -27.006  46.871 0.1111110002
41690  26.604  -27.438  46.491 0.1111110002
121234  26.894  -26.601  45.984 0.1111110002
41703  26.167  -27.132  45.729 0.1111110002
42639  24.689  -26.631  44.239 0.1111110002
42652  24.350  -26.180  43.481 0.1111110002
42667  23.736  -26.003  42.764 0.1111110002
43573  13.283  -24.966  46.402 0.1111110002
42631  12.643  -25.668  45.822 0.1111110002
42682  22.648  -25.935  41.619 0.2222220004
45456  27.647  -24.082  45.978 0.1111110002
43565  27.675  -25.382  46.487 0.1111110002
42596  27.776  -26.468  47.338 0.1111110002
40025  11.104  -28.919  47.182 0.2222220004
45455  28.151  -23.338  46.072 0.1111110002
43578  27.192  -25.710  45.879 0.1111110002
40828  11.379  -28.004  46.974 0.2222220004
45463  27.550  -23.436  45.441 0.1111110002
44508  27.345  -24.854  45.881 0.1111110002
43579  26.706  -25.959  45.414 0.1111110002
41693  12.363  -26.588  47.208 0.1111110002
40829  11.013  -28.421  46.481 0.2222220004
46340  27.951  -22.144  44.506 0.1111110002
46333  27.538  -22.764  44.828 0.1111110002
111412  26.428  -24.072  44.623 0.1111110002
44509  26.684  -25.095  45.222 0.1111110002
43593  26.212  -25.806  44.920 0.1111110002
43594  25.684  -25.895  44.418 0.1111110002
42620  12.760  -25.737  46.850 0.1111110002
41707  12.229  -26.434  46.251 0.1111110002
41708  11.789  -27.064  45.626 0.1111110002
47207  28.106  -21.837  44.047 0.1111110002
46341  27.402  -22.244  43.987 0.1111110002
45471  26.785  -23.068  44.330 0.1111110002
44527  25.823  -24.297  43.974 0.1111110002
126261  25.427  -25.496  43.981 0.1111110002
42651  25.095  -26.061  43.997 0.1111110002
47223  29.224  -21.145  43.034 0.1111110002
47217  27.912  -21.692  43.419 0.1111110002
46350  27.108  -21.914  43.163 0.1111110002
46351  26.602  -22.648  43.504 0.1111110002
44528  25.445  -24.887  43.649 0.1111110002
43604  24.951  -25.516  43.472 0.1111110002
43614  24.391  -25.503  42.828 0.1111110002
47224  28.516  -21.320  42.851 0.1111110002
47225  27.695  -21.515  42.656 0.1111110002
46361  26.362  -22.216  42.644 0.1111110002
44544  24.425  -24.837  42.230 0.1111110002
42668  23.151  -25.937  42.171 0.1111110002
47235  28.278  -21.144  42.051 0.1111110002
47226  26.998  -21.694  42.472 0.1111110002
43622  22.576  -25.628  40.977 0.2222220004
45478  26.130  -23.514  43.806 0.1111110002
121350  25.726  -22.693  42.392 0.2222220004
45486  25.376  -23.393  42.467 0.1111110002
123852  24.925  -23.568  41.957 0.1111110002
45487  24.957  -24.153  42.411 0.1111110002
46375  25.803  -22.104  41.943 0.1111110002
45498  24.642  -23.356  41.340 0.3333329856
54734  33.341  -13.529  38.204 0.1111110002
57341  33.919  -10.982  31.760 0.6666669846
119445  33.279  -11.158  31.577 0.7777780294
57351  34.235  -10.380  31.309 0.6666669846
57367  32.988  -10.192  30.649 0.7777780294
57368  32.235  -10.255  30.619 0.7777780294
58282  34.525  -9.687  30.886 0.6666669846
57366  33.749  -9.946  30.725 0.6666669846
118016  32.527  -9.665  30.418 0.6666669846
58300  31.016  -9.471  30.618 0.6666669846
58296  34.819  -8.953  30.495 0.6666669846
59269  33.309  -8.415  29.983 0.6666669846
59270  32.361  -8.843  30.233 0.6666669846
111281  31.554  -8.861  30.446 0.6666669846
60227  32.463  -7.840  30.076 0.6666669846
60228  31.708  -8.073  30.428 0.6666669846
60241  34.557  -7.553  29.746 0.6666669846
60226  33.133  -7.411  29.837 0.6666669846
61224  32.220  -6.306  30.492 0.6666669846
61225  31.902  -7.181  30.469 0.6666669846
60209  38.898  -7.056  31.559 0.5555559993
60196  37.990  -8.131  32.007 0.5555559993
124554  36.924  -8.315  31.203 0.6666669846
60223  37.639  -7.280  30.686 0.6666669846
60224  36.808  -7.734  30.557 0.6666669846
60225  35.205  -8.203  30.163 0.6666669846
61235  33.805  -6.816  29.630 0.6666669846
62188  32.768  -5.777  30.195 0.6666669846
61214  32.005  -5.941  31.451 0.6666669846
61222  37.082  -6.963  29.935 0.6666669846
61233  35.614  -6.579  29.430 0.6666669846
61234  34.756  -6.700  29.521 0.6666669846
62144  34.952  -5.269  34.974 0.1111110002
61212  39.684  -6.607  31.440 0.5555559993
61213  39.005  -6.582  30.945 0.5555559993
60210  38.370  -6.892  30.841 0.5555559993
61221  37.889  -6.661  30.079 0.5555559993
62199  34.182  -5.943  29.509 0.6666669846
62187  33.385  -5.856  29.768 0.6666669846
63095  34.683  -4.248  29.573 0.6666669846
61232  36.481  -6.430  29.352 0.6666669846
63096  34.424  -5.135  29.471 0.6666669846
117763  35.137  -5.079  29.131 0.6666669846
111186  35.796  -5.763  29.069 0.6666669846
62198  34.982  -5.888  29.274 0.6666669846
123948  35.449  -4.993  35.266 0.1111110002
62176  40.795  -5.870  31.003 0.4444440007
62184  40.301  -5.785  30.347 0.4444440007
61218  40.143  -6.106  31.002 0.5555559993
61219  39.514  -6.144  30.475 0.5555559993
61220  38.671  -6.393  30.215 0.6666669846
61230  38.198  -6.118  29.457 0.6666669846
61231  37.358  -6.271  29.362 0.6666669846
62197  36.724  -5.547  28.859 0.6666669846
63094  35.819  -4.824  28.831 0.6666669846
62175  41.486  -5.700  31.051 0.3333329856
62185  39.788  -5.756  29.792 0.5555559993
108748  38.456  -5.657  28.909 0.6666669846
62196  37.717  -5.629  28.827 0.6666669846
120100  36.554  -4.688  28.628 0.6666669846
62174  42.834  -5.463  31.449 0.3333329856
62182  43.013  -5.103  30.786 0.3333329856
105135  42.204  -5.343  30.700 0.3333329856
124753  36.093  -4.115  28.717 0.6666669846
63081  42.846  -4.878  30.079 0.3333329856
62192  42.008  -5.012  29.675 0.3333329856
62194  40.390  -5.465  29.526 0.4444440007
121727  39.595  -5.184  28.521 0.6666669846
62206  38.274  -5.011  28.344 0.6666669846
62207  37.300  -4.852  28.482 0.6666669846
108159  39.153  -4.876  28.145 0.6666669846
64784  37.117  -2.024  31.220 0.6666669846
64800  37.761  -1.825  29.335 0.5555559993
64792  37.015  -2.038  30.089 0.6666669846
118042  40.142  -3.759  27.435 0.6666669846
63125  38.172  -3.287  27.822 0.6666669846
64801  37.527  -2.659  28.494 0.5555559993
63090  44.675  -4.299  29.657 0.2222220004
63091  43.667  -4.541  29.595 0.4444440007
63106  42.437  -4.487  28.142 0.5555559993
63122  41.014  -4.231  27.536 0.6666669846
63124  39.523  -4.308  27.757 0.6666669846
63928  36.834  -3.037  28.733 0.6666669846
63080  43.497  -4.831  30.439 0.2222220004
63108  40.658  -4.772  28.146 0.6666669846
63109  39.885  -4.837  28.103 0.6666669846
63110  38.640  -4.231  27.846 0.6666669846
63937  37.387  -3.436  28.231 0.6666669846
63111  37.732  -4.162  28.070 0.6666669846
65670  38.515  -1.396  30.058 0.5555559993
65678  38.724  -1.531  29.035 0.4444440007
65677  39.262  -1.136  29.778 0.4444440007
63087  47.406  -4.128  29.876 0.2222220004
63077  46.246  -4.244  30.667 0.2222220004
63078  45.294  -4.349  30.463 0.2222220004
63950  39.730  -2.955  27.324 0.6666669846
63951  38.971  -2.659  27.666 0.5555559993
65688  39.155  -1.828  28.139 0.5555559993
63917  47.867  -4.057  30.411 0.1111110002
121086  45.413  -4.175  29.640 0.2222220004
63949  40.975  -3.507  27.184 0.6666669846
111083  40.398  -3.124  27.174 0.6666669846
63103  45.843  -4.392  28.257 0.2222220004
63089  45.183  -4.243  28.891 0.3333329856
63105  44.022  -4.234  27.833 0.4444440007
63120  43.207  -4.171  27.531 0.5555559993
63948  41.836  -3.763  27.101 0.5555559993
106396  39.559  -1.198  28.847 0.5555559993
63926  49.152  -3.884  29.856 0.1111110002
63916  48.568  -3.938  30.499 0.1111110002
106176  40.037  -1.445  27.893 0.5555559993
104682  49.990  -3.950  29.363 0.1111110002
106933  47.958  -4.258  29.313 0.1111110002
63101  47.363  -4.334  28.993 0.1111110002
63088  46.663  -4.205  29.483 0.2222220004
64813  40.884  -2.872  27.025 0.5555559993
106353  40.330  -2.326  27.227 0.5555559993
123956  50.469  -3.969  28.044 0.2222220004
63936  49.926  -4.121  28.504 0.1111110002
63100  48.118  -4.428  28.574 0.1111110002
63102  46.629  -4.387  28.602 0.2222220004
63104  44.967  -4.323  27.873 0.5555559993
63947  42.770  -3.758  26.912 0.5555559993
63967  41.548  -3.041  26.838 0.5555559993
63941  52.086  -3.262  28.307 0.2222220004
63942  51.220  -3.670  27.972 0.2222220004
63944  49.815  -4.105  27.673 0.1111110002
63116  48.237  -4.451  27.660 0.2222220004
63117  47.401  -4.515  28.093 0.2222220004
63119  45.779  -4.343  27.436 0.4444440007
105362  44.421  -4.069  27.026 0.5555559993
63965  43.275  -3.252  26.439 0.5555559993
63966  42.398  -3.151  26.623 0.5555559993
64828  42.032  -2.374  26.559 0.5555559993
63964  44.247  -3.380  26.271 0.5555559993
120215  40.729  -1.605  27.364 0.5555559993
64829  41.196  -2.169  26.897 0.5555559993
64811  52.611  -2.631  27.889 0.1111110002
63957  51.092  -3.352  27.247 0.2222220004
63959  49.741  -3.707  26.784 0.2222220004
63960  48.270  -4.134  26.786 0.2222220004
63131  47.443  -4.390  27.171 0.3333329856
63133  45.864  -4.086  26.725 0.5555559993
63134  45.125  -3.789  26.428 0.5555559993
64827  42.961  -2.410  26.240 0.5555559993
65709  42.428  -1.550  26.464 0.4444440007
66557  54.315  -0.393  28.009 0.1111110002
65704  52.621  -1.538  26.635 0.1111110002
64822  51.371  -2.796  26.728 0.1111110002
64824  49.920  -2.905  26.072 0.2222220004
63975  48.374  -3.460  26.019 0.3333329856
63962  46.615  -3.565  26.004 0.4444440007
64825  45.211  -3.058  25.798 0.5555559993
64833  51.220  -2.258  26.090 0.2222220004
63976  47.430  -3.196  25.630 0.4444440007
66568  53.229  -0.538  26.516 0.1111110002
66548  42.066  0.053  28.189 0.3333329856
66562  41.632  -0.541  27.608 0.3333329856
65686  40.885  -0.931  27.861 0.3333329856
65696  41.984  -0.873  26.880 0.4444440007
66572  43.654  -0.513  26.526 0.4444440007
65708  43.244  -1.385  26.233 0.4444440007
65697  41.316  -1.260  27.156 0.4444440007
106221  43.770  -1.988  25.929 0.5555559993
64837  47.265  -2.344  25.127 0.5555559993
64838  46.599  -2.803  25.426 0.5555559993
64840  45.119  -2.027  25.572 0.5555559993
64826  44.421  -2.510  25.835 0.5555559993
68348  54.575  1.208  26.152 0.1111110002
67460  54.367  0.636  26.647 0.1111110002
66578  52.892  -0.283  25.693 0.1111110002
65714  52.417  -1.044  25.836 0.2222220004
64834  50.502  -2.241  25.705 0.2222220004
64835  49.034  -2.822  25.594 0.3333329856
64836  48.156  -2.690  25.300 0.5555559993
67459  54.709  0.589  26.586 0.1111110002
67451  54.553  0.039  27.215 0.1111110002
66547  42.892  0.308  27.969 0.3333329856
66571  44.500  -0.424  26.175 0.4444440007
66573  42.799  -0.679  26.711 0.4444440007
66582  45.540  -0.522  25.591 0.4444440007
65706  45.098  -0.968  25.692 0.5555559993
65707  44.479  -1.541  25.799 0.5555559993
65720  46.386  -1.860  25.135 0.5555559993
64839  45.842  -2.415  25.457 0.5555559993
67468  53.993  1.156  26.132 0.1111110002
109660  52.209  -0.682  25.267 0.2222220004
108431  51.085  -1.796  25.588 0.2222220004
105777  49.679  -2.195  25.312 0.2222220004
65717  48.789  -2.105  24.993 0.4444440007
65718  47.914  -1.880  24.840 0.5555559993
68353  54.990  1.720  25.676 0.1111110002
67469  53.291  0.511  25.486 0.2222220004
66589  50.925  -0.717  24.635 0.2222220004
115025  49.934  -0.763  24.366 0.3333329856
65727  49.378  -1.453  24.715 0.4444440007
68362  55.305  1.865  25.144 0.2222220004
69255  55.030  2.127  25.260 0.2222220004
123348  54.348  1.708  25.698 0.2222220004
66587  52.411  -0.072  24.889 0.2222220004
67478  51.495  -0.102  24.377 0.2222220004
113202  54.651  2.771  24.018 0.4444440007
69266  55.015  2.624  24.639 0.3333329856
69256  54.673  2.177  25.220 0.3333329856
68363  53.955  2.031  24.980 0.4444440007
66581  46.083  -0.690  25.256 0.4444440007
66592  47.222  -0.680  24.654 0.4444440007
65719  46.990  -1.317  24.851 0.4444440007
66591  47.868  -0.517  24.304 0.4444440007
65729  47.695  -1.164  24.634 0.4444440007
67477  52.865  0.723  24.681 0.3333329856
111222  52.113  0.389  24.290 0.3333329856
66590  48.908  -0.676  24.229 0.4444440007
69267  54.349  2.474  24.489 0.4444440007
68371  53.599  2.090  24.093 0.4444440007
68364  53.236  1.448  24.393 0.3333329856
67488  52.371  0.997  23.944 0.3333329856
67489  51.260  0.629  23.739 0.4444440007
67479  50.496  -0.043  24.061 0.4444440007
67480  49.411  0.007  23.832 0.3333329856
69274  53.884  2.528  23.572 0.4444440007
67492  47.866  1.072  23.756 0.4444440007
67481  47.598  0.317  24.157 0.4444440007
67490  49.990  0.700  23.456 0.4444440007
67491  48.862  0.830  23.430 0.4444440007
114841  48.356  0.145  23.837 0.4444440007
68372  52.799  1.699  23.534 0.4444440007
68373  51.701  1.363  23.268 0.4444440007
68374  50.617  1.334  23.108 0.4444440007
114829  54.520  2.818  23.223 0.4444440007
113909  53.347  2.129  23.536 0.4444440007
69282  54.404  2.837  22.226 0.4444440007
69283  53.561  2.554  22.465 0.4444440007
70103  48.759  3.901  25.654 0.1111110002
70110  48.631  3.959  24.499 0.2222220004
70104  48.189  3.240  24.949 0.3333329856
69276  48.750  2.381  22.920 0.2222220004
114862  48.044  2.068  23.648 0.4444440007
69268  47.901  2.534  24.397 0.4444440007
68365  47.167  0.904  24.688 0.4444440007
68375  49.463  1.569  22.966 0.4444440007
68380  51.995  1.944  22.694 0.4444440007
69301  53.025  3.032  20.695 0.3333329856
69294  52.704  2.670  21.514 0.4444440007
69284  52.450  2.342  22.216 0.4444440007
68381  51.115  1.775  22.749 0.4444440007
70926  49.472  4.442  26.266 0.1111110002
70961  49.262  4.568  23.279 0.1111110002
70114  48.800  3.952  23.459 0.2222220004
70968  49.805  4.926  22.723 0.2222220004
70118  49.271  3.951  22.594 0.2222220004
113258  48.787  3.285  22.923 0.3333329856
70124  50.355  3.495  21.653 0.2222220004
70117  49.748  3.475  22.071 0.2222220004
69287  49.319  2.999  22.427 0.2222220004
68383  49.572  2.309  22.548 0.4444440007
70123  51.155  3.477  21.142 0.2222220004
69296  50.845  2.892  21.681 0.3333329856
69286  50.136  2.735  22.086 0.3333329856
70129  53.478  3.410  19.929 0.3333329856
70130  52.624  3.597  20.222 0.1111110002
70122  52.094  3.138  20.859 0.2222220004
126592  51.767  2.306  22.180 0.4444440007
69285  51.087  2.315  22.207 0.4444440007
70938  49.907  5.133  25.811 0.1111110002
70960  49.659  5.199  23.747 0.1111110002
70952  49.720  5.217  24.781 0.1111110002
70953  49.142  4.633  24.140 0.1111110002
112943  49.963  4.219  21.999 0.2222220004
70974  51.219  4.299  20.894 0.2222220004
70975  50.623  4.306  21.412 0.2222220004
70131  51.803  3.867  20.520 0.2222220004
71784  50.615  5.628  26.323 0.1111110002
71798  50.396  5.722  25.354 0.1111110002
71812  50.263  5.731  24.355 0.1111110002
71820  50.980  6.219  23.162 0.1111110002
71821  50.278  5.664  23.411 0.1111110002
72680  51.593  6.515  22.513 0.1111110002
71829  50.978  5.783  22.140 0.1111110002
71830  50.451  5.535  22.636 0.1111110002
71839  51.954  5.679  20.866 0.1111110002
72690  51.639  6.099  21.640 0.1111110002
71841  50.434  4.998  21.971 0.2222220004
71850  52.457  5.244  20.192 0.1111110002
70977  52.429  4.310  20.048 0.2222220004
66576  55.341  -0.213  25.798 0.1111110002
65713  55.499  -1.173  25.542 0.1111110002
66586  55.486  -0.329  24.975 0.1111110002
69265  55.289  2.309  24.750 0.3333329856
125061  55.337  0.561  25.512 0.1111110002
108669  5.700  -37.539  46.958 0.1111110002
104974  7.251  -36.374  46.257 0.1111110002
35417  10.818  -34.024  43.871 0.5555559993
36361  13.634  -33.740  45.276 0.4444440007
113050  21.317  -26.169  40.301 0.4444440007
121436  25.232  -22.797  41.776 0.2222220004
55602  33.526  -13.151  37.406 0.1111110002
57369  31.566  -10.139  30.598 0.6666669846
34428  9.394  -35.186  45.182 0.2222220004
32397  0.790  -36.632  50.946 0.4444440007
58299  31.868  -9.543  30.453 0.6666669846
62178  32.511  -5.440  30.922 0.5555559993
62177  33.161  -5.035  30.353 0.6666669846
62186  33.781  -5.259  29.745 0.6666669846
44558  24.503  -24.131  41.704 0.1111110002
41694  11.824  -27.210  46.617 0.1111110002
62135  35.892  -5.096  35.769 0.1111110002
118379  37.073  -2.396  29.207 0.6666669846
32435  6.176  -37.992  48.298 0.1111110002
32419  6.843  -38.007  48.746 0.1111110002
32433  8.360  -37.538  48.412 0.1111110002
121774  6.791  -37.734  48.063 0.1111110002
32455  6.373  -37.136  46.906 0.1111110002
32432  9.094  -37.436  48.520 0.1111110002
33412  8.305  -35.767  45.760 0.1111110002
33393  11.968  -36.107  47.869 0.1111110002
34401  11.515  -35.675  47.090 0.1111110002
40859  20.288  -28.263  43.594 0.4444440007
34402  10.573  -35.457  46.439 0.1111110002
126209  14.976  -34.834  48.970 0.2222220004
34387  13.492  -35.670  48.437 0.1111110002
35374  14.453  -34.606  47.562 0.2222220004
35367  13.952  -35.120  47.980 0.1111110002
34388  12.735  -35.919  48.144 0.1111110002
35384  13.448  -34.540  46.506 0.2222220004
34400  12.447  -35.591  47.374 0.1111110002
35406  11.574  -34.141  44.520 0.3333329856
35385  12.692  -34.684  46.266 0.2222220004
35395  12.419  -34.426  45.580 0.4444440007
35405  12.159  -34.189  44.960 0.5555559993
41743  21.910  -27.040  42.724 0.3333329856
42654  22.721  -26.764  43.035 0.1111110002
41719  24.284  -27.194  44.651 0.1111110002
42653  23.503  -26.530  43.276 0.1111110002
42625  26.295  -26.448  45.303 0.1111110002
42638  25.372  -26.475  44.557 0.1111110002
42611  27.540  -26.209  46.556 0.1111110002
44517  27.073  -24.158  45.373 0.1111110002
45470  27.032  -23.478  44.943 0.1111110002
40827  11.969  -27.474  47.502 0.1111110002
44518  25.950  -25.082  44.399 0.1111110002
44529  24.955  -24.839  42.957 0.1111110002
45485  25.894  -23.048  43.044 0.1111110002
120851  25.498  -24.026  43.194 0.1111110002
57352  33.483  -10.630  31.150 0.7777780294
58297  33.991  -9.163  30.323 0.6666669846
58298  33.163  -9.404  30.315 0.6666669846
59284  34.286  -8.352  30.024 0.6666669846
59285  33.810  -7.721  29.774 0.6666669846
107329  32.508  -7.055  30.084 0.6666669846
61223  32.915  -6.524  29.876 0.6666669846
60195  38.714  -7.717  32.170 0.5555559993
60211  37.488  -7.924  31.277 0.6666669846
110801  38.187  -7.504  31.426 0.5555559993
59254  37.334  -8.534  31.819 0.6666669846
109592  35.956  -7.904  30.243 0.6666669846
60239  36.239  -7.191  29.848 0.6666669846
124167  35.750  -8.341  30.469 0.6666669846
60240  35.402  -7.378  29.784 0.6666669846
62195  39.047  -5.877  29.493 0.6666669846
123816  35.235  -4.488  29.143 0.6666669846
62183  41.186  -5.442  30.201 0.3333329856
110804  39.687  -5.510  29.101 0.5555559993
62205  39.042  -5.407  28.699 0.6666669846
63112  36.815  -3.961  28.438 0.6666669846
62193  41.139  -5.083  29.007 0.4444440007
62204  40.223  -5.174  28.704 0.5555559993
64775  37.354  -2.293  32.270 0.4444440007
63123  40.233  -4.405  27.749 0.6666669846
122112  39.172  -3.560  27.558 0.6666669846
64807  38.321  -2.232  28.307 0.5555559993
63079  44.251  -4.632  30.471 0.2222220004
111491  43.399  -4.412  28.505 0.4444440007
63092  42.726  -4.696  29.145 0.5555559993
63093  41.965  -4.793  28.822 0.4444440007
63121  41.831  -4.282  27.618 0.6666669846
63107  41.508  -4.653  28.167 0.5555559993
120122  46.679  -4.119  30.167 0.2222220004
63076  47.156  -4.157  30.725 0.2222220004
105087  46.020  -4.086  29.960 0.2222220004
64814  39.602  -2.217  27.565 0.6666669846
63927  48.258  -4.061  29.882 0.1111110002
105134  45.950  -4.221  29.152 0.2222220004
107333  44.310  -4.278  28.741 0.4444440007
118440  42.406  -4.129  27.407 0.5555559993
124291  43.819  -4.084  27.301 0.5555559993
63914  50.058  -3.622  30.204 0.1111110002
63915  49.413  -3.756  30.648 0.1111110002
63086  48.653  -4.230  29.166 0.1111110002
63085  49.362  -4.160  29.029 0.1111110002
63943  50.496  -3.728  27.394 0.2222220004
63099  49.047  -4.363  28.251 0.1111110002
63118  46.565  -4.447  27.621 0.4444440007
106499  45.227  -4.197  27.068 0.5555559993
63946  43.615  -3.839  26.846 0.5555559993
63945  49.032  -4.187  27.246 0.2222220004
63132  46.636  -4.158  26.736 0.3333329856
119476  46.212  -4.312  27.115 0.4444440007
65710  41.761  -1.639  26.729 0.4444440007
64821  52.259  -2.399  27.075 0.1111110002
63974  49.212  -3.366  26.186 0.2222220004
111796  48.940  -3.817  26.578 0.2222220004
63961  47.473  -3.886  26.351 0.4444440007
63963  45.839  -3.609  26.115 0.5555559993
125070  46.250  -3.874  26.375 0.5555559993
110640  43.721  -2.745  26.089 0.5555559993
65703  53.504  -0.793  27.394 0.1111110002
66567  53.995  0.078  27.178 0.1111110002
65705  51.880  -2.189  26.448 0.1111110002
63958  50.564  -3.245  26.722 0.2222220004
64823  50.710  -2.706  26.249 0.2222220004
66577  53.680  0.331  26.346 0.1111110002
66561  42.409  -0.209  27.378 0.4444440007
109559  43.937  -1.187  26.078 0.4444440007
63977  46.014  -3.133  25.699 0.5555559993
67458  54.831  0.595  26.545 0.1111110002
68347  54.830  1.206  26.061 0.1111110002
65715  51.805  -1.707  25.938 0.2222220004
66579  51.517  -1.189  25.266 0.2222220004
65721  45.678  -1.405  25.398 0.5555559993
66588  51.724  -0.595  24.846 0.2222220004
65716  50.427  -1.499  25.049 0.2222220004
65728  48.448  -1.324  24.591 0.4444440007
68354  54.806  1.726  25.712 0.1111110002
67467  55.094  1.234  25.905 0.1111110002
125301  55.437  1.267  25.173 0.1111110002
67476  53.630  1.315  25.276 0.2222220004
67482  47.092  0.011  24.583 0.4444440007
69275  53.039  2.196  22.995 0.4444440007
69293  53.625  2.753  21.427 0.4444440007
69277  48.313  3.088  23.735 0.3333329856
69258  47.547  1.786  24.480 0.4444440007
68376  48.542  1.583  23.305 0.4444440007
68382  50.303  1.991  22.573 0.4444440007
69295  51.677  2.683  21.632 0.4444440007
70939  49.237  4.580  25.213 0.1111110002
71840  51.157  5.145  21.283 0.1111110002
107829  50.734  6.164  23.999 0.1111110002
70978  51.780  4.735  20.576 0.1111110002
120412  55.094  0.377  26.354 0.1111110002
108207  -3.898  -36.693  48.693 0.2222220004
119512  0.247  -36.612  51.797 0.1111110002
32386  0.968  -36.562  52.013 0.1111110002
40815  12.454  -28.079  48.878 0.1111110002
40013  11.878  -28.774  48.522 0.1111110002
40014  11.292  -29.556  47.999 0.1111110002
40820  12.204  -27.802  48.247 0.1111110002
113395  18.982  -29.688  45.109 0.3333329856
123787  3.100  -35.858  51.589 0.1111110002
39034  12.649  -30.535  50.206 0.1111110002
40004  11.731  -29.812  48.813 0.1111110002
39049  12.185  -30.146  49.540 0.1111110002
40003  12.343  -28.932  49.384 0.1111110002
39067  10.890  -30.546  47.846 0.1111110002
38172  10.724  -31.338  48.032 0.1111110002
39035  12.120  -30.998  49.675 0.1111110002
38160  11.576  -31.337  49.210 0.1111110002
38173  10.223  -31.707  47.510 0.1111110002
38174  9.667  -32.058  47.048 0.1111110002
37291  9.062  -32.277  46.639 0.1111110002
56449  36.601  -11.795  35.398 0.3333329856
56456  36.368  -11.378  34.583 0.3333329856
56465  36.055  -11.049  33.826 0.3333329856
56476  34.996  -11.023  32.779 0.4444440007
56477  34.261  -11.308  32.488 0.5555559993
57322  36.810  -10.772  34.088 0.3333329856
57329  37.204  -10.130  33.573 0.2222220004
57338  36.090  -10.119  32.566 0.4444440007
57340  34.641  -10.722  32.014 0.5555559993
57339  35.383  -10.446  32.277 0.5555559993
57350  34.982  -10.104  31.545 0.5555559993
57321  37.608  -10.504  34.348 0.2222220004
58253  38.240  -9.057  33.287 0.2222220004
58254  37.516  -9.449  33.066 0.3333329856
58268  35.704  -9.801  31.813 0.5555559993
59240  38.475  -8.381  32.732 0.2222220004
59241  37.783  -8.790  32.536 0.4444440007
58266  37.079  -9.136  32.337 0.5555559993
58280  35.989  -9.140  31.351 0.5555559993
58281  35.281  -9.430  31.108 0.5555559993
59227  38.928  -8.617  33.457 0.2222220004
60180  39.168  -7.940  32.948 0.3333329856
59267  36.251  -8.453  30.850 0.5555559993
60179  39.897  -7.628  33.200 0.2222220004
60194  39.559  -7.260  32.322 0.2222220004
60178  40.383  -7.082  32.778 0.4444440007
61203  40.864  -6.569  32.300 0.4444440007
61211  40.487  -6.337  31.594 0.3333329856
61210  41.218  -6.070  31.692 0.2222220004
62166  42.649  -5.901  32.350 0.1111110002
62173  44.080  -5.292  31.876 0.1111110002
105096  43.421  -5.535  32.002 0.2222220004
63057  45.298  -5.036  32.027 0.1111110002
63068  44.712  -4.893  31.392 0.1111110002
63066  47.415  -4.425  31.544 0.1111110002
65661  38.589  -1.465  31.059 0.4444440007
64791  37.770  -1.656  30.583 0.4444440007
65687  40.461  -0.717  28.856 0.2222220004
66560  43.274  0.050  27.194 0.3333329856
29694  -3.768  -40.449  47.535 0.1111110002
38184  9.967  -31.438  46.820 0.1111110002
40821  11.583  -28.440  47.760 0.1111110002
61204  40.191  -6.767  32.102 0.4444440007
62167  42.020  -5.801  31.622 0.2222220004
63069  43.679  -5.075  31.216 0.1111110002
66549  41.342  -0.369  28.506 0.2222220004
33343  1.802  -36.498  52.246 0.1111110002
59268  35.560  -8.768  30.712 0.5555559993
120352  1.150  -36.618  52.767 0.1111110002
39066  11.334  -30.394  48.472 0.1111110002
39050  11.683  -30.701  49.044 0.1111110002
38171  11.195  -31.047  48.567 0.1111110002
56466  35.331  -11.330  33.532 0.3333329856
57331  35.736  -10.744  33.049 0.4444440007
56467  34.584  -11.595  33.278 0.4444440007
57330  36.469  -10.450  33.314 0.3333329856
58255  36.805  -9.802  32.820 0.3333329856
58240  37.965  -9.774  33.838 0.2222220004
58239  38.758  -9.319  34.102 0.2222220004
58267  36.406  -9.489  32.073 0.5555559993
59255  36.676  -8.855  31.596 0.5555559993
59226  39.566  -8.208  33.664 0.2222220004
110560  40.597  -7.407  33.575 0.1111110002
118156  45.771  -4.654  31.402 0.1111110002
30549  12.107  -39.726  49.693 0.1111110002
40031  21.559  -29.288  45.703 0.1111110002
40023  20.317  -29.962  46.026 0.1111110002
39063  19.648  -31.112  47.153 0.1111110002
33317  15.705  -36.764  54.241 0.1111110002
40032  20.278  -29.390  45.271 0.1111110002
40024  19.435  -30.353  46.100 0.2222220004
38168  18.545  -31.660  47.383 0.2222220004
37254  18.002  -32.784  49.119 0.1111110002
36298  17.221  -33.828  50.388 0.1111110002
35333  16.492  -34.696  51.751 0.1111110002
34343  16.276  -35.239  53.278 0.1111110002
40837  21.002  -28.921  45.076 0.2222220004
113973  18.813  -30.102  45.630 0.2222220004
39065  18.160  -31.228  46.764 0.2222220004
37265  17.735  -32.597  48.381 0.1111110002
36310  16.902  -33.655  49.407 0.1111110002
40046  19.551  -29.258  44.755 0.2222220004
39079  18.620  -30.721  46.246 0.2222220004
30533  12.633  -40.012  53.319 0.1111110002
30532  13.540  -39.789  53.044 0.1111110002
31444  14.612  -39.249  53.484 0.1111110002
121383  15.016  -37.095  54.341 0.1111110002
111373  15.809  -34.685  50.285 0.1111110002
34344  15.545  -35.462  52.589 0.1111110002
37276  17.447  -32.351  47.638 0.1111110002
36321  16.633  -33.477  48.592 0.1111110002
38170  17.118  -32.012  46.943 0.2222220004
36333  16.364  -33.277  47.810 0.1111110002
31428  12.687  -38.590  54.265 0.1111110002
30523  12.332  -39.562  54.060 0.1111110002
30519  12.742  -39.019  54.349 0.1111110002
31427  13.458  -38.535  54.275 0.1111110002
31434  14.175  -38.981  54.068 0.1111110002
32365  13.927  -37.682  54.253 0.1111110002
33318  14.522  -37.105  54.242 0.1111110002
33338  14.196  -36.316  52.892 0.1111110002
34345  14.927  -35.943  53.273 0.1111110002
34355  14.698  -35.791  52.237 0.1111110002
32375  13.397  -37.536  54.019 0.1111110002
33330  13.714  -36.917  53.548 0.1111110002
33348  13.975  -36.113  51.908 0.1111110002
110228  14.458  -35.721  51.410 0.1111110002
34365  14.604  -35.492  50.571 0.1111110002
34375  15.114  -34.983  49.923 0.1111110002
55617  35.947  -12.138  35.504 0.2222220004
56450  35.973  -11.791  35.012 0.2222220004
56457  35.572  -11.671  34.369 0.2222220004
56458  34.902  -11.789  33.949 0.3333329856
56455  37.142  -11.159  34.880 0.2222220004
52886  29.990  -15.584  39.096 0.1111110002
53805  29.641  -14.827  39.271 0.2222220004
54720  28.483  -13.967  39.776 0.2222220004
55580  27.360  -12.202  39.573 0.2222220004
61202  41.708  -6.296  32.470 0.1111110002
63894  37.577  -2.523  33.268 0.1111110002
38169  17.821  -31.778  47.184 0.2222220004
50052  27.616  -17.991  43.929 0.1111110002
125312  20.287  -28.934  44.719 0.2222220004
121402  15.618  -34.337  48.761 0.1111110002
36322  15.939  -33.844  48.301 0.1111110002
30544  12.463  -39.787  50.360 0.1111110002
105219  20.888  -29.479  45.642 0.1111110002
39077  20.002  -30.624  46.649 0.1111110002
38167  19.282  -31.616  47.557 0.1111110002
39078  19.309  -30.821  46.620 0.2222220004
38157  19.626  -32.011  48.290 0.1111110002
31425  15.258  -37.638  54.279 0.1111110002
32363  16.183  -37.353  54.149 0.1111110002
33328  15.126  -36.660  54.180 0.1111110002
39064  18.902  -31.194  46.963 0.2222220004
38158  18.860  -32.004  48.101 0.1111110002
38159  18.151  -32.115  47.888 0.1111110002
37264  18.441  -32.388  48.614 0.1111110002
37255  17.317  -33.103  48.886 0.1111110002
36309  17.657  -33.283  49.663 0.1111110002
35346  16.502  -34.442  50.770 0.1111110002
35321  16.153  -35.000  52.461 0.1111110002
109615  15.691  -35.769  53.621 0.1111110002
34331  16.460  -35.639  53.907 0.1111110002
40033  19.559  -29.789  45.486 0.2222220004
37266  17.021  -32.885  48.127 0.1111110002
120056  13.296  -39.391  53.903 0.1111110002
29631  13.033  -39.972  52.536 0.1111110002
30531  14.396  -39.566  52.715 0.1111110002
105776  13.645  -39.779  52.157 0.1111110002
30522  14.043  -39.486  53.509 0.1111110002
31433  15.063  -38.636  53.883 0.1111110002
35357  16.379  -34.183  49.892 0.1111110002
35347  15.838  -34.862  51.103 0.1111110002
35334  15.829  -35.059  51.842 0.1111110002
34354  15.186  -35.356  51.454 0.1111110002
36311  16.183  -33.992  49.075 0.1111110002
35358  15.690  -34.524  49.473 0.1111110002
32366  13.216  -38.069  54.219 0.1111110002
31426  14.402  -38.153  54.287 0.1111110002
33319  13.997  -37.143  54.096 0.1111110002
33329  14.526  -36.614  53.817 0.1111110002
34333  15.200  -36.210  53.905 0.1111110002
34364  15.297  -35.053  50.654 0.1111110002
33339  13.456  -36.682  52.531 0.1111110002
119478  33.151  -18.174  40.788 0.1111110002
51056  33.079  -17.581  40.075 0.1111110002
51980  32.959  -16.235  38.949 0.2222220004
63027  37.213  -3.942  35.783 0.1111110002
66540  41.878  0.064  29.085 0.1111110002
66559  44.187  0.260  26.973 0.2222220004
123137  43.286  0.527  28.568 0.1111110002
66570  45.192  0.026  25.983 0.3333329856
67455  44.843  0.722  27.595 0.2222220004
66558  45.000  0.472  26.748 0.2222220004
67463  45.614  0.688  26.590 0.2222220004
66569  45.702  0.204  25.820 0.2222220004
67471  46.143  0.280  25.555 0.2222220004
67453  46.118  1.151  27.195 0.1111110002
67452  46.529  1.309  26.949 0.1111110002
67462  46.051  0.843  26.401 0.2222220004
67470  46.641  0.471  25.223 0.2222220004
68361  55.757  2.151  24.339 0.2222220004
69272  55.493  2.541  24.126 0.2222220004
68343  47.789  1.984  27.849 0.1111110002
68350  46.956  1.566  26.469 0.1111110002
117648  46.803  1.105  25.581 0.2222220004
69271  56.077  2.301  23.521 0.2222220004
70112  55.715  2.687  23.297 0.3333329856
69280  56.344  2.427  22.672 0.3333329856
69281  55.845  2.767  22.359 0.3333329856
68355  47.439  2.115  26.286 0.1111110002
69273  55.138  2.857  23.796 0.3333329856
70113  55.157  2.899  22.860 0.3333329856
70116  55.119  2.877  21.809 0.3333329856
69291  56.497  2.539  21.770 0.2222220004
69257  47.690  2.516  25.467 0.3333329856
70120  55.857  2.795  21.320 0.3333329856
69292  54.381  2.816  21.310 0.3333329856
70121  54.972  2.873  20.655 0.3333329856
69300  53.937  2.963  20.580 0.3333329856
70128  54.409  3.229  19.759 0.1111110002
70139  54.044  3.793  19.254 0.1111110002
70138  54.970  3.571  18.937 0.1111110002
70994  55.633  4.025  18.403 0.1111110002
70984  54.729  4.266  18.679 0.1111110002
70993  56.333  4.688  18.073 0.1111110002
71860  54.589  5.392  18.833 0.1111110002
70985  53.827  4.532  19.153 0.1111110002
70140  53.160  3.979  19.571 0.1111110002
71871  55.526  4.936  18.365 0.1111110002
66541  41.258  -0.328  29.490 0.1111110002
67456  43.870  0.552  27.911 0.2222220004
66580  46.617  -0.338  24.971 0.3333329856
68356  47.189  1.661  25.478 0.3333329856
122886  39.129  -1.233  30.579 0.2222220004
67454  45.585  0.969  27.385 0.2222220004
67461  46.429  0.968  26.046 0.2222220004
68349  47.595  2.070  27.104 0.1111110002
27887  -2.107  -42.781  50.186 0.1111110002
109234  -2.768  -43.102  49.401 0.1111110002
117355  -2.321  -42.225  50.001 0.1111110002
28776  -2.229  -41.721  49.904 0.1111110002
29656  -2.201  -41.072  49.565 0.1111110002
27898  -3.085  -42.332  49.347 0.1111110002
27910  -3.108  -42.919  48.808 0.1111110002
27899  -3.439  -42.098  48.763 0.1111110002
28782  -2.771  -41.742  49.678 0.1111110002
28783  -3.262  -41.476  49.167 0.1111110002
28794  -3.505  -41.264  48.568 0.1111110002
29657  -2.601  -41.149  49.505 0.1111110002
51955  30.910  -17.051  40.662 0.1111110002
57241  28.893  -9.935  40.248 0.1111110002
58164  30.186  -9.101  40.921 0.1111110002
58165  29.527  -9.537  40.573 0.1111110002
57251  28.867  -9.655  39.326 0.1111110002
59159  30.919  -8.163  37.709 0.1111110002
64774  38.215  -2.098  32.600 0.1111110002
64782  38.799  -1.630  32.003 0.1111110002
64783  37.958  -1.828  31.647 0.2222220004
65660  39.378  -1.332  31.372 0.1111110002
66599  57.086  -0.043  22.729 0.1111110002
68370  56.349  1.734  23.576 0.1111110002
120515  57.682  -0.033  22.117 0.1111110002
68378  57.232  1.601  22.258 0.1111110002
68379  56.698  2.004  22.822 0.1111110002
29671  -3.090  -40.853  49.273 0.1111110002
108218  30.994  -17.918  41.815 0.1111110002
116289  -2.279  -43.365  49.933 0.1111110002
27891  -2.627  -42.569  49.822 0.1111110002
125003  -3.625  -41.834  48.200 0.1111110002
118344  29.391  -9.475  39.879 0.1111110002
58153  29.673  -9.674  41.440 0.1111110002
58176  29.593  -9.222  39.327 0.1111110002
67487  56.760  0.951  23.145 0.1111110002
67494  57.403  0.827  22.385 0.1111110002
66607  58.176  -0.740  21.551 0.1111110002
67495  56.926  1.487  22.828 0.1111110002
33377  -3.709  -35.967  49.170 0.1111110002
32389  -1.305  -36.298  52.713 0.1111110002
32400  -1.851  -36.262  52.120 0.1111110002
32390  -1.618  -36.081  52.764 0.1111110002
33344  -2.208  -36.125  52.108 0.1111110002
33354  -2.468  -36.012  51.703 0.1111110002
54719  29.264  -14.404  39.991 0.1111110002
53789  29.932  -14.621  40.451 0.1111110002
54707  29.232  -14.186  40.906 0.1111110002
53799  30.116  -14.997  39.792 0.1111110002
54708  28.463  -13.683  40.518 0.1111110002
55564  27.961  -12.488  40.815 0.1111110002
56448  37.515  -11.605  35.723 0.1111110002
125598  37.964  -11.690  36.199 0.1111110002
33355  -2.802  -35.723  51.248 0.1111110002
105311  -1.177  -36.483  52.115 0.1111110002
107910  -0.288  -36.704  51.330 0.1111110002
33366  -3.204  -35.622  49.930 0.1111110002
57312  37.947  -10.903  35.157 0.1111110002
61194  41.211  -6.854  33.109 0.1111110002
67514  55.849  -0.047  19.821 0.1111110002
124093  56.205  0.323  19.156 0.1111110002
112165  55.350  0.638  19.443 0.1111110002
68387  58.401  0.900  20.418 0.1111110002
68388  58.032  1.678  20.364 0.1111110002
67533  59.380  -0.341  17.693 0.1111110002
68391  58.162  1.937  19.606 0.1111110002
69298  57.666  2.191  20.071 0.1111110002
66661  59.056  -1.146  17.600 0.1111110002
66663  57.836  -0.579  17.937 0.1111110002
67501  53.874  0.566  20.157 0.1111110002
67502  53.055  0.510  20.316 0.1111110002
67556  59.268  -0.372  17.031 0.1111110002
66677  59.095  -0.579  17.068 0.1111110002
67536  57.616  0.195  17.615 0.1111110002
67513  56.894  0.262  18.409 0.1111110002
120097  57.452  1.697  21.666 0.1111110002
69289  57.477  2.031  21.053 0.1111110002
69290  57.007  2.378  21.258 0.1111110002
67534  59.167  0.671  18.188 0.1111110002
68390  58.648  1.096  19.450 0.1111110002
69299  57.212  2.408  20.462 0.1111110002
70126  56.603  2.648  20.718 0.1111110002
67503  52.124  0.393  20.409 0.1111110002
69305  57.360  2.596  19.495 0.1111110002
115449  54.398  0.893  19.562 0.1111110002
68406  59.301  0.309  17.108 0.1111110002
67558  58.784  0.275  16.705 0.1111110002
113090  55.842  2.849  20.395 0.1111110002
69303  58.566  1.778  18.552 0.1111110002
70127  55.378  3.077  19.654 0.1111110002
68407  59.062  1.151  17.548 0.1111110002
69314  58.159  2.708  18.056 0.1111110002
68431  59.050  1.086  16.748 0.1111110002
69279  56.988  2.123  21.971 0.1111110002
67500  54.767  0.216  20.264 0.1111110002
68385  57.881  1.404  21.120 0.1111110002
66660  59.226  -0.929  17.480 0.1111110002
67535  58.489  -0.284  17.195 0.1111110002
66662  58.699  -1.065  17.584 0.1111110002
67516  53.424  1.091  19.482 0.1111110002
67557  59.084  0.326  16.707 0.1111110002
67512  59.287  0.010  18.810 0.1111110002
111455  56.300  2.911  19.647 0.1111110002
115951  56.923  2.677  19.844 0.1111110002
69304  57.909  2.431  19.124 0.1111110002
32364  14.607  -37.499  54.302 0.1111110002
40038  9.987  -29.716  45.387 0.5555559993
42637  25.868  -26.294  44.849 0.1111110002
43581  21.908  -25.409  45.393 0.1111110002
48165  30.591  -20.190  40.422 0.4444440007
55631  25.171  -12.852  34.046 1.0000000000
