#!ascii label  , from subject sub-v2s17x50038_ses-1 vox2ras=TkReg
2053
18144  45.895  -54.327  -23.905 0.2000000030
17333  46.292  -54.355  -23.311 0.2000000030
126726  45.933  -53.934  -23.679 0.2000000030
17346  45.812  -54.817  -23.642 0.2000000030
18146  43.642  -54.525  -23.775 0.1000000015
18132  46.818  -53.869  -22.769 0.3000000119
18143  46.294  -53.935  -23.377 0.2000000030
18145  45.322  -54.000  -23.815 0.1000000015
18157  45.324  -54.540  -24.286 0.2000000030
18922  45.148  -53.362  -22.136 0.1000000015
123627  44.309  -54.107  -23.523 0.1000000015
18134  43.249  -54.314  -22.411 0.1000000015
109914  42.600  -54.450  -21.270 0.1000000015
17335  42.553  -54.858  -22.870 0.1000000015
18103  41.787  -54.624  -19.840 0.1000000015
18135  42.150  -54.833  -21.678 0.1000000015
17319  41.244  -55.247  -21.057 0.1000000015
18104  40.953  -54.866  -19.123 0.2000000030
17303  41.038  -55.080  -20.121 0.1000000015
18894  45.199  -52.787  -20.285 0.1000000015
112955  44.210  -53.261  -19.423 0.1000000015
112916  46.138  -53.105  -22.310 0.2000000030
18117  43.334  -53.997  -21.347 0.1000000015
18907  45.106  -53.103  -21.282 0.1000000015
18133  44.468  -53.717  -22.580 0.1000000015
18101  43.301  -53.863  -20.324 0.1000000015
116707  41.842  -54.520  -19.117 0.1000000015
18070  40.193  -54.500  -17.327 0.2000000030
18084  41.521  -54.545  -18.390 0.2000000030
18071  39.333  -54.243  -17.301 0.1000000015
17293  39.865  -55.042  -18.774 0.2000000030
19663  38.668  -52.903  -16.475 0.2000000030
19679  38.499  -52.501  -17.079 0.1000000015
108952  38.637  -51.688  -16.714 0.1000000015
18082  43.325  -53.775  -19.251 0.1000000015
18102  42.536  -54.259  -19.592 0.1000000015
123623  38.964  -53.138  -15.976 0.2000000030
20507  38.642  -51.661  -15.914 0.2000000030
22252  38.828  -50.159  -15.804 0.2000000030
111037  38.594  -52.257  -16.378 0.2000000030
21386  38.769  -50.968  -16.229 0.1000000015
21385  39.200  -50.284  -16.656 0.2000000030
18067  43.021  -53.949  -18.145 0.1000000015
18083  42.411  -54.273  -18.696 0.1000000015
18845  40.508  -53.857  -15.981 0.2000000030
18054  39.846  -54.125  -16.587 0.3000000119
22239  38.797  -49.127  -15.477 0.3000000119
23178  39.497  -48.750  -16.249 0.2000000030
22250  40.037  -48.925  -16.867 0.2000000030
21394  40.177  -49.978  -17.913 0.2000000030
18824  39.575  -53.581  -15.918 0.3000000119
18069  41.187  -54.471  -17.526 0.2000000030
23149  38.293  -48.671  -14.790 0.3000000119
23165  38.650  -48.259  -15.271 0.3000000119
25032  38.780  -46.505  -15.381 0.3000000119
24083  39.237  -48.164  -15.861 0.3000000119
24098  39.549  -47.345  -16.091 0.2000000030
23187  40.683  -48.347  -17.263 0.2000000030
25016  37.719  -46.614  -14.354 0.4000000060
22224  38.181  -49.371  -14.436 0.3000000119
24069  38.086  -47.901  -14.685 0.3000000119
20488  38.697  -51.632  -15.101 0.2000000030
21369  38.624  -50.929  -15.361 0.2000000030
121900  39.255  -46.786  -15.783 0.3000000119
23177  40.017  -48.031  -16.564 0.2000000030
25046  39.791  -46.555  -16.179 0.2000000030
24109  40.751  -47.527  -17.062 0.2000000030
26853  37.868  -44.845  -14.337 0.3000000119
109335  38.203  -46.985  -14.867 0.3000000119
113970  39.039  -44.150  -15.253 0.2000000030
26867  40.364  -44.300  -16.072 0.2000000030
26868  39.689  -44.411  -15.650 0.2000000030
26885  40.850  -44.668  -16.401 0.1000000015
25983  39.984  -45.768  -16.151 0.2000000030
25044  41.155  -45.971  -16.858 0.2000000030
25982  40.682  -45.469  -16.466 0.2000000030
24096  40.906  -46.736  -16.978 0.2000000030
112472  37.901  -43.915  -14.435 0.3000000119
27756  37.850  -43.004  -14.559 0.3000000119
25949  38.425  -45.272  -14.807 0.3000000119
29511  37.656  -41.444  -14.624 0.2000000030
27771  38.594  -43.469  -15.008 0.3000000119
29510  38.168  -41.652  -15.040 0.2000000030
26852  38.502  -44.419  -14.828 0.3000000119
27770  39.396  -43.569  -15.499 0.1000000015
112420  39.805  -42.936  -15.809 0.1000000015
27787  40.870  -43.756  -16.332 0.1000000015
120282  40.415  -43.095  -16.133 0.1000000015
28632  39.518  -42.146  -15.832 0.1000000015
26884  41.496  -44.334  -16.738 0.1000000015
28599  37.231  -42.612  -14.130 0.3000000119
28615  37.711  -42.145  -14.605 0.2000000030
113509  37.367  -40.844  -14.382 0.2000000030
31338  37.488  -39.385  -14.474 0.2000000030
32261  37.269  -38.585  -14.175 0.1000000015
30425  37.961  -40.904  -14.947 0.1000000015
32260  37.842  -38.702  -14.852 0.1000000015
30437  38.357  -40.259  -15.287 0.1000000015
108183  38.821  -41.895  -15.450 0.1000000015
29539  39.940  -41.608  -16.249 0.1000000015
29538  40.628  -41.832  -16.558 0.1000000015
30408  36.684  -40.806  -13.710 0.2000000030
33192  37.643  -37.884  -14.567 0.1000000015
32273  38.216  -38.026  -15.202 0.1000000015
31337  38.084  -39.486  -15.085 0.1000000015
31349  38.716  -39.573  -15.612 0.1000000015
29522  39.297  -41.308  -15.842 0.1000000015
32272  39.068  -38.911  -15.943 0.1000000015
30450  39.805  -40.805  -16.303 0.1000000015
30436  39.113  -40.365  -15.842 0.1000000015
34178  38.020  -36.576  -14.681 0.1000000015
31358  39.786  -39.067  -16.460 0.1000000015
112958  40.505  -40.416  -16.788 0.1000000015
35167  37.774  -36.122  -14.179 0.1000000015
18118  42.554  -54.336  -20.474 0.1000000015
18908  44.174  -53.511  -21.281 0.1000000015
18865  38.761  -53.871  -17.557 0.1000000015
19502  42.116  -52.726  -3.705 0.5000000000
19495  42.652  -52.704  -2.899 0.5000000000
19496  41.565  -52.462  -2.914 0.5000000000
19503  40.784  -52.384  -3.396 0.5000000000
19468  45.353  -52.210  -0.749 0.2000000030
19484  44.710  -52.586  -1.554 0.2000000030
19469  44.279  -52.069  -0.833 0.3000000119
19485  43.696  -52.461  -1.661 0.3000000119
107660  42.981  -52.526  -2.115 0.5000000000
19486  42.157  -52.319  -1.953 0.5000000000
20333  41.560  -51.776  -1.283 0.5000000000
19487  41.131  -52.138  -2.051 0.5000000000
123353  40.621  -51.604  -1.474 0.5000000000
116995  40.759  -52.229  -2.697 0.5000000000
19516  40.815  -52.548  -4.237 0.5000000000
20352  39.271  -51.911  -3.426 0.5000000000
19529  40.890  -52.822  -5.297 0.5000000000
18736  41.090  -53.648  -7.152 0.5000000000
20313  44.958  -51.434  -0.099 0.3000000119
20314  43.895  -51.404  -0.268 0.3000000119
110312  42.909  -52.246  -1.534 0.5000000000
20334  39.661  -51.328  -1.726 0.5000000000
20345  39.454  -51.690  -2.561 0.5000000000
118166  39.455  -52.146  -4.152 0.5000000000
19531  39.758  -52.487  -5.552 0.5000000000
18778  42.948  -53.549  -10.995 0.4000000060
18779  42.263  -53.521  -10.530 0.5000000000
18005  41.807  -54.012  -10.101 0.5000000000
110630  40.503  -53.360  -8.182 0.5000000000
18737  40.367  -53.169  -7.122 0.5000000000
18793  43.766  -53.244  -11.271 0.4000000060
20312  46.108  -51.508  -0.003 0.3000000119
21192  43.530  -50.683  0.059 0.4000000060
20315  42.957  -51.370  -0.447 0.4000000060
20316  42.053  -51.260  -0.617 0.5000000000
20317  41.042  -51.106  -0.675 0.5000000000
124659  40.202  -51.060  -1.066 0.5000000000
108453  40.252  -50.412  -0.498 0.5000000000
21206  39.530  -50.634  -1.106 0.5000000000
20335  38.848  -50.738  -1.705 0.5000000000
120956  38.919  -51.253  -2.242 0.5000000000
20353  38.436  -51.527  -3.628 0.5000000000
19541  39.416  -52.437  -6.458 0.6000000238
18760  40.968  -53.832  -8.914 0.5000000000
19540  39.753  -52.757  -7.030 0.5000000000
19604  45.237  -52.780  -11.699 0.4000000060
18792  44.421  -53.497  -11.621 0.4000000060
113735  46.663  -51.597  2.590 0.1000000015
21147  45.697  -49.593  2.250 0.1000000015
111943  44.818  -49.419  2.452 0.1000000015
21145  47.307  -50.365  1.864 0.1000000015
107981  46.023  -49.304  1.736 0.1000000015
22021  45.408  -48.777  1.869 0.1000000015
22020  46.517  -49.637  1.552 0.1000000015
22035  45.864  -49.005  1.332 0.1000000015
22960  44.920  -48.244  1.725 0.1000000015
20296  45.808  -50.391  0.454 0.2000000030
21177  46.370  -49.570  0.892 0.1000000015
20297  44.590  -50.383  0.280 0.3000000119
121341  43.964  -50.059  0.309 0.4000000060
21179  43.346  -49.823  0.344 0.4000000060
21181  41.561  -49.813  0.149 0.4000000060
21182  40.743  -49.749  0.055 0.5000000000
22067  39.899  -49.600  -0.119 0.5000000000
22069  38.985  -49.345  -0.433 0.5000000000
21196  38.813  -50.085  -1.089 0.5000000000
109824  38.318  -51.584  -4.427 0.5000000000
19570  40.096  -52.602  -8.642 0.5000000000
18780  41.754  -53.124  -10.242 0.5000000000
19605  44.444  -52.576  -11.243 0.4000000060
19609  47.316  -52.673  -12.720 0.5000000000
18612  44.069  -53.859  2.850 0.1000000015
113581  45.616  -53.443  2.815 0.1000000015
19417  45.074  -52.400  2.710 0.1000000015
113734  45.651  -51.697  2.671 0.1000000015
20263  45.888  -50.635  2.505 0.1000000015
126025  45.057  -50.231  2.567 0.1000000015
111954  43.831  -49.451  2.600 0.1000000015
19418  44.044  -52.172  2.683 0.1000000015
20264  44.739  -51.250  2.689 0.1000000015
22022  44.477  -48.490  2.259 0.1000000015
24784  42.358  -46.480  1.345 0.2000000030
24774  41.876  -46.118  1.793 0.2000000030
21176  47.094  -50.193  1.052 0.1000000015
22050  45.717  -48.799  1.087 0.1000000015
109344  45.177  -48.298  1.148 0.1000000015
22983  44.784  -48.001  1.256 0.1000000015
23881  43.248  -46.981  1.463 0.2000000030
22051  45.249  -48.527  0.907 0.2000000030
22984  44.480  -48.041  0.974 0.1000000015
116404  42.402  -47.442  0.707 0.2000000030
24785  41.612  -45.768  1.374 0.2000000030
107529  44.461  -49.225  0.578 0.2000000030
22052  43.679  -48.823  0.619 0.2000000030
116875  42.917  -49.149  0.483 0.3000000119
118479  41.138  -48.406  0.436 0.3000000119
22987  40.449  -47.961  0.402 0.4000000060
22055  40.506  -48.970  0.292 0.5000000000
19542  38.789  -51.937  -6.638 0.5000000000
22068  39.661  -48.763  0.127 0.4000000060
21286  38.806  -50.561  -7.863 0.5000000000
20396  38.665  -51.170  -7.520 0.5000000000
20386  38.254  -51.271  -6.739 0.5000000000
20409  39.515  -51.475  -8.397 0.5000000000
20395  39.103  -51.676  -7.820 0.5000000000
19555  38.792  -51.684  -7.221 0.5000000000
21218  38.195  -50.805  -2.467 0.5000000000
21207  38.112  -50.119  -1.800 0.5000000000
118338  40.963  -52.252  -9.597 0.5000000000
20426  40.578  -51.701  -9.228 0.5000000000
20408  39.960  -51.932  -8.833 0.5000000000
20377  37.861  -51.145  -5.843 0.5000000000
19593  43.556  -52.427  -10.852 0.5000000000
114469  42.519  -52.753  -10.555 0.5000000000
19571  39.547  -52.161  -8.210 0.5000000000
126781  38.348  -51.643  -5.317 0.6000000238
18769  40.641  -53.007  -9.262 0.5000000000
118209  45.987  -52.142  -11.663 0.4000000060
111286  43.576  -54.486  2.902 0.1000000015
113027  44.551  -53.163  2.754 0.1000000015
115323  43.521  -52.941  2.606 0.1000000015
113733  43.030  -52.061  2.573 0.1000000015
19420  41.185  -51.931  2.323 0.1000000015
20265  43.579  -51.249  2.696 0.1000000015
22024  42.744  -49.462  2.602 0.1000000015
111968  42.917  -48.371  2.530 0.1000000015
116118  42.589  -47.059  2.299 0.1000000015
23866  44.049  -47.468  1.855 0.1000000015
23868  41.932  -46.541  2.261 0.2000000030
23880  43.930  -47.360  1.537 0.1000000015
24773  42.649  -46.642  1.867 0.2000000030
115189  41.548  -47.608  0.554 0.3000000119
110140  41.697  -46.108  0.867 0.3000000119
25740  41.306  -44.965  1.265 0.2000000030
24796  41.394  -45.491  0.886 0.2000000030
24797  40.643  -46.033  0.470 0.3000000119
22997  39.425  -47.903  0.184 0.4000000060
23897  39.992  -47.061  0.372 0.4000000060
124256  37.314  -49.160  -7.070 0.5000000000
106224  37.122  -49.557  -6.515 0.5000000000
21262  37.042  -49.912  -5.908 0.5000000000
108497  38.965  -48.532  -0.125 0.5000000000
24890  36.520  -46.948  -5.414 0.5000000000
24878  36.563  -47.051  -4.649 0.5000000000
23041  36.192  -48.412  -4.693 0.5000000000
22126  36.594  -49.261  -5.842 0.5000000000
21250  37.324  -50.460  -5.463 0.6000000238
22077  38.181  -49.365  -1.199 0.5000000000
23009  38.353  -48.600  -0.664 0.5000000000
24877  37.074  -46.708  -4.316 0.5000000000
23944  36.375  -47.739  -4.231 0.5000000000
22103  36.332  -49.030  -4.347 0.6000000238
20365  37.719  -51.074  -4.894 0.5000000000
21219  37.502  -50.599  -3.074 0.5000000000
21236  37.102  -50.345  -4.467 0.5000000000
20354  37.673  -51.013  -3.873 0.5000000000
113304  48.032  -53.549  -13.740 0.4000000060
117164  48.067  -52.823  -13.312 0.4000000060
18796  46.810  -53.596  -12.773 0.4000000060
20270  39.121  -50.721  2.292 0.1000000015
20268  40.714  -51.200  2.445 0.1000000015
117338  39.441  -50.207  2.495 0.1000000015
20266  42.568  -51.240  2.651 0.1000000015
20267  41.620  -51.232  2.558 0.1000000015
21148  41.179  -50.499  2.584 0.1000000015
116268  39.951  -49.785  2.557 0.1000000015
111438  42.135  -50.462  2.636 0.1000000015
108711  40.822  -49.679  2.576 0.1000000015
22026  40.189  -49.021  2.560 0.1000000015
22025  42.026  -48.953  2.564 0.1000000015
111166  41.246  -48.664  2.532 0.1000000015
22964  41.610  -47.491  2.490 0.1000000015
24776  40.170  -46.474  2.430 0.2000000030
110267  40.437  -45.707  2.300 0.2000000030
25732  40.921  -45.226  2.056 0.2000000030
25731  41.400  -45.413  1.784 0.2000000030
25741  41.050  -44.734  1.634 0.2000000030
107326  45.923  -44.040  -2.195 0.2000000030
117173  44.726  -46.162  -2.637 0.2000000030
26682  44.447  -45.098  -2.475 0.2000000030
26683  43.464  -45.219  -2.548 0.2000000030
27593  42.174  -43.871  -2.222 0.2000000030
25782  43.859  -46.506  -2.739 0.2000000030
25783  42.857  -46.690  -2.887 0.2000000030
116981  41.502  -46.251  -2.855 0.2000000030
26686  40.345  -45.214  -2.430 0.2000000030
26685  41.286  -44.902  -2.446 0.3000000119
25772  39.001  -45.402  -1.810 0.4000000060
24849  41.744  -47.565  -4.359 0.2000000030
24829  41.397  -47.209  -3.643 0.3000000119
25786  39.810  -46.406  -3.295 0.4000000060
25767  38.674  -45.872  -1.389 0.5000000000
24804  39.039  -46.458  -0.330 0.4000000060
22998  38.664  -47.860  -0.257 0.5000000000
104803  38.899  -46.346  -4.743 0.5000000000
24851  39.767  -46.913  -4.508 0.4000000060
115879  39.145  -46.729  -3.902 0.4000000060
25793  38.378  -46.408  -3.316 0.4000000060
24832  37.794  -46.599  -2.778 0.5000000000
24812  37.505  -46.997  -2.114 0.5000000000
24811  38.093  -46.421  -1.786 0.5000000000
23907  38.486  -47.106  -0.557 0.5000000000
24852  37.765  -46.573  -3.968 0.5000000000
24853  37.248  -46.879  -3.464 0.5000000000
23931  36.636  -47.773  -3.406 0.5000000000
22096  36.555  -49.353  -3.759 0.5000000000
21227  37.149  -50.364  -3.640 0.5000000000
22088  36.957  -49.785  -3.045 0.5000000000
22078  37.417  -49.372  -2.078 0.5000000000
22036  37.034  -49.747  1.890 0.1000000015
21161  38.210  -50.796  1.976 0.1000000015
21151  37.784  -49.966  2.227 0.1000000015
22968  37.046  -48.549  2.111 0.1000000015
116923  38.215  -49.349  2.461 0.1000000015
22967  37.812  -48.643  2.390 0.1000000015
113046  38.622  -48.631  2.509 0.1000000015
114239  38.208  -48.093  2.408 0.1000000015
23870  39.848  -47.455  2.483 0.1000000015
24777  39.134  -46.943  2.399 0.1000000015
25734  39.434  -45.944  2.241 0.2000000030
26631  40.696  -44.588  1.889 0.2000000030
27578  45.585  -43.294  -1.815 0.1000000015
27590  45.074  -43.979  -2.236 0.2000000030
27591  44.129  -43.926  -2.280 0.2000000030
27592  43.120  -43.937  -2.308 0.2000000030
124078  41.324  -44.527  0.911 0.2000000030
28439  46.200  -42.281  -1.965 0.1000000015
28440  45.513  -42.632  -1.651 0.1000000015
27579  44.749  -42.990  -1.605 0.1000000015
27580  43.745  -42.959  -1.602 0.1000000015
123490  40.795  -44.227  -2.041 0.1000000015
24798  39.639  -46.474  0.134 0.3000000119
25755  40.854  -45.024  0.502 0.2000000030
27594  41.453  -43.669  -1.858 0.1000000015
26670  40.219  -44.348  -1.723 0.1000000015
26671  39.658  -44.689  -1.274 0.3000000119
25756  39.722  -45.670  -0.164 0.2000000030
23919  37.461  -47.716  -1.704 0.5000000000
23918  37.936  -47.040  -1.293 0.5000000000
22999  38.005  -47.804  -0.912 0.5000000000
112677  37.034  -47.643  -2.601 0.5000000000
23020  37.123  -48.449  -2.208 0.5000000000
23010  37.668  -48.550  -1.400 0.5000000000
22089  36.619  -49.046  -3.200 0.5000000000
115615  36.138  -49.524  1.586 0.1000000015
109553  35.357  -48.141  1.441 0.1000000015
23883  35.504  -47.355  1.333 0.1000000015
22975  36.241  -48.654  1.744 0.1000000015
126327  36.484  -47.631  1.701 0.1000000015
106273  35.923  -46.881  1.284 0.1000000015
23873  37.536  -47.906  2.194 0.1000000015
24786  37.647  -46.176  1.710 0.1000000015
24787  36.688  -46.489  1.418 0.1000000015
24778  38.392  -46.542  2.130 0.1000000015
123373  38.484  -45.710  1.871 0.2000000030
25743  39.298  -45.137  1.935 0.2000000030
25742  39.990  -44.528  1.932 0.2000000030
107657  39.786  -43.993  1.718 0.2000000030
26643  40.488  -43.973  1.763 0.2000000030
26642  40.995  -43.998  1.602 0.2000000030
27546  41.136  -43.401  1.298 0.2000000030
26641  41.309  -44.007  1.204 0.2000000030
29365  45.924  -41.603  -2.234 0.1000000015
29349  45.418  -41.956  -1.658 0.1000000015
28442  43.963  -42.279  -1.158 0.1000000015
27581  42.857  -43.000  -1.558 0.1000000015
26664  41.298  -43.505  0.431 0.1000000015
26656  41.011  -44.216  0.398 0.2000000030
28444  42.516  -42.463  -0.716 0.1000000015
117570  42.123  -43.067  -1.525 0.1000000015
27583  40.885  -43.582  -1.329 0.1000000015
25765  40.152  -44.760  -0.385 0.2000000030
23884  34.578  -47.395  1.237 0.1000000015
25747  33.171  -45.426  1.600 0.1000000015
24788  35.114  -46.711  1.078 0.1000000015
25759  34.342  -45.001  0.725 0.1000000015
25745  36.398  -45.666  0.955 0.1000000015
105594  35.728  -46.166  0.981 0.1000000015
111837  37.101  -45.797  1.319 0.1000000015
26645  37.733  -44.700  1.206 0.1000000015
109549  38.463  -44.379  1.373 0.1000000015
27550  37.991  -44.009  0.915 0.1000000015
27549  39.036  -43.775  1.331 0.2000000030
27548  40.114  -43.374  1.490 0.2000000030
27547  40.811  -43.522  1.537 0.2000000030
28405  40.866  -43.029  1.320 0.2000000030
28404  41.248  -42.945  1.067 0.1000000015
108073  45.955  -40.493  -3.214 0.1000000015
108104  44.671  -40.999  -2.284 0.1000000015
29350  44.690  -41.666  -1.581 0.1000000015
27557  41.376  -43.145  0.941 0.2000000030
30266  43.990  -41.354  -1.556 0.1000000015
29352  43.275  -41.603  -0.971 0.1000000015
28443  43.235  -42.320  -0.864 0.1000000015
27582  41.626  -42.860  -0.830 0.1000000015
27569  41.219  -43.278  -0.355 0.2000000030
27552  33.341  -43.820  1.616 0.1000000015
27563  34.318  -43.353  0.580 0.1000000015
26659  34.822  -44.293  0.405 0.1000000015
27561  36.133  -43.818  0.034 0.1000000015
27560  37.450  -43.524  0.280 0.1000000015
27559  38.428  -43.317  0.650 0.1000000015
27558  39.342  -43.096  1.037 0.2000000030
28429  38.990  -42.120  -0.326 0.1000000015
28428  39.666  -42.294  0.137 0.2000000030
28414  40.131  -42.670  0.928 0.2000000030
28427  40.503  -42.238  0.250 0.1000000015
31180  42.647  -39.796  -2.834 0.1000000015
30277  43.022  -40.521  -2.240 0.1000000015
30278  42.116  -40.400  -2.270 0.1000000015
30268  41.671  -41.044  -1.448 0.1000000015
118153  41.656  -41.670  -0.447 0.1000000015
29328  41.339  -42.226  0.187 0.1000000015
28413  41.020  -42.626  0.833 0.1000000015
30288  45.156  -40.365  -3.003 0.1000000015
31178  44.337  -40.212  -2.872 0.1000000015
120089  43.377  -41.050  -1.650 0.1000000015
30267  42.684  -41.031  -1.493 0.1000000015
29353  42.471  -41.585  -0.685 0.1000000015
29337  42.155  -42.111  -0.130 0.1000000015
28412  41.392  -42.615  0.420 0.1000000015
29336  42.853  -41.885  -0.421 0.1000000015
28426  42.010  -42.309  -0.103 0.1000000015
27568  41.472  -42.808  0.257 0.1000000015
28406  33.985  -42.438  1.146 0.1000000015
27572  35.355  -42.716  -0.139 0.1000000015
27571  36.060  -43.080  -0.254 0.1000000015
28430  37.212  -42.362  -0.576 0.1000000015
116091  38.159  -42.244  -0.490 0.1000000015
32109  40.212  -38.280  -3.159 0.1000000015
31182  40.422  -39.323  -2.858 0.1000000015
30281  39.323  -40.018  -2.203 0.1000000015
30270  39.654  -40.617  -1.818 0.1000000015
33055  42.067  -37.838  -3.963 0.1000000015
32108  40.897  -38.074  -3.500 0.1000000015
30279  41.069  -40.256  -2.353 0.1000000015
30280  40.078  -40.110  -2.324 0.1000000015
29355  40.118  -41.249  -1.198 0.1000000015
29339  39.673  -41.763  -0.551 0.1000000015
32107  42.711  -38.451  -3.782 0.1000000015
118406  42.366  -39.114  -3.349 0.1000000015
31181  41.603  -39.477  -2.988 0.1000000015
30269  40.587  -40.780  -1.733 0.1000000015
29354  40.975  -41.331  -1.062 0.1000000015
29338  40.757  -41.724  -0.403 0.1000000015
29342  36.490  -41.727  -0.771 0.1000000015
30272  36.522  -40.093  -1.157 0.1000000015
29341  37.524  -41.656  -0.998 0.1000000015
31169  37.492  -39.501  -1.722 0.1000000015
30271  37.268  -40.146  -1.562 0.1000000015
29340  38.553  -41.633  -0.920 0.1000000015
33057  40.503  -37.455  -3.313 0.1000000015
125114  39.684  -38.742  -2.829 0.1000000015
32093  38.992  -38.671  -2.527 0.1000000015
31168  37.991  -39.970  -1.897 0.1000000015
29356  39.109  -41.104  -1.363 0.1000000015
33056  41.347  -37.405  -3.730 0.1000000015
31183  39.512  -39.410  -2.543 0.1000000015
20331  43.331  -51.966  -0.919 0.4000000060
20346  38.668  -51.437  -2.891 0.5000000000
21180  42.380  -49.882  0.230 0.4000000060
112821  46.833  -50.597  2.305 0.1000000015
22962  43.794  -47.781  2.267 0.1000000015
21178  45.529  -49.292  0.724 0.2000000030
22053  42.188  -49.064  0.432 0.4000000060
22054  41.326  -49.082  0.365 0.4000000060
18613  43.072  -53.671  2.549 0.1000000015
111346  44.166  -50.347  2.661 0.1000000015
23894  42.987  -46.965  0.962 0.3000000119
24775  41.215  -45.938  2.248 0.2000000030
23892  44.322  -47.662  1.311 0.2000000030
23893  43.780  -47.355  1.162 0.2000000030
22985  43.101  -48.036  0.720 0.2000000030
23895  42.123  -46.783  0.830 0.3000000119
22986  41.951  -48.271  0.518 0.3000000119
21270  37.650  -49.851  -7.160 0.5000000000
19419  42.551  -52.838  2.406 0.1000000015
114554  42.076  -52.002  2.470 0.1000000015
111345  43.144  -50.392  2.686 0.1000000015
22963  42.254  -47.982  2.514 0.1000000015
120157  43.064  -47.538  2.359 0.1000000015
23867  43.457  -47.065  2.001 0.1000000015
23869  40.927  -46.943  2.492 0.1000000015
23896  41.110  -46.879  0.558 0.3000000119
23906  39.135  -47.139  0.042 0.4000000060
23980  36.501  -47.724  -6.330 0.5000000000
23052  36.242  -48.338  -5.642 0.5000000000
24911  36.592  -46.933  -6.125 0.5000000000
124618  39.638  -50.650  2.411 0.1000000015
21150  38.630  -50.106  2.437 0.1000000015
21149  40.208  -50.476  2.514 0.1000000015
22027  39.200  -49.383  2.557 0.1000000015
22965  40.545  -48.022  2.496 0.1000000015
22966  39.524  -48.412  2.534 0.1000000015
25733  40.184  -45.159  2.137 0.2000000030
26681  45.345  -45.096  -2.429 0.2000000030
26684  42.335  -45.360  -2.599 0.2000000030
24828  42.297  -47.482  -3.659 0.2000000030
25784  42.043  -46.792  -3.031 0.2000000030
25785  40.727  -46.381  -3.067 0.3000000119
25766  39.278  -45.320  -0.925 0.4000000060
24850  41.074  -47.387  -4.302 0.5000000000
24830  40.561  -47.137  -3.916 0.4000000060
25787  38.977  -46.029  -2.808 0.5000000000
25788  38.440  -46.051  -2.286 0.5000000000
25807  40.298  -46.863  -4.868 0.5000000000
24875  40.491  -47.230  -4.442 0.5000000000
23930  36.935  -47.284  -3.198 0.5000000000
22037  36.793  -49.142  1.970 0.1000000015
22028  37.431  -49.244  2.256 0.1000000015
23871  38.901  -47.832  2.488 0.1000000015
23882  37.502  -47.040  1.930 0.1000000015
23872  38.259  -47.401  2.308 0.1000000015
105575  38.461  -44.971  1.615 0.2000000030
119385  35.520  -48.951  1.526 0.1000000015
25744  37.722  -45.418  1.497 0.1000000015
26644  39.178  -44.468  1.668 0.2000000030
29366  45.248  -41.464  -2.041 0.1000000015
28441  44.725  -42.209  -1.385 0.1000000015
26665  40.565  -43.949  -0.616 0.2000000030
28425  42.757  -42.033  -0.322 0.1000000015
24789  34.184  -46.513  1.063 0.1000000015
109716  33.665  -47.097  1.363 0.1000000015
24790  33.392  -46.263  1.423 0.1000000015
26648  33.022  -44.615  1.906 0.1000000015
26647  33.548  -44.763  1.225 0.1000000015
109001  33.841  -45.650  1.045 0.1000000015
25746  34.756  -45.895  0.832 0.1000000015
114376  33.912  -44.088  0.826 0.1000000015
25758  35.455  -45.234  0.605 0.1000000015
25757  36.328  -44.987  0.632 0.1000000015
26658  35.821  -44.400  0.304 0.1000000015
26646  37.028  -45.162  1.020 0.1000000015
26657  36.902  -44.318  0.488 0.1000000015
30276  45.540  -41.003  -2.603 0.1000000015
108403  43.820  -40.701  -2.240 0.1000000015
29351  44.014  -41.877  -1.087 0.1000000015
28424  43.347  -41.983  -0.661 0.1000000015
27551  33.745  -43.298  1.148 0.1000000015
27562  35.275  -43.507  0.071 0.1000000015
123701  36.674  -43.563  0.019 0.1000000015
27570  36.931  -43.004  -0.244 0.1000000015
28416  37.832  -42.852  -0.031 0.1000000015
28415  38.934  -42.642  0.299 0.1000000015
31193  43.176  -39.277  -3.336 0.1000000015
31192  44.032  -39.491  -3.353 0.1000000015
31179  43.513  -40.007  -2.826 0.1000000015
29330  34.559  -41.762  0.638 0.1000000015
28418  34.677  -42.629  0.292 0.1000000015
28417  35.117  -42.023  -0.069 0.1000000015
28432  35.815  -42.262  -0.419 0.1000000015
28431  36.471  -42.492  -0.492 0.1000000015
31194  40.935  -38.735  -3.289 0.1000000015
32110  39.438  -38.033  -2.783 0.1000000015
114911  38.769  -40.361  -1.874 0.1000000015
31184  38.658  -39.493  -2.233 0.1000000015
119539  41.677  -38.464  -3.602 0.1000000015
30255  36.092  -40.800  -0.804 0.1000000015
29358  36.927  -40.923  -1.246 0.1000000015
29357  37.984  -40.847  -1.485 0.1000000015
31185  37.934  -39.286  -2.015 0.1000000015
32080  37.477  -38.714  -1.606 0.1000000015
33058  39.909  -37.561  -2.955 0.1000000015
34015  40.831  -36.658  -3.306 0.1000000015
106956  47.646  -54.253  -3.443 0.1000000015
17931  47.814  -54.671  -4.076 0.1000000015
18693  47.054  -54.330  -4.063 0.1000000015
107050  46.631  -53.887  -3.313 0.1000000015
19493  45.101  -53.074  -2.328 0.1000000015
18677  48.075  -53.483  -1.932 0.1000000015
19482  46.919  -53.038  -1.813 0.1000000015
17930  48.266  -54.951  -3.798 0.2000000030
19467  46.661  -52.401  -0.756 0.1000000015
17940  47.302  -54.707  -4.651 0.2000000030
18711  46.476  -54.419  -4.546 0.1000000015
17950  47.262  -54.966  -5.158 0.2000000030
18694  46.014  -54.057  -3.881 0.1000000015
17129  47.380  -55.321  -5.332 0.2000000030
113860  46.830  -54.699  -5.007 0.2000000030
18682  45.524  -53.567  -3.143 0.2000000030
106253  45.434  -54.127  -4.396 0.2000000030
18695  44.982  -53.711  -3.779 0.2000000030
18683  44.386  -53.256  -3.024 0.3000000119
19494  43.556  -52.820  -2.551 0.3000000119
18696  44.056  -53.477  -3.852 0.3000000119
18684  43.440  -53.083  -3.360 0.3000000119
17941  45.895  -54.501  -5.032 0.2000000030
17942  44.717  -54.099  -4.830 0.2000000030
17144  46.928  -55.440  -6.533 0.2000000030
18712  43.870  -53.650  -4.550 0.2000000030
17966  46.423  -55.070  -5.935 0.2000000030
14652  47.217  -57.756  -9.784 0.1000000015
113422  47.227  -55.657  -6.237 0.2000000030
17951  46.690  -54.855  -5.417 0.2000000030
17965  47.093  -55.189  -5.757 0.2000000030
18697  43.275  -53.263  -4.116 0.3000000119
19501  42.796  -52.959  -3.694 0.4000000060
16395  47.524  -56.517  -8.480 0.1000000015
17143  47.327  -55.963  -7.094 0.1000000015
17952  44.927  -54.460  -5.459 0.2000000030
18719  43.749  -53.912  -5.328 0.2000000030
15556  47.311  -57.567  -9.051 0.1000000015
18713  42.535  -53.017  -4.333 0.4000000060
17153  47.414  -56.212  -7.957 0.2000000030
116335  45.900  -54.769  -5.545 0.2000000030
17154  47.155  -55.823  -7.411 0.2000000030
107592  47.575  -57.150  -10.146 0.1000000015
16424  47.549  -56.725  -10.514 0.2000000030
15567  47.570  -57.152  -9.482 0.1000000015
16411  47.570  -56.696  -9.517 0.1000000015
17155  46.296  -55.528  -7.282 0.2000000030
121612  44.043  -54.463  -6.205 0.2000000030
17165  47.444  -56.401  -8.873 0.1000000015
18734  43.133  -53.988  -5.960 0.4000000060
19515  41.689  -52.789  -4.516 0.4000000060
17167  46.436  -55.800  -8.165 0.3000000119
116350  45.387  -55.383  -7.207 0.3000000119
17166  47.043  -55.867  -8.517 0.2000000030
17186  46.503  -55.996  -9.160 0.4000000060
18720  42.733  -53.523  -5.509 0.4000000060
126455  41.690  -52.953  -5.146 0.4000000060
17974  44.789  -55.062  -6.771 0.3000000119
17168  44.394  -55.753  -8.698 0.4000000060
106094  45.395  -55.663  -7.957 0.3000000119
116356  47.992  -43.409  -2.434 0.1000000015
107509  46.736  -44.043  -2.214 0.1000000015
17968  42.916  -54.314  -6.699 0.4000000060
18721  41.829  -53.248  -5.712 0.5000000000
17157  43.719  -55.393  -8.184 0.4000000060
17156  44.516  -55.395  -7.651 0.3000000119
17975  43.610  -54.915  -7.307 0.4000000060
17986  42.942  -55.135  -8.297 0.4000000060
122990  47.451  -44.036  -2.270 0.1000000015
26679  48.182  -44.654  -2.292 0.1000000015
18722  41.014  -53.263  -6.304 0.5000000000
18747  41.919  -54.118  -7.104 0.5000000000
19530  40.197  -52.857  -6.280 0.5000000000
26680  47.174  -44.946  -2.275 0.1000000015
25781  45.530  -46.578  -2.676 0.1000000015
24824  47.179  -47.427  -2.910 0.1000000015
25780  46.666  -46.251  -2.516 0.1000000015
118096  44.427  -47.461  -3.145 0.1000000015
17918  48.723  -54.979  -2.948 0.1000000015
18681  47.315  -53.683  -2.668 0.1000000015
19483  45.768  -52.780  -1.595 0.1000000015
19492  46.173  -53.336  -2.470 0.1000000015
18680  48.305  -54.171  -2.676 0.1000000015
106731  47.673  -52.879  -1.210 0.1000000015
119667  41.401  -52.574  -3.762 0.4000000060
17118  48.115  -55.306  -4.099 0.1000000015
109715  43.063  -53.372  -4.831 0.3000000119
17145  45.930  -55.236  -6.576 0.2000000030
18714  42.273  -53.099  -5.026 0.4000000060
18735  42.373  -53.762  -6.226 0.4000000060
18663  49.595  -53.490  -0.726 0.1000000015
16474  35.426  -56.113  -15.678 0.1000000015
16489  35.015  -56.820  -16.364 0.1000000015
119489  37.316  -58.445  -16.868 0.1000000015
15643  33.952  -56.690  -16.126 0.1000000015
15659  37.293  -57.648  -16.396 0.1000000015
16475  34.480  -56.120  -15.629 0.1000000015
15644  33.050  -56.809  -15.802 0.1000000015
15645  31.459  -57.254  -15.170 0.1000000015
15663  33.460  -57.374  -16.487 0.1000000015
6269  36.382  -70.909  -15.290 0.1000000015
13005  30.937  -60.331  -12.603 0.1000000015
13848  29.827  -59.318  -12.578 0.1000000015
15642  37.020  -56.815  -15.901 0.1000000015
14697  30.226  -58.569  -12.875 0.1000000015
16488  36.063  -56.689  -16.189 0.1000000015
15629  31.329  -57.171  -14.430 0.1000000015
15641  37.899  -57.353  -15.827 0.1000000015
15646  30.738  -57.572  -14.812 0.1000000015
14731  38.166  -58.312  -16.274 0.1000000015
6909  36.675  -69.755  -14.271 0.1000000015
6279  36.694  -69.803  -16.191 0.1000000015
7571  35.767  -68.926  -16.045 0.1000000015
7528  37.242  -68.101  -13.382 0.1000000015
7542  36.946  -68.807  -13.856 0.1000000015
6258  37.086  -70.283  -15.090 0.1000000015
6268  37.039  -70.201  -15.757 0.1000000015
8225  34.840  -66.837  -15.237 0.1000000015
112789  32.354  -63.621  -13.344 0.1000000015
12124  31.160  -61.642  -12.917 0.1000000015
16473  36.332  -56.155  -15.519 0.1000000015
16476  33.547  -56.191  -15.368 0.1000000015
16472  37.732  -56.647  -15.257 0.1000000015
14730  38.983  -58.488  -15.631 0.1000000015
14749  38.808  -59.402  -16.121 0.1000000015
6935  37.442  -69.416  -16.076 0.1000000015
8238  36.745  -67.676  -15.968 0.1000000015
8195  37.698  -67.740  -12.785 0.1000000015
6908  37.513  -69.470  -14.691 0.1000000015
6921  37.957  -68.895  -15.690 0.1000000015
111081  35.850  -66.939  -15.633 0.1000000015
8982  34.951  -65.188  -14.938 0.1000000015
9768  34.567  -64.353  -14.580 0.1000000015
9755  33.172  -64.753  -13.913 0.1000000015
10564  34.286  -63.645  -14.273 0.1000000015
10551  33.014  -63.880  -13.795 0.1000000015
11313  32.468  -62.257  -13.575 0.1000000015
12123  31.828  -61.706  -13.321 0.1000000015
13016  32.148  -60.526  -13.087 0.1000000015
13863  31.553  -60.057  -12.677 0.1000000015
15616  32.244  -56.777  -13.542 0.1000000015
105728  37.038  -56.276  -15.265 0.1000000015
17261  35.733  -55.584  -14.923 0.1000000015
126130  34.925  -55.714  -15.128 0.1000000015
16463  32.449  -56.389  -14.282 0.1000000015
16464  31.820  -56.782  -14.129 0.1000000015
15640  38.451  -57.153  -15.188 0.1000000015
124956  38.535  -57.779  -15.644 0.1000000015
8980  36.848  -65.751  -14.902 0.1000000015
125899  38.144  -68.246  -13.580 0.1000000015
113882  37.856  -68.711  -14.153 0.1000000015
6907  37.988  -68.909  -14.961 0.1000000015
8222  38.158  -67.454  -15.089 0.1000000015
8223  37.447  -66.752  -15.239 0.1000000015
8981  35.879  -65.447  -15.075 0.1000000015
10549  35.675  -63.402  -14.009 0.1000000015
11320  34.402  -62.895  -14.022 0.1000000015
12121  33.937  -61.370  -13.559 0.1000000015
7527  38.588  -67.938  -13.291 0.1000000015
7541  38.279  -68.150  -14.169 0.1000000015
7553  38.455  -67.595  -14.277 0.1000000015
11321  33.730  -62.537  -13.881 0.1000000015
11312  33.300  -61.890  -13.737 0.1000000015
12122  32.464  -61.293  -13.450 0.1000000015
13862  32.403  -59.692  -12.731 0.1000000015
13845  33.006  -58.878  -12.590 0.1000000015
107739  32.170  -58.784  -12.501 0.1000000015
15607  32.445  -57.177  -12.908 0.1000000015
14695  32.422  -57.955  -12.530 0.1000000015
17245  33.848  -55.625  -13.508 0.1000000015
16445  32.946  -56.571  -12.965 0.1000000015
14696  31.565  -58.286  -12.648 0.1000000015
17251  36.249  -55.374  -14.362 0.1000000015
17262  34.930  -55.415  -14.472 0.1000000015
17254  33.660  -55.655  -14.114 0.1000000015
122833  38.365  -56.467  -14.427 0.1000000015
14729  39.722  -58.474  -14.970 0.1000000015
15639  39.059  -57.733  -15.139 0.1000000015
14718  40.428  -58.839  -14.537 0.1000000015
15626  40.206  -58.052  -14.298 0.1000000015
9752  37.601  -64.849  -13.662 0.1000000015
9753  36.720  -64.538  -14.078 0.1000000015
7518  38.573  -67.781  -12.515 0.1000000015
7517  39.032  -67.759  -12.002 0.1000000015
7526  38.970  -67.640  -12.772 0.1000000015
7539  39.190  -67.296  -12.923 0.1000000015
8207  38.537  -66.871  -14.195 0.1000000015
8979  37.775  -66.362  -14.654 0.1000000015
8965  37.290  -65.379  -14.317 0.1000000015
10548  36.335  -63.640  -13.752 0.1000000015
10550  35.213  -62.862  -13.870 0.1000000015
12120  34.678  -61.637  -13.499 0.1000000015
7540  38.706  -67.599  -13.462 0.1000000015
13014  34.504  -60.853  -13.212 0.1000000015
113464  33.744  -60.609  -13.280 0.1000000015
13860  34.281  -60.030  -12.930 0.1000000015
13861  33.436  -59.791  -12.931 0.1000000015
13844  33.970  -59.070  -12.568 0.1000000015
114025  33.560  -56.608  -12.393 0.1000000015
17241  37.343  -55.321  -13.339 0.1000000015
17229  37.382  -55.190  -12.335 0.1000000015
17242  36.344  -55.103  -13.677 0.1000000015
17243  35.572  -54.981  -13.293 0.1000000015
17233  34.240  -55.527  -12.917 0.1000000015
16444  33.575  -55.957  -12.905 0.1000000015
17240  38.146  -55.643  -12.742 0.1000000015
115147  34.951  -55.213  -13.750 0.1000000015
16452  38.326  -55.982  -13.521 0.1000000015
124419  38.637  -56.012  -12.954 0.1000000015
123781  38.782  -56.420  -13.804 0.1000000015
15627  39.533  -57.576  -14.527 0.1000000015
14717  41.033  -58.629  -13.960 0.1000000015
7488  38.644  -68.177  -10.203 0.1000000015
7508  38.876  -67.908  -11.173 0.1000000015
8167  38.494  -67.683  -11.693 0.1000000015
8166  40.066  -66.867  -11.498 0.1000000015
8194  39.515  -66.790  -12.704 0.1000000015
10547  37.166  -63.939  -13.379 0.1000000015
7525  39.526  -67.268  -12.222 0.1000000015
8962  39.352  -66.394  -13.023 0.1000000015
9751  38.451  -65.229  -13.295 0.1000000015
9740  38.001  -64.298  -12.995 0.1000000015
10535  36.765  -63.094  -13.133 0.1000000015
11294  36.372  -62.290  -12.953 0.1000000015
12107  36.049  -61.466  -12.744 0.1000000015
11293  37.184  -62.534  -12.531 0.1000000015
121197  36.491  -61.009  -12.073 0.1000000015
106676  35.353  -60.007  -12.195 0.1000000015
13004  35.004  -60.376  -12.754 0.1000000015
13843  34.714  -59.631  -12.427 0.1000000015
124365  35.506  -59.789  -11.771 0.1000000015
122037  34.670  -58.644  -11.615 0.1000000015
14680  34.202  -57.937  -11.741 0.1000000015
117633  33.701  -57.472  -12.114 0.1000000015
16443  34.175  -55.938  -12.187 0.1000000015
15605  34.028  -56.862  -11.816 0.1000000015
17230  36.361  -54.875  -12.644 0.1000000015
17221  34.955  -55.520  -11.672 0.1000000015
17228  38.138  -55.541  -11.944 0.1000000015
17219  37.477  -55.285  -11.624 0.1000000015
16442  38.865  -56.088  -12.336 0.1000000015
111893  39.094  -56.417  -13.209 0.1000000015
16451  39.272  -56.848  -14.023 0.1000000015
105375  39.898  -57.397  -13.961 0.1000000015
10520  39.378  -64.007  -11.381 0.1000000015
10512  39.069  -63.162  -11.083 0.1000000015
125686  39.223  -68.150  -10.037 0.1000000015
111130  39.321  -67.873  -10.659 0.1000000015
7486  39.987  -67.168  -10.787 0.1000000015
8165  40.387  -66.322  -10.785 0.1000000015
8947  39.730  -66.020  -12.501 0.1000000015
9726  39.103  -64.275  -12.036 0.1000000015
10521  38.773  -63.468  -11.765 0.1000000015
11283  38.320  -62.628  -11.603 0.1000000015
7507  39.484  -67.555  -11.415 0.1000000015
9738  39.469  -65.132  -12.278 0.1000000015
9739  38.790  -64.703  -12.659 0.1000000015
113031  37.598  -62.105  -11.942 0.1000000015
12983  37.389  -61.016  -10.469 0.1000000015
13831  36.182  -59.935  -10.813 0.1000000015
12106  36.831  -61.790  -12.312 0.1000000015
12095  37.213  -61.450  -11.644 0.1000000015
13832  35.595  -59.519  -11.304 0.1000000015
15592  34.560  -57.985  -11.176 0.1000000015
15579  34.577  -57.019  -10.659 0.1000000015
15593  34.336  -57.203  -11.364 0.1000000015
125697  35.516  -55.441  -10.988 0.1000000015
16437  34.484  -56.340  -11.397 0.1000000015
116654  37.163  -55.301  -10.964 0.1000000015
17220  36.716  -55.057  -11.689 0.1000000015
106362  35.820  -55.040  -11.697 0.1000000015
17218  38.007  -55.509  -11.170 0.1000000015
16436  38.733  -55.905  -11.439 0.1000000015
16435  39.485  -56.407  -11.600 0.1000000015
107683  40.831  -65.180  -9.179 0.1000000015
8156  39.760  -67.451  -10.072 0.1000000015
112730  40.641  -65.927  -9.243 0.1000000015
9698  40.604  -64.894  -9.906 0.1000000015
9699  40.212  -64.564  -10.458 0.1000000015
11277  39.352  -63.064  -10.245 0.1000000015
7487  38.820  -68.484  -9.579 0.1000000015
123704  39.478  -67.857  -9.458 0.1000000015
8155  40.325  -66.545  -10.063 0.1000000015
8922  40.407  -65.430  -10.777 0.1000000015
9725  39.623  -64.715  -11.701 0.1000000015
11278  38.559  -62.327  -10.702 0.1000000015
12078  37.857  -61.344  -9.923 0.1000000015
113922  37.895  -61.858  -11.281 0.1000000015
13823  36.176  -59.708  -9.912 0.1000000015
13824  35.514  -59.071  -10.403 0.1000000015
14670  34.820  -58.136  -10.450 0.1000000015
15570  34.819  -57.397  -9.759 0.1000000015
123079  35.701  -55.609  -10.019 0.1000000015
17206  37.848  -55.544  -10.287 0.1000000015
106597  36.259  -55.225  -10.897 0.1000000015
118304  39.207  -56.199  -10.814 0.1000000015
107040  40.001  -56.627  -10.833 0.1000000015
8143  40.419  -66.196  -8.362 0.1000000015
10502  40.644  -64.445  -9.132 0.1000000015
118523  40.099  -63.932  -9.823 0.1000000015
118104  40.068  -66.846  -9.320 0.1000000015
12067  38.297  -61.743  -9.405 0.1000000015
108395  38.186  -61.522  -8.501 0.1000000015
12068  37.752  -61.152  -9.153 0.1000000015
110571  37.209  -60.578  -8.884 0.1000000015
13814  36.159  -59.602  -9.135 0.1000000015
13815  35.660  -59.046  -9.400 0.1000000015
109322  35.329  -58.466  -8.874 0.1000000015
14658  35.144  -58.314  -9.631 0.1000000015
16401  35.557  -56.269  -8.567 0.1000000015
105846  35.067  -57.702  -8.954 0.1000000015
17173  36.191  -55.700  -8.540 0.1000000015
16415  35.432  -56.143  -9.354 0.1000000015
16399  37.680  -55.733  -8.153 0.1000000015
17191  36.447  -55.532  -9.317 0.1000000015
16398  38.623  -56.007  -8.645 0.1000000015
17190  37.351  -55.516  -9.451 0.1000000015
17207  36.777  -55.379  -10.138 0.1000000015
16414  39.144  -56.209  -9.431 0.1000000015
16425  40.463  -56.846  -9.949 0.1000000015
15578  42.551  -57.708  -10.423 0.1000000015
8904  40.902  -65.365  -8.411 0.1000000015
10491  40.034  -63.363  -8.397 0.1000000015
11259  38.819  -62.227  -8.878 0.1000000015
11248  38.727  -62.041  -8.004 0.1000000015
11270  39.580  -63.003  -9.234 0.1000000015
123703  37.645  -60.945  -8.496 0.1000000015
13798  36.125  -59.520  -7.824 0.1000000015
13806  35.724  -59.133  -8.447 0.1000000015
108220  35.246  -58.061  -7.978 0.1000000015
16389  37.466  -55.855  -7.165 0.1000000015
17158  36.739  -55.699  -7.875 0.1000000015
16413  39.851  -56.597  -9.471 0.1000000015
16412  40.360  -56.878  -9.102 0.1000000015
14647  42.951  -57.844  -8.600 0.1000000015
107862  44.183  -58.441  -8.801 0.1000000015
8894  41.309  -65.014  -6.969 0.1000000015
9670  41.055  -64.178  -7.696 0.1000000015
123095  39.185  -62.409  -7.508 0.1000000015
11234  38.674  -61.858  -7.157 0.1000000015
10490  40.660  -64.018  -8.440 0.1000000015
11258  39.384  -62.652  -8.266 0.1000000015
12056  37.798  -60.997  -7.833 0.1000000015
12963  37.217  -60.495  -8.093 0.1000000015
12954  36.702  -59.986  -7.594 0.1000000015
14635  35.467  -58.362  -7.123 0.1000000015
16380  35.781  -56.709  -6.802 0.1000000015
123797  35.826  -56.300  -7.287 0.1000000015
16345  43.779  -56.879  -4.217 0.1000000015
109815  42.344  -57.203  -5.147 0.1000000015
15510  41.684  -57.248  -5.700 0.1000000015
16375  40.150  -56.778  -6.326 0.1000000015
16376  39.352  -56.443  -6.646 0.1000000015
121846  43.465  -57.279  -4.922 0.1000000015
105832  42.386  -57.488  -6.032 0.1000000015
15511  40.937  -57.100  -5.952 0.1000000015
16377  38.488  -56.120  -6.880 0.1000000015
109396  44.534  -57.256  -4.726 0.1000000015
15508  44.257  -57.577  -5.486 0.1000000015
15509  43.250  -57.551  -5.741 0.1000000015
15547  41.512  -57.403  -7.412 0.1000000015
15548  40.691  -57.129  -7.827 0.1000000015
107349  39.198  -56.344  -8.115 0.1000000015
15488  45.421  -57.191  -4.529 0.1000000015
15507  45.296  -57.555  -5.245 0.1000000015
15533  43.088  -57.698  -6.636 0.1000000015
125854  40.302  -56.911  -8.464 0.1000000015
14634  43.319  -57.867  -7.451 0.1000000015
15558  41.464  -57.407  -8.198 0.1000000015
14614  45.630  -58.182  -6.792 0.1000000015
113481  43.638  -58.154  -8.220 0.1000000015
14645  45.338  -58.651  -8.297 0.1000000015
10454  41.523  -64.174  -6.252 0.1000000015
9669  41.324  -64.541  -7.114 0.1000000015
10474  41.239  -63.980  -7.042 0.1000000015
10455  41.150  -63.683  -6.443 0.1000000015
10476  39.906  -63.048  -7.485 0.1000000015
10475  40.744  -63.614  -7.193 0.1000000015
11233  39.371  -62.432  -6.628 0.1000000015
12041  38.650  -61.606  -6.231 0.1000000015
12042  38.051  -61.069  -6.933 0.1000000015
12936  37.399  -60.414  -6.399 0.1000000015
12953  37.337  -60.485  -7.275 0.1000000015
109897  36.172  -59.471  -7.123 0.1000000015
13786  35.765  -58.871  -6.738 0.1000000015
15536  36.049  -57.069  -5.878 0.1000000015
121592  38.389  -56.144  -5.307 0.1000000015
16378  36.946  -55.988  -6.474 0.1000000015
126599  41.908  -56.744  -4.463 0.1000000015
16362  40.192  -56.680  -5.451 0.1000000015
117701  39.374  -56.394  -5.811 0.1000000015
108507  37.724  -56.041  -6.154 0.1000000015
15489  42.771  -56.884  -4.376 0.1000000015
16343  47.247  -56.704  -3.932 0.1000000015
15487  46.104  -57.264  -4.669 0.1000000015
9638  41.583  -64.446  -5.678 0.1000000015
11223  40.839  -63.224  -5.710 0.1000000015
126289  39.956  -62.681  -5.947 0.1000000015
12040  39.310  -62.111  -5.641 0.1000000015
11232  40.317  -63.128  -6.564 0.1000000015
12935  38.023  -60.862  -5.907 0.1000000015
12925  37.917  -60.660  -5.136 0.1000000015
13785  36.282  -59.352  -6.372 0.1000000015
15512  36.300  -57.417  -5.278 0.1000000015
13760  36.294  -58.478  -5.211 0.1000000015
16350  37.692  -56.442  -4.439 0.1000000015
16351  36.841  -56.890  -4.816 0.1000000015
16332  42.175  -56.388  -3.849 0.1000000015
16333  41.146  -56.305  -3.889 0.1000000015
16349  38.642  -56.217  -4.403 0.1000000015
16379  36.345  -56.442  -6.256 0.1000000015
16316  44.996  -56.344  -3.251 0.1000000015
112464  43.060  -56.446  -3.749 0.1000000015
121334  38.658  -56.199  -6.160 0.1000000015
16315  45.982  -56.418  -2.900 0.1000000015
16344  44.957  -56.828  -3.992 0.1000000015
113515  41.040  -62.933  -4.905 0.1000000015
11224  40.124  -62.542  -5.250 0.1000000015
12033  38.635  -61.295  -5.175 0.1000000015
12915  37.461  -60.169  -4.695 0.1000000015
123192  37.162  -59.564  -4.280 0.1000000015
13772  36.388  -59.204  -5.704 0.1000000015
112310  37.725  -56.793  -3.591 0.1000000015
15491  36.576  -57.750  -4.666 0.1000000015
125804  38.778  -56.184  -3.767 0.1000000015
115431  38.211  -56.354  -3.859 0.1000000015
16348  39.503  -56.194  -4.128 0.1000000015
16331  44.007  -56.372  -3.555 0.1000000015
16330  46.576  -56.675  -3.346 0.1000000015
16328  47.826  -56.385  -3.423 0.1000000015
11211  40.323  -62.395  -4.602 0.1000000015
12024  40.065  -61.909  -3.948 0.1000000015
12032  39.513  -61.944  -4.768 0.1000000015
12901  39.337  -60.848  -2.959 0.1000000015
12025  39.006  -61.262  -4.179 0.1000000015
12902  38.484  -60.536  -3.372 0.1000000015
12914  38.149  -60.683  -4.392 0.1000000015
12903  37.638  -60.060  -3.884 0.1000000015
13753  37.332  -59.245  -3.611 0.1000000015
14580  36.826  -58.660  -4.274 0.1000000015
14571  37.289  -58.304  -3.445 0.1000000015
16336  38.390  -56.455  -3.165 0.1000000015
16334  40.092  -56.027  -3.508 0.1000000015
16335  39.204  -56.072  -3.267 0.1000000015
17096  44.084  -55.843  -2.835 0.1000000015
17112  41.674  -55.839  -3.139 0.1000000015
16312  48.382  -55.991  -2.998 0.1000000015
17110  48.458  -55.410  -3.357 0.1000000015
12888  38.944  -60.282  -2.540 0.1000000015
13739  38.257  -59.729  -2.641 0.1000000015
106781  38.319  -59.004  -2.094 0.1000000015
13752  37.804  -59.735  -3.224 0.1000000015
13740  37.712  -58.894  -2.794 0.1000000015
15477  37.500  -57.481  -3.343 0.1000000015
15463  37.860  -57.116  -2.912 0.1000000015
16297  47.970  -56.114  -2.302 0.1000000015
17094  46.143  -55.893  -2.170 0.1000000015
17113  40.690  -55.778  -2.909 0.1000000015
17093  48.467  -55.897  -2.315 0.1000000015
121994  38.733  -59.646  -2.141 0.1000000015
14549  38.702  -58.276  -1.528 0.1000000015
13729  38.967  -59.207  -1.637 0.1000000015
16299  39.643  -56.386  -1.435 0.1000000015
15449  39.125  -57.280  -1.326 0.1000000015
124509  40.304  -55.887  -1.326 0.1000000015
15462  38.001  -57.478  -2.396 0.1000000015
16317  38.933  -56.277  -2.503 0.1000000015
17076  47.371  -55.827  -1.790 0.1000000015
17095  45.052  -55.825  -2.495 0.1000000015
125682  42.497  -55.980  -3.324 0.1000000015
17097  42.363  -55.498  -2.528 0.1000000015
17091  49.325  -55.163  -1.856 0.1000000015
117700  43.273  -55.512  -2.432 0.1000000015
17065  40.989  -55.619  -0.917 0.1000000015
16300  38.885  -56.646  -1.856 0.1000000015
15450  38.424  -57.413  -1.869 0.1000000015
17082  40.705  -55.528  -1.616 0.1000000015
109814  39.365  -56.114  -1.984 0.1000000015
17079  43.963  -55.267  -1.881 0.1000000015
109733  41.990  -55.149  -1.730 0.1000000015
17099  40.437  -55.607  -2.195 0.1000000015
17080  42.802  -55.114  -1.721 0.1000000015
17098  41.281  -55.401  -2.202 0.1000000015
11315  30.768  -62.279  -12.617 0.1000000015
13017  31.520  -60.945  -13.050 0.1000000015
13846  31.541  -59.164  -12.490 0.1000000015
13847  30.745  -59.504  -12.494 0.1000000015
108131  30.859  -58.682  -12.613 0.1000000015
15661  35.870  -57.417  -16.701 0.1000000015
14708  30.871  -57.917  -13.175 0.1000000015
15660  36.582  -57.270  -16.427 0.1000000015
16477  32.665  -56.399  -15.065 0.1000000015
15617  31.425  -57.254  -13.730 0.1000000015
109349  32.200  -56.970  -15.495 0.1000000015
112228  31.761  -57.600  -15.919 0.1000000015
16478  31.944  -56.751  -14.755 0.1000000015
6259  36.313  -70.681  -14.520 0.1000000015
13006  30.219  -60.155  -12.397 0.1000000015
120577  30.453  -61.579  -12.474 0.1000000015
14709  29.991  -58.149  -13.611 0.1000000015
6922  37.591  -69.589  -15.471 0.1000000015
106263  35.420  -66.074  -15.291 0.1000000015
11322  33.194  -62.592  -13.774 0.1000000015
124094  32.191  -62.932  -13.358 0.1000000015
16460  36.625  -55.777  -14.849 0.1000000015
16462  33.208  -55.975  -14.563 0.1000000015
7569  37.573  -68.503  -16.037 0.1000000015
7568  38.015  -68.210  -15.635 0.1000000015
8224  36.557  -66.546  -15.495 0.1000000015
9767  35.396  -64.571  -14.701 0.1000000015
10563  35.056  -63.650  -14.344 0.1000000015
121180  33.266  -61.144  -13.499 0.1000000015
13015  32.908  -60.514  -13.219 0.1000000015
16454  33.099  -56.082  -13.672 0.1000000015
15608  31.786  -57.518  -13.074 0.1000000015
17250  36.965  -55.503  -14.195 0.1000000015
17252  35.623  -55.205  -14.096 0.1000000015
11309  35.970  -62.866  -13.570 0.1000000015
111970  34.765  -62.309  -13.750 0.1000000015
11311  34.123  -62.102  -13.806 0.1000000015
8206  39.060  -67.046  -13.463 0.1000000015
15606  33.043  -57.276  -12.517 0.1000000015
14694  33.349  -58.108  -12.350 0.1000000015
17244  34.864  -55.178  -13.063 0.1000000015
8948  39.185  -65.620  -12.908 0.1000000015
8964  38.109  -65.824  -13.949 0.1000000015
13003  35.729  -60.674  -12.476 0.1000000015
14693  33.971  -58.304  -12.170 0.1000000015
17231  35.349  -55.043  -12.458 0.1000000015
8182  40.012  -66.495  -12.058 0.1000000015
10534  37.657  -63.344  -12.671 0.1000000015
10533  38.427  -63.844  -12.372 0.1000000015
11292  37.833  -62.705  -12.196 0.1000000015
12995  36.800  -60.767  -11.164 0.1000000015
12996  35.973  -60.238  -11.714 0.1000000015
14679  35.066  -58.791  -11.165 0.1000000015
15604  39.742  -56.650  -12.476 0.1000000015
15615  39.898  -56.993  -13.329 0.1000000015
10511  39.692  -63.884  -10.675 0.1000000015
8181  40.299  -66.172  -11.407 0.1000000015
8935  40.051  -65.549  -11.720 0.1000000015
12974  37.299  -60.771  -9.685 0.1000000015
12984  36.764  -60.408  -10.245 0.1000000015
16428  34.945  -55.943  -10.723 0.1000000015
16427  38.793  -55.957  -10.140 0.1000000015
16434  40.353  -56.822  -11.706 0.1000000015
8912  40.624  -65.698  -10.001 0.1000000015
11271  38.833  -62.355  -9.786 0.1000000015
12077  38.329  -61.846  -10.112 0.1000000015
12975  36.703  -60.178  -9.390 0.1000000015
109161  34.983  -56.401  -9.900 0.1000000015
108737  35.123  -56.798  -9.146 0.1000000015
17189  38.269  -55.771  -9.465 0.1000000015
16426  39.592  -56.415  -10.107 0.1000000015
15591  40.895  -57.005  -10.866 0.1000000015
113484  40.246  -63.738  -9.029 0.1000000015
9683  41.022  -64.718  -8.335 0.1000000015
12055  38.283  -61.493  -7.686 0.1000000015
12964  36.546  -59.942  -8.480 0.1000000015
15560  35.198  -57.122  -8.443 0.1000000015
16391  35.456  -56.831  -7.677 0.1000000015
17172  37.016  -55.547  -8.688 0.1000000015
16388  38.472  -56.024  -7.730 0.1000000015
15568  41.579  -57.379  -8.989 0.1000000015
121187  41.531  -57.290  -9.981 0.1000000015
111044  42.540  -57.684  -9.343 0.1000000015
120528  41.199  -64.635  -7.717 0.1000000015
13799  35.632  -58.965  -7.514 0.1000000015
15549  35.449  -57.588  -7.034 0.1000000015
16396  39.866  -56.733  -7.974 0.1000000015
117316  43.499  -58.144  -9.047 0.1000000015
110065  42.226  -57.599  -8.479 0.1000000015
15557  42.774  -57.760  -7.962 0.1000000015
14646  44.546  -58.510  -8.221 0.1000000015
12937  36.782  -59.937  -6.785 0.1000000015
14618  35.612  -58.144  -6.470 0.1000000015
16346  41.087  -56.857  -4.937 0.1000000015
15534  41.721  -57.391  -6.527 0.1000000015
16386  40.048  -56.791  -7.191 0.1000000015
16387  39.265  -56.401  -7.436 0.1000000015
116953  36.964  -56.167  -5.918 0.1000000015
124819  42.382  -57.547  -6.591 0.1000000015
15535  40.841  -57.142  -6.872 0.1000000015
112772  45.767  -56.688  -3.520 0.1000000015
15532  44.097  -57.824  -6.362 0.1000000015
125721  42.065  -57.568  -7.848 0.1000000015
14617  42.405  -57.609  -7.209 0.1000000015
16329  46.824  -56.759  -3.734 0.1000000015
114730  44.396  -58.146  -7.002 0.1000000015
14633  44.121  -58.216  -7.562 0.1000000015
14631  45.821  -58.408  -7.617 0.1000000015
14632  44.967  -58.456  -7.421 0.1000000015
16364  37.333  -56.286  -5.327 0.1000000015
16347  40.390  -56.360  -4.259 0.1000000015
16363  39.363  -56.326  -4.965 0.1000000015
116299  47.311  -56.579  -3.275 0.1000000015
13771  36.819  -59.807  -5.964 0.1000000015
16314  47.125  -56.398  -2.646 0.1000000015
16313  47.907  -56.284  -2.773 0.1000000015
17100  39.758  -55.879  -2.563 0.1000000015
14559  38.026  -58.168  -2.169 0.1000000015
17976  42.539  -54.650  -7.607 0.4000000060
112879  45.315  -56.032  -10.039 0.3000000119
17188  44.047  -55.744  -9.821 0.3000000119
17169  43.379  -55.506  -9.068 0.3000000119
17987  42.167  -54.791  -8.512 0.4000000060
17977  41.836  -54.454  -7.947 0.4000000060
17205  43.073  -55.302  -9.994 0.3000000119
17988  41.531  -54.362  -8.697 0.4000000060
17282  45.216  -55.396  -17.786 0.1000000015
18081  46.847  -54.466  -18.258 0.1000000015
18050  47.775  -53.850  -16.922 0.2000000030
18806  48.400  -53.391  -14.527 0.3000000119
20425  41.422  -51.499  -9.520 0.4000000060
17187  45.433  -55.920  -8.895 0.3000000119
109888  46.769  -51.948  -11.983 0.4000000060
126620  48.056  -53.912  -15.151 0.2000000030
18798  48.565  -52.755  -13.825 0.3000000119
20451  46.242  -51.383  -11.350 0.4000000060
19592  44.469  -51.846  -10.806 0.4000000060
19581  41.874  -52.202  -10.012 0.4000000060
17292  44.489  -55.593  -18.540 0.1000000015
117140  47.911  -53.883  -15.935 0.3000000119
19591  45.329  -51.767  -11.121 0.4000000060
20439  44.012  -51.452  -10.394 0.4000000060
20424  42.464  -51.254  -9.709 0.4000000060
17291  45.376  -55.258  -18.639 0.1000000015
21300  40.098  -51.192  -8.824 0.5000000000
18819  48.554  -53.281  -15.592 0.3000000119
19608  48.063  -52.097  -12.950 0.3000000119
20438  44.951  -51.167  -10.514 0.4000000060
21285  39.522  -50.657  -8.385 0.4000000060
22134  38.359  -49.904  -7.706 0.4000000060
20450  46.910  -51.162  -11.760 0.4000000060
20436  46.282  -50.843  -11.219 0.4000000060
20423  43.547  -50.976  -9.857 0.4000000060
21298  43.068  -50.433  -9.368 0.4000000060
21299  41.969  -50.664  -9.200 0.5000000000
122744  45.907  -54.932  -19.205 0.2000000030
17290  45.983  -54.912  -18.402 0.2000000030
18840  48.508  -53.199  -16.633 0.2000000030
18065  47.721  -53.836  -18.053 0.2000000030
19607  48.396  -51.718  -13.250 0.3000000119
20454  47.540  -51.183  -12.401 0.3000000119
17302  44.663  -55.592  -19.643 0.1000000015
21311  45.229  -50.536  -10.410 0.4000000060
18805  48.888  -52.491  -14.406 0.3000000119
21325  46.509  -50.515  -11.444 0.4000000060
20422  44.505  -50.716  -10.086 0.4000000060
112784  41.377  -50.079  -8.799 0.5000000000
21284  40.376  -50.363  -8.701 0.5000000000
22153  38.767  -49.188  -8.020 0.4000000060
21309  45.923  -50.454  -10.922 0.4000000060
22166  43.589  -49.677  -9.262 0.4000000060
21283  42.532  -49.765  -8.931 0.5000000000
22151  40.655  -49.416  -8.559 0.5000000000
114767  39.668  -49.204  -8.337 0.4000000060
18100  46.809  -54.505  -19.480 0.2000000030
18839  49.054  -52.347  -17.411 0.2000000030
19623  49.075  -51.829  -14.874 0.4000000060
19638  49.143  -51.756  -15.949 0.2000000030
20453  48.109  -51.157  -12.979 0.3000000119
23087  40.395  -48.350  -8.410 0.5000000000
23071  38.354  -48.451  -7.846 0.4000000060
22135  37.924  -49.189  -7.567 0.4000000060
20471  48.620  -51.199  -14.440 0.4000000060
22176  45.977  -49.979  -10.958 0.4000000060
21310  45.477  -50.084  -10.493 0.4000000060
22150  41.702  -49.256  -8.702 0.5000000000
18879  48.493  -53.020  -18.955 0.2000000030
18099  47.563  -53.925  -20.284 0.2000000030
18860  49.010  -52.207  -18.578 0.2000000030
121642  38.006  -47.791  -7.680 0.4000000060
19676  49.145  -51.517  -18.099 0.2000000030
21327  47.496  -50.744  -12.508 0.3000000119
22177  45.488  -49.449  -10.587 0.4000000060
22165  44.395  -49.509  -9.661 0.4000000060
118144  45.392  -55.305  -20.416 0.2000000030
18878  48.785  -52.183  -19.602 0.2000000030
126678  49.068  -51.173  -16.634 0.3000000119
21347  48.200  -50.610  -15.301 0.4000000060
120860  36.903  -47.876  -6.916 0.4000000060
117031  47.780  -50.604  -13.188 0.3000000119
22149  43.195  -49.122  -9.034 0.5000000000
119224  41.239  -48.682  -8.568 0.5000000000
24876  37.491  -46.295  -4.955 0.4000000060
117999  46.181  -54.801  -21.318 0.2000000030
22192  45.803  -49.327  -11.192 0.4000000060
22164  45.022  -49.469  -10.120 0.4000000060
24012  38.779  -47.661  -7.979 0.4000000060
17317  46.444  -54.523  -22.431 0.2000000030
18893  48.419  -52.792  -20.103 0.2000000030
19691  48.903  -51.522  -19.130 0.2000000030
112952  48.973  -51.063  -17.492 0.2000000030
22208  46.663  -49.663  -13.197 0.4000000060
23084  43.257  -48.246  -9.018 0.5000000000
113831  41.619  -47.697  -8.540 0.5000000000
16540  44.816  -55.810  -21.816 0.2000000030
112323  47.916  -50.522  -14.348 0.4000000060
22190  46.910  -50.339  -12.052 0.3000000119
23102  43.926  -48.877  -9.297 0.5000000000
116629  42.504  -48.891  -8.830 0.5000000000
23088  39.275  -48.410  -8.191 0.5000000000
17334  45.781  -55.090  -22.761 0.2000000030
119520  39.570  -46.351  -4.912 0.4000000060
24873  41.962  -47.374  -4.740 0.2000000030
25816  37.356  -45.932  -5.575 0.4000000060
108205  37.414  -46.746  -7.138 0.4000000060
18098  48.010  -53.355  -20.491 0.2000000030
21366  48.338  -50.593  -16.136 0.4000000060
23989  39.195  -46.787  -7.936 0.4000000060
23990  38.162  -46.926  -7.599 0.4000000060
18116  47.089  -54.092  -21.763 0.2000000030
19692  48.666  -51.624  -19.784 0.2000000030
20520  48.801  -51.146  -18.494 0.2000000030
18904  48.134  -52.746  -20.943 0.2000000030
26706  38.444  -45.396  -5.339 0.4000000060
25838  37.750  -45.487  -6.442 0.4000000060
25853  38.487  -45.249  -6.936 0.4000000060
23100  45.127  -48.870  -10.285 0.3000000119
24009  42.793  -47.353  -8.770 0.5000000000
111663  40.654  -47.356  -8.330 0.5000000000
24928  38.763  -46.023  -7.488 0.4000000060
21348  47.464  -50.386  -15.020 0.4000000060
23121  46.038  -49.143  -11.947 0.4000000060
23111  45.347  -48.711  -10.809 0.3000000119
24021  44.426  -47.515  -9.815 0.4000000060
22221  46.965  -50.129  -14.350 0.4000000060
117374  43.403  -46.388  -8.709 0.5000000000
19702  48.425  -52.074  -20.386 0.2000000030
26715  38.339  -44.863  -5.793 0.4000000060
106349  40.292  -46.481  -8.033 0.5000000000
24010  41.370  -46.529  -8.222 0.5000000000
23112  44.875  -48.017  -10.363 0.4000000060
24007  44.099  -46.966  -9.422 0.5000000000
24950  43.922  -46.069  -8.929 0.5000000000
24966  44.208  -46.365  -9.618 0.5000000000
17170  42.561  -55.102  -9.264 0.4000000060
20440  42.964  -51.814  -10.279 0.4000000060
123268  37.326  -45.790  -6.017 0.4000000060
111637  42.515  -46.266  -8.346 0.5000000000
125156  46.570  -55.541  -11.942 0.3000000119
17215  45.852  -55.484  -11.642 0.3000000119
17217  43.918  -54.990  -11.228 0.2000000030
18004  43.053  -54.648  -10.801 0.2000000030
116980  47.114  -55.734  -12.711 0.2000000030
18021  46.882  -54.569  -12.806 0.3000000119
18022  46.080  -54.131  -12.484 0.3000000119
107007  45.219  -53.779  -12.071 0.3000000119
17238  47.209  -55.321  -13.284 0.2000000030
112713  47.516  -54.433  -13.564 0.2000000030
18795  47.427  -53.749  -13.236 0.2000000030
18051  47.125  -54.416  -16.145 0.2000000030
16560  44.047  -56.364  -23.368 0.1000000015
15721  43.424  -56.743  -23.926 0.1000000015
19678  45.021  -52.587  -17.402 0.1000000015
17201  47.146  -56.235  -10.372 0.1000000015
17203  45.216  -55.753  -11.030 0.2000000030
117712  46.814  -55.915  -11.394 0.2000000030
109834  47.510  -57.153  -10.949 0.1000000015
15587  47.256  -57.108  -11.948 0.1000000015
17226  47.250  -56.333  -11.967 0.2000000030
15600  47.014  -56.992  -12.915 0.1000000015
16559  45.084  -55.601  -23.285 0.1000000015
106455  47.080  -51.749  -19.906 0.1000000015
20523  46.651  -51.265  -17.476 0.1000000015
19703  46.765  -52.341  -20.938 0.1000000015
19693  46.269  -51.874  -18.958 0.1000000015
108918  45.627  -52.016  -16.906 0.1000000015
124236  46.226  -50.941  -15.564 0.1000000015
19624  44.614  -51.628  -14.814 0.1000000015
21336  44.677  -50.024  -13.778 0.1000000015
21337  43.807  -50.651  -13.680 0.1000000015
17213  47.297  -56.357  -11.103 0.2000000030
16433  47.469  -56.699  -11.266 0.1000000015
21384  47.679  -50.401  -16.241 0.1000000015
23129  45.542  -48.577  -12.349 0.3000000119
18131  47.275  -53.281  -21.973 0.1000000015
107088  47.986  -51.996  -20.636 0.1000000015
115595  48.258  -51.099  -19.411 0.1000000015
20506  47.765  -50.460  -16.892 0.1000000015
21349  46.830  -50.324  -14.755 0.2000000030
23141  45.520  -48.818  -12.991 0.3000000119
24996  44.317  -46.709  -10.963 0.3000000119
24977  44.086  -45.928  -10.422 0.3000000119
16576  44.793  -55.500  -24.245 0.1000000015
18920  46.691  -53.476  -22.684 0.1000000015
105687  47.717  -50.698  -17.793 0.1000000015
21368  46.605  -50.506  -15.200 0.1000000015
22209  45.546  -49.217  -13.445 0.2000000030
24049  44.044  -47.077  -11.678 0.3000000119
19715  46.937  -52.865  -22.027 0.1000000015
124501  45.325  -50.240  -14.210 0.1000000015
122946  43.419  -47.987  -12.500 0.2000000030
25006  43.348  -46.946  -11.789 0.3000000119
22199  43.440  -48.822  -12.780 0.1000000015
23132  42.679  -48.351  -12.382 0.2000000030
24998  42.872  -46.378  -11.416 0.4000000060
20457  42.926  -51.239  -13.579 0.1000000015
22212  43.057  -49.673  -12.911 0.1000000015
24061  42.147  -47.928  -12.033 0.3000000119
17119  47.739  -55.526  -4.678 0.1000000015
16374  47.399  -56.083  -6.740 0.1000000015
124440  42.015  -45.757  -7.991 0.4000000060
24951  43.590  -45.220  -8.409 0.4000000060
24976  44.309  -46.484  -10.215 0.3000000119
24967  44.181  -45.287  -9.168 0.4000000060
25869  44.070  -44.660  -8.748 0.4000000060
25899  43.903  -44.949  -9.926 0.4000000060
25881  43.861  -44.242  -9.279 0.4000000060
25924  42.742  -45.687  -10.846 0.4000000060
25901  42.094  -45.247  -10.490 0.5000000000
24050  42.007  -47.092  -11.726 0.3000000119
122725  41.984  -46.152  -11.223 0.5000000000
109351  42.146  -50.915  -13.099 0.2000000030
21328  42.477  -50.136  -12.843 0.1000000015
24999  41.237  -46.687  -11.354 0.4000000060
19625  43.090  -52.428  -14.590 0.1000000015
124312  42.206  -51.631  -13.524 0.1000000015
22201  41.319  -49.556  -12.268 0.2000000030
23133  41.783  -48.691  -12.160 0.2000000030
18820  42.996  -53.375  -15.772 0.1000000015
19642  42.621  -53.059  -15.030 0.1000000015
110890  40.815  -50.302  -12.438 0.2000000030
18843  42.430  -53.811  -16.349 0.1000000015
18821  42.095  -53.537  -15.553 0.1000000015
24926  40.321  -45.511  -7.649 0.4000000060
24927  39.594  -46.019  -7.737 0.3000000119
24952  41.414  -45.331  -7.742 0.4000000060
25870  43.638  -44.040  -8.207 0.4000000060
111726  42.772  -44.716  -7.865 0.4000000060
26776  43.896  -43.954  -8.664 0.4000000060
109631  43.020  -43.530  -7.822 0.4000000060
25900  43.284  -44.970  -10.150 0.4000000060
26813  41.841  -44.419  -9.730 0.4000000060
122759  42.574  -43.629  -9.065 0.4000000060
25902  40.999  -45.273  -10.383 0.5000000000
24978  41.098  -46.010  -10.978 0.4000000060
23124  40.332  -48.302  -11.613 0.3000000119
24051  40.860  -47.434  -11.520 0.4000000060
25000  40.280  -46.828  -11.172 0.4000000060
19615  39.982  -52.143  -13.811 0.2000000030
20459  40.403  -51.545  -13.220 0.2000000030
22193  39.829  -49.137  -11.788 0.2000000030
18808  40.850  -53.140  -14.772 0.1000000015
19627  41.355  -52.722  -14.256 0.2000000030
17304  40.122  -55.407  -19.623 0.1000000015
25851  40.924  -44.385  -7.329 0.4000000060
25852  39.605  -45.088  -7.270 0.4000000060
26756  41.584  -43.063  -7.269 0.4000000060
26791  42.625  -43.132  -8.391 0.4000000060
26778  42.379  -43.018  -7.869 0.4000000060
118007  41.783  -43.528  -8.970 0.4000000060
26792  40.866  -44.541  -9.693 0.4000000060
124439  40.173  -45.334  -10.232 0.3000000119
24979  39.468  -46.639  -10.838 0.4000000060
105610  40.176  -46.004  -10.703 0.4000000060
23125  39.213  -48.444  -11.460 0.3000000119
111473  39.973  -47.705  -11.359 0.4000000060
110121  39.619  -52.529  -14.473 0.2000000030
20460  39.498  -51.538  -13.493 0.2000000030
21331  39.525  -50.614  -12.661 0.2000000030
118227  40.067  -50.306  -12.382 0.2000000030
18823  40.228  -53.426  -15.295 0.2000000030
16525  38.794  -56.108  -20.782 0.1000000015
17321  39.413  -55.786  -20.184 0.1000000015
26714  38.976  -44.475  -5.577 0.3000000119
26738  39.422  -43.823  -6.316 0.4000000060
26758  39.190  -44.503  -6.727 0.3000000119
28531  40.587  -42.085  -7.189 0.4000000060
27653  40.947  -42.583  -7.086 0.4000000060
26779  41.658  -42.746  -8.198 0.4000000060
27652  41.579  -42.782  -7.643 0.4000000060
114517  40.705  -43.731  -8.976 0.4000000060
26780  40.318  -43.117  -8.344 0.4000000060
25883  38.759  -45.026  -9.764 0.4000000060
26793  39.520  -44.117  -9.106 0.3000000119
25001  36.885  -46.972  -11.089 0.3000000119
24033  37.637  -47.165  -10.856 0.3000000119
24981  37.271  -46.459  -10.525 0.3000000119
25904  37.975  -45.827  -10.144 0.3000000119
25903  39.104  -45.873  -10.424 0.3000000119
108862  38.257  -50.063  -13.914 0.2000000030
21340  38.575  -50.601  -13.484 0.2000000030
123036  37.355  -48.339  -12.493 0.3000000119
23126  37.633  -48.334  -11.820 0.2000000030
24032  38.566  -46.987  -10.784 0.3000000119
20461  38.851  -51.305  -13.821 0.2000000030
22204  38.572  -49.582  -12.296 0.2000000030
19629  38.935  -52.202  -14.836 0.2000000030
104998  40.488  -43.840  -4.748 0.3000000119
27613  39.692  -44.001  -5.141 0.3000000119
27622  39.573  -43.611  -5.597 0.4000000060
27641  39.027  -44.093  -5.879 0.3000000119
29410  40.625  -41.628  -5.958 0.3000000119
28488  40.333  -42.358  -5.831 0.4000000060
28507  40.550  -41.819  -6.748 0.4000000060
28532  39.802  -41.852  -7.591 0.4000000060
27669  40.916  -42.488  -7.668 0.4000000060
28533  38.883  -42.190  -8.101 0.3000000119
27670  39.730  -42.555  -7.933 0.4000000060
26815  35.639  -44.211  -10.126 0.3000000119
26797  35.951  -44.113  -9.685 0.2000000030
26796  36.539  -44.256  -9.503 0.2000000030
27685  37.995  -43.669  -8.905 0.2000000030
26794  38.418  -44.310  -9.279 0.3000000119
26781  39.067  -43.489  -8.609 0.3000000119
25925  35.941  -45.660  -11.536 0.3000000119
25906  36.281  -45.347  -10.275 0.3000000119
25885  36.797  -44.982  -9.739 0.2000000030
25884  37.722  -45.086  -9.709 0.2000000030
23150  37.822  -48.656  -14.081 0.2000000030
24067  36.809  -46.856  -13.112 0.3000000119
24063  36.694  -47.182  -12.326 0.3000000119
24054  36.808  -47.311  -11.660 0.3000000119
26703  40.993  -44.927  -4.779 0.3000000119
26704  40.029  -45.476  -5.006 0.3000000119
29420  39.650  -41.392  -7.614 0.3000000119
29440  37.615  -41.847  -8.860 0.2000000030
30341  38.523  -40.877  -8.810 0.2000000030
29438  39.125  -41.677  -7.961 0.2000000030
109213  35.985  -41.667  -9.666 0.2000000030
114971  36.830  -43.027  -9.149 0.2000000030
27672  37.572  -43.044  -8.788 0.2000000030
28534  37.996  -42.366  -8.535 0.2000000030
25805  41.723  -46.930  -5.097 0.2000000030
18052  41.837  -54.233  -16.917 0.1000000015
18822  41.167  -53.535  -15.414 0.1000000015
119849  37.295  -47.147  -13.744 0.3000000119
21352  38.566  -50.901  -14.416 0.2000000030
117127  42.382  -54.703  -10.102 0.3000000119
18016  43.689  -54.116  -11.367 0.3000000119
18015  44.500  -54.450  -11.693 0.3000000119
116514  46.595  -56.069  -9.987 0.2000000030
126117  43.624  -55.345  -10.566 0.2000000030
20505  48.448  -50.677  -17.595 0.1000000015
23140  46.099  -49.109  -12.773 0.3000000119
105886  41.555  -45.933  -5.007 0.3000000119
20521  48.378  -50.903  -18.710 0.1000000015
24030  45.087  -47.948  -11.126 0.2000000030
115090  46.113  -49.352  -13.399 0.2000000030
20539  47.920  -51.376  -19.847 0.1000000015
17214  46.942  -55.695  -12.237 0.2000000030
17227  46.299  -55.043  -12.272 0.3000000119
18020  47.199  -54.901  -13.043 0.2000000030
17202  46.180  -55.913  -10.808 0.2000000030
19714  47.610  -52.662  -21.458 0.1000000015
18880  45.828  -52.290  -19.599 0.1000000015
20522  47.388  -51.191  -18.870 0.1000000015
20486  47.039  -50.515  -16.135 0.1000000015
19639  46.197  -51.326  -16.341 0.1000000015
20487  45.437  -51.601  -15.481 0.1000000015
22210  44.847  -49.243  -13.457 0.1000000015
20485  47.297  -50.444  -15.587 0.2000000030
24048  44.653  -47.383  -11.458 0.3000000119
22223  45.493  -49.693  -13.877 0.2000000030
23130  44.947  -48.270  -12.577 0.3000000119
24997  43.707  -46.429  -11.200 0.4000000060
25880  44.148  -44.634  -9.134 0.4000000060
23142  44.929  -48.657  -13.094 0.3000000119
24059  43.745  -47.488  -12.240 0.3000000119
24060  42.888  -47.486  -12.122 0.3000000119
25871  42.161  -43.751  -7.540 0.4000000060
26790  43.359  -43.630  -8.753 0.4000000060
19613  41.816  -52.205  -13.796 0.2000000030
21338  41.136  -50.946  -12.851 0.2000000030
26777  43.274  -43.412  -8.212 0.4000000060
20455  39.722  -51.145  -12.997 0.2000000030
26757  40.327  -43.729  -6.850 0.4000000060
24052  38.192  -47.928  -11.225 0.3000000119
22195  38.365  -48.820  -11.790 0.2000000030
22213  38.215  -49.895  -13.018 0.2000000030
28489  39.976  -42.923  -5.783 0.4000000060
27621  40.008  -43.015  -5.339 0.4000000060
27639  40.398  -42.379  -6.438 0.4000000060
24982  36.432  -46.122  -10.779 0.3000000119
23144  37.501  -48.541  -13.222 0.2000000030
24066  37.055  -47.742  -12.973 0.2000000030
27612  40.334  -42.990  -4.923 0.4000000060
27671  38.509  -42.919  -8.414 0.2000000030
27710  35.420  -43.546  -10.333 0.2000000030
108940  35.614  -43.024  -9.823 0.2000000030
27687  36.195  -43.490  -9.441 0.2000000030
27686  37.079  -43.658  -9.181 0.2000000030
28475  40.445  -42.337  -5.269 0.3000000119
28468  40.896  -42.807  -4.641 0.2000000030
29391  41.170  -42.020  -4.698 0.3000000119
27610  42.427  -43.606  -4.385 0.2000000030
17248  47.322  -54.966  -13.938 0.1000000015
17249  46.814  -55.824  -14.191 0.1000000015
18027  47.712  -54.316  -14.563 0.1000000015
17185  47.222  -56.212  -9.407 0.1000000015
18025  47.837  -54.146  -14.044 0.1000000015
17260  46.720  -55.018  -15.454 0.1000000015
18037  47.429  -54.442  -15.299 0.1000000015
24872  43.269  -47.706  -4.607 0.1000000015
25804  42.632  -47.204  -4.957 0.1000000015
105968  44.499  -47.453  -5.017 0.1000000015
104987  43.657  -47.290  -4.967 0.1000000015
26702  42.318  -46.041  -4.957 0.1000000015
26701  43.293  -46.078  -4.861 0.1000000015
106059  42.888  -44.743  -4.593 0.1000000015
26700  43.874  -44.691  -4.591 0.1000000015
28467  42.041  -42.794  -4.362 0.1000000015
126495  41.505  -42.556  -4.494 0.2000000030
112098  43.370  -43.557  -4.385 0.1000000015
28464  44.702  -42.436  -4.521 0.2000000030
29409  40.978  -41.131  -5.640 0.2000000030
29388  44.111  -41.644  -4.629 0.2000000030
29389  43.115  -41.733  -4.513 0.2000000030
29400  42.480  -41.060  -4.837 0.2000000030
29402  40.817  -41.731  -5.168 0.2000000030
29387  45.016  -41.657  -4.854 0.2000000030
29401  41.494  -41.193  -5.042 0.2000000030
30318  40.833  -40.841  -6.421 0.2000000030
29419  40.363  -41.245  -7.054 0.2000000030
30325  39.710  -40.853  -7.712 0.1000000015
28463  45.666  -42.338  -4.771 0.2000000030
30309  42.073  -40.555  -5.297 0.2000000030
30317  41.478  -40.447  -5.866 0.2000000030
30323  41.093  -40.039  -6.778 0.1000000015
30324  40.447  -40.514  -7.286 0.1000000015
108110  43.468  -48.055  -4.293 0.1000000015
104620  44.149  -48.020  -4.631 0.1000000015
105182  44.406  -46.103  -4.877 0.1000000015
119484  45.453  -45.410  -4.778 0.1000000015
28466  42.803  -42.641  -4.345 0.2000000030
29399  43.469  -40.952  -4.898 0.2000000030
109465  36.676  -45.093  -13.194 0.2000000030
25933  35.798  -44.910  -12.063 0.2000000030
25932  36.213  -45.691  -12.447 0.2000000030
25940  37.249  -45.399  -13.778 0.2000000030
27744  36.777  -43.639  -13.515 0.2000000030
26832  35.529  -44.005  -11.732 0.2000000030
119917  36.306  -43.685  -13.005 0.2000000030
26831  35.987  -44.173  -12.541 0.2000000030
26839  37.218  -44.364  -13.779 0.2000000030
26825  35.405  -44.173  -10.837 0.2000000030
27734  35.836  -43.270  -12.486 0.1000000015
28587  36.012  -42.395  -12.894 0.2000000030
27735  35.469  -43.115  -11.723 0.2000000030
27723  35.304  -43.356  -11.066 0.2000000030
30397  35.954  -40.683  -12.827 0.1000000015
29490  35.684  -41.611  -12.466 0.1000000015
29491  35.359  -41.689  -11.572 0.1000000015
113804  36.453  -39.958  -13.380 0.1000000015
31319  36.881  -39.276  -13.794 0.1000000015
27608  45.240  -43.322  -4.500 0.1000000015
29481  35.348  -41.768  -10.701 0.1000000015
30387  35.525  -40.250  -11.390 0.1000000015
116604  35.368  -40.989  -11.084 0.1000000015
31307  35.962  -39.756  -12.592 0.1000000015
121073  35.646  -40.209  -12.122 0.1000000015
107731  36.544  -37.643  -12.803 0.1000000015
32231  36.228  -38.479  -12.574 0.1000000015
34162  37.017  -36.937  -13.309 0.1000000015
29396  46.182  -41.651  -5.337 0.1000000015
109756  47.433  -42.872  -5.302 0.1000000015
28474  46.604  -42.590  -5.029 0.1000000015
29457  36.819  -41.569  -9.311 0.1000000015
28549  35.584  -42.152  -9.986 0.1000000015
116367  35.738  -40.340  -10.502 0.1000000015
32225  35.894  -38.625  -11.740 0.1000000015
34155  36.678  -36.769  -12.485 0.1000000015
34137  36.557  -36.623  -11.710 0.1000000015
29395  47.062  -42.007  -5.598 0.1000000015
29398  44.500  -40.889  -5.160 0.1000000015
31262  36.632  -39.575  -9.681 0.1000000015
112526  36.953  -40.474  -9.416 0.1000000015
116031  37.388  -38.003  -9.524 0.1000000015
124065  36.170  -39.617  -10.149 0.1000000015
30357  36.262  -40.158  -9.845 0.1000000015
29458  36.144  -40.892  -9.737 0.1000000015
33118  36.657  -38.042  -9.932 0.1000000015
32180  36.388  -38.887  -10.063 0.1000000015
34101  37.533  -36.442  -9.699 0.1000000015
33138  36.495  -37.335  -10.518 0.1000000015
122418  35.874  -38.574  -11.030 0.1000000015
32206  36.181  -38.284  -10.536 0.1000000015
113317  38.381  -34.943  -9.399 0.1000000015
35105  37.407  -35.762  -10.100 0.1000000015
33156  36.068  -37.841  -11.254 0.1000000015
35106  36.992  -35.879  -10.821 0.1000000015
29408  46.729  -41.262  -6.031 0.1000000015
29397  45.427  -41.170  -5.311 0.1000000015
30356  38.015  -40.420  -9.342 0.1000000015
35091  38.619  -35.660  -9.213 0.1000000015
34100  38.177  -36.391  -9.357 0.1000000015
35081  39.003  -34.886  -8.974 0.1000000015
30355  38.862  -40.263  -9.325 0.1000000015
28600  36.637  -42.396  -13.585 0.1000000015
118568  36.356  -37.106  -11.257 0.1000000015
113378  37.362  -35.118  -10.713 0.1000000015
31261  37.462  -39.673  -9.476 0.1000000015
20550  39.154  -51.428  -19.811 0.1000000015
21414  40.439  -50.379  -19.681 0.1000000015
21427  39.848  -50.917  -20.163 0.1000000015
122964  38.766  -51.850  -20.936 0.1000000015
108657  38.281  -52.612  -22.118 0.1000000015
19738  38.492  -52.739  -22.976 0.1000000015
18959  38.537  -53.426  -24.779 0.1000000015
108587  38.845  -51.613  -19.057 0.1000000015
21404  40.319  -50.236  -18.763 0.1000000015
20561  39.290  -51.411  -20.640 0.1000000015
19726  38.523  -52.201  -21.529 0.1000000015
22270  40.802  -49.606  -18.413 0.1000000015
22260  40.612  -49.186  -17.643 0.1000000015
125621  39.124  -50.979  -17.745 0.1000000015
19704  38.392  -52.357  -18.994 0.1000000015
20562  38.658  -51.906  -20.228 0.1000000015
22282  40.987  -49.824  -19.227 0.1000000015
22261  39.830  -49.694  -17.154 0.1000000015
20525  38.658  -51.712  -17.592 0.1000000015
22269  41.413  -49.296  -18.812 0.1000000015
23186  41.245  -48.549  -17.871 0.1000000015
25056  41.567  -46.492  -17.314 0.1000000015
24120  41.825  -48.024  -18.161 0.1000000015
24107  41.943  -47.159  -17.798 0.1000000015
21405  39.648  -50.610  -18.237 0.1000000015
121543  39.012  -53.304  -25.907 0.1000000015
6280  36.444  -70.535  -15.909 0.1000000015
7554  38.191  -68.259  -15.096 0.1000000015
7570  36.804  -68.784  -16.265 0.1000000015
8237  37.538  -67.570  -15.665 0.1000000015
8903  41.222  -64.970  -7.702 0.1000000015
8963  38.875  -66.217  -13.494 0.1000000015
9651  41.422  -64.642  -6.402 0.1000000015
9714  39.960  -64.672  -11.122 0.1000000015
9754  35.871  -64.093  -14.282 0.1000000015
9766  36.213  -64.892  -14.621 0.1000000015
9769  33.767  -64.158  -14.214 0.1000000015
10522  38.235  -63.148  -12.143 0.1000000015
10552  32.808  -63.082  -13.655 0.1000000015
10565  33.598  -63.250  -13.981 0.1000000015
11310  35.465  -62.076  -13.368 0.1000000015
12015  39.402  -61.187  -3.501 0.1000000015
12087  37.947  -61.596  -10.619 0.1000000015
12119  35.265  -61.153  -13.052 0.1000000015
12926  37.377  -60.268  -5.520 0.1000000015
12994  37.479  -61.323  -11.059 0.1000000015
13018  30.686  -60.932  -12.597 0.1000000015
13759  36.820  -59.507  -5.059 0.1000000015
13842  35.090  -59.327  -11.831 0.1000000015
14548  39.406  -58.041  -1.071 0.1000000015
14560  37.650  -57.907  -2.796 0.1000000015
14593  35.972  -58.673  -6.021 0.1000000015
14594  35.868  -57.864  -5.806 0.1000000015
14616  43.813  -57.936  -7.024 0.1000000015
14692  34.461  -58.866  -12.085 0.1000000015
14698  29.566  -58.676  -13.172 0.1000000015
15475  46.648  -56.918  -4.211 0.1000000015
15476  46.084  -56.924  -4.005 0.1000000015
15490  37.094  -57.404  -4.022 0.1000000015
15537  35.725  -57.364  -6.350 0.1000000015
15559  40.880  -57.169  -8.650 0.1000000015
15569  40.952  -57.128  -9.327 0.1000000015
15588  47.126  -57.698  -11.242 0.1000000015
15614  40.496  -57.700  -13.574 0.1000000015
15628  38.947  -57.138  -14.664 0.1000000015
15630  30.661  -57.562  -14.002 0.1000000015
15664  32.579  -57.448  -16.222 0.1000000015
16318  38.350  -56.845  -2.409 0.1000000015
16327  48.080  -55.913  -3.879 0.1000000015
16365  36.605  -56.652  -5.550 0.1000000015
16390  36.367  -55.993  -7.042 0.1000000015
16397  39.647  -56.534  -8.749 0.1000000015
16400  35.908  -55.986  -7.790 0.1000000015
16453  37.717  -55.810  -14.064 0.1000000015
16459  37.422  -56.057  -14.692 0.1000000015
16461  34.115  -55.682  -14.790 0.1000000015
17083  39.973  -55.801  -1.820 0.1000000015
17111  43.215  -55.888  -3.127 0.1000000015
17171  37.788  -55.663  -8.874 0.1000000015
17174  35.831  -55.805  -9.148 0.1000000015
17184  47.426  -56.464  -9.656 0.1000000015
17200  47.465  -56.531  -10.221 0.1000000015
17204  44.403  -55.621  -10.760 0.2000000030
17216  44.796  -55.234  -11.455 0.2000000030
17232  34.701  -55.401  -12.444 0.1000000015
17253  34.298  -55.416  -14.035 0.1000000015
17259  47.096  -55.026  -14.691 0.1000000015
17301  46.267  -54.742  -20.315 0.2000000030
17318  45.544  -55.278  -21.535 0.1000000015
17357  45.433  -54.942  -24.208 0.1000000015
17906  49.516  -54.694  -1.542 0.1000000015
17967  45.340  -54.877  -6.027 0.2000000030
17998  41.902  -54.585  -9.393 0.4000000060
17999  41.428  -54.116  -9.392 0.5000000000
18014  45.384  -54.739  -12.007 0.3000000119
18053  40.842  -54.264  -16.708 0.2000000030
18055  39.016  -53.625  -16.678 0.1000000015
18080  47.760  -53.805  -19.382 0.2000000030
18085  40.543  -54.719  -18.160 0.2000000030
18115  47.727  -53.442  -21.250 0.2000000030
18119  41.872  -54.746  -20.708 0.1000000015
18158  44.653  -54.480  -24.300 0.1000000015
18692  48.322  -54.647  -3.312 0.1000000015
18748  41.257  -54.018  -7.984 0.4000000060
18768  41.255  -53.509  -9.675 0.5000000000
18791  46.184  -52.993  -12.261 0.4000000060
18807  41.745  -53.183  -14.848 0.1000000015
18818  49.021  -52.477  -16.285 0.2000000030
18844  41.492  -53.904  -16.141 0.1000000015
18846  38.581  -53.248  -17.191 0.1000000015
18861  48.511  -53.121  -17.762 0.2000000030
18895  44.155  -53.369  -20.260 0.1000000015
18905  47.798  -52.881  -21.420 0.2000000030
18921  45.891  -53.565  -23.158 0.2000000030
18949  37.977  -53.468  -23.433 0.1000000015
19481  48.761  -53.160  -1.095 0.1000000015
19497  40.095  -52.101  -2.998 0.5000000000
19504  40.078  -52.272  -3.802 0.5000000000
19505  38.881  -51.896  -4.082 0.5000000000
19517  40.014  -52.429  -4.641 0.5000000000
19518  39.077  -52.095  -4.845 0.5000000000
19532  38.937  -52.088  -5.819 0.6000000238
19553  39.838  -52.765  -7.817 0.5000000000
19554  39.255  -52.251  -7.354 0.5000000000
19582  41.250  -52.809  -9.836 0.5000000000
19583  40.400  -52.310  -9.175 0.5000000000
19603  47.499  -51.711  -12.418 0.4000000060
19611  48.827  -51.948  -13.885 0.3000000119
19612  48.469  -52.249  -13.414 0.3000000119
19614  40.914  -52.223  -13.704 0.2000000030
19616  39.203  -51.920  -14.126 0.2000000030
19626  42.228  -52.653  -14.372 0.1000000015
19628  40.465  -52.676  -14.255 0.1000000015
19643  40.080  -53.019  -14.754 0.2000000030
19644  39.345  -52.970  -15.230 0.3000000119
19645  38.771  -52.416  -15.702 0.2000000030
19660  49.208  -51.625  -17.008 0.2000000030
19677  46.020  -51.919  -17.969 0.1000000015
19713  48.015  -52.511  -21.001 0.2000000030
20332  42.467  -51.883  -1.085 0.5000000000
20344  40.263  -51.916  -2.213 0.5000000000
20347  38.031  -51.128  -3.166 0.5000000000
20410  39.095  -51.117  -8.042 0.5000000000
20437  45.713  -50.897  -10.809 0.4000000060
20456  48.528  -51.403  -13.573 0.3000000119
20458  41.442  -51.611  -13.334 0.2000000030
20472  45.608  -50.836  -14.810 0.1000000015
20474  42.663  -52.012  -13.962 0.1000000015
20475  38.788  -51.603  -14.452 0.2000000030
20484  48.832  -51.081  -15.744 0.4000000060
20504  48.673  -50.796  -16.767 0.4000000060
20524  39.490  -50.408  -17.450 0.1000000015
20537  48.646  -51.325  -19.374 0.1000000015
20538  48.493  -51.563  -19.960 0.2000000030
20540  39.034  -51.269  -18.371 0.1000000015
20551  38.603  -51.953  -19.569 0.1000000015
21146  46.485  -49.854  2.077 0.1000000015
21193  42.641  -50.653  -0.071 0.4000000060
21194  41.773  -50.548  -0.192 0.5000000000
21195  39.464  -50.055  -0.613 0.5000000000
21208  37.563  -50.167  -2.463 0.5000000000
21237  36.602  -49.603  -4.436 0.6000000238
21251  36.779  -49.795  -5.198 0.6000000238
21261  37.572  -50.433  -6.444 0.5000000000
21269  38.138  -50.579  -7.278 0.5000000000
21296  44.835  -50.090  -10.042 0.4000000060
21297  44.052  -50.237  -9.652 0.4000000060
21324  47.091  -50.814  -11.986 0.4000000060
21329  41.716  -50.230  -12.631 0.2000000030
21330  40.260  -50.850  -12.708 0.2000000030
21332  38.812  -50.333  -12.722 0.2000000030
21334  48.227  -50.915  -13.650 0.4000000060
21335  47.308  -50.179  -13.761 0.4000000060
21339  39.121  -50.948  -13.165 0.2000000030
21350  46.075  -50.145  -14.456 0.2000000030
21351  44.623  -50.848  -14.215 0.1000000015
21367  47.858  -50.389  -15.896 0.1000000015
21383  48.159  -50.443  -16.632 0.1000000015
21395  38.930  -51.013  -17.052 0.1000000015
21415  39.612  -50.884  -19.167 0.1000000015
22023  43.582  -48.669  2.516 0.1000000015
22034  46.400  -49.488  1.152 0.1000000015
22112  36.309  -49.112  -5.040 0.5000000000
22125  36.756  -48.643  -6.578 0.5000000000
22152  39.851  -49.912  -8.451 0.5000000000
22191  46.360  -49.851  -11.582 0.4000000060
22194  39.002  -49.261  -11.817 0.2000000030
22197  47.184  -50.181  -12.813 0.3000000119
22198  46.590  -49.680  -12.373 0.4000000060
22200  42.357  -49.356  -12.556 0.1000000015
22202  40.378  -49.716  -12.115 0.2000000030
22203  39.415  -49.899  -12.190 0.2000000030
22211  43.894  -49.634  -13.282 0.1000000015
22222  46.257  -49.818  -13.983 0.2000000030
22240  38.465  -50.119  -14.877 0.2000000030
22251  39.367  -49.486  -16.376 0.2000000030
22259  41.176  -49.085  -18.219 0.1000000015
22961  44.455  -47.851  1.883 0.1000000015
22973  45.269  -48.385  1.279 0.1000000015
22974  44.785  -48.010  1.462 0.1000000015
23021  36.710  -48.402  -2.950 0.5000000000
23031  36.410  -48.542  -3.780 0.5000000000
23072  37.462  -48.391  -7.325 0.4000000060
23083  44.087  -47.918  -9.389 0.5000000000
23085  42.389  -48.184  -8.769 0.5000000000
23086  41.874  -48.570  -8.685 0.5000000000
23101  44.625  -48.615  -9.799 0.4000000060
23122  45.524  -48.578  -11.554 0.3000000119
23123  41.331  -48.060  -11.823 0.4000000060
23131  44.219  -48.142  -12.710 0.3000000119
23134  40.831  -48.926  -11.926 0.3000000119
23135  37.846  -49.056  -12.510 0.3000000119
23143  44.311  -48.822  -13.090 0.1000000015
23198  41.669  -48.714  -18.490 0.1000000015
23865  44.419  -47.687  1.518 0.1000000015
23885  33.898  -47.792  1.361 0.1000000015
23952  36.206  -47.628  -5.065 0.5000000000
23964  36.326  -47.499  -5.730 0.5000000000
23979  36.885  -47.141  -6.773 0.5000000000
23991  37.408  -47.480  -7.289 0.4000000060
24008  43.697  -47.146  -9.069 0.5000000000
24011  39.749  -47.533  -8.202 0.4000000060
24031  44.664  -47.280  -10.696 0.2000000030
24053  37.322  -47.629  -11.422 0.3000000119
24057  45.097  -47.952  -11.938 0.3000000119
24058  44.457  -47.671  -12.154 0.3000000119
24062  37.037  -47.835  -12.070 0.3000000119
24070  37.507  -47.908  -13.850 0.2000000030
24084  38.813  -47.423  -15.448 0.3000000119
24097  40.256  -47.085  -16.559 0.2000000030
24108  41.311  -47.805  -17.576 0.1000000015
24805  38.484  -46.430  -0.967 0.5000000000
24825  46.174  -47.690  -3.027 0.1000000015
24831  39.960  -47.051  -4.098 0.4000000060
24854  36.749  -47.193  -3.853 0.5000000000
24871  45.184  -48.089  -5.033 0.1000000015
24874  41.187  -47.230  -4.710 0.2000000030
24889  36.912  -46.327  -5.784 0.4000000060
24910  37.168  -46.304  -6.506 0.4000000060
24929  37.846  -46.050  -7.122 0.4000000060
24980  38.067  -46.519  -10.505 0.3000000119
25002  36.375  -46.576  -11.711 0.3000000119
25007  36.481  -46.495  -12.554 0.3000000119
25011  37.220  -46.313  -13.785 0.3000000119
25015  38.296  -46.122  -14.871 0.3000000119
25031  39.355  -46.092  -15.771 0.3000000119
25045  40.473  -46.263  -16.534 0.2000000030
25806  40.940  -46.462  -5.006 0.3000000119
25808  38.098  -46.212  -4.866 0.5000000000
25815  37.852  -45.589  -5.464 0.4000000060
25879  44.158  -45.536  -9.647 0.3000000119
25882  39.842  -44.800  -9.724 0.3000000119
25905  37.029  -45.723  -10.104 0.2000000030
25907  35.740  -44.829  -10.518 0.3000000119
25923  43.484  -45.720  -10.668 0.4000000060
25926  35.621  -44.866  -11.281 0.2000000030
25941  36.669  -46.004  -13.199 0.2000000030
25950  37.791  -45.750  -14.359 0.3000000119
25965  40.199  -44.981  -16.070 0.2000000030
25966  39.535  -45.297  -15.683 0.2000000030
25967  38.881  -45.679  -15.326 0.3000000119
25981  41.350  -45.167  -16.787 0.1000000015
26687  39.591  -45.261  -2.225 0.4000000060
26705  39.141  -45.323  -5.160 0.4000000060
26716  37.779  -45.315  -5.912 0.4000000060
26739  38.470  -44.712  -6.200 0.3000000119
26795  37.419  -44.359  -9.375 0.2000000030
26812  42.903  -44.272  -9.593 0.4000000060
26814  36.082  -44.683  -9.898 0.2000000030
26840  36.532  -44.293  -13.146 0.2000000030
26869  39.030  -44.869  -15.237 0.3000000119
27611  41.440  -43.527  -4.476 0.3000000119
27640  39.757  -43.266  -5.992 0.4000000060
27654  40.280  -43.040  -6.495 0.4000000060
27688  35.694  -43.702  -9.827 0.2000000030
27757  37.305  -43.423  -14.051 0.2000000030
27769  40.117  -43.684  -15.900 0.1000000015
28465  43.755  -42.524  -4.393 0.2000000030
28547  37.187  -42.405  -9.034 0.2000000030
28548  36.231  -42.478  -9.427 0.2000000030
28568  35.351  -42.721  -10.498 0.2000000030
28577  35.304  -42.507  -11.258 0.1000000015
28588  35.531  -42.430  -12.090 0.1000000015
28614  38.358  -42.482  -15.037 0.2000000030
28631  40.203  -42.391  -16.201 0.1000000015
28633  39.080  -42.747  -15.437 0.1000000015
29390  42.047  -41.919  -4.471 0.3000000119
29392  40.696  -42.337  -4.885 0.3000000119
29456  37.731  -41.176  -9.101 0.2000000030
29473  35.663  -41.321  -10.185 0.1000000015
29496  37.079  -41.690  -14.068 0.2000000030
29497  36.299  -41.596  -13.297 0.1000000015
29523  38.606  -41.062  -15.415 0.1000000015
30275  46.339  -41.109  -2.863 0.1000000015
30398  35.478  -40.892  -11.923 0.1000000015
30407  37.089  -40.072  -14.110 0.1000000015
30426  37.723  -40.160  -14.732 0.1000000015
31190  45.646  -39.828  -3.548 0.1000000015
31285  35.941  -39.187  -10.645 0.1000000015
31300  35.656  -39.653  -11.071 0.1000000015
31308  35.694  -39.504  -11.781 0.1000000015
31320  36.316  -39.165  -13.049 0.1000000015
31348  39.280  -39.582  -16.056 0.1000000015
32179  36.959  -38.810  -9.578 0.1000000015
32207  35.757  -39.091  -11.227 0.1000000015
32245  36.691  -38.479  -13.406 0.1000000015
33043  40.134  -36.889  -2.823 0.1000000015
33137  37.059  -37.207  -9.819 0.1000000015
33166  36.329  -37.296  -11.928 0.1000000015
33179  37.092  -37.753  -13.782 0.1000000015
33191  38.059  -37.238  -14.929 0.1000000015
34116  36.979  -36.514  -10.277 0.1000000015
34117  36.616  -36.557  -10.970 0.1000000015
34154  37.074  -36.202  -12.951 0.1000000015
35090  39.404  -35.663  -9.066 0.1000000015
35092  37.947  -35.685  -9.530 0.1000000015
35125  36.795  -36.085  -11.452 0.1000000015
35142  36.856  -36.062  -12.158 0.1000000015
106003  45.332  -55.280  -19.422 0.1000000015
106313  41.937  -44.737  -4.641 0.1000000015
107095  44.492  -47.151  -10.146 0.3000000119
107265  41.053  -50.368  -0.202 0.5000000000
107819  47.671  -57.166  -8.985 0.1000000015
107867  44.267  -52.843  -2.226 0.3000000119
107894  47.116  -50.718  -16.941 0.1000000015
108715  39.141  -49.910  -8.155 0.4000000060
109407  47.966  -51.547  -12.811 0.3000000119
109697  40.354  -41.164  -16.568 0.1000000015
110897  48.970  -52.545  -15.221 0.3000000119
111964  41.698  -49.765  2.598 0.1000000015
112247  36.153  -37.953  -12.054 0.1000000015
112704  43.057  -50.397  -13.202 0.1000000015
113463  38.997  -45.932  -0.730 0.4000000060
114952  36.922  -46.466  -5.104 0.4000000060
115861  42.440  -54.111  -10.561 0.5000000000
116197  46.250  -45.084  -2.365 0.2000000030
116854  47.184  -54.180  -20.670 0.2000000030
116942  36.875  -49.030  -2.661 0.5000000000
116959  39.248  -47.461  -11.102 0.4000000060
117248  41.298  -47.144  -17.362 0.1000000015
117415  36.391  -43.067  -13.231 0.2000000030
117606  38.449  -38.813  -15.419 0.1000000015
117946  40.505  -63.645  -7.862 0.1000000015
118073  35.897  -45.429  -10.855 0.3000000119
118239  35.921  -56.867  -6.291 0.1000000015
119766  40.932  -50.924  -9.070 0.5000000000
120079  35.954  -39.088  -12.354 0.1000000015
120336  39.786  -39.973  -16.382 0.1000000015
120455  38.460  -46.526  -4.177 0.5000000000
121386  44.586  -53.815  -4.290 0.2000000030
121954  41.658  -53.607  -6.465 0.5000000000
122064  37.920  -49.300  -13.497 0.2000000030
122686  37.268  -47.049  -2.804 0.5000000000
122812  34.440  -55.376  -13.465 0.1000000015
123135  46.629  -49.828  -13.784 0.4000000060
123994  40.123  -41.584  -7.297 0.2000000030
124079  47.208  -55.735  -6.774 0.1000000015
124126  35.502  -41.109  -10.619 0.1000000015
124316  38.432  -52.956  -17.506 0.1000000015
124878  40.122  -56.484  -4.750 0.1000000015
124967  38.399  -51.641  -6.081 0.5000000000
124983  42.788  -46.951  -11.801 0.3000000119
125030  36.860  -43.027  -13.737 0.1000000015
125149  44.731  -55.929  -9.381 0.4000000060
125248  36.217  -44.844  -12.685 0.2000000030
125272  45.601  -50.469  -10.656 0.4000000060
125398  36.641  -58.476  -17.183 0.1000000015
125432  45.324  -52.081  -16.081 0.1000000015
125670  47.848  -50.542  -13.730 0.3000000119
125706  37.719  -47.321  -14.320 0.4000000060
126162  36.740  -65.121  -14.489 0.1000000015
126204  38.955  -54.375  -17.932 0.1000000015
126319  45.589  -41.680  -5.048 0.1000000015
126472  36.801  -49.926  -3.848 0.5000000000
126514  47.382  -50.274  -14.430 0.4000000060
126584  38.546  -55.787  -10.771 0.1000000015
126600  41.425  -49.306  2.565 0.1000000015
126671  30.398  -58.981  -12.575 0.1000000015
