#!ascii label  , from subject sub-v2s17x50027_ses-1 vox2ras=TkReg
942
45076  -34.959  -26.159  43.960 0.0000000000
42395  -18.420  -30.200  47.047 0.0000000000
44188  -25.683  -27.768  43.121 0.0000000000
62248  -42.861  -6.206  24.891 0.0000000000
63192  -48.356  -5.349  20.159 0.0000000000
108072  -10.442  -29.199  52.127 0.0000000000
61233  -39.175  -7.336  28.027 0.0000000000
47792  -36.182  -23.210  42.851 0.0000000000
43310  -30.741  -28.913  43.052 0.0000000000
41447  -14.156  -30.049  49.017 0.0000000000
39444  -14.178  -32.780  54.264 0.0000000000
46099  -31.487  -25.969  40.348 0.0000000000
47805  -32.291  -23.976  40.031 0.0000000000
44156  -21.999  -27.153  45.330 0.0000000000
46069  -28.297  -25.548  42.299 0.0000000000
56135  -34.544  -13.506  31.295 0.0000000000
57028  -38.681  -12.188  28.869 0.0000000000
57899  -43.367  -11.064  26.807 0.0000000000
38405  -5.422  -33.645  57.236 0.0000000000
37353  -2.677  -34.603  60.735 0.0000000000
50094  -31.025  -21.199  38.712 0.0000000000
101656  -31.607  -19.674  35.660 0.0000000000
53523  -33.373  -16.545  33.303 0.0000000000
38452  -9.634  -33.283  54.968 0.0000000000
104909  -18.113  -30.781  50.153 0.0000000000
107670  -20.336  -29.544  48.204 0.0000000000
43313  -33.015  -28.200  43.708 0.0000000000
44119  -16.068  -27.492  47.218 0.0000000000
41461  -16.292  -30.549  48.268 0.0000000000
40500  -16.014  -31.396  50.379 0.0000000000
46058  -31.280  -25.186  43.289 0.0000000000
45110  -30.043  -25.739  41.022 0.0000000000
58665  -33.885  -11.011  30.773 0.0000000000
56156  -36.427  -12.944  29.909 0.0000000000
58675  -36.200  -10.445  29.088 0.0000000000
59510  -40.230  -9.457  26.356 0.0000000000
59517  -42.777  -9.381  25.324 0.0000000000
58705  -45.612  -9.944  26.361 0.0000000000
60384  -44.590  -8.563  24.518 0.0000000000
61279  -46.418  -7.591  23.627 0.0000000000
49342  -30.616  -22.166  41.428 0.0000000000
48528  -31.551  -22.534  39.527 0.0000000000
49350  -29.272  -21.521  40.574 0.0000000000
50983  -28.844  -19.086  36.269 0.0000000000
52656  -30.311  -17.963  34.897 0.0000000000
51819  -32.779  -18.655  34.148 0.0000000000
54357  -30.804  -15.518  33.914 0.0000000000
107246  -31.302  -13.914  32.966 0.0000000000
45058  -24.168  -26.515  44.705 0.0000000000
40443  -7.345  -31.555  54.290 0.0000000000
39457  -9.504  -32.276  53.095 0.0000000000
110384  -3.193  -37.082  61.872 0.0000000000
108189  -0.905  -37.271  63.405 0.0000000000
60324  -36.872  -7.718  29.750 0.0000000000
49328  -35.418  -21.056  42.254 0.0000000000
42476  -28.643  -29.195  42.786 0.0000000000
42350  -11.869  -29.589  50.669 0.0000000000
39478  -11.599  -32.158  52.205 0.0000000000
39498  -14.003  -31.793  51.507 0.0000000000
64113  -49.742  -4.755  19.380 0.0000000000
45112  -33.315  -26.397  41.222 0.0000000000
46088  -34.349  -25.191  41.268 0.0000000000
115382  -32.316  -25.039  40.125 0.0000000000
44154  -17.856  -27.853  45.288 0.0000000000
42432  -19.894  -28.813  45.280 0.0000000000
46040  -19.669  -25.521  44.445 0.0000000000
46052  -22.022  -24.867  43.401 0.0000000000
46953  -24.235  -24.670  42.131 0.0000000000
46943  -26.377  -24.409  43.117 0.0000000000
114664  -26.382  -27.130  40.853 0.0000000000
44218  -28.839  -27.942  40.602 0.0000000000
44221  -31.491  -27.608  40.813 0.0000000000
55239  -35.468  -14.289  33.545 0.0000000000
58684  -38.349  -10.107  27.566 0.0000000000
57037  -40.618  -11.740  27.900 0.0000000000
61287  -47.674  -7.059  22.635 0.0000000000
120112  -3.694  -34.102  58.803 0.0000000000
35764  -5.272  -36.684  60.873 0.0000000000
47808  -34.715  -23.285  40.314 0.0000000000
109550  -34.468  -21.914  40.093 0.0000000000
50933  -33.668  -19.573  39.963 0.0000000000
50946  -27.934  -19.663  38.349 0.0000000000
50947  -30.632  -19.948  37.756 0.0000000000
51776  -33.728  -18.873  39.158 0.0000000000
103546  -34.744  -18.888  36.700 0.0000000000
51822  -35.073  -18.090  35.150 0.0000000000
53513  -35.481  -16.348  34.685 0.0000000000
55254  -33.764  -14.706  32.665 0.0000000000
57839  -32.384  -11.882  31.901 0.0000000000
43238  -22.307  -27.998  48.114 0.0000000000
40423  -5.832  -31.111  55.795 0.0000000000
38431  -7.555  -33.544  56.227 0.0000000000
38470  -12.241  -33.216  54.466 0.0000000000
35728  0.700  -36.715  62.912 0.0000000000
41463  -18.015  -30.678  48.519 0.0000000000
42365  -19.388  -30.220  49.742 0.0000000000
42396  -19.140  -30.077  47.265 0.0000000000
44191  -33.955  -27.128  43.615 0.0000000000
42411  -16.717  -29.074  46.499 0.0000000000
43247  -15.767  -28.363  47.222 0.0000000000
41474  -16.824  -30.298  47.469 0.0000000000
41462  -17.152  -30.719  48.333 0.0000000000
99980  -34.902  -9.543  30.887 0.0000000000
58673  -35.113  -10.863  29.813 0.0000000000
59473  -35.982  -8.867  29.943 0.0000000000
62241  -41.855  -6.587  25.922 0.0000000000
102764  -41.242  -8.127  25.696 0.0000000000
61263  -42.408  -7.802  24.971 0.0000000000
60383  -43.753  -8.577  24.619 0.0000000000
61270  -43.114  -7.483  24.470 0.0000000000
61271  -43.956  -7.311  23.897 0.0000000000
49341  -29.649  -21.453  41.514 0.0000000000
52632  -29.619  -17.208  36.195 0.0000000000
53511  -30.654  -16.392  34.292 0.0000000000
54339  -30.598  -15.421  35.087 0.0000000000
55222  -30.767  -14.656  34.639 0.0000000000
108187  -25.330  -27.384  43.816 0.0000000000
44158  -24.968  -26.748  45.045 0.0000000000
44175  -25.928  -27.678  44.778 0.0000000000
41403  -8.749  -30.347  52.889 0.0000000000
41415  -9.685  -30.917  52.095 0.0000000000
62287  -48.737  -6.106  20.754 0.0000000000
35002  -2.610  -37.613  62.436 0.0000000000
47784  -36.539  -23.539  43.579 0.0000000000
104230  -35.765  -21.991  42.147 0.0000000000
42477  -29.450  -29.139  42.690 0.0000000000
42451  -31.224  -29.497  44.774 0.0000000000
42376  -14.389  -29.245  48.601 0.0000000000
43222  -13.615  -28.475  49.585 0.0000000000
43207  -12.902  -28.511  50.544 0.0000000000
41446  -12.964  -30.080  49.729 0.0000000000
40497  -13.207  -31.055  50.331 0.0000000000
40498  -14.260  -31.186  50.187 0.0000000000
40486  -16.949  -31.326  51.507 0.0000000000
40471  -16.287  -31.578  52.077 0.0000000000
45111  -32.710  -26.700  40.870 0.0000000000
45127  -32.833  -26.086  40.518 0.0000000000
46100  -32.120  -25.622  40.239 0.0000000000
117287  -18.226  -25.807  45.970 0.0000000000
44169  -18.864  -26.662  44.636 0.0000000000
46025  -19.306  -25.149  45.331 0.0000000000
47766  -21.816  -23.624  44.406 0.0000000000
47779  -22.658  -23.592  43.610 0.0000000000
46053  -22.870  -24.882  42.891 0.0000000000
119444  -24.050  -24.167  42.435 0.0000000000
46056  -28.469  -25.677  43.401 0.0000000000
46055  -27.708  -25.265  42.990 0.0000000000
46067  -26.541  -25.161  41.590 0.0000000000
46083  -27.009  -25.754  40.927 0.0000000000
103993  -27.996  -28.015  40.698 0.0000000000
45108  -28.512  -26.402  40.551 0.0000000000
46085  -30.780  -25.877  40.537 0.0000000000
44232  -30.940  -27.205  40.400 0.0000000000
44233  -31.612  -27.084  40.468 0.0000000000
44222  -32.236  -27.277  40.932 0.0000000000
55256  -35.120  -13.931  32.823 0.0000000000
55257  -35.741  -13.544  33.002 0.0000000000
56123  -35.535  -13.464  32.112 0.0000000000
107872  -37.019  -12.591  29.480 0.0000000000
57005  -37.611  -12.905  30.700 0.0000000000
61217  -38.276  -7.161  29.045 0.0000000000
60342  -37.528  -8.539  28.558 0.0000000000
60344  -38.721  -8.136  27.793 0.0000000000
58702  -41.291  -10.526  26.300 0.0000000000
57896  -40.865  -10.964  26.692 0.0000000000
57884  -41.795  -11.472  27.282 0.0000000000
117808  -41.591  -11.641  28.496 0.0000000000
61280  -47.318  -7.445  23.504 0.0000000000
62265  -46.049  -6.431  22.170 0.0000000000
62266  -46.784  -6.158  21.450 0.0000000000
39382  -4.375  -32.580  57.485 0.0000000000
39369  -3.772  -32.614  58.211 0.0000000000
37383  -4.892  -33.962  57.772 0.0000000000
36505  -5.582  -36.113  60.276 0.0000000000
35005  -5.294  -37.658  62.340 0.0000000000
46976  -33.510  -24.619  40.060 0.0000000000
46977  -34.261  -24.559  40.527 0.0000000000
115937  -33.545  -23.456  39.558 0.0000000000
117721  -31.971  -21.677  38.938 0.0000000000
49360  -33.148  -21.757  39.224 0.0000000000
117740  -32.659  -20.854  38.974 0.0000000000
50085  -33.414  -20.531  39.552 0.0000000000
50095  -32.012  -20.441  38.602 0.0000000000
51774  -27.638  -18.716  38.557 0.0000000000
50985  -30.273  -19.509  35.518 0.0000000000
50121  -29.454  -19.800  36.910 0.0000000000
50957  -31.165  -19.813  37.062 0.0000000000
50949  -32.388  -19.539  38.284 0.0000000000
101187  -32.910  -19.490  36.763 0.0000000000
51784  -33.749  -18.902  38.210 0.0000000000
50972  -33.404  -19.433  36.205 0.0000000000
100368  -32.991  -17.357  33.469 0.0000000000
51820  -33.743  -18.537  34.468 0.0000000000
52658  -34.193  -17.794  34.279 0.0000000000
101125  -35.252  -17.003  34.723 0.0000000000
53524  -34.205  -16.324  33.658 0.0000000000
105553  -34.548  -15.452  33.552 0.0000000000
54376  -33.735  -15.605  33.105 0.0000000000
56962  -31.428  -12.543  33.648 0.0000000000
56977  -31.935  -12.411  32.373 0.0000000000
57829  -32.234  -11.595  32.593 0.0000000000
43278  -21.258  -27.876  45.280 0.0000000000
43250  -21.353  -28.470  47.139 0.0000000000
44138  -21.881  -27.531  46.042 0.0000000000
38468  -8.826  -32.966  54.576 0.0000000000
39424  -7.328  -32.688  54.993 0.0000000000
38432  -8.594  -33.587  56.155 0.0000000000
100228  -13.115  -32.550  53.021 0.0000000000
38479  -11.756  -32.938  53.685 0.0000000000
38471  -13.277  -33.081  54.522 0.0000000000
103796  -18.371  -30.688  51.109 0.0000000000
41429  -19.157  -30.296  51.299 0.0000000000
42353  -20.446  -29.694  50.785 0.0000000000
43225  -21.543  -29.005  49.730 0.0000000000
43312  -32.136  -28.558  43.265 0.0000000000
43295  -31.722  -29.030  44.088 0.0000000000
44107  -15.870  -26.925  48.140 0.0000000000
42377  -15.098  -29.536  48.105 0.0000000000
41460  -14.940  -30.214  48.646 0.0000000000
40499  -15.156  -31.355  50.201 0.0000000000
41449  -16.518  -30.866  49.009 0.0000000000
114882  -17.391  -31.066  50.032 0.0000000000
46071  -31.075  -25.027  42.011 0.0000000000
46963  -31.502  -24.734  40.886 0.0000000000
116861  -29.065  -25.933  43.675 0.0000000000
45088  -28.802  -25.764  41.447 0.0000000000
46057  -30.634  -25.315  42.929 0.0000000000
57003  -34.106  -12.275  30.332 0.0000000000
105796  -35.096  -13.205  30.577 0.0000000000
57013  -35.251  -12.126  29.701 0.0000000000
57860  -36.500  -11.402  28.965 0.0000000000
57870  -37.294  -11.496  28.638 0.0000000000
113564  -39.551  -8.372  26.884 0.0000000000
61255  -40.574  -7.849  26.250 0.0000000000
60373  -41.476  -9.118  25.715 0.0000000000
58710  -42.520  -10.101  25.755 0.0000000000
58704  -44.303  -10.666  26.592 0.0000000000
59518  -44.134  -9.757  25.425 0.0000000000
59527  -45.212  -9.006  25.012 0.0000000000
59528  -45.898  -8.733  24.939 0.0000000000
60395  -45.525  -7.772  23.804 0.0000000000
61278  -44.729  -7.240  23.469 0.0000000000
37385  -6.872  -34.343  57.654 0.0000000000
108110  -5.757  -34.864  58.501 0.0000000000
108337  -7.182  -34.981  59.015 0.0000000000
48514  -31.445  -22.818  40.732 0.0000000000
48529  -32.038  -23.192  39.898 0.0000000000
49352  -30.635  -22.390  40.098 0.0000000000
49351  -29.927  -21.969  40.765 0.0000000000
49358  -29.989  -21.727  39.439 0.0000000000
52612  -28.193  -17.758  38.026 0.0000000000
52623  -29.070  -17.291  36.894 0.0000000000
52641  -29.657  -17.988  35.500 0.0000000000
51001  -30.612  -19.328  34.998 0.0000000000
51003  -32.331  -19.225  34.637 0.0000000000
110868  -31.430  -18.572  34.233 0.0000000000
110193  -32.038  -17.485  33.497 0.0000000000
54375  -32.067  -16.039  32.952 0.0000000000
54380  -32.223  -15.394  32.720 0.0000000000
55238  -30.983  -14.563  33.558 0.0000000000
107336  -23.497  -26.489  45.299 0.0000000000
44157  -22.719  -26.832  45.916 0.0000000000
45043  -24.450  -26.583  45.754 0.0000000000
39456  -8.772  -32.213  53.496 0.0000000000
39442  -9.337  -32.782  53.970 0.0000000000
36490  -2.575  -35.521  61.436 0.0000000000
37332  -1.881  -34.697  61.726 0.0000000000
36489  -1.973  -35.474  61.937 0.0000000000
36479  -1.162  -35.507  63.142 0.0000000000
36478  -0.586  -35.606  63.191 0.0000000000
50068  -35.293  -19.929  42.563 0.0000000000
43309  -27.070  -28.759  43.277 0.0000000000
103228  -27.088  -28.658  44.176 0.0000000000
114368  -12.463  -28.561  51.771 0.0000000000
119695  -11.368  -29.941  50.969 0.0000000000
115538  -10.501  -30.973  51.588 0.0000000000
105459  -11.965  -31.197  51.073 0.0000000000
39497  -13.136  -31.858  51.644 0.0000000000
110915  -14.378  -32.286  52.749 0.0000000000
40484  -15.403  -31.597  51.018 0.0000000000
39482  -14.995  -32.020  52.342 0.0000000000
39446  -15.030  -32.394  54.063 0.0000000000
64107  -48.972  -4.863  19.682 0.0000000000
45092  -34.244  -26.279  42.578 0.0000000000
46072  -34.647  -25.568  42.252 0.0000000000
45113  -33.998  -25.998  41.693 0.0000000000
46101  -33.012  -25.313  40.185 0.0000000000
46975  -32.756  -24.648  39.964 0.0000000000
46956  -32.028  -24.130  41.899 0.0000000000
117294  -32.001  -23.918  41.035 0.0000000000
48515  -31.958  -23.447  40.896 0.0000000000
48500  -31.507  -22.433  41.890 0.0000000000
43274  -17.856  -28.811  45.624 0.0000000000
42414  -19.095  -29.782  46.421 0.0000000000
107485  -18.798  -28.081  44.839 0.0000000000
44171  -20.072  -27.614  44.407 0.0000000000
104787  -20.606  -26.956  44.126 0.0000000000
46926  -20.650  -24.279  44.570 0.0000000000
45067  -20.900  -25.566  43.727 0.0000000000
45056  -22.107  -26.136  44.069 0.0000000000
45069  -22.502  -25.527  43.489 0.0000000000
45071  -24.111  -26.391  43.649 0.0000000000
44199  -25.237  -27.175  42.372 0.0000000000
47770  -25.218  -23.551  44.070 0.0000000000
46954  -25.113  -24.552  41.957 0.0000000000
46081  -25.371  -26.045  41.282 0.0000000000
44200  -25.910  -27.766  42.096 0.0000000000
43326  -27.240  -28.695  42.302 0.0000000000
43340  -28.452  -28.559  41.220 0.0000000000
103474  -29.664  -28.898  41.980 0.0000000000
44230  -29.302  -27.072  40.290 0.0000000000
44219  -29.807  -27.920  40.666 0.0000000000
43330  -31.246  -28.574  42.491 0.0000000000
43331  -31.992  -28.110  42.215 0.0000000000
44202  -33.201  -27.312  42.411 0.0000000000
44136  -17.172  -27.277  46.048 0.0000000000
56150  -36.704  -13.146  30.603 0.0000000000
60330  -36.593  -8.511  29.477 0.0000000000
59492  -36.915  -9.913  28.587 0.0000000000
111125  -38.592  -11.118  27.746 0.0000000000
59499  -38.991  -9.634  27.112 0.0000000000
57881  -39.163  -10.596  27.219 0.0000000000
57872  -39.051  -11.796  28.193 0.0000000000
57018  -40.671  -11.887  28.948 0.0000000000
111638  -48.397  -6.877  21.995 0.0000000000
62277  -48.175  -6.444  21.251 0.0000000000
108430  -47.568  -5.021  20.362 0.0000000000
39368  -3.145  -32.566  58.938 0.0000000000
37354  -3.274  -34.991  60.095 0.0000000000
37364  -5.179  -35.118  58.971 0.0000000000
36511  -4.296  -35.348  59.532 0.0000000000
36497  -3.199  -35.515  60.785 0.0000000000
35013  -4.089  -37.353  61.625 0.0000000000
46957  -35.022  -24.825  42.009 0.0000000000
46966  -35.336  -24.165  41.859 0.0000000000
47796  -35.277  -23.441  41.271 0.0000000000
48540  -33.391  -22.773  39.389 0.0000000000
48531  -34.608  -22.564  40.125 0.0000000000
48516  -35.396  -22.321  41.401 0.0000000000
49343  -35.023  -21.329  41.408 0.0000000000
113124  -34.586  -20.516  41.190 0.0000000000
50934  -34.220  -19.366  40.656 0.0000000000
50091  -28.436  -20.628  39.570 0.0000000000
50093  -29.559  -21.041  38.757 0.0000000000
50954  -28.152  -19.294  37.498 0.0000000000
50112  -29.757  -20.104  37.571 0.0000000000
50104  -31.083  -20.315  38.283 0.0000000000
50941  -32.625  -19.672  38.781 0.0000000000
50942  -33.296  -19.337  39.348 0.0000000000
50988  -33.379  -19.357  35.505 0.0000000000
51794  -34.873  -18.815  35.898 0.0000000000
54377  -35.205  -15.113  33.919 0.0000000000
54383  -34.843  -14.650  33.309 0.0000000000
55265  -33.979  -14.003  31.987 0.0000000000
55253  -32.068  -14.012  32.368 0.0000000000
116845  -32.687  -13.767  31.899 0.0000000000
110374  -33.451  -13.026  31.019 0.0000000000
107600  -33.307  -11.274  31.196 0.0000000000
59455  -33.895  -9.799  31.904 0.0000000000
42397  -19.968  -29.627  47.128 0.0000000000
116776  -21.026  -29.080  48.381 0.0000000000
44122  -23.366  -26.921  47.530 0.0000000000
39405  -5.482  -32.476  56.356 0.0000000000
40433  -6.420  -31.577  55.123 0.0000000000
39406  -6.217  -32.823  55.966 0.0000000000
38430  -6.657  -33.455  56.371 0.0000000000
37386  -7.811  -34.189  57.611 0.0000000000
39477  -10.686  -32.176  52.419 0.0000000000
38478  -10.844  -32.887  53.645 0.0000000000
38453  -10.725  -33.416  55.148 0.0000000000
34990  -0.350  -38.189  63.594 0.0000000000
34989  0.078  -37.259  63.494 0.0000000000
36477  0.145  -35.743  62.792 0.0000000000
41475  -17.785  -30.497  47.650 0.0000000000
41476  -18.644  -30.402  47.863 0.0000000000
45075  -34.387  -26.550  43.409 0.0000000000
42412  -17.421  -29.597  46.405 0.0000000000
42394  -16.938  -29.797  46.816 0.0000000000
41484  -17.610  -30.146  46.919 0.0000000000
59465  -35.087  -8.830  31.181 0.0000000000
59472  -35.430  -9.249  30.451 0.0000000000
60322  -35.629  -8.420  30.722 0.0000000000
62242  -42.509  -5.883  25.840 0.0000000000
62247  -42.309  -6.861  25.134 0.0000000000
62253  -43.409  -6.392  24.191 0.0000000000
44174  -25.428  -27.278  44.526 0.0000000000
43293  -25.857  -27.831  44.099 0.0000000000
110278  -9.971  -29.297  52.469 0.0000000000
42318  -9.333  -30.005  52.465 0.0000000000
42319  -10.009  -30.059  51.882 0.0000000000
63193  -49.257  -5.693  20.217 0.0000000000
48495  -36.660  -22.733  43.375 0.0000000000
48503  -36.201  -22.372  42.755 0.0000000000
43329  -30.167  -28.942  42.540 0.0000000000
42466  -30.076  -29.223  43.445 0.0000000000
42467  -30.923  -29.192  43.855 0.0000000000
42364  -13.754  -29.144  49.131 0.0000000000
42351  -13.131  -29.043  49.718 0.0000000000
100006  -13.510  -29.813  49.350 0.0000000000
40512  -13.815  -30.582  49.621 0.0000000000
45126  -32.063  -26.501  40.393 0.0000000000
46010  -18.738  -25.517  45.679 0.0000000000
108150  -23.855  -23.151  44.869 0.0000000000
47768  -23.065  -23.205  44.334 0.0000000000
103359  -23.825  -23.178  44.085 0.0000000000
47780  -23.430  -23.448  43.477 0.0000000000
47781  -24.358  -23.459  43.474 0.0000000000
46068  -27.456  -25.279  41.883 0.0000000000
46084  -27.957  -25.767  41.122 0.0000000000
45125  -31.210  -26.540  40.350 0.0000000000
55266  -34.832  -13.729  32.047 0.0000000000
56136  -35.361  -13.432  31.263 0.0000000000
57027  -37.742  -12.268  29.026 0.0000000000
100498  -37.730  -12.716  29.771 0.0000000000
61218  -38.980  -6.882  28.677 0.0000000000
61232  -38.493  -7.633  28.418 0.0000000000
57898  -42.411  -11.173  26.721 0.0000000000
57897  -41.577  -11.140  26.710 0.0000000000
57885  -42.610  -11.387  27.397 0.0000000000
39383  -5.061  -32.930  56.925 0.0000000000
38404  -4.753  -33.335  57.415 0.0000000000
47806  -33.164  -24.050  39.730 0.0000000000
50986  -31.079  -19.563  35.274 0.0000000000
50970  -30.819  -19.783  36.022 0.0000000000
105076  -31.764  -19.718  36.336 0.0000000000
118789  -32.343  -19.607  36.523 0.0000000000
50971  -32.511  -19.604  35.845 0.0000000000
52676  -33.389  -17.972  33.895 0.0000000000
52677  -33.827  -17.190  33.758 0.0000000000
53512  -34.644  -16.953  34.236 0.0000000000
53533  -32.829  -15.956  32.882 0.0000000000
38451  -8.713  -33.272  55.259 0.0000000000
104524  -9.357  -33.493  55.769 0.0000000000
106196  -9.640  -33.669  56.594 0.0000000000
105331  -10.180  -33.538  55.875 0.0000000000
39461  -13.587  -32.738  53.675 0.0000000000
38480  -12.706  -32.877  53.715 0.0000000000
38354  -2.619  -33.734  60.305 0.0000000000
38340  -2.173  -33.859  61.142 0.0000000000
46948  -36.295  -24.265  43.843 0.0000000000
41437  -18.901  -30.431  50.429 0.0000000000
42379  -19.868  -29.934  48.981 0.0000000000
42366  -20.199  -29.800  49.904 0.0000000000
42367  -20.957  -29.408  50.152 0.0000000000
42380  -20.792  -29.383  49.178 0.0000000000
43296  -32.543  -28.776  44.270 0.0000000000
103352  -16.496  -26.645  47.711 0.0000000000
41473  -15.858  -29.950  47.717 0.0000000000
42392  -15.404  -28.884  47.596 0.0000000000
113111  -15.586  -30.276  48.299 0.0000000000
41448  -15.687  -30.694  48.861 0.0000000000
119096  -17.752  -30.877  49.677 0.0000000000
104110  -17.378  -30.882  49.231 0.0000000000
41436  -17.578  -31.061  50.875 0.0000000000
45073  -29.675  -25.860  43.355 0.0000000000
108366  -30.999  -25.724  43.701 0.0000000000
46070  -30.529  -25.316  41.555 0.0000000000
57850  -34.257  -11.564  30.290 0.0000000000
57012  -34.623  -12.032  29.988 0.0000000000
57858  -34.889  -11.471  29.874 0.0000000000
58674  -35.549  -10.513  29.611 0.0000000000
57859  -35.630  -11.311  29.409 0.0000000000
58683  -36.897  -10.781  28.641 0.0000000000
61244  -39.981  -7.735  26.861 0.0000000000
61245  -40.641  -7.064  26.906 0.0000000000
114678  -42.085  -8.582  25.294 0.0000000000
59516  -42.125  -9.448  25.562 0.0000000000
58711  -43.424  -10.081  25.650 0.0000000000
59526  -44.387  -9.200  25.005 0.0000000000
60385  -45.384  -8.396  24.436 0.0000000000
62254  -44.056  -6.434  23.615 0.0000000000
50092  -29.052  -21.259  39.598 0.0000000000
53492  -30.117  -17.118  35.481 0.0000000000
51805  -29.906  -18.637  35.104 0.0000000000
51817  -30.589  -18.807  34.646 0.0000000000
52657  -30.943  -17.971  34.321 0.0000000000
109757  -31.177  -17.273  33.909 0.0000000000
53521  -31.447  -16.452  33.429 0.0000000000
54374  -31.445  -15.472  33.138 0.0000000000
108509  -30.864  -13.834  34.341 0.0000000000
45057  -23.197  -26.151  44.149 0.0000000000
44141  -25.798  -27.191  46.056 0.0000000000
45044  -25.198  -26.805  45.714 0.0000000000
40454  -8.802  -31.621  53.035 0.0000000000
35743  -2.722  -36.210  61.723 0.0000000000
35742  -2.222  -36.396  62.205 0.0000000000
35732  -1.606  -36.595  62.961 0.0000000000
35731  -0.912  -36.204  63.380 0.0000000000
49329  -35.990  -21.494  42.802 0.0000000000
102485  -36.181  -20.997  43.316 0.0000000000
50069  -35.748  -20.541  42.972 0.0000000000
42475  -27.824  -29.052  42.977 0.0000000000
42463  -27.681  -28.931  43.843 0.0000000000
42464  -28.421  -29.189  43.658 0.0000000000
41445  -12.483  -29.296  50.250 0.0000000000
42336  -12.154  -28.697  51.025 0.0000000000
42335  -11.443  -29.167  51.270 0.0000000000
41428  -11.260  -30.699  51.139 0.0000000000
40495  -11.853  -30.474  50.746 0.0000000000
40482  -13.402  -31.560  51.059 0.0000000000
40481  -12.733  -31.437  51.045 0.0000000000
39480  -13.660  -32.211  52.344 0.0000000000
39481  -14.390  -32.033  52.129 0.0000000000
40456  -16.340  -31.576  52.932 0.0000000000
40470  -15.567  -31.739  51.819 0.0000000000
40455  -15.657  -31.860  52.620 0.0000000000
39463  -15.041  -32.225  53.109 0.0000000000
45091  -33.579  -26.649  42.086 0.0000000000
46945  -31.645  -24.600  42.603 0.0000000000
105000  -32.640  -22.893  42.623 0.0000000000
111124  -32.286  -23.489  41.903 0.0000000000
48501  -32.106  -22.840  41.789 0.0000000000
43275  -18.581  -28.781  45.268 0.0000000000
45053  -19.611  -26.611  44.244 0.0000000000
44170  -19.209  -27.428  44.531 0.0000000000
45054  -20.356  -26.029  43.935 0.0000000000
46938  -21.746  -24.360  43.617 0.0000000000
46927  -21.293  -24.104  44.073 0.0000000000
46042  -21.196  -24.861  43.674 0.0000000000
45068  -21.612  -25.522  43.647 0.0000000000
46065  -23.796  -25.355  42.423 0.0000000000
45070  -23.422  -25.759  43.125 0.0000000000
45086  -24.426  -26.313  42.557 0.0000000000
46944  -27.077  -24.923  43.559 0.0000000000
106918  -26.674  -24.390  44.902 0.0000000000
46929  -26.550  -24.395  44.039 0.0000000000
47754  -25.998  -23.881  44.522 0.0000000000
46928  -25.846  -23.948  43.620 0.0000000000
46942  -25.548  -24.096  42.721 0.0000000000
46082  -26.080  -25.882  40.965 0.0000000000
46066  -25.602  -25.237  41.484 0.0000000000
45106  -25.825  -26.755  41.086 0.0000000000
44215  -25.599  -27.206  41.663 0.0000000000
44216  -26.191  -27.465  41.256 0.0000000000
43338  -26.659  -28.152  41.643 0.0000000000
44229  -28.188  -27.288  40.378 0.0000000000
43341  -29.352  -28.555  41.250 0.0000000000
45109  -29.379  -26.165  40.701 0.0000000000
44231  -30.217  -27.353  40.412 0.0000000000
44220  -30.716  -27.848  40.771 0.0000000000
43342  -31.314  -28.106  41.497 0.0000000000
113424  -31.925  -27.774  41.402 0.0000000000
44223  -32.947  -27.018  41.542 0.0000000000
44201  -32.491  -27.560  41.884 0.0000000000
44203  -33.809  -26.924  42.903 0.0000000000
44137  -17.770  -26.559  45.726 0.0000000000
45024  -17.300  -26.374  46.664 0.0000000000
111346  -17.302  -28.174  45.812 0.0000000000
54358  -35.865  -14.730  34.209 0.0000000000
56109  -36.404  -13.141  33.219 0.0000000000
56148  -35.602  -12.837  29.933 0.0000000000
56149  -35.914  -13.221  30.532 0.0000000000
60323  -36.228  -8.045  30.226 0.0000000000
59493  -37.642  -9.362  28.124 0.0000000000
107644  -37.640  -10.658  28.144 0.0000000000
60366  -40.052  -8.554  26.440 0.0000000000
60355  -39.051  -8.688  27.225 0.0000000000
59509  -39.552  -9.146  26.726 0.0000000000
57883  -40.929  -11.423  27.254 0.0000000000
58690  -40.086  -11.000  26.972 0.0000000000
109597  -40.212  -11.530  27.561 0.0000000000
57882  -39.486  -11.392  27.586 0.0000000000
57036  -39.873  -11.816  28.068 0.0000000000
57030  -40.302  -11.912  28.523 0.0000000000
57031  -41.106  -11.771  28.361 0.0000000000
103949  -41.918  -11.165  29.395 0.0000000000
106126  -45.038  -10.383  26.733 0.0000000000
61273  -47.099  -7.865  24.258 0.0000000000
61281  -48.195  -7.378  23.478 0.0000000000
62276  -47.484  -6.191  21.127 0.0000000000
63186  -47.179  -5.574  20.872 0.0000000000
62286  -47.886  -5.844  20.667 0.0000000000
38387  -3.658  -33.409  58.527 0.0000000000
38369  -3.097  -33.530  59.252 0.0000000000
37363  -3.442  -34.493  59.414 0.0000000000
37365  -6.241  -35.279  59.170 0.0000000000
36504  -4.820  -36.018  60.154 0.0000000000
116962  -3.952  -35.701  60.183 0.0000000000
36498  -4.210  -36.311  60.639 0.0000000000
35754  -4.443  -36.904  61.129 0.0000000000
35004  -4.715  -38.214  62.868 0.0000000000
113437  -34.714  -23.938  40.590 0.0000000000
46965  -34.891  -24.381  41.216 0.0000000000
47815  -32.777  -23.397  39.535 0.0000000000
48539  -32.471  -22.599  39.302 0.0000000000
48541  -34.038  -22.255  39.591 0.0000000000
113064  -35.045  -22.744  40.714 0.0000000000
48532  -34.899  -22.043  40.686 0.0000000000
49354  -34.511  -21.243  40.614 0.0000000000
50086  -34.061  -20.245  40.516 0.0000000000
50078  -34.569  -19.701  41.310 0.0000000000
50940  -27.905  -19.913  39.302 0.0000000000
50101  -28.423  -20.297  38.686 0.0000000000
107554  -28.892  -20.843  38.914 0.0000000000
52622  -28.397  -18.081  37.018 0.0000000000
51775  -27.885  -18.571  37.785 0.0000000000
50967  -28.635  -19.255  36.817 0.0000000000
50956  -30.238  -19.860  36.862 0.0000000000
50103  -30.103  -20.539  38.147 0.0000000000
50105  -31.946  -19.903  38.442 0.0000000000
50948  -31.539  -19.742  37.964 0.0000000000
50950  -33.057  -19.169  38.719 0.0000000000
51766  -33.828  -19.023  39.892 0.0000000000
99676  -34.609  -18.773  37.620 0.0000000000
108330  -32.683  -19.460  35.123 0.0000000000
51004  -33.221  -19.149  34.777 0.0000000000
51821  -34.523  -18.306  34.834 0.0000000000
51806  -34.840  -18.502  35.369 0.0000000000
117661  -35.083  -16.587  34.461 0.0000000000
52660  -35.836  -16.836  35.182 0.0000000000
53514  -36.092  -16.023  35.054 0.0000000000
117901  -35.647  -15.575  34.484 0.0000000000
54382  -34.279  -14.933  33.097 0.0000000000
55255  -34.479  -14.300  32.679 0.0000000000
55252  -31.657  -14.711  32.801 0.0000000000
99848  -32.394  -14.755  32.501 0.0000000000
56122  -32.224  -13.211  31.990 0.0000000000
56990  -32.511  -12.544  31.642 0.0000000000
56133  -32.930  -13.264  31.437 0.0000000000
56991  -33.030  -12.648  31.189 0.0000000000
57002  -33.487  -12.460  30.774 0.0000000000
57840  -32.932  -11.928  31.263 0.0000000000
58658  -33.542  -10.594  31.496 0.0000000000
42415  -19.954  -29.268  46.073 0.0000000000
43237  -21.596  -28.573  48.037 0.0000000000
102692  -21.542  -28.795  48.915 0.0000000000
114902  -22.088  -28.373  48.676 0.0000000000
45012  -23.726  -26.666  46.957 0.0000000000
44140  -23.031  -26.876  46.806 0.0000000000
43280  -27.458  -28.577  45.153 0.0000000000
39404  -4.811  -32.076  56.839 0.0000000000
41391  -6.844  -31.064  54.743 0.0000000000
40442  -6.884  -31.602  54.693 0.0000000000
38450  -7.853  -33.230  55.465 0.0000000000
38449  -6.986  -33.105  55.652 0.0000000000
38407  -7.220  -33.867  56.973 0.0000000000
99739  -8.134  -33.830  56.921 0.0000000000
40480  -11.392  -31.488  51.550 0.0000000000
40469  -10.847  -31.746  51.928 0.0000000000
38469  -11.274  -33.221  54.403 0.0000000000
110509  -10.315  -33.116  54.271 0.0000000000
34988  0.678  -37.339  63.221 0.0000000000
108215  0.015  -36.017  63.123 0.0000000000
102448  0.370  -36.220  62.958 0.0000000000
41450  -18.145  -30.727  49.342 0.0000000000
41451  -18.693  -30.518  49.699 0.0000000000
42378  -18.908  -30.412  48.868 0.0000000000
105024  -19.494  -30.054  48.028 0.0000000000
44190  -33.442  -27.576  43.259 0.0000000000
44135  -16.674  -28.011  46.382 0.0000000000
43248  -16.194  -28.456  46.787 0.0000000000
42393  -16.158  -29.369  47.045 0.0000000000
46045  -31.529  -25.593  44.048 0.0000000000
100924  -34.348  -10.168  31.012 0.0000000000
58666  -34.569  -10.867  30.282 0.0000000000
58667  -35.103  -10.132  30.246 0.0000000000
59480  -35.769  -9.749  29.733 0.0000000000
61256  -41.207  -7.088  26.142 0.0000000000
117259  -41.789  -7.481  25.445 0.0000000000
60374  -42.942  -8.554  24.902 0.0000000000
110756  -43.995  -8.042  24.207 0.0000000000
61272  -44.696  -7.945  23.995 0.0000000000
116453  -30.065  -21.760  41.513 0.0000000000
116543  -29.633  -20.973  42.235 0.0000000000
50077  -29.039  -20.914  41.560 0.0000000000
53510  -30.547  -17.173  34.639 0.0000000000
44173  -24.792  -26.857  44.172 0.0000000000
44159  -25.609  -27.219  45.245 0.0000000000
44160  -26.215  -27.714  45.380 0.0000000000
40466  -8.987  -30.934  52.610 0.0000000000
40467  -9.493  -31.600  52.532 0.0000000000
110365  -49.003  -6.655  21.458 0.0000000000
62288  -49.711  -6.357  20.943 0.0000000000
34261  -2.994  -38.733  62.995 0.0000000000
34991  -1.947  -38.048  63.061 0.0000000000
117948  -1.276  -38.391  63.463 0.0000000000
42465  -29.213  -29.310  43.490 0.0000000000
102137  -29.677  -29.392  44.077 0.0000000000
42450  -30.353  -29.423  44.359 0.0000000000
42435  -30.435  -29.552  45.197 0.0000000000
43224  -14.762  -27.574  49.086 0.0000000000
43223  -14.164  -28.208  49.156 0.0000000000
43209  -13.931  -27.929  50.040 0.0000000000
43208  -13.398  -28.329  50.142 0.0000000000
41435  -12.381  -30.292  50.263 0.0000000000
40496  -12.404  -30.958  50.631 0.0000000000
109767  -13.899  -31.472  50.783 0.0000000000
40501  -16.808  -31.316  50.612 0.0000000000
40485  -16.179  -31.525  51.225 0.0000000000
40472  -16.989  -31.264  52.410 0.0000000000
44155  -18.395  -27.137  44.888 0.0000000000
45039  -18.416  -26.235  45.196 0.0000000000
45040  -18.983  -25.898  44.791 0.0000000000
46914  -21.340  -23.702  45.058 0.0000000000
47767  -22.342  -23.446  44.206 0.0000000000
46939  -22.348  -24.211  43.305 0.0000000000
46940  -23.031  -23.943  42.904 0.0000000000
46952  -23.595  -24.454  42.514 0.0000000000
46043  -27.816  -25.397  43.970 0.0000000000
46054  -26.912  -24.869  42.560 0.0000000000
46955  -26.060  -24.598  42.174 0.0000000000
100690  -26.588  -26.634  40.713 0.0000000000
44217  -27.070  -27.539  40.724 0.0000000000
45107  -27.517  -26.544  40.508 0.0000000000
45124  -30.265  -26.567  40.459 0.0000000000
55240  -36.135  -13.897  33.784 0.0000000000
56124  -36.217  -13.146  32.251 0.0000000000
106699  -37.115  -12.979  30.021 0.0000000000
61216  -37.569  -7.443  29.382 0.0000000000
60331  -37.208  -8.162  29.088 0.0000000000
60332  -37.850  -7.896  28.780 0.0000000000
60343  -38.067  -8.414  28.182 0.0000000000
60354  -38.407  -9.051  27.603 0.0000000000
59511  -40.975  -9.721  26.061 0.0000000000
58701  -40.512  -10.338  26.476 0.0000000000
57038  -41.278  -11.653  27.742 0.0000000000
57873  -41.899  -11.663  27.985 0.0000000000
57874  -42.706  -11.323  28.178 0.0000000000
61285  -45.594  -7.050  22.999 0.0000000000
61286  -46.651  -7.060  22.825 0.0000000000
106221  -46.913  -6.726  22.108 0.0000000000
38388  -4.243  -33.371  57.904 0.0000000000
37375  -4.257  -34.083  58.300 0.0000000000
35014  -4.931  -37.370  61.547 0.0000000000
46102  -33.776  -25.116  40.501 0.0000000000
47807  -34.086  -23.897  39.927 0.0000000000
49359  -31.016  -21.967  39.245 0.0000000000
49353  -33.968  -21.330  39.828 0.0000000000
50096  -32.925  -19.958  39.206 0.0000000000
50939  -27.617  -19.248  38.885 0.0000000000
50984  -29.508  -19.333  35.809 0.0000000000
50968  -29.145  -19.457  36.471 0.0000000000
50969  -29.870  -19.679  36.186 0.0000000000
50958  -32.157  -19.584  37.290 0.0000000000
50959  -33.012  -19.286  37.779 0.0000000000
50960  -33.840  -19.199  37.026 0.0000000000
111600  -32.658  -18.010  33.682 0.0000000000
104994  -34.886  -17.640  34.707 0.0000000000
52659  -35.462  -17.564  35.190 0.0000000000
113942  -34.966  -16.046  34.161 0.0000000000
54381  -33.034  -15.166  32.648 0.0000000000
56108  -31.229  -13.172  33.302 0.0000000000
56121  -31.617  -13.221  32.609 0.0000000000
56976  -31.493  -12.630  33.003 0.0000000000
58646  -32.805  -11.142  31.910 0.0000000000
43277  -20.433  -28.258  44.897 0.0000000000
43263  -20.599  -28.624  45.699 0.0000000000
43264  -21.291  -28.271  46.244 0.0000000000
43265  -21.856  -27.848  46.838 0.0000000000
39440  -7.642  -32.272  54.333 0.0000000000
38467  -8.099  -32.869  54.739 0.0000000000
39479  -12.669  -32.234  52.287 0.0000000000
39460  -12.189  -32.596  52.977 0.0000000000
46959  -35.965  -23.960  43.108 0.0000000000
103797  -18.264  -30.638  52.801 0.0000000000
41417  -18.665  -30.535  52.007 0.0000000000
42337  -19.934  -29.925  51.492 0.0000000000
42352  -19.673  -30.062  50.605 0.0000000000
43311  -31.366  -28.869  43.368 0.0000000000
44106  -15.291  -27.271  48.666 0.0000000000
44118  -15.436  -27.771  47.800 0.0000000000
43236  -14.815  -28.271  48.331 0.0000000000
40513  -14.836  -30.833  49.403 0.0000000000
40514  -15.823  -31.107  49.582 0.0000000000
40515  -16.666  -31.155  49.786 0.0000000000
41416  -17.800  -30.981  51.926 0.0000000000
46086  -31.139  -25.289  40.671 0.0000000000
45072  -29.014  -25.771  42.770 0.0000000000
45089  -29.490  -25.728  41.953 0.0000000000
45090  -30.046  -25.504  42.497 0.0000000000
56147  -34.161  -13.054  30.675 0.0000000000
57004  -34.791  -12.651  30.113 0.0000000000
57014  -36.161  -12.259  29.363 0.0000000000
57026  -36.930  -12.065  29.013 0.0000000000
61243  -39.375  -7.837  27.387 0.0000000000
61234  -39.974  -7.017  27.619 0.0000000000
60367  -40.718  -8.808  26.001 0.0000000000
58709  -41.740  -9.979  25.874 0.0000000000
110392  -42.090  -10.689  26.216 0.0000000000
108695  -42.933  -10.706  26.186 0.0000000000
58703  -43.675  -10.623  26.201 0.0000000000
58712  -44.244  -10.254  25.908 0.0000000000
58713  -44.838  -10.230  26.226 0.0000000000
59525  -43.575  -9.298  25.106 0.0000000000
59519  -44.939  -9.733  25.609 0.0000000000
60386  -46.288  -8.210  24.438 0.0000000000
38406  -6.304  -33.826  57.100 0.0000000000
37384  -5.820  -34.358  57.801 0.0000000000
37377  -6.566  -34.808  58.366 0.0000000000
103093  -30.324  -21.015  38.530 0.0000000000
51793  -28.709  -18.635  36.366 0.0000000000
52631  -28.989  -18.016  36.173 0.0000000000
51804  -29.266  -18.768  35.682 0.0000000000
51000  -29.940  -19.175  35.175 0.0000000000
50987  -31.926  -19.563  35.129 0.0000000000
51002  -31.398  -19.233  34.665 0.0000000000
51818  -31.997  -18.869  34.249 0.0000000000
52675  -31.541  -17.959  33.886 0.0000000000
51838  -32.066  -18.312  33.858 0.0000000000
53522  -32.467  -16.669  33.190 0.0000000000
110955  -30.994  -13.717  33.623 0.0000000000
57798  -31.831  -11.970  33.924 0.0000000000
45041  -22.553  -26.579  44.875 0.0000000000
45042  -23.656  -26.591  46.261 0.0000000000
45026  -24.372  -26.579  46.682 0.0000000000
45027  -25.079  -26.700  46.397 0.0000000000
40453  -7.810  -31.123  53.842 0.0000000000
41402  -8.360  -30.935  53.244 0.0000000000
39455  -8.111  -31.765  53.695 0.0000000000
39441  -8.425  -32.496  54.087 0.0000000000
39445  -14.700  -32.695  54.963 0.0000000000
37342  -2.306  -34.709  61.237 0.0000000000
37331  -1.573  -34.623  62.304 0.0000000000
36480  -1.582  -35.488  62.623 0.0000000000
37321  -1.252  -34.612  62.824 0.0000000000
37320  -0.950  -34.704  63.083 0.0000000000
61209  -37.294  -6.978  30.067 0.0000000000
61210  -38.025  -6.731  29.696 0.0000000000
62200  -38.753  -6.442  29.337 0.0000000000
50067  -34.991  -19.373  42.025 0.0000000000
43308  -26.412  -28.329  43.670 0.0000000000
117644  -27.594  -28.792  44.425 0.0000000000
43174  -11.862  -28.690  51.752 0.0000000000
42320  -11.235  -28.758  52.167 0.0000000000
42334  -10.748  -29.771  51.439 0.0000000000
39496  -12.257  -31.772  51.620 0.0000000000
114592  -13.831  -32.491  53.067 0.0000000000
39462  -14.339  -32.513  53.494 0.0000000000
40483  -14.605  -31.563  50.884 0.0000000000
39499  -14.842  -31.807  51.621 0.0000000000
46060  -34.838  -25.867  43.114 0.0000000000
46087  -33.589  -25.720  40.847 0.0000000000
46964  -31.942  -24.450  40.357 0.0000000000
49326  -31.101  -21.762  42.529 0.0000000000
49327  -32.191  -22.117  42.685 0.0000000000
42413  -18.168  -29.852  46.392 0.0000000000
42430  -18.482  -29.417  45.811 0.0000000000
42431  -19.260  -29.253  45.582 0.0000000000
43276  -19.621  -28.234  44.722 0.0000000000
112856  -20.821  -27.638  44.592 0.0000000000
44172  -21.532  -27.012  44.538 0.0000000000
46012  -19.785  -24.553  46.109 0.0000000000
46026  -19.922  -24.652  44.943 0.0000000000
120105  -20.830  -24.542  44.012 0.0000000000
46041  -20.414  -25.032  44.052 0.0000000000
45055  -21.166  -26.274  43.874 0.0000000000
44187  -24.905  -26.999  43.262 0.0000000000
47782  -25.131  -23.722  43.254 0.0000000000
46941  -24.604  -23.961  42.578 0.0000000000
45105  -24.682  -25.599  41.777 0.0000000000
45087  -25.125  -26.587  41.732 0.0000000000
43325  -26.441  -28.334  42.673 0.0000000000
43339  -27.547  -28.432  41.327 0.0000000000
43327  -28.083  -28.933  42.048 0.0000000000
43328  -28.939  -28.974  41.950 0.0000000000
119400  -30.647  -28.749  42.436 0.0000000000
113535  -30.384  -28.518  41.641 0.0000000000
44189  -32.753  -27.937  42.784 0.0000000000
45009  -17.047  -26.332  47.410 0.0000000000
44120  -16.664  -26.927  46.823 0.0000000000
43262  -17.248  -28.873  46.049 0.0000000000
56137  -36.123  -13.299  31.310 0.0000000000
56138  -36.873  -12.996  31.498 0.0000000000
59481  -36.385  -9.389  29.224 0.0000000000
59482  -37.001  -8.959  28.782 0.0000000000
57871  -38.156  -11.674  28.376 0.0000000000
58689  -39.707  -10.071  26.726 0.0000000000
57017  -40.024  -12.093  29.197 0.0000000000
62268  -49.250  -7.017  22.165 0.0000000000
62267  -47.559  -6.631  21.734 0.0000000000
114001  -47.377  -4.150  20.394 0.0000000000
39359  -2.679  -32.592  59.863 0.0000000000
37376  -4.993  -34.601  58.291 0.0000000000
108009  -4.270  -34.693  58.826 0.0000000000
36512  -5.419  -35.690  59.646 0.0000000000
35753  -3.501  -36.462  61.260 0.0000000000
115324  -4.563  -37.791  62.071 0.0000000000
35003  -3.743  -38.092  62.259 0.0000000000
47791  -35.696  -23.682  42.301 0.0000000000
48502  -35.778  -22.860  42.108 0.0000000000
48530  -34.156  -23.051  39.678 0.0000000000
113670  -35.446  -21.705  41.781 0.0000000000
50079  -34.895  -20.254  41.865 0.0000000000
50076  -28.491  -20.376  41.196 0.0000000000
50923  -27.897  -19.092  40.743 0.0000000000
50083  -28.083  -20.016  40.392 0.0000000000
50084  -28.640  -20.897  40.500 0.0000000000
50945  -27.700  -19.120  38.153 0.0000000000
50955  -28.777  -19.642  37.116 0.0000000000
50111  -29.100  -20.006  37.494 0.0000000000
50110  -28.522  -19.922  37.848 0.0000000000
50102  -29.172  -20.470  38.186 0.0000000000
117518  -33.996  -19.165  40.278 0.0000000000
50925  -34.720  -19.034  41.349 0.0000000000
51777  -34.528  -18.643  38.645 0.0000000000
50973  -34.143  -19.238  36.054 0.0000000000
50989  -34.148  -18.925  35.239 0.0000000000
54359  -36.302  -15.202  34.790 0.0000000000
108891  -33.043  -14.393  32.180 0.0000000000
55264  -33.285  -13.833  31.720 0.0000000000
56134  -33.730  -13.500  31.304 0.0000000000
57849  -33.609  -11.742  30.714 0.0000000000
59464  -34.513  -9.316  31.545 0.0000000000
43249  -20.669  -28.920  46.628 0.0000000000
42398  -20.832  -29.062  47.576 0.0000000000
44139  -22.401  -27.293  46.606 0.0000000000
44121  -22.525  -27.476  47.392 0.0000000000
44123  -23.849  -26.872  48.255 0.0000000000
44109  -23.008  -27.399  48.205 0.0000000000
43239  -22.691  -27.930  48.853 0.0000000000
111988  -26.519  -28.183  44.677 0.0000000000
43279  -26.778  -28.105  45.487 0.0000000000
38429  -5.820  -33.244  56.596 0.0000000000
39439  -6.954  -32.069  54.691 0.0000000000
39423  -6.586  -32.421  55.301 0.0000000000
39422  -5.883  -32.037  55.723 0.0000000000
40468  -10.177  -31.627  52.138 0.0000000000
39476  -10.008  -32.092  52.566 0.0000000000
39459  -11.236  -32.585  52.971 0.0000000000
39458  -10.382  -32.488  53.023 0.0000000000
39443  -10.070  -32.755  53.576 0.0000000000
38472  -13.988  -33.033  54.917 0.0000000000
38456  -13.473  -33.223  55.373 0.0000000000
38454  -11.721  -33.425  55.243 0.0000000000
38433  -11.185  -33.556  56.124 0.0000000000
63201  -49.691  -5.308  19.830 0.0000000000
111306  0.477  -38.095  63.463 0.0000000000
35730  -0.286  -36.438  63.385 0.0000000000
107492  -0.200  -35.510  62.965 0.0000000000
35741  0.996  -36.747  62.291 0.0000000000
101157  0.508  -35.996  62.573 0.0000000000
35729  0.312  -36.623  63.225 0.0000000000
42429  -17.840  -29.383  46.009 0.0000000000
43251  -21.913  -28.084  47.511 0.0000000000
47778  -21.976  -23.801  43.795 0.0000000000
47789  -23.809  -23.823  42.799 0.0000000000
51792  -28.363  -18.856  36.903 0.0000000000
51807  -35.483  -18.214  35.736 0.0000000000
100255  -42.032  -11.470  28.667 0.0000000000
115200  -19.252  -28.702  45.069 0.0000000000
117231  -19.147  -25.030  46.153 0.0000000000
117811  -7.588  -35.002  59.432 0.0000000000
