#!ascii label  , from subject sub-v2s17x50027_ses-1 vox2ras=TkReg
275
53148  -28.774  -17.368  -14.828 0.0000000000
55790  -27.385  -14.493  -19.098 0.0000000000
65383  -25.534  -3.508  -24.043 0.0000000000
104062  -27.013  -6.337  -21.783 0.0000000000
59977  -28.913  -9.268  -19.101 0.0000000000
57493  -30.846  -12.723  -16.130 0.0000000000
66227  -24.522  -2.717  -24.318 0.0000000000
61765  -27.921  -7.816  -20.327 0.0000000000
119861  -27.519  -10.710  -20.726 0.0000000000
54891  -28.124  -16.019  -17.461 0.0000000000
56622  -29.389  -13.585  -17.612 0.0000000000
54868  -30.106  -15.139  -15.449 0.0000000000
117775  -26.592  -21.334  -15.000 0.0000000000
52375  -27.288  -18.215  -17.070 0.0000000000
70556  -23.743  2.361  -25.983 0.0000000000
68813  -25.068  1.269  -26.558 0.0000000000
68800  -26.190  -0.123  -25.423 0.0000000000
67079  -27.108  -1.056  -23.927 0.0000000000
66214  -27.753  -2.445  -22.333 0.0000000000
106774  -26.253  -4.835  -23.138 0.0000000000
65340  -28.785  -3.356  -20.662 0.0000000000
63602  -29.374  -5.250  -19.188 0.0000000000
62682  -29.769  -6.595  -18.345 0.0000000000
60813  -30.824  -8.292  -16.669 0.0000000000
57526  -28.042  -12.352  -19.778 0.0000000000
58360  -30.255  -11.152  -17.270 0.0000000000
60013  -26.836  -9.731  -21.578 0.0000000000
58390  -26.210  -11.139  -21.479 0.0000000000
54016  -28.210  -16.579  -16.827 0.0000000000
54878  -28.729  -15.720  -16.844 0.0000000000
54867  -29.650  -15.808  -15.345 0.0000000000
46647  -27.157  -24.985  -12.080 0.0000000000
48301  -26.990  -23.845  -12.739 0.0000000000
48302  -26.905  -23.087  -13.203 0.0000000000
119893  -27.139  -17.279  -17.469 0.0000000000
52374  -26.986  -18.012  -17.335 0.0000000000
110790  -25.959  0.450  -26.043 0.0000000000
65381  -24.656  -3.343  -24.149 0.0000000000
101421  -25.549  -2.103  -24.465 0.0000000000
66221  -26.000  -2.237  -24.315 0.0000000000
67066  -27.360  -1.608  -23.297 0.0000000000
65375  -26.718  -3.240  -23.268 0.0000000000
63658  -26.632  -6.039  -22.332 0.0000000000
64520  -27.413  -4.666  -21.825 0.0000000000
64521  -27.955  -4.851  -20.981 0.0000000000
64506  -29.043  -3.990  -20.102 0.0000000000
63618  -28.386  -5.288  -20.316 0.0000000000
60874  -28.414  -8.944  -19.727 0.0000000000
61731  -29.174  -7.174  -18.964 0.0000000000
103726  -29.544  -7.863  -18.508 0.0000000000
106892  -30.479  -7.882  -17.312 0.0000000000
59959  -29.937  -9.237  -17.944 0.0000000000
111606  -26.992  -13.921  -19.590 0.0000000000
56649  -27.155  -12.772  -20.161 0.0000000000
56645  -27.880  -13.587  -19.425 0.0000000000
56613  -30.082  -13.257  -16.794 0.0000000000
57503  -29.665  -12.690  -17.553 0.0000000000
104714  -30.375  -12.077  -16.898 0.0000000000
58344  -30.757  -11.149  -16.601 0.0000000000
57494  -31.094  -11.757  -16.109 0.0000000000
49815  -27.633  -21.308  -13.655 0.0000000000
49844  -26.816  -20.751  -15.165 0.0000000000
115872  -27.766  -19.994  -14.254 0.0000000000
51502  -27.791  -19.339  -14.695 0.0000000000
61778  -26.754  -7.792  -21.670 0.0000000000
61764  -27.388  -7.360  -20.962 0.0000000000
60886  -27.294  -8.253  -20.981 0.0000000000
60002  -27.892  -9.499  -20.300 0.0000000000
59991  -28.423  -9.821  -19.704 0.0000000000
54905  -28.016  -15.534  -18.057 0.0000000000
55786  -28.040  -14.265  -18.965 0.0000000000
55762  -28.593  -15.271  -17.590 0.0000000000
117101  -29.569  -14.035  -17.026 0.0000000000
115701  -30.542  -14.369  -15.626 0.0000000000
49102  -27.173  -22.138  -13.637 0.0000000000
55784  -27.182  -15.062  -18.697 0.0000000000
54028  -27.627  -16.113  -17.717 0.0000000000
53187  -27.723  -16.685  -17.331 0.0000000000
53175  -27.886  -17.342  -16.693 0.0000000000
71399  -23.813  3.050  -27.599 0.0000000000
69667  -23.290  1.643  -24.785 0.0000000000
69677  -24.375  1.675  -26.424 0.0000000000
69679  -26.078  1.146  -26.307 0.0000000000
68809  -26.535  0.681  -25.525 0.0000000000
69669  -27.216  0.868  -24.618 0.0000000000
67086  -25.377  -1.427  -24.692 0.0000000000
67965  -26.416  -0.747  -24.701 0.0000000000
68788  -27.468  0.373  -24.070 0.0000000000
102811  -28.516  0.055  -22.745 0.0000000000
67926  -28.736  -0.487  -22.272 0.0000000000
67054  -29.069  -1.368  -21.437 0.0000000000
64544  -25.722  -4.291  -23.693 0.0000000000
65365  -26.969  -3.694  -22.729 0.0000000000
65366  -27.976  -2.938  -21.807 0.0000000000
66201  -29.212  -1.978  -20.910 0.0000000000
66162  -30.033  -2.662  -19.653 0.0000000000
64474  -30.694  -4.208  -18.246 0.0000000000
62701  -28.658  -6.590  -19.636 0.0000000000
63586  -29.838  -5.622  -18.521 0.0000000000
58385  -26.694  -11.731  -20.998 0.0000000000
59185  -27.874  -11.101  -20.304 0.0000000000
58366  -28.805  -11.103  -19.081 0.0000000000
56636  -28.717  -13.032  -18.711 0.0000000000
58367  -29.290  -11.477  -18.417 0.0000000000
59145  -29.852  -10.108  -17.941 0.0000000000
59960  -30.420  -9.734  -17.334 0.0000000000
59944  -31.279  -9.530  -15.930 0.0000000000
113075  -27.311  -18.584  -16.807 0.0000000000
52341  -27.837  -18.603  -15.247 0.0000000000
52343  -28.846  -18.057  -14.260 0.0000000000
53160  -28.418  -16.915  -15.871 0.0000000000
54008  -28.868  -16.116  -15.992 0.0000000000
53161  -29.224  -16.521  -15.137 0.0000000000
47470  -27.895  -24.713  -11.812 0.0000000000
47482  -26.695  -24.527  -12.604 0.0000000000
65382  -25.116  -3.422  -24.156 0.0000000000
66229  -25.487  -2.810  -24.285 0.0000000000
102264  -25.834  -2.957  -24.114 0.0000000000
66222  -26.373  -2.717  -23.818 0.0000000000
65374  -26.075  -3.479  -23.817 0.0000000000
62740  -26.581  -6.668  -22.210 0.0000000000
62739  -26.005  -6.620  -22.771 0.0000000000
63636  -27.331  -5.593  -21.606 0.0000000000
63637  -27.854  -5.629  -20.801 0.0000000000
60853  -28.901  -8.242  -19.165 0.0000000000
60854  -29.450  -8.769  -18.523 0.0000000000
60832  -30.029  -8.326  -17.976 0.0000000000
59978  -29.404  -9.689  -18.506 0.0000000000
56644  -27.314  -13.419  -19.743 0.0000000000
118254  -27.540  -13.976  -19.388 0.0000000000
57476  -31.452  -12.270  -15.412 0.0000000000
56602  -31.260  -13.292  -15.398 0.0000000000
50674  -27.394  -20.639  -14.296 0.0000000000
116300  -26.202  -8.660  -22.343 0.0000000000
60897  -26.693  -8.721  -21.767 0.0000000000
59184  -27.074  -10.591  -21.211 0.0000000000
102088  -27.328  -9.167  -20.977 0.0000000000
114910  -27.431  -10.037  -20.874 0.0000000000
102556  -27.917  -10.330  -20.278 0.0000000000
55771  -28.371  -14.796  -18.278 0.0000000000
54879  -29.403  -15.393  -16.080 0.0000000000
55763  -29.310  -14.834  -16.813 0.0000000000
55752  -29.861  -14.760  -16.047 0.0000000000
56600  -30.012  -14.135  -16.377 0.0000000000
46646  -26.407  -25.286  -12.381 0.0000000000
45751  -26.115  -26.029  -12.096 0.0000000000
49085  -27.788  -22.574  -12.923 0.0000000000
49103  -27.901  -21.894  -13.208 0.0000000000
54904  -27.473  -15.577  -18.196 0.0000000000
113011  -27.472  -17.448  -17.187 0.0000000000
102620  -27.357  -16.740  -17.527 0.0000000000
52364  -27.580  -18.038  -16.756 0.0000000000
111673  -23.750  2.771  -26.739 0.0000000000
70570  -24.559  2.671  -28.027 0.0000000000
117228  -24.137  2.505  -27.403 0.0000000000
68807  -24.687  0.781  -25.826 0.0000000000
69668  -23.886  1.583  -25.603 0.0000000000
69685  -25.275  1.608  -27.033 0.0000000000
69686  -25.649  1.661  -26.956 0.0000000000
69678  -25.601  1.145  -26.457 0.0000000000
67971  -25.733  -0.078  -25.599 0.0000000000
105886  -27.062  1.382  -25.034 0.0000000000
68801  -26.780  0.068  -24.839 0.0000000000
67078  -26.373  -1.498  -24.348 0.0000000000
67087  -25.894  -1.459  -24.628 0.0000000000
67953  -27.118  -0.353  -24.290 0.0000000000
67954  -27.740  -0.180  -23.541 0.0000000000
67067  -27.856  -1.756  -22.557 0.0000000000
106815  -27.953  -0.876  -22.891 0.0000000000
67053  -28.559  -1.184  -22.065 0.0000000000
66200  -28.408  -2.050  -21.703 0.0000000000
63657  -26.109  -5.713  -22.962 0.0000000000
63674  -25.618  -5.248  -23.407 0.0000000000
64532  -26.403  -3.996  -23.267 0.0000000000
64533  -26.874  -4.364  -22.563 0.0000000000
111171  -27.914  -4.178  -21.368 0.0000000000
65353  -27.546  -3.784  -22.011 0.0000000000
66184  -28.621  -2.762  -21.150 0.0000000000
117152  -29.130  -2.712  -20.622 0.0000000000
66185  -29.655  -2.318  -20.253 0.0000000000
65341  -29.401  -3.103  -20.155 0.0000000000
64487  -28.872  -4.854  -19.783 0.0000000000
65320  -29.733  -3.494  -19.513 0.0000000000
64488  -29.507  -4.364  -19.345 0.0000000000
65305  -30.194  -3.859  -18.866 0.0000000000
64473  -30.000  -4.735  -18.704 0.0000000000
62719  -28.066  -6.950  -20.307 0.0000000000
61747  -28.528  -7.492  -19.691 0.0000000000
119181  -29.634  -7.261  -18.448 0.0000000000
62702  -29.253  -6.162  -19.049 0.0000000000
63571  -30.300  -5.903  -17.815 0.0000000000
57532  -26.103  -12.079  -20.965 0.0000000000
58387  -27.703  -11.845  -20.266 0.0000000000
58377  -28.268  -11.557  -19.740 0.0000000000
56621  -28.739  -13.887  -18.396 0.0000000000
119549  -28.331  -13.599  -19.028 0.0000000000
56637  -29.157  -13.126  -18.123 0.0000000000
58359  -29.758  -11.775  -17.700 0.0000000000
57515  -29.218  -12.378  -18.272 0.0000000000
109320  -29.797  -10.926  -17.889 0.0000000000
59160  -29.359  -10.579  -18.484 0.0000000000
59146  -30.195  -10.481  -17.505 0.0000000000
59127  -31.057  -10.400  -16.309 0.0000000000
52342  -28.310  -18.072  -14.849 0.0000000000
52327  -28.442  -18.748  -14.260 0.0000000000
60012  -26.364  -9.725  -22.005 0.0000000000
114652  -26.554  -10.424  -21.626 0.0000000000
59192  -26.763  -11.072  -21.267 0.0000000000
54857  -30.295  -15.573  -14.891 0.0000000000
53999  -30.015  -16.161  -14.611 0.0000000000
45737  -26.873  -25.704  -11.824 0.0000000000
48303  -27.783  -23.482  -12.529 0.0000000000
54027  -26.923  -16.738  -17.713 0.0000000000
53186  -26.626  -17.401  -17.557 0.0000000000
68808  -25.447  0.563  -26.046 0.0000000000
67970  -25.216  -0.072  -25.530 0.0000000000
117277  -25.488  -0.593  -25.148 0.0000000000
104568  -26.708  -1.934  -23.868 0.0000000000
66213  -27.171  -2.408  -23.134 0.0000000000
107063  -26.777  -5.214  -22.436 0.0000000000
107802  -28.388  -4.074  -20.773 0.0000000000
113653  -28.530  -4.611  -20.380 0.0000000000
115228  -28.354  -8.222  -19.835 0.0000000000
61715  -30.061  -7.379  -17.956 0.0000000000
60833  -30.446  -8.778  -17.353 0.0000000000
57525  -27.695  -12.946  -19.776 0.0000000000
101979  -28.256  -12.993  -19.375 0.0000000000
58345  -31.240  -10.984  -16.011 0.0000000000
58327  -31.652  -11.236  -15.331 0.0000000000
49830  -26.902  -21.424  -14.387 0.0000000000
112078  -27.326  -19.992  -15.021 0.0000000000
51514  -27.423  -19.290  -15.670 0.0000000000
51493  -28.320  -19.607  -13.897 0.0000000000
109840  -26.366  -7.292  -22.305 0.0000000000
62728  -26.936  -6.980  -21.677 0.0000000000
62718  -27.515  -6.404  -21.020 0.0000000000
60887  -27.868  -8.651  -20.335 0.0000000000
55785  -27.757  -14.990  -18.564 0.0000000000
55772  -29.039  -14.448  -17.674 0.0000000000
56601  -30.650  -13.616  -16.004 0.0000000000
119618  -30.946  -13.865  -15.563 0.0000000000
49829  -26.390  -21.819  -14.895 0.0000000000
49101  -26.547  -22.628  -13.938 0.0000000000
109209  -23.822  3.432  -26.527 0.0000000000
70555  -23.445  2.214  -25.155 0.0000000000
70565  -24.127  2.268  -26.822 0.0000000000
69684  -24.702  1.940  -27.281 0.0000000000
70571  -25.181  2.064  -27.635 0.0000000000
69680  -26.635  1.572  -25.753 0.0000000000
69670  -27.731  1.805  -24.218 0.0000000000
69655  -27.805  1.097  -23.911 0.0000000000
67964  -25.841  -0.719  -25.054 0.0000000000
68789  -28.320  0.801  -23.300 0.0000000000
64543  -25.191  -4.744  -23.644 0.0000000000
64549  -25.239  -4.034  -23.903 0.0000000000
116650  -27.367  -3.086  -22.543 0.0000000000
65306  -30.977  -3.393  -18.501 0.0000000000
104378  -28.211  -6.088  -20.273 0.0000000000
63601  -28.764  -5.698  -19.674 0.0000000000
106850  -30.587  -7.018  -17.203 0.0000000000
58386  -27.267  -11.339  -20.812 0.0000000000
57531  -27.168  -12.117  -20.540 0.0000000000
59172  -28.380  -10.687  -19.706 0.0000000000
59159  -28.883  -10.190  -19.091 0.0000000000
57514  -28.666  -12.144  -19.083 0.0000000000
59126  -30.583  -10.470  -16.963 0.0000000000
117038  -30.828  -9.863  -16.661 0.0000000000
59943  -30.821  -9.137  -16.666 0.0000000000
52352  -27.532  -18.594  -16.236 0.0000000000
52353  -27.977  -17.819  -15.820 0.0000000000
47483  -27.454  -24.285  -12.319 0.0000000000
49117  -26.597  -22.119  -14.310 0.0000000000
65354  -28.229  -3.525  -21.298 0.0000000000
115476  -27.537  -12.419  -20.113 0.0000000000
118778  -27.773  -17.043  -17.065 0.0000000000
