#!ascii label  , from subject sub-v2s17x50027_ses-1 vox2ras=TkReg
657
37055  32.305  -35.244  56.086 0.0000000000
55366  45.964  -13.369  37.540 0.0000000000
102125  53.623  -8.455  36.692 0.0000000000
49089  46.468  -19.761  46.348 0.0000000000
41417  35.080  -29.247  52.454 0.0000000000
37087  35.933  -34.621  52.678 0.0000000000
58901  48.502  -9.321  37.869 0.0000000000
55303  49.732  -13.323  41.946 0.0000000000
49059  41.983  -20.850  48.070 0.0000000000
43884  38.609  -26.884  52.195 0.0000000000
116339  56.622  -6.932  27.417 0.0000000000
59856  53.727  -7.187  32.072 0.0000000000
49979  43.417  -19.701  43.232 0.0000000000
53463  46.755  -15.350  43.490 0.0000000000
39643  33.637  -31.955  54.611 0.0000000000
37071  34.405  -34.855  54.843 0.0000000000
57187  46.809  -11.077  37.551 0.0000000000
57971  49.060  -10.392  40.696 0.0000000000
56264  47.667  -12.313  39.997 0.0000000000
44826  43.473  -25.774  48.380 0.0000000000
40510  37.663  -30.111  53.314 0.0000000000
105020  36.544  -28.301  52.018 0.0000000000
41400  39.218  -29.911  52.098 0.0000000000
120095  55.672  -4.853  28.425 0.0000000000
59910  54.999  -8.170  28.311 0.0000000000
61668  55.062  -5.944  30.326 0.0000000000
59815  50.993  -7.858  35.426 0.0000000000
59872  51.247  -8.649  32.160 0.0000000000
60744  54.026  -7.302  34.499 0.0000000000
58090  55.010  -10.218  33.018 0.0000000000
58070  54.069  -10.231  35.100 0.0000000000
49075  44.698  -19.881  47.266 0.0000000000
49933  42.159  -19.544  46.229 0.0000000000
50760  44.448  -18.262  46.436 0.0000000000
51763  45.296  -17.312  43.205 0.0000000000
51726  46.523  -17.221  45.908 0.0000000000
52590  48.241  -16.443  44.278 0.0000000000
49961  47.953  -18.953  44.469 0.0000000000
39657  35.568  -31.236  53.986 0.0000000000
58930  48.003  -8.906  35.027 0.0000000000
59788  51.653  -8.148  38.260 0.0000000000
57990  51.288  -9.833  39.714 0.0000000000
56251  51.520  -12.858  40.673 0.0000000000
45729  40.779  -24.040  50.521 0.0000000000
46544  42.010  -23.150  49.722 0.0000000000
46555  44.198  -23.427  48.047 0.0000000000
46572  46.280  -23.383  45.559 0.0000000000
47394  46.887  -22.347  44.139 0.0000000000
44818  38.627  -25.159  50.010 0.0000000000
43881  40.515  -26.493  51.899 0.0000000000
59046  55.623  -9.311  25.808 0.0000000000
60786  53.548  -7.236  30.657 0.0000000000
59869  55.580  -8.127  31.479 0.0000000000
58105  53.291  -11.219  31.370 0.0000000000
54414  46.927  -14.521  40.788 0.0000000000
55289  48.164  -13.942  43.244 0.0000000000
52603  49.423  -15.870  42.677 0.0000000000
120101  32.999  -36.401  55.525 0.0000000000
37054  33.014  -35.002  55.841 0.0000000000
36193  33.759  -36.165  55.002 0.0000000000
109067  46.375  -11.811  37.406 0.0000000000
56278  47.343  -12.128  39.100 0.0000000000
56279  46.874  -12.812  38.571 0.0000000000
40509  38.514  -29.902  52.819 0.0000000000
61693  53.931  -5.735  28.068 0.0000000000
62554  55.509  -5.480  29.399 0.0000000000
61676  54.717  -5.775  29.830 0.0000000000
60718  52.894  -7.520  36.428 0.0000000000
60746  52.475  -7.450  35.074 0.0000000000
59814  53.850  -7.739  35.531 0.0000000000
58929  54.492  -8.826  35.236 0.0000000000
111631  45.320  -19.513  47.041 0.0000000000
49916  44.408  -19.329  47.132 0.0000000000
102868  45.887  -18.406  46.668 0.0000000000
51714  45.936  -17.647  46.320 0.0000000000
50759  46.515  -18.487  46.464 0.0000000000
50772  47.668  -18.303  45.499 0.0000000000
102595  47.099  -19.661  45.682 0.0000000000
39642  34.395  -31.844  54.521 0.0000000000
38703  35.491  -32.669  53.745 0.0000000000
38701  36.831  -31.802  53.008 0.0000000000
58040  47.184  -9.933  36.800 0.0000000000
58931  47.346  -9.301  35.335 0.0000000000
58914  48.258  -9.115  36.916 0.0000000000
59801  49.740  -8.311  36.802 0.0000000000
59790  50.064  -8.309  37.942 0.0000000000
59762  51.061  -8.695  39.202 0.0000000000
58872  49.995  -9.096  39.816 0.0000000000
57112  49.374  -11.311  41.503 0.0000000000
57134  50.636  -11.039  40.837 0.0000000000
56230  50.811  -13.002  41.179 0.0000000000
54413  51.395  -14.766  40.517 0.0000000000
54403  50.683  -14.471  41.192 0.0000000000
45720  41.429  -24.498  50.836 0.0000000000
46537  41.251  -24.040  50.509 0.0000000000
45719  42.079  -24.568  50.502 0.0000000000
45735  44.182  -24.882  48.000 0.0000000000
115194  45.212  -22.836  47.059 0.0000000000
43017  38.229  -27.608  52.419 0.0000000000
43042  37.480  -26.973  50.991 0.0000000000
43911  38.587  -25.916  51.423 0.0000000000
44811  39.748  -25.089  51.358 0.0000000000
43882  39.888  -26.607  52.160 0.0000000000
61690  56.640  -5.286  27.518 0.0000000000
59921  56.426  -7.790  26.740 0.0000000000
104261  54.084  -9.646  28.974 0.0000000000
59871  52.211  -8.250  32.044 0.0000000000
112959  50.863  -8.919  31.355 0.0000000000
101417  51.841  -8.549  31.264 0.0000000000
59891  52.582  -7.928  30.053 0.0000000000
59882  53.691  -7.210  31.424 0.0000000000
104345  54.593  -6.753  31.227 0.0000000000
60775  54.709  -6.901  32.000 0.0000000000
115773  53.639  -11.180  32.888 0.0000000000
58091  54.333  -10.895  32.541 0.0000000000
48228  41.200  -21.558  48.472 0.0000000000
49920  40.780  -20.423  46.817 0.0000000000
49965  42.515  -19.388  44.468 0.0000000000
49129  41.143  -19.835  43.799 0.0000000000
106993  45.713  -16.618  43.543 0.0000000000
113079  44.841  -17.235  41.467 0.0000000000
111732  45.854  -16.035  42.412 0.0000000000
53497  45.933  -15.610  40.593 0.0000000000
53485  46.678  -14.949  42.135 0.0000000000
54394  47.225  -14.217  42.402 0.0000000000
119849  47.467  -14.705  43.451 0.0000000000
51738  48.618  -17.503  43.883 0.0000000000
105678  49.007  -16.157  43.292 0.0000000000
116024  49.152  -17.400  42.747 0.0000000000
51776  49.754  -17.525  41.829 0.0000000000
38690  34.020  -32.734  55.006 0.0000000000
37070  34.955  -34.534  54.034 0.0000000000
37096  35.710  -35.599  52.707 0.0000000000
36201  34.760  -36.131  53.569 0.0000000000
58025  47.860  -10.063  38.066 0.0000000000
58873  49.233  -9.336  39.433 0.0000000000
57155  48.092  -10.875  39.464 0.0000000000
104931  48.668  -11.052  41.143 0.0000000000
56233  48.541  -12.024  41.990 0.0000000000
41401  36.321  -29.063  53.314 0.0000000000
42231  35.871  -28.791  52.542 0.0000000000
42212  37.044  -29.007  53.245 0.0000000000
41388  38.295  -29.038  52.901 0.0000000000
43016  38.910  -27.795  52.448 0.0000000000
42226  40.126  -27.730  51.970 0.0000000000
41399  39.565  -29.575  51.497 0.0000000000
61691  56.272  -5.425  28.430 0.0000000000
60815  55.640  -7.439  28.076 0.0000000000
60800  56.113  -6.335  28.839 0.0000000000
60792  55.610  -6.845  29.997 0.0000000000
59889  55.509  -7.679  30.305 0.0000000000
59849  49.381  -8.788  33.471 0.0000000000
99507  51.311  -8.106  33.957 0.0000000000
107359  51.907  -7.984  33.458 0.0000000000
60758  54.263  -7.226  33.680 0.0000000000
59855  55.443  -8.282  33.039 0.0000000000
59846  55.157  -8.270  33.891 0.0000000000
109513  54.093  -10.572  34.256 0.0000000000
49058  43.200  -20.590  47.847 0.0000000000
101289  42.088  -19.923  46.932 0.0000000000
49917  43.546  -19.528  47.220 0.0000000000
50761  43.684  -18.726  46.557 0.0000000000
50786  43.826  -18.769  44.694 0.0000000000
50797  44.515  -18.709  43.307 0.0000000000
51741  44.955  -17.650  44.830 0.0000000000
52593  46.119  -16.620  45.021 0.0000000000
52592  46.707  -16.129  44.640 0.0000000000
53444  47.333  -15.803  44.279 0.0000000000
52575  47.224  -16.489  45.031 0.0000000000
50771  48.034  -17.782  45.003 0.0000000000
50796  48.279  -18.513  44.028 0.0000000000
39659  33.638  -30.802  53.533 0.0000000000
40513  34.426  -30.326  53.737 0.0000000000
41391  35.195  -29.988  53.759 0.0000000000
39656  36.382  -31.081  53.649 0.0000000000
111771  37.739  -31.755  52.538 0.0000000000
59816  49.374  -8.494  34.939 0.0000000000
60720  51.265  -7.704  36.763 0.0000000000
59787  52.702  -8.170  37.503 0.0000000000
58887  52.280  -9.008  38.386 0.0000000000
57988  52.615  -10.691  38.802 0.0000000000
56263  52.718  -12.189  39.396 0.0000000000
110195  50.176  -10.100  40.612 0.0000000000
57133  51.383  -11.404  40.492 0.0000000000
45737  40.084  -24.051  48.820 0.0000000000
103995  40.864  -23.021  48.991 0.0000000000
47350  41.385  -22.695  49.272 0.0000000000
48215  41.858  -21.911  48.913 0.0000000000
104355  43.178  -24.344  49.305 0.0000000000
46542  43.436  -23.446  48.752 0.0000000000
47361  43.202  -21.837  48.398 0.0000000000
48224  44.032  -21.610  47.786 0.0000000000
48234  45.413  -21.020  46.891 0.0000000000
48239  46.446  -21.310  45.753 0.0000000000
48246  46.796  -21.226  45.222 0.0000000000
47382  46.630  -22.878  45.055 0.0000000000
45723  39.436  -24.770  50.525 0.0000000000
45710  40.487  -25.004  51.416 0.0000000000
44797  41.537  -25.757  51.297 0.0000000000
43030  40.537  -27.529  51.743 0.0000000000
43040  41.363  -27.130  51.137 0.0000000000
59045  56.651  -9.241  26.088 0.0000000000
60803  52.902  -7.076  28.877 0.0000000000
60785  54.441  -6.433  30.383 0.0000000000
59881  55.509  -7.493  31.014 0.0000000000
58989  55.286  -8.760  30.552 0.0000000000
58960  55.435  -9.275  32.617 0.0000000000
58974  54.834  -10.190  31.343 0.0000000000
58119  53.060  -11.117  30.546 0.0000000000
100654  40.682  -20.007  45.980 0.0000000000
53518  46.222  -14.997  38.822 0.0000000000
54431  46.447  -14.308  38.500 0.0000000000
55332  47.574  -13.264  41.002 0.0000000000
56214  48.177  -12.745  42.358 0.0000000000
55305  48.611  -13.238  42.679 0.0000000000
54367  47.765  -15.165  43.787 0.0000000000
54379  48.819  -14.646  43.265 0.0000000000
107777  49.647  -14.077  42.314 0.0000000000
53484  50.470  -15.892  41.332 0.0000000000
102773  47.311  -20.459  44.612 0.0000000000
49977  47.761  -19.689  43.858 0.0000000000
36179  32.648  -35.931  56.211 0.0000000000
118349  32.165  -35.853  56.442 0.0000000000
36178  33.423  -35.733  55.683 0.0000000000
56294  45.894  -12.540  37.168 0.0000000000
56293  46.423  -12.654  37.836 0.0000000000
55365  46.460  -13.538  38.170 0.0000000000
61683  54.339  -5.657  29.022 0.0000000000
60802  53.431  -6.391  28.523 0.0000000000
59786  53.199  -7.907  36.747 0.0000000000
60717  53.425  -7.584  35.993 0.0000000000
59799  53.799  -7.974  36.102 0.0000000000
58913  54.111  -8.618  35.997 0.0000000000
109228  53.911  -9.373  36.614 0.0000000000
49914  45.827  -19.573  46.858 0.0000000000
49915  45.574  -19.053  46.940 0.0000000000
49931  46.227  -19.002  46.709 0.0000000000
49930  46.860  -19.004  46.218 0.0000000000
37880  35.161  -33.571  53.943 0.0000000000
37879  35.746  -33.565  53.138 0.0000000000
58902  47.760  -9.691  37.294 0.0000000000
113708  47.665  -9.469  36.622 0.0000000000
59791  49.071  -8.724  37.337 0.0000000000
58900  49.265  -8.807  38.150 0.0000000000
58888  49.847  -8.690  38.976 0.0000000000
58889  49.015  -9.128  38.650 0.0000000000
56232  49.476  -11.910  41.684 0.0000000000
56231  50.074  -12.496  41.570 0.0000000000
55321  50.659  -13.674  41.292 0.0000000000
55322  50.200  -13.900  41.718 0.0000000000
44810  41.836  -25.146  50.920 0.0000000000
44809  42.491  -25.438  50.197 0.0000000000
43031  37.830  -27.242  51.989 0.0000000000
43898  38.235  -26.541  51.712 0.0000000000
43912  37.991  -26.272  50.975 0.0000000000
43897  38.919  -26.252  52.000 0.0000000000
43883  39.272  -26.682  52.235 0.0000000000
60813  56.873  -5.944  27.608 0.0000000000
61703  57.322  -5.881  26.834 0.0000000000
59857  53.031  -7.552  32.511 0.0000000000
59870  52.870  -7.862  31.666 0.0000000000
59883  52.754  -8.013  30.874 0.0000000000
57226  52.008  -11.436  33.416 0.0000000000
57239  52.795  -11.378  32.734 0.0000000000
49060  41.328  -21.003  47.975 0.0000000000
49077  40.661  -20.924  47.453 0.0000000000
108954  41.254  -20.583  47.403 0.0000000000
49964  43.277  -19.317  44.099 0.0000000000
49142  42.683  -20.183  42.632 0.0000000000
53475  46.124  -15.933  43.331 0.0000000000
53474  46.405  -15.460  42.724 0.0000000000
53486  45.995  -15.691  41.650 0.0000000000
54395  47.088  -14.785  43.143 0.0000000000
54382  47.212  -15.145  43.733 0.0000000000
50808  48.900  -17.842  43.070 0.0000000000
51750  48.853  -17.421  43.331 0.0000000000
104820  49.327  -17.695  42.396 0.0000000000
37854  33.309  -33.994  55.590 0.0000000000
102142  33.472  -33.205  55.289 0.0000000000
37853  33.984  -33.838  55.343 0.0000000000
37865  34.575  -33.678  54.700 0.0000000000
36191  34.833  -35.453  53.923 0.0000000000
36192  34.363  -35.865  54.495 0.0000000000
119163  46.368  -11.162  37.014 0.0000000000
107490  46.201  -10.793  36.444 0.0000000000
58027  46.729  -10.560  36.936 0.0000000000
58026  47.268  -10.354  37.473 0.0000000000
57186  47.375  -10.845  38.173 0.0000000000
58011  47.980  -10.487  38.836 0.0000000000
57156  47.866  -11.526  39.709 0.0000000000
57136  48.101  -11.601  40.661 0.0000000000
57113  48.875  -11.415  41.637 0.0000000000
57114  48.333  -11.711  41.517 0.0000000000
41390  36.892  -29.537  53.517 0.0000000000
117135  38.921  -29.357  52.569 0.0000000000
42228  38.890  -28.619  52.555 0.0000000000
109859  39.398  -29.075  52.106 0.0000000000
61692  55.008  -4.997  28.543 0.0000000000
62568  55.543  -4.830  27.849 0.0000000000
62567  56.113  -4.846  28.180 0.0000000000
61681  55.843  -5.590  29.209 0.0000000000
61675  55.245  -5.657  29.855 0.0000000000
113123  55.572  -5.794  29.670 0.0000000000
119716  49.933  -8.397  34.488 0.0000000000
100742  50.243  -8.538  33.650 0.0000000000
59834  50.671  -8.167  34.576 0.0000000000
60745  53.258  -7.326  34.827 0.0000000000
59848  52.374  -7.550  34.188 0.0000000000
60759  53.447  -7.259  33.967 0.0000000000
59847  52.731  -7.571  33.333 0.0000000000
60743  54.615  -7.649  34.158 0.0000000000
58057  54.433  -9.597  35.159 0.0000000000
112137  54.585  -10.009  34.586 0.0000000000
58071  53.145  -10.781  34.838 0.0000000000
49907  43.782  -19.968  47.421 0.0000000000
49908  43.008  -20.130  47.611 0.0000000000
50749  45.013  -18.744  46.905 0.0000000000
50750  44.075  -18.904  46.959 0.0000000000
50774  43.671  -18.546  45.801 0.0000000000
50773  44.394  -18.117  45.370 0.0000000000
50785  44.464  -18.450  44.259 0.0000000000
51727  46.031  -17.072  45.733 0.0000000000
52576  46.678  -16.629  45.287 0.0000000000
53429  46.988  -16.116  44.709 0.0000000000
107130  46.995  -16.902  45.630 0.0000000000
49945  47.870  -18.670  44.999 0.0000000000
50784  48.229  -18.325  44.422 0.0000000000
39660  33.194  -31.582  54.095 0.0000000000
39675  32.875  -31.323  53.087 0.0000000000
39658  34.926  -31.153  54.209 0.0000000000
116562  34.866  -30.616  54.036 0.0000000000
40512  35.636  -30.552  53.890 0.0000000000
58945  48.013  -8.943  34.192 0.0000000000
59817  48.721  -8.705  35.451 0.0000000000
59789  50.697  -7.931  37.227 0.0000000000
59800  50.476  -7.979  36.182 0.0000000000
60708  51.737  -7.787  37.511 0.0000000000
115658  52.247  -8.050  37.800 0.0000000000
59777  52.104  -8.420  38.158 0.0000000000
58870  51.109  -9.233  39.476 0.0000000000
58869  51.726  -9.484  39.053 0.0000000000
57989  51.916  -10.338  39.454 0.0000000000
57154  52.355  -11.264  39.427 0.0000000000
114334  51.777  -11.039  39.973 0.0000000000
58857  49.491  -9.718  40.229 0.0000000000
57970  49.698  -10.209  40.734 0.0000000000
57110  50.900  -12.040  40.995 0.0000000000
107817  51.647  -12.143  40.506 0.0000000000
56250  52.238  -12.694  40.015 0.0000000000
55330  52.015  -13.592  40.162 0.0000000000
117353  40.521  -23.561  48.902 0.0000000000
45736  40.624  -23.681  49.619 0.0000000000
46545  41.572  -23.372  49.854 0.0000000000
47349  41.720  -22.558  49.317 0.0000000000
48216  41.448  -21.988  48.883 0.0000000000
47348  42.015  -22.413  49.260 0.0000000000
116094  43.083  -25.391  49.379 0.0000000000
102411  43.909  -24.281  48.413 0.0000000000
47347  42.932  -22.643  48.836 0.0000000000
47360  43.711  -22.585  48.280 0.0000000000
113758  43.387  -21.133  48.021 0.0000000000
47359  44.502  -22.603  47.676 0.0000000000
109598  45.746  -23.096  46.331 0.0000000000
48223  44.938  -21.808  47.285 0.0000000000
47368  45.593  -22.053  46.651 0.0000000000
48233  45.980  -21.239  46.321 0.0000000000
47374  46.151  -22.247  45.972 0.0000000000
48247  46.574  -22.198  45.367 0.0000000000
42247  35.867  -28.719  51.405 0.0000000000
42246  36.374  -28.257  50.964 0.0000000000
44819  37.953  -25.626  49.492 0.0000000000
44828  37.849  -25.386  48.446 0.0000000000
106083  38.392  -25.092  49.123 0.0000000000
45731  39.225  -24.653  49.300 0.0000000000
44799  40.000  -25.563  51.763 0.0000000000
44798  40.727  -25.692  51.688 0.0000000000
45709  41.127  -25.004  51.274 0.0000000000
43053  41.796  -27.085  50.384 0.0000000000
59938  56.110  -8.627  26.226 0.0000000000
58175  55.435  -10.275  25.400 0.0000000000
59859  50.495  -8.748  32.722 0.0000000000
58961  50.158  -9.100  31.922 0.0000000000
59900  52.349  -7.781  29.194 0.0000000000
60794  53.266  -7.154  29.797 0.0000000000
60793  53.831  -6.328  29.479 0.0000000000
60774  55.278  -7.023  31.497 0.0000000000
58973  55.241  -9.304  31.124 0.0000000000
58092  53.492  -11.249  32.178 0.0000000000
58104  54.220  -10.910  31.720 0.0000000000
58118  53.985  -10.770  30.918 0.0000000000
49934  41.429  -19.946  46.440 0.0000000000
49949  41.450  -19.601  45.496 0.0000000000
51752  44.930  -17.925  43.761 0.0000000000
52631  44.873  -16.757  40.702 0.0000000000
53507  46.454  -15.057  40.241 0.0000000000
53508  45.925  -15.499  39.599 0.0000000000
116484  46.472  -14.937  39.531 0.0000000000
109515  46.846  -14.469  39.953 0.0000000000
55342  47.057  -13.781  39.660 0.0000000000
55333  47.218  -13.866  40.500 0.0000000000
110745  47.702  -13.471  42.437 0.0000000000
55306  48.090  -13.453  42.849 0.0000000000
52591  47.693  -16.225  44.556 0.0000000000
53443  47.978  -15.725  44.099 0.0000000000
53461  48.987  -15.420  43.301 0.0000000000
54393  49.158  -14.202  42.861 0.0000000000
53460  49.449  -14.893  42.660 0.0000000000
53473  49.934  -15.506  41.964 0.0000000000
51775  50.221  -17.093  41.431 0.0000000000
48255  46.990  -21.203  44.786 0.0000000000
49102  47.183  -20.342  45.119 0.0000000000
48263  47.074  -21.308  44.242 0.0000000000
37053  33.715  -34.833  55.520 0.0000000000
36177  34.001  -35.579  55.200 0.0000000000
56305  45.860  -11.659  36.656 0.0000000000
102416  47.590  -11.292  38.887 0.0000000000
57170  46.925  -11.794  38.226 0.0000000000
39674  38.476  -31.287  52.254 0.0000000000
40522  38.302  -30.633  52.759 0.0000000000
40521  38.945  -30.623  52.168 0.0000000000
61682  55.125  -5.285  29.349 0.0000000000
60732  52.037  -7.485  35.749 0.0000000000
59833  51.611  -7.760  34.813 0.0000000000
60731  53.007  -7.327  35.738 0.0000000000
60730  53.683  -7.455  35.281 0.0000000000
59832  54.708  -8.226  34.684 0.0000000000
59813  54.251  -8.114  35.412 0.0000000000
114397  54.236  -9.277  35.778 0.0000000000
116796  45.050  -19.265  47.068 0.0000000000
109741  45.324  -18.067  46.591 0.0000000000
51713  46.492  -17.884  46.297 0.0000000000
51725  47.039  -17.469  45.914 0.0000000000
50758  47.128  -18.246  46.039 0.0000000000
49946  47.452  -18.929  45.610 0.0000000000
49962  47.579  -19.475  45.019 0.0000000000
38689  34.791  -32.680  54.433 0.0000000000
39641  35.165  -31.847  54.192 0.0000000000
101994  35.930  -31.844  53.636 0.0000000000
38702  36.283  -32.662  53.000 0.0000000000
58932  46.677  -9.752  35.542 0.0000000000
58915  47.231  -9.589  36.102 0.0000000000
100533  47.990  -9.089  35.977 0.0000000000
59802  48.854  -8.707  36.378 0.0000000000
115936  51.028  -7.957  38.014 0.0000000000
59778  51.477  -8.459  38.658 0.0000000000
59779  50.887  -8.292  38.781 0.0000000000
59763  50.537  -8.741  39.383 0.0000000000
58871  50.602  -9.145  39.775 0.0000000000
57955  49.274  -10.816  41.213 0.0000000000
57954  49.912  -10.685  41.053 0.0000000000
57111  50.058  -11.504  41.354 0.0000000000
55331  51.270  -13.805  40.770 0.0000000000
53483  50.909  -15.361  40.838 0.0000000000
45721  40.916  -24.504  51.016 0.0000000000
46536  41.722  -23.945  50.326 0.0000000000
45728  42.352  -23.992  49.977 0.0000000000
44825  43.697  -25.086  48.617 0.0000000000
46554  44.625  -24.268  47.550 0.0000000000
103952  44.836  -23.416  47.424 0.0000000000
46564  45.374  -23.895  46.805 0.0000000000
46573  45.857  -23.893  46.111 0.0000000000
43018  37.363  -27.933  52.335 0.0000000000
43032  37.058  -27.720  51.524 0.0000000000
43055  37.020  -27.064  50.062 0.0000000000
43923  37.542  -26.370  50.014 0.0000000000
44813  38.231  -25.737  50.512 0.0000000000
44812  38.939  -25.329  51.019 0.0000000000
44800  39.290  -25.675  51.709 0.0000000000
43896  39.584  -26.129  52.026 0.0000000000
44786  40.131  -26.076  51.927 0.0000000000
60826  57.174  -6.792  27.023 0.0000000000
59899  54.583  -8.898  28.666 0.0000000000
59858  52.051  -8.138  32.751 0.0000000000
59884  51.820  -8.490  30.316 0.0000000000
116090  55.380  -7.431  31.985 0.0000000000
58081  54.259  -10.792  33.377 0.0000000000
47369  40.221  -21.997  47.914 0.0000000000
49948  42.310  -19.293  45.392 0.0000000000
114501  41.859  -19.427  44.770 0.0000000000
49981  41.875  -19.641  44.036 0.0000000000
49128  41.851  -20.083  43.223 0.0000000000
51777  45.085  -17.317  42.259 0.0000000000
52618  45.574  -16.630  42.714 0.0000000000
52630  45.371  -16.547  41.705 0.0000000000
106984  45.466  -16.132  40.938 0.0000000000
52641  45.321  -16.086  40.123 0.0000000000
53496  46.506  -15.093  41.137 0.0000000000
54406  46.932  -14.520  41.584 0.0000000000
55290  47.637  -14.107  43.143 0.0000000000
51739  48.364  -17.230  44.352 0.0000000000
53442  48.575  -15.932  43.760 0.0000000000
52589  48.710  -16.798  43.687 0.0000000000
52604  49.207  -16.770  42.823 0.0000000000
52617  49.895  -16.427  41.930 0.0000000000
51762  49.605  -17.180  42.192 0.0000000000
39644  33.116  -32.193  54.591 0.0000000000
38691  33.290  -32.614  54.957 0.0000000000
120129  35.404  -34.316  53.402 0.0000000000
101138  35.341  -35.138  53.323 0.0000000000
110202  35.229  -35.796  53.270 0.0000000000
58041  46.656  -10.127  36.281 0.0000000000
58010  48.503  -9.727  38.766 0.0000000000
57991  48.677  -10.161  39.713 0.0000000000
57135  48.398  -10.896  40.274 0.0000000000
57099  49.011  -11.882  41.955 0.0000000000
56212  49.208  -12.657  42.105 0.0000000000
43921  42.561  -26.210  49.858 0.0000000000
41402  35.471  -29.274  53.313 0.0000000000
119435  35.390  -29.056  51.719 0.0000000000
42230  36.848  -28.524  52.811 0.0000000000
41389  37.666  -29.346  53.223 0.0000000000
42211  37.575  -28.710  52.951 0.0000000000
42229  37.628  -28.209  52.632 0.0000000000
42210  38.227  -28.298  52.674 0.0000000000
109536  38.946  -27.192  52.339 0.0000000000
43015  39.586  -27.256  52.268 0.0000000000
42227  39.517  -28.131  52.214 0.0000000000
42245  39.930  -28.556  51.641 0.0000000000
41416  39.814  -29.261  51.128 0.0000000000
60814  56.358  -6.574  28.035 0.0000000000
60801  55.682  -7.203  29.036 0.0000000000
60791  55.803  -6.211  29.607 0.0000000000
59898  55.320  -7.989  29.314 0.0000000000
59890  54.980  -8.839  29.599 0.0000000000
58999  54.454  -9.793  29.799 0.0000000000
99858  51.197  -8.424  33.113 0.0000000000
113409  53.603  -7.238  33.240 0.0000000000
60764  54.306  -7.132  32.784 0.0000000000
60757  54.993  -7.535  33.370 0.0000000000
58951  55.279  -9.247  33.498 0.0000000000
58944  54.926  -9.209  34.453 0.0000000000
58080  54.834  -10.113  33.895 0.0000000000
57225  53.193  -11.097  33.669 0.0000000000
110876  42.572  -20.723  48.021 0.0000000000
49076  41.897  -20.360  47.547 0.0000000000
116529  42.421  -20.367  47.721 0.0000000000
49918  42.712  -19.832  47.293 0.0000000000
114545  42.666  -19.460  46.781 0.0000000000
49932  43.277  -19.184  46.925 0.0000000000
50762  42.950  -19.026  46.195 0.0000000000
49947  43.085  -19.040  45.116 0.0000000000
49963  43.997  -19.138  43.732 0.0000000000
49978  44.051  -19.348  42.867 0.0000000000
51715  45.217  -17.588  45.932 0.0000000000
51740  45.573  -17.134  45.253 0.0000000000
51751  45.523  -17.056  44.285 0.0000000000
52606  46.141  -16.243  44.222 0.0000000000
52605  46.728  -15.648  44.041 0.0000000000
53445  47.053  -15.661  44.215 0.0000000000
52574  47.903  -16.845  44.884 0.0000000000
110720  47.476  -17.141  45.471 0.0000000000
50783  48.431  -17.825  44.282 0.0000000000
50795  48.609  -17.998  43.802 0.0000000000
40533  34.438  -29.785  52.090 0.0000000000
107898  34.142  -31.092  54.284 0.0000000000
40523  33.999  -30.174  52.859 0.0000000000
41403  34.712  -29.670  53.163 0.0000000000
101565  36.033  -29.728  53.701 0.0000000000
40511  36.697  -30.286  53.684 0.0000000000
39655  37.526  -31.005  53.112 0.0000000000
59835  49.378  -8.608  34.137 0.0000000000
114982  50.120  -8.202  35.219 0.0000000000
108914  49.517  -8.388  35.816 0.0000000000
117154  51.348  -7.658  36.152 0.0000000000
60719  52.144  -7.528  36.632 0.0000000000
60707  52.577  -7.807  37.156 0.0000000000
110948  53.145  -8.357  37.215 0.0000000000
58899  53.403  -8.915  37.324 0.0000000000
59776  52.810  -8.614  37.796 0.0000000000
58886  53.042  -9.442  37.999 0.0000000000
58008  52.915  -10.221  38.287 0.0000000000
59761  51.585  -8.862  38.786 0.0000000000
58009  52.415  -9.820  38.650 0.0000000000
58856  50.128  -9.620  40.303 0.0000000000
58855  50.676  -9.773  40.154 0.0000000000
57969  50.457  -10.358  40.595 0.0000000000
57968  51.169  -10.483  40.250 0.0000000000
57132  52.059  -11.778  40.031 0.0000000000
45743  39.964  -24.070  47.715 0.0000000000
106069  40.610  -22.841  47.978 0.0000000000
46546  41.169  -23.456  49.925 0.0000000000
47362  40.912  -22.117  48.623 0.0000000000
48227  41.645  -21.436  48.483 0.0000000000
48226  42.181  -21.352  48.439 0.0000000000
45727  42.657  -24.753  49.951 0.0000000000
46543  42.657  -23.376  49.346 0.0000000000
111886  42.334  -22.699  49.232 0.0000000000
48214  42.443  -21.976  48.829 0.0000000000
48225  42.797  -21.225  48.312 0.0000000000
49057  43.953  -20.623  47.599 0.0000000000
49056  44.752  -20.794  47.325 0.0000000000
49073  45.908  -20.329  46.644 0.0000000000
106381  46.328  -20.571  46.147 0.0000000000
49088  46.741  -20.445  45.696 0.0000000000
47381  46.813  -22.068  44.924 0.0000000000
47390  46.761  -22.839  44.564 0.0000000000
46579  46.547  -23.668  44.911 0.0000000000
46587  46.569  -23.719  44.331 0.0000000000
41426  35.357  -29.200  50.826 0.0000000000
42259  36.161  -28.185  49.992 0.0000000000
45738  39.439  -24.469  48.279 0.0000000000
45730  40.063  -24.220  50.037 0.0000000000
45722  40.296  -24.545  50.966 0.0000000000
43909  42.151  -25.970  50.660 0.0000000000
43014  40.289  -27.117  52.058 0.0000000000
43029  40.843  -27.109  51.683 0.0000000000
43895  41.202  -26.453  51.532 0.0000000000
111689  56.414  -10.132  25.686 0.0000000000
60784  55.243  -6.589  30.759 0.0000000000
60763  55.255  -7.442  32.587 0.0000000000
112412  55.581  -8.250  32.250 0.0000000000
111892  55.416  -9.263  31.804 0.0000000000
58103  54.986  -10.241  32.151 0.0000000000
58990  54.690  -10.016  30.574 0.0000000000
58128  52.804  -10.909  29.731 0.0000000000
54446  45.511  -13.966  37.205 0.0000000000
49919  41.496  -20.263  47.065 0.0000000000
52650  45.196  -15.985  39.239 0.0000000000
53532  45.663  -15.080  38.140 0.0000000000
54445  45.979  -14.262  37.874 0.0000000000
55354  46.848  -13.677  38.864 0.0000000000
55353  47.222  -12.991  39.371 0.0000000000
55341  47.449  -13.132  40.241 0.0000000000
54405  47.332  -13.821  41.507 0.0000000000
55323  47.756  -12.932  41.786 0.0000000000
56234  48.054  -12.249  41.878 0.0000000000
56213  48.717  -12.452  42.266 0.0000000000
54368  47.352  -15.310  43.835 0.0000000000
54381  47.664  -14.710  43.508 0.0000000000
54380  48.226  -14.542  43.491 0.0000000000
53462  48.367  -15.184  43.636 0.0000000000
55288  48.675  -13.976  43.116 0.0000000000
55304  49.172  -13.569  42.557 0.0000000000
54404  50.040  -14.667  41.870 0.0000000000
118371  50.402  -15.189  41.423 0.0000000000
52629  50.491  -16.507  41.220 0.0000000000
119029  47.465  -19.975  44.810 0.0000000000
49127  47.434  -20.364  44.078 0.0000000000
49116  47.673  -19.688  44.427 0.0000000000
47389  46.922  -21.953  44.549 0.0000000000
48235  40.710  -21.470  48.031 0.0000000000
49074  45.356  -20.111  47.065 0.0000000000
49950  40.618  -19.780  45.127 0.0000000000
49966  41.238  -19.575  44.578 0.0000000000
49976  48.093  -19.019  43.858 0.0000000000
54422  46.716  -14.417  39.178 0.0000000000
55377  45.509  -13.201  37.015 0.0000000000
56252  47.846  -12.421  41.049 0.0000000000
58947  46.806  -9.460  34.714 0.0000000000
60729  54.214  -7.707  34.915 0.0000000000
60783  55.438  -6.059  30.142 0.0000000000
62559  55.731  -5.025  28.899 0.0000000000
108077  50.303  -13.267  41.542 0.0000000000
111475  47.538  -17.769  45.673 0.0000000000
117072  40.446  -23.497  48.212 0.0000000000
118774  46.111  -14.700  38.311 0.0000000000
119602  52.609  -7.387  36.203 0.0000000000
