#!ascii label  , from subject sub-v2s17x50027_ses-1 vox2ras=TkReg
247
21188  41.993  -55.024  5.882 0.0000000000
14852  39.765  -62.812  3.409 0.0000000000
17158  45.007  -59.815  7.542 0.0000000000
116787  46.612  -57.472  3.962 0.0000000000
13417  42.263  -64.395  4.161 0.0000000000
14804  44.058  -62.815  6.181 0.0000000000
12650  40.696  -65.948  6.675 0.0000000000
16367  42.553  -60.245  4.764 0.0000000000
19562  43.237  -56.728  4.047 0.0000000000
19528  44.565  -56.294  6.744 0.0000000000
17908  47.509  -57.915  5.452 0.0000000000
16402  44.500  -61.300  3.542 0.0000000000
14850  42.082  -62.865  2.729 0.0000000000
12012  40.105  -66.123  0.428 0.0000000000
20369  39.046  -55.229  6.626 0.0000000000
19494  41.934  -57.177  8.111 0.0000000000
18688  43.719  -58.768  9.004 0.0000000000
20446  45.496  -55.039  2.004 0.0000000000
14068  42.134  -63.902  7.338 0.0000000000
119139  40.944  -61.908  4.204 0.0000000000
17188  41.070  -59.432  5.489 0.0000000000
110322  45.312  -58.040  7.398 0.0000000000
17156  46.623  -59.335  6.510 0.0000000000
14093  43.109  -63.774  5.591 0.0000000000
105645  44.857  -61.950  4.617 0.0000000000
14126  43.465  -62.971  3.403 0.0000000000
15599  43.421  -62.222  3.159 0.0000000000
13440  42.299  -63.707  2.512 0.0000000000
13470  40.311  -64.976  0.127 0.0000000000
18690  41.539  -57.631  9.566 0.0000000000
18698  42.658  -57.613  8.418 0.0000000000
17875  43.235  -58.546  9.752 0.0000000000
19580  47.296  -56.289  3.879 0.0000000000
19603  45.973  -55.914  2.677 0.0000000000
19585  42.451  -56.683  3.540 0.0000000000
106231  43.487  -56.219  1.810 0.0000000000
117523  43.801  -61.594  7.352 0.0000000000
101212  44.842  -61.104  7.025 0.0000000000
14788  43.682  -62.899  6.937 0.0000000000
14083  43.045  -63.766  6.349 0.0000000000
12685  41.492  -65.210  5.060 0.0000000000
17186  43.900  -58.999  4.709 0.0000000000
19561  44.960  -56.838  4.122 0.0000000000
17922  42.873  -58.569  5.195 0.0000000000
18743  41.681  -57.499  4.684 0.0000000000
14876  37.733  -63.276  1.790 0.0000000000
20364  43.422  -55.416  6.262 0.0000000000
19546  47.445  -56.619  5.400 0.0000000000
18738  47.173  -57.561  4.206 0.0000000000
16350  46.153  -60.583  5.798 0.0000000000
16382  46.184  -60.054  4.382 0.0000000000
114648  45.505  -59.732  3.960 0.0000000000
17207  43.801  -60.132  4.212 0.0000000000
15600  42.560  -62.344  3.140 0.0000000000
14851  40.986  -62.876  3.025 0.0000000000
12713  41.414  -64.887  2.081 0.0000000000
13457  41.466  -64.434  1.556 0.0000000000
106808  40.530  -64.146  1.157 0.0000000000
14147  39.770  -63.688  1.914 0.0000000000
99678  39.534  -54.887  5.960 0.0000000000
20367  40.808  -55.462  6.392 0.0000000000
19513  40.811  -56.491  7.578 0.0000000000
20351  42.150  -55.974  6.758 0.0000000000
19511  42.841  -56.516  7.235 0.0000000000
18696  44.217  -57.667  7.634 0.0000000000
17131  44.569  -59.300  7.980 0.0000000000
110735  43.893  -59.262  8.846 0.0000000000
112218  43.629  -60.500  7.856 0.0000000000
19604  45.033  -55.963  2.458 0.0000000000
21205  41.827  -54.698  5.422 0.0000000000
21204  42.606  -54.786  5.602 0.0000000000
14834  40.433  -62.337  3.838 0.0000000000
15583  40.088  -61.713  4.537 0.0000000000
17896  45.258  -59.033  7.605 0.0000000000
17895  46.083  -58.764  7.094 0.0000000000
17157  45.788  -59.619  7.126 0.0000000000
13408  42.747  -64.040  4.971 0.0000000000
14105  43.449  -63.390  4.582 0.0000000000
14106  42.989  -63.648  3.747 0.0000000000
14127  42.871  -63.204  2.882 0.0000000000
13425  42.581  -63.804  3.128 0.0000000000
12759  39.274  -66.079  -1.399 0.0000000000
18678  42.248  -58.056  10.071 0.0000000000
18762  46.982  -56.913  3.708 0.0000000000
19602  46.482  -55.861  3.096 0.0000000000
19560  46.112  -56.900  3.751 0.0000000000
19622  42.814  -56.563  1.437 0.0000000000
15528  43.532  -62.211  7.295 0.0000000000
14789  42.888  -63.016  7.351 0.0000000000
13368  41.658  -64.819  7.139 0.0000000000
13367  42.417  -64.295  6.827 0.0000000000
13389  41.794  -64.981  6.513 0.0000000000
13388  42.576  -64.321  6.053 0.0000000000
12667  41.487  -65.345  5.981 0.0000000000
17921  43.548  -58.002  4.985 0.0000000000
17187  42.795  -59.379  5.068 0.0000000000
17923  41.847  -58.736  5.423 0.0000000000
18725  41.201  -58.039  5.132 0.0000000000
104072  41.055  -57.514  4.540 0.0000000000
19529  43.632  -56.060  6.734 0.0000000000
20363  44.286  -55.594  6.286 0.0000000000
19545  47.649  -56.821  4.787 0.0000000000
17919  47.394  -57.850  4.767 0.0000000000
15527  44.853  -61.734  6.550 0.0000000000
15526  45.516  -61.028  6.430 0.0000000000
15549  45.241  -61.611  5.991 0.0000000000
15597  44.682  -61.506  3.731 0.0000000000
15580  45.316  -61.215  4.389 0.0000000000
16383  45.527  -60.401  3.970 0.0000000000
17205  46.029  -59.769  4.117 0.0000000000
104222  44.888  -60.425  3.675 0.0000000000
17206  44.697  -59.733  3.989 0.0000000000
16385  44.325  -61.097  3.504 0.0000000000
14849  42.848  -62.802  2.857 0.0000000000
15601  41.491  -62.357  3.438 0.0000000000
14866  41.596  -63.416  2.335 0.0000000000
10564  38.184  -68.881  0.409 0.0000000000
108880  39.555  -66.876  0.734 0.0000000000
11252  39.161  -67.689  1.386 0.0000000000
12013  39.724  -66.803  1.590 0.0000000000
11997  40.755  -65.599  2.116 0.0000000000
12726  41.191  -64.963  1.283 0.0000000000
13459  40.779  -64.611  0.819 0.0000000000
14156  40.074  -64.475  0.637 0.0000000000
106718  39.642  -64.061  1.198 0.0000000000
107370  38.646  -54.744  6.072 0.0000000000
21190  40.434  -54.991  5.902 0.0000000000
20368  39.931  -55.370  6.508 0.0000000000
102128  41.212  -57.041  8.152 0.0000000000
105982  40.490  -56.811  8.249 0.0000000000
20352  41.242  -56.008  6.889 0.0000000000
19512  41.775  -56.635  7.492 0.0000000000
19493  42.456  -57.079  7.794 0.0000000000
116970  43.180  -58.213  8.977 0.0000000000
18697  43.694  -58.134  8.310 0.0000000000
17886  44.540  -58.500  7.931 0.0000000000
17887  44.167  -58.875  8.425 0.0000000000
17112  42.803  -59.960  9.485 0.0000000000
17132  42.918  -60.152  8.698 0.0000000000
108074  43.704  -59.894  8.387 0.0000000000
115824  43.983  -56.893  4.312 0.0000000000
19584  44.311  -56.441  3.556 0.0000000000
19621  44.248  -55.860  1.821 0.0000000000
16387  42.168  -61.043  4.434 0.0000000000
111228  41.925  -59.615  5.289 0.0000000000
19509  44.888  -57.091  7.144 0.0000000000
19527  45.668  -56.514  6.631 0.0000000000
19508  45.778  -57.323  6.965 0.0000000000
17909  47.268  -58.623  5.998 0.0000000000
14092  43.640  -63.274  5.640 0.0000000000
15565  45.188  -61.659  5.287 0.0000000000
14816  44.272  -62.649  4.990 0.0000000000
14832  44.376  -62.163  3.803 0.0000000000
104847  43.756  -62.324  3.317 0.0000000000
15598  44.144  -61.704  3.345 0.0000000000
116213  43.244  -62.634  3.085 0.0000000000
14144  42.325  -63.361  2.524 0.0000000000
12738  40.378  -65.409  0.173 0.0000000000
12739  40.016  -65.535  -0.408 0.0000000000
119358  39.619  -65.702  -0.850 0.0000000000
18699  41.735  -57.458  8.740 0.0000000000
18689  42.433  -57.912  9.280 0.0000000000
20410  46.334  -55.319  3.052 0.0000000000
20427  45.943  -55.416  2.549 0.0000000000
109409  43.309  -56.418  3.295 0.0000000000
19606  42.812  -56.468  2.468 0.0000000000
16330  44.718  -60.459  7.387 0.0000000000
113335  45.371  -60.402  7.060 0.0000000000
110814  44.249  -61.829  7.070 0.0000000000
116243  43.994  -62.407  7.010 0.0000000000
14787  44.293  -62.364  6.652 0.0000000000
14067  43.014  -63.602  6.985 0.0000000000
14066  43.495  -63.283  6.498 0.0000000000
13409  42.083  -64.748  5.516 0.0000000000
18740  45.577  -57.628  4.241 0.0000000000
17944  44.685  -58.262  4.585 0.0000000000
18741  44.295  -57.460  4.532 0.0000000000
18742  43.276  -57.346  4.620 0.0000000000
18724  42.380  -57.871  5.047 0.0000000000
18763  42.378  -57.121  4.394 0.0000000000
18764  41.521  -57.056  3.924 0.0000000000
113220  38.746  -62.759  3.295 0.0000000000
20365  42.565  -55.294  6.205 0.0000000000
20387  43.202  -54.972  5.839 0.0000000000
20386  43.971  -55.063  5.747 0.0000000000
19559  47.425  -56.824  4.062 0.0000000000
18739  46.502  -58.172  4.248 0.0000000000
111513  46.970  -59.389  5.566 0.0000000000
16365  46.500  -60.037  5.169 0.0000000000
17920  47.235  -58.621  5.106 0.0000000000
17941  46.929  -58.434  4.502 0.0000000000
17942  46.252  -59.082  4.249 0.0000000000
17943  45.719  -58.753  4.175 0.0000000000
102360  44.977  -59.139  4.158 0.0000000000
16386  43.311  -60.995  3.916 0.0000000000
15581  43.768  -61.613  3.313 0.0000000000
15582  42.932  -61.683  3.498 0.0000000000
111738  41.852  -61.788  3.974 0.0000000000
12686  40.794  -65.815  4.668 0.0000000000
11270  38.661  -68.296  0.944 0.0000000000
12705  40.891  -65.553  3.273 0.0000000000
104443  41.622  -64.744  2.805 0.0000000000
13441  41.884  -64.263  2.165 0.0000000000
14145  41.788  -63.895  1.916 0.0000000000
13469  40.859  -64.936  0.652 0.0000000000
14155  41.192  -64.266  1.303 0.0000000000
14146  41.036  -63.764  1.677 0.0000000000
14867  40.426  -63.345  2.534 0.0000000000
104725  39.419  -63.243  2.787 0.0000000000
14148  38.738  -63.747  1.571 0.0000000000
21208  39.083  -54.499  5.295 0.0000000000
21207  40.070  -54.639  5.352 0.0000000000
21189  41.282  -55.032  5.872 0.0000000000
19495  39.795  -56.790  8.808 0.0000000000
20354  39.468  -55.772  7.230 0.0000000000
20353  40.349  -55.934  7.031 0.0000000000
20366  41.667  -55.450  6.315 0.0000000000
19530  42.913  -55.822  6.649 0.0000000000
19510  43.871  -56.821  7.234 0.0000000000
18704  43.253  -57.325  7.765 0.0000000000
108417  44.136  -59.449  8.308 0.0000000000
16309  44.246  -60.029  7.829 0.0000000000
19583  45.577  -56.361  3.297 0.0000000000
20447  44.999  -55.458  1.797 0.0000000000
12639  41.191  -65.472  6.947 0.0000000000
12649  41.190  -65.587  6.493 0.0000000000
12727  40.525  -65.639  1.088 0.0000000000
13426  42.142  -64.292  2.992 0.0000000000
13458  41.127  -64.622  1.095 0.0000000000
14815  44.762  -62.193  5.823 0.0000000000
14833  43.917  -62.744  4.032 0.0000000000
14868  38.549  -63.228  2.448 0.0000000000
15548  45.649  -61.201  5.487 0.0000000000
16331  44.091  -60.955  7.431 0.0000000000
16366  45.967  -60.634  4.801 0.0000000000
16384  44.892  -60.970  3.615 0.0000000000
17173  46.599  -59.985  5.984 0.0000000000
17204  46.623  -59.349  4.634 0.0000000000
18723  47.616  -57.408  4.988 0.0000000000
18737  47.526  -57.275  4.536 0.0000000000
19581  47.013  -56.345  3.582 0.0000000000
19582  46.483  -56.337  3.298 0.0000000000
19605  43.902  -56.168  2.541 0.0000000000
20383  47.365  -56.076  4.930 0.0000000000
20428  45.565  -55.542  2.217 0.0000000000
21252  45.288  -54.443  2.035 0.0000000000
118286  43.836  -63.022  4.824 0.0000000000
