#!ascii label  , from subject sub-v2s17x50027_ses-1 vox2ras=TkReg
237
59557  22.936  -9.282  -23.652 0.0000000000
52363  21.630  -17.484  -18.842 0.0000000000
102828  20.148  -5.072  -25.022 0.0000000000
70694  16.955  2.722  -30.936 0.0000000000
115779  20.484  -19.505  -17.760 0.0000000000
104109  21.396  -2.229  -24.016 0.0000000000
68037  20.088  0.438  -25.316 0.0000000000
117041  21.005  -12.285  -24.058 0.0000000000
55090  22.113  -14.264  -21.661 0.0000000000
57806  23.754  -11.595  -21.874 0.0000000000
62227  23.357  -6.753  -22.926 0.0000000000
60430  24.941  -9.089  -21.948 0.0000000000
62237  21.657  -7.057  -24.381 0.0000000000
117916  22.736  -4.201  -23.152 0.0000000000
68995  17.767  1.669  -28.914 0.0000000000
69837  19.828  2.797  -27.184 0.0000000000
54107  22.852  -15.776  -19.148 0.0000000000
66297  19.484  -0.955  -25.383 0.0000000000
67134  18.779  0.018  -26.448 0.0000000000
111878  22.333  -10.895  -24.134 0.0000000000
57818  22.695  -11.884  -23.281 0.0000000000
58675  23.412  -10.392  -23.077 0.0000000000
51542  20.868  -18.891  -18.115 0.0000000000
63081  20.895  -5.584  -24.555 0.0000000000
117055  21.611  -5.791  -24.088 0.0000000000
63930  20.917  -4.506  -24.358 0.0000000000
67104  21.859  -0.090  -24.047 0.0000000000
66269  22.699  -1.486  -23.418 0.0000000000
70695  15.459  2.083  -30.946 0.0000000000
68986  16.681  0.623  -28.736 0.0000000000
69853  17.225  1.750  -29.732 0.0000000000
73173  20.075  6.347  -28.949 0.0000000000
72348  20.495  5.312  -28.099 0.0000000000
70670  19.342  3.586  -28.369 0.0000000000
70668  20.811  4.004  -27.212 0.0000000000
70656  21.329  3.607  -26.466 0.0000000000
56041  22.715  -13.775  -21.035 0.0000000000
55074  22.359  -14.499  -20.770 0.0000000000
49751  19.465  -20.342  -17.516 0.0000000000
64710  20.723  -3.696  -24.403 0.0000000000
65512  19.712  -2.517  -24.985 0.0000000000
67105  21.006  -0.365  -24.460 0.0000000000
119645  21.709  0.961  -24.407 0.0000000000
55108  21.181  -14.227  -22.644 0.0000000000
56079  21.716  -13.012  -23.392 0.0000000000
56951  22.757  -12.846  -22.222 0.0000000000
103996  23.722  -12.645  -20.927 0.0000000000
61340  23.228  -7.621  -23.222 0.0000000000
60445  23.615  -8.948  -23.029 0.0000000000
61327  24.557  -7.620  -22.227 0.0000000000
58692  20.967  -10.151  -25.086 0.0000000000
60471  20.231  -8.685  -25.378 0.0000000000
109385  21.545  -8.407  -24.724 0.0000000000
62236  22.283  -7.079  -23.844 0.0000000000
63070  23.087  -5.779  -22.974 0.0000000000
63901  23.417  -4.205  -22.752 0.0000000000
65499  21.740  -2.961  -23.684 0.0000000000
65497  23.387  -2.661  -22.965 0.0000000000
68073  18.170  0.763  -27.679 0.0000000000
71505  18.149  3.956  -30.007 0.0000000000
70680  18.539  3.392  -29.200 0.0000000000
69838  19.091  2.254  -27.785 0.0000000000
68977  19.394  1.354  -26.584 0.0000000000
68976  20.018  1.692  -26.093 0.0000000000
69824  21.510  2.522  -25.459 0.0000000000
52376  21.233  -17.369  -19.582 0.0000000000
55075  21.652  -14.991  -21.426 0.0000000000
58666  24.552  -10.428  -21.841 0.0000000000
57805  24.562  -11.184  -21.445 0.0000000000
67119  18.785  -0.593  -26.030 0.0000000000
118921  22.353  -10.342  -24.220 0.0000000000
57827  22.844  -11.069  -23.507 0.0000000000
58683  22.815  -10.210  -23.735 0.0000000000
49711  18.751  -21.312  -16.278 0.0000000000
49732  19.113  -20.827  -16.866 0.0000000000
51555  21.260  -18.242  -18.488 0.0000000000
68013  22.934  0.715  -23.791 0.0000000000
119532  22.933  -0.271  -23.549 0.0000000000
108527  16.310  2.041  -31.050 0.0000000000
69870  15.845  1.587  -30.568 0.0000000000
118531  16.759  1.453  -30.055 0.0000000000
69868  17.343  2.538  -30.179 0.0000000000
71494  21.090  4.856  -27.457 0.0000000000
71483  21.633  4.398  -26.758 0.0000000000
56040  23.590  -13.392  -20.382 0.0000000000
55062  23.463  -14.147  -19.825 0.0000000000
51569  20.130  -18.333  -19.513 0.0000000000
65522  18.836  -2.721  -25.573 0.0000000000
67118  20.182  -0.239  -25.024 0.0000000000
105599  20.343  -0.928  -24.790 0.0000000000
68027  20.729  0.449  -24.814 0.0000000000
68026  21.454  0.463  -24.411 0.0000000000
68961  21.268  1.085  -24.709 0.0000000000
71527  16.120  3.450  -31.971 0.0000000000
56080  21.002  -13.147  -23.456 0.0000000000
56979  21.314  -12.622  -23.765 0.0000000000
56965  23.095  -12.094  -22.484 0.0000000000
56966  22.433  -12.652  -23.063 0.0000000000
56950  23.420  -12.359  -21.643 0.0000000000
108005  19.802  -19.919  -18.092 0.0000000000
49731  20.043  -20.221  -16.595 0.0000000000
109586  23.567  -8.164  -22.995 0.0000000000
61328  23.802  -7.547  -22.691 0.0000000000
57836  21.078  -10.965  -24.750 0.0000000000
62238  20.817  -7.166  -24.971 0.0000000000
61360  20.836  -8.100  -25.147 0.0000000000
61351  21.400  -7.685  -24.700 0.0000000000
61350  21.991  -7.765  -24.242 0.0000000000
63921  22.218  -4.642  -23.501 0.0000000000
63071  22.290  -5.569  -23.575 0.0000000000
109217  22.874  -4.906  -23.052 0.0000000000
63057  23.669  -5.059  -22.587 0.0000000000
103473  21.020  -3.012  -24.200 0.0000000000
108947  22.872  -2.180  -23.226 0.0000000000
65496  24.271  -2.381  -22.772 0.0000000000
68996  17.130  1.222  -29.093 0.0000000000
109074  16.904  0.221  -28.209 0.0000000000
68985  17.459  0.848  -28.426 0.0000000000
68054  17.420  0.116  -27.892 0.0000000000
68984  18.351  1.493  -28.144 0.0000000000
72359  19.399  5.567  -29.251 0.0000000000
72368  18.575  5.419  -29.967 0.0000000000
104484  19.074  4.209  -28.972 0.0000000000
70669  20.017  3.533  -27.573 0.0000000000
100296  19.421  3.038  -27.863 0.0000000000
68983  18.922  1.439  -27.309 0.0000000000
69832  19.600  2.025  -26.860 0.0000000000
69831  20.322  2.470  -26.449 0.0000000000
70655  22.077  3.927  -26.058 0.0000000000
70648  21.742  3.215  -25.776 0.0000000000
101009  22.098  2.849  -25.273 0.0000000000
69816  22.018  2.286  -24.895 0.0000000000
52377  20.487  -17.565  -19.966 0.0000000000
55107  21.828  -13.988  -22.458 0.0000000000
54147  21.113  -14.876  -22.174 0.0000000000
55091  21.569  -14.523  -22.135 0.0000000000
54116  22.497  -15.518  -19.677 0.0000000000
54130  22.083  -15.262  -20.437 0.0000000000
53251  22.293  -16.185  -19.354 0.0000000000
60444  24.302  -9.043  -22.466 0.0000000000
59545  23.862  -9.709  -22.738 0.0000000000
59544  24.465  -9.747  -22.189 0.0000000000
66298  19.114  -1.881  -25.476 0.0000000000
67120  18.394  -1.280  -26.024 0.0000000000
110532  19.483  -0.085  -25.666 0.0000000000
56988  21.548  -12.070  -24.079 0.0000000000
56978  22.017  -12.392  -23.695 0.0000000000
57828  22.213  -11.676  -23.928 0.0000000000
57817  23.426  -11.199  -22.690 0.0000000000
50588  21.178  -19.068  -17.340 0.0000000000
105165  23.861  -5.962  -22.456 0.0000000000
62215  24.162  -6.800  -22.395 0.0000000000
62247  19.887  -6.824  -25.367 0.0000000000
108409  20.590  -6.378  -24.909 0.0000000000
107688  21.283  -6.378  -24.481 0.0000000000
63072  21.596  -5.070  -23.962 0.0000000000
63922  21.630  -4.340  -23.803 0.0000000000
67087  21.621  -0.809  -24.070 0.0000000000
66270  21.859  -1.468  -23.817 0.0000000000
107441  22.404  -0.676  -23.685 0.0000000000
67085  23.361  -0.731  -23.366 0.0000000000
72358  20.078  5.663  -28.653 0.0000000000
71504  19.621  5.016  -28.718 0.0000000000
71495  20.047  4.389  -28.028 0.0000000000
70657  20.563  3.237  -26.817 0.0000000000
114223  22.982  -14.101  -20.372 0.0000000000
55063  22.813  -14.741  -19.929 0.0000000000
50590  19.049  -20.146  -18.219 0.0000000000
50589  20.177  -19.356  -18.504 0.0000000000
51556  20.521  -18.686  -18.872 0.0000000000
52364  20.903  -18.022  -19.277 0.0000000000
64723  19.107  -4.103  -25.398 0.0000000000
63931  20.002  -4.102  -24.911 0.0000000000
64711  20.245  -3.165  -24.644 0.0000000000
65511  20.574  -2.330  -24.485 0.0000000000
66286  20.027  -1.665  -24.853 0.0000000000
66285  20.984  -1.404  -24.353 0.0000000000
68025  22.190  0.741  -24.108 0.0000000000
70707  14.982  2.577  -31.145 0.0000000000
70706  16.046  2.621  -31.510 0.0000000000
70705  16.991  3.439  -31.465 0.0000000000
103277  21.404  -13.606  -23.045 0.0000000000
107672  22.143  -13.351  -22.787 0.0000000000
56055  22.450  -13.573  -21.935 0.0000000000
56054  23.111  -13.093  -21.349 0.0000000000
119040  24.456  -12.543  -20.337 0.0000000000
60453  23.067  -8.406  -23.464 0.0000000000
59556  23.364  -9.710  -23.262 0.0000000000
104690  24.083  -8.299  -22.580 0.0000000000
116334  24.712  -8.403  -22.158 0.0000000000
62214  24.926  -6.748  -21.969 0.0000000000
61326  25.291  -7.463  -21.816 0.0000000000
60429  25.438  -8.302  -21.758 0.0000000000
58691  21.798  -10.457  -24.616 0.0000000000
59567  22.351  -9.738  -24.262 0.0000000000
59577  20.627  -9.399  -25.264 0.0000000000
59568  21.556  -9.402  -24.833 0.0000000000
60454  22.330  -8.678  -24.149 0.0000000000
61341  22.616  -7.773  -23.701 0.0000000000
107471  22.833  -7.124  -23.435 0.0000000000
62229  21.949  -6.382  -23.937 0.0000000000
62228  22.638  -6.441  -23.453 0.0000000000
63900  24.326  -4.285  -22.469 0.0000000000
64698  21.346  -3.711  -23.942 0.0000000000
64697  22.158  -3.751  -23.446 0.0000000000
101903  22.164  -2.198  -23.544 0.0000000000
65498  22.543  -2.877  -23.286 0.0000000000
64696  23.037  -3.503  -23.020 0.0000000000
64675  24.002  -3.338  -22.622 0.0000000000
68053  18.086  0.016  -27.301 0.0000000000
70693  17.511  3.678  -30.843 0.0000000000
71516  17.867  4.369  -30.681 0.0000000000
119945  17.533  3.221  -30.415 0.0000000000
70681  17.867  3.150  -29.849 0.0000000000
69852  18.022  2.494  -29.349 0.0000000000
69839  18.453  2.139  -28.582 0.0000000000
69851  18.814  2.841  -28.528 0.0000000000
68052  18.794  0.744  -26.849 0.0000000000
68038  19.559  0.796  -25.976 0.0000000000
68969  20.516  1.221  -25.319 0.0000000000
69830  21.063  2.857  -26.123 0.0000000000
69825  20.793  2.108  -25.719 0.0000000000
68968  21.336  1.803  -25.062 0.0000000000
68960  21.978  1.509  -24.502 0.0000000000
54131  21.374  -15.830  -20.911 0.0000000000
53268  21.356  -16.426  -20.341 0.0000000000
53252  21.626  -16.696  -19.668 0.0000000000
101657  21.635  -17.088  -19.256 0.0000000000
58674  23.970  -10.397  -22.427 0.0000000000
57816  24.051  -10.944  -22.048 0.0000000000
59531  25.111  -9.830  -21.695 0.0000000000
56949  24.142  -11.992  -21.151 0.0000000000
57835  21.691  -11.368  -24.386 0.0000000000
60462  21.012  -8.813  -25.196 0.0000000000
67086  22.604  0.110  -23.742 0.0000000000
69815  22.587  2.072  -24.539 0.0000000000
117788  24.987  -7.970  -21.984 0.0000000000
