#!ascii label  , from subject sub-v2s17x50002_ses-1 vox2ras=TkReg
453
82351  -24.989  0.096  -24.130 0.0000000000
78533  -21.768  -4.288  -21.514 0.0000000000
124043  -28.205  -5.254  -25.154 0.0000000000
137369  -23.940  -9.788  -22.684 0.0000000000
133885  -29.363  11.913  -21.537 0.0000000000
135447  -31.144  8.108  -20.357 0.0000000000
87023  -22.939  4.103  -22.035 0.0000000000
143897  -22.934  -13.732  -20.642 0.0000000000
133696  -22.286  -6.690  -22.144 0.0000000000
73996  -21.492  -9.022  -21.151 0.0000000000
91214  -29.992  9.974  -20.931 0.0000000000
127046  -26.128  8.038  -21.536 0.0000000000
83298  -22.166  -0.080  -21.762 0.0000000000
85158  -20.989  2.000  -19.876 0.0000000000
85218  -23.966  2.501  -23.624 0.0000000000
135963  -27.797  3.854  -22.406 0.0000000000
147283  -29.363  1.708  -22.521 0.0000000000
82337  -30.737  -0.804  -23.315 0.0000000000
80432  -20.736  -2.366  -20.185 0.0000000000
80462  -23.579  -2.144  -23.333 0.0000000000
80466  -27.239  -2.744  -23.462 0.0000000000
78552  -24.689  -4.356  -23.440 0.0000000000
75803  -25.355  -7.448  -23.853 0.0000000000
74017  -26.712  -9.540  -22.471 0.0000000000
88773  -22.611  6.649  -20.715 0.0000000000
88812  -26.375  6.099  -21.862 0.0000000000
137726  -31.600  5.683  -20.571 0.0000000000
73094  -21.008  -10.536  -20.532 0.0000000000
128824  -22.999  -11.635  -21.891 0.0000000000
75753  -20.814  -7.548  -20.509 0.0000000000
73974  -20.535  -8.797  -20.082 0.0000000000
127607  -26.346  8.665  -21.361 0.0000000000
90443  -23.566  8.194  -20.718 0.0000000000
82332  -23.709  -0.179  -23.613 0.0000000000
84280  -22.906  0.899  -22.709 0.0000000000
84301  -24.594  1.346  -24.211 0.0000000000
85222  -26.537  1.979  -23.181 0.0000000000
83326  -26.859  0.879  -23.180 0.0000000000
83306  -29.227  0.491  -22.824 0.0000000000
129511  -28.237  -0.213  -23.029 0.0000000000
79494  -21.634  -3.417  -21.320 0.0000000000
81386  -21.881  -1.794  -21.632 0.0000000000
80454  -22.496  -3.125  -22.312 0.0000000000
79509  -23.644  -3.014  -23.237 0.0000000000
78539  -22.637  -4.602  -22.480 0.0000000000
74861  -23.393  -8.129  -22.815 0.0000000000
75795  -24.421  -7.154  -23.511 0.0000000000
74862  -25.004  -8.689  -23.341 0.0000000000
138849  -26.806  -8.858  -22.973 0.0000000000
74016  -25.053  -9.592  -22.870 0.0000000000
131997  -27.381  11.023  -20.508 0.0000000000
93038  -27.353  11.850  -20.202 0.0000000000
93972  -28.930  12.480  -21.583 0.0000000000
94869  -30.176  13.708  -22.199 0.0000000000
93965  -31.420  12.541  -21.005 0.0000000000
134660  -30.497  9.391  -20.658 0.0000000000
86093  -21.557  3.038  -20.493 0.0000000000
142992  -21.075  4.160  -19.649 0.0000000000
146444  -22.362  5.337  -20.885 0.0000000000
88793  -24.132  6.662  -21.874 0.0000000000
87917  -24.599  5.314  -22.602 0.0000000000
130922  -31.120  3.647  -21.540 0.0000000000
87008  -30.192  4.735  -21.454 0.0000000000
86988  -33.130  4.889  -20.676 0.0000000000
122844  -27.246  -4.180  -23.954 0.0000000000
80468  -29.029  -3.260  -24.508 0.0000000000
71201  -21.299  -13.058  -20.002 0.0000000000
71236  -21.852  -11.925  -21.033 0.0000000000
72242  -22.128  -11.278  -21.479 0.0000000000
71237  -22.514  -12.187  -21.369 0.0000000000
77583  -21.419  -5.439  -21.133 0.0000000000
77594  -22.049  -5.690  -21.804 0.0000000000
127131  -21.455  -6.805  -21.206 0.0000000000
75774  -21.598  -7.478  -21.376 0.0000000000
74013  -22.582  -9.081  -22.122 0.0000000000
92069  -28.098  10.731  -20.887 0.0000000000
92080  -29.613  10.647  -21.173 0.0000000000
91212  -27.565  9.439  -21.152 0.0000000000
91213  -28.246  8.994  -21.293 0.0000000000
90462  -28.706  8.237  -21.352 0.0000000000
83285  -20.577  -0.086  -19.738 0.0000000000
140288  -21.204  1.036  -20.331 0.0000000000
85185  -22.288  2.340  -21.582 0.0000000000
86127  -23.158  3.281  -22.511 0.0000000000
87025  -25.016  4.644  -23.017 0.0000000000
86144  -25.682  3.207  -23.555 0.0000000000
85204  -28.295  2.658  -22.540 0.0000000000
85187  -31.279  2.334  -21.921 0.0000000000
125549  -31.896  1.183  -22.313 0.0000000000
69310  -23.951  -14.990  -19.775 0.0000000000
70254  -24.315  -13.664  -20.451 0.0000000000
81385  -21.444  -1.099  -21.020 0.0000000000
82316  -22.564  -0.713  -22.416 0.0000000000
132871  -23.879  -0.795  -23.638 0.0000000000
81404  -25.937  -0.820  -23.566 0.0000000000
80464  -25.466  -2.277  -23.510 0.0000000000
79511  -25.281  -3.631  -23.403 0.0000000000
123595  -26.156  -5.360  -23.893 0.0000000000
141497  -23.066  -5.946  -22.932 0.0000000000
77610  -25.388  -5.932  -23.833 0.0000000000
129330  -26.428  -6.154  -24.266 0.0000000000
132801  -27.035  -7.613  -23.711 0.0000000000
74018  -27.476  -8.956  -22.502 0.0000000000
93046  -31.775  11.679  -20.505 0.0000000000
89673  -23.786  7.479  -21.352 0.0000000000
88795  -25.949  6.786  -21.704 0.0000000000
89679  -29.075  7.010  -21.327 0.0000000000
130046  -26.808  4.962  -22.282 0.0000000000
130048  -28.586  5.748  -21.632 0.0000000000
141270  -31.707  7.020  -20.182 0.0000000000
81406  -28.289  -1.219  -23.288 0.0000000000
81408  -30.231  -1.793  -23.767 0.0000000000
73962  -20.541  -9.635  -19.871 0.0000000000
73976  -21.143  -9.663  -20.743 0.0000000000
73115  -22.108  -10.326  -21.606 0.0000000000
73130  -23.333  -10.322  -22.359 0.0000000000
71213  -24.757  -12.931  -20.820 0.0000000000
72244  -24.794  -11.713  -21.795 0.0000000000
72258  -25.222  -11.015  -22.120 0.0000000000
126950  -24.308  -0.107  -23.921 0.0000000000
83322  -23.937  0.598  -23.887 0.0000000000
83339  -25.170  0.866  -24.235 0.0000000000
84302  -25.773  1.154  -23.932 0.0000000000
83325  -26.235  0.692  -23.618 0.0000000000
82335  -27.483  0.389  -22.974 0.0000000000
82334  -26.768  0.218  -23.286 0.0000000000
78532  -21.226  -4.744  -20.840 0.0000000000
78522  -20.851  -4.032  -20.416 0.0000000000
141937  -22.074  -3.537  -21.797 0.0000000000
79501  -22.329  -4.058  -22.135 0.0000000000
74014  -23.276  -8.957  -22.603 0.0000000000
74015  -24.137  -8.879  -22.981 0.0000000000
145619  -28.622  11.196  -21.143 0.0000000000
93044  -28.056  11.646  -20.782 0.0000000000
93973  -29.695  12.430  -21.717 0.0000000000
93974  -30.545  12.465  -21.495 0.0000000000
90447  -30.889  8.741  -20.456 0.0000000000
146033  -31.980  9.330  -19.955 0.0000000000
90448  -31.752  8.675  -20.041 0.0000000000
90449  -32.583  8.181  -19.815 0.0000000000
86094  -22.218  3.828  -21.177 0.0000000000
86079  -21.283  3.646  -20.039 0.0000000000
143421  -22.093  4.365  -20.837 0.0000000000
86984  -21.940  4.927  -20.485 0.0000000000
87004  -22.488  4.797  -21.266 0.0000000000
135042  -23.896  5.300  -22.487 0.0000000000
87005  -23.175  5.129  -22.021 0.0000000000
137812  -31.967  3.480  -21.432 0.0000000000
87009  -31.602  4.221  -21.224 0.0000000000
78555  -27.682  -4.948  -24.764 0.0000000000
122843  -27.988  -4.173  -24.591 0.0000000000
78556  -28.453  -4.749  -25.150 0.0000000000
70252  -22.221  -13.465  -20.512 0.0000000000
71212  -21.989  -12.651  -20.792 0.0000000000
70273  -22.894  -13.061  -21.068 0.0000000000
132736  -20.625  -6.335  -20.429 0.0000000000
129702  -21.324  -6.122  -21.045 0.0000000000
76660  -21.072  -6.894  -20.747 0.0000000000
74823  -20.981  -8.131  -20.604 0.0000000000
75773  -21.248  -7.498  -20.876 0.0000000000
74842  -21.375  -8.189  -21.012 0.0000000000
74843  -21.920  -8.373  -21.667 0.0000000000
145930  -26.690  9.985  -20.782 0.0000000000
92078  -28.226  9.913  -21.073 0.0000000000
91211  -26.717  9.443  -21.078 0.0000000000
141926  -27.258  8.774  -21.361 0.0000000000
90460  -26.862  8.066  -21.489 0.0000000000
90461  -27.803  8.045  -21.468 0.0000000000
83286  -21.150  0.244  -20.403 0.0000000000
83297  -21.632  0.531  -21.081 0.0000000000
84281  -23.315  1.802  -23.011 0.0000000000
127803  -22.563  1.656  -22.164 0.0000000000
85202  -22.847  2.503  -22.355 0.0000000000
85203  -23.416  2.687  -22.947 0.0000000000
86142  -24.425  3.309  -23.581 0.0000000000
85219  -24.709  2.667  -24.030 0.0000000000
136214  -27.535  2.153  -22.777 0.0000000000
124671  -28.721  2.008  -22.583 0.0000000000
138780  -30.455  2.447  -22.063 0.0000000000
85206  -29.735  2.163  -22.339 0.0000000000
140964  -31.433  1.669  -22.180 0.0000000000
84284  -29.897  1.432  -22.517 0.0000000000
82317  -29.894  -0.036  -23.020 0.0000000000
136762  -30.685  0.220  -22.908 0.0000000000
82338  -31.871  -1.078  -23.422 0.0000000000
125368  -25.264  -15.836  -19.297 0.0000000000
81370  -20.192  -1.708  -19.471 0.0000000000
81371  -20.849  -1.379  -20.269 0.0000000000
140828  -21.308  -1.828  -20.853 0.0000000000
80448  -22.557  -2.128  -22.401 0.0000000000
139362  -22.412  -1.366  -22.223 0.0000000000
81400  -22.862  -1.352  -22.820 0.0000000000
81401  -23.433  -1.395  -23.321 0.0000000000
135763  -24.093  -1.552  -23.630 0.0000000000
130916  -24.877  -1.762  -23.683 0.0000000000
80463  -24.218  -2.422  -23.561 0.0000000000
146486  -24.062  -4.056  -23.466 0.0000000000
79510  -24.318  -3.418  -23.464 0.0000000000
78553  -25.779  -4.518  -23.525 0.0000000000
125850  -25.315  -5.080  -23.550 0.0000000000
76691  -22.010  -6.195  -21.823 0.0000000000
76692  -22.466  -5.931  -22.340 0.0000000000
129541  -22.887  -6.610  -22.733 0.0000000000
76701  -24.414  -6.178  -23.596 0.0000000000
126390  -25.066  -6.706  -23.822 0.0000000000
76702  -25.841  -6.825  -24.145 0.0000000000
76703  -26.722  -6.897  -24.250 0.0000000000
75804  -26.193  -7.606  -23.963 0.0000000000
131196  -28.264  -9.036  -22.131 0.0000000000
92081  -30.322  10.692  -21.066 0.0000000000
93045  -30.964  11.105  -20.880 0.0000000000
84244  -20.672  1.201  -19.651 0.0000000000
88755  -21.489  6.718  -19.348 0.0000000000
89656  -22.394  7.348  -20.062 0.0000000000
89672  -23.063  7.437  -20.779 0.0000000000
88792  -23.305  6.700  -21.399 0.0000000000
88811  -25.569  6.049  -22.048 0.0000000000
88794  -25.044  6.890  -21.797 0.0000000000
88796  -26.747  6.777  -21.645 0.0000000000
88797  -27.487  6.715  -21.603 0.0000000000
88798  -28.336  6.644  -21.512 0.0000000000
87044  -25.992  3.784  -23.073 0.0000000000
87026  -25.673  4.555  -22.864 0.0000000000
87028  -27.213  4.424  -22.379 0.0000000000
87903  -31.007  5.001  -21.026 0.0000000000
87901  -29.471  5.419  -21.528 0.0000000000
138916  -30.721  5.902  -20.860 0.0000000000
88800  -29.931  6.249  -21.225 0.0000000000
88775  -32.119  6.371  -20.179 0.0000000000
88776  -33.086  6.343  -19.999 0.0000000000
130174  -26.682  -1.597  -23.339 0.0000000000
81405  -27.373  -1.135  -23.264 0.0000000000
130173  -27.804  -2.090  -23.388 0.0000000000
129440  -29.697  -2.681  -24.419 0.0000000000
72221  -20.904  -11.320  -20.182 0.0000000000
73093  -20.649  -10.528  -19.978 0.0000000000
130859  -20.744  -9.902  -20.304 0.0000000000
72255  -22.765  -10.799  -22.011 0.0000000000
72256  -23.542  -11.072  -22.250 0.0000000000
147655  -20.601  -7.014  -20.372 0.0000000000
74822  -20.601  -8.156  -20.259 0.0000000000
141872  -20.759  -8.610  -20.381 0.0000000000
90445  -25.780  9.238  -21.114 0.0000000000
90444  -24.848  9.054  -21.012 0.0000000000
124852  -25.414  8.378  -21.389 0.0000000000
90459  -24.405  8.188  -21.276 0.0000000000
83304  -22.700  0.065  -22.551 0.0000000000
84267  -22.229  0.838  -21.802 0.0000000000
83321  -23.309  0.243  -23.240 0.0000000000
84299  -23.463  0.983  -23.371 0.0000000000
84318  -24.427  2.046  -24.071 0.0000000000
85238  -24.901  2.084  -24.260 0.0000000000
84319  -25.316  1.664  -24.192 0.0000000000
84303  -26.352  1.341  -23.436 0.0000000000
84282  -27.993  1.395  -22.718 0.0000000000
84283  -29.044  1.196  -22.645 0.0000000000
83305  -28.321  0.608  -22.805 0.0000000000
82336  -29.040  -0.102  -23.036 0.0000000000
143642  -28.925  -0.781  -23.225 0.0000000000
79484  -21.101  -3.299  -20.619 0.0000000000
80433  -21.465  -2.575  -21.094 0.0000000000
80447  -22.042  -2.748  -21.759 0.0000000000
79508  -23.075  -2.656  -22.859 0.0000000000
79502  -22.983  -3.672  -22.787 0.0000000000
131871  -23.660  -3.857  -23.249 0.0000000000
78551  -23.779  -4.665  -23.349 0.0000000000
75793  -22.748  -7.382  -22.515 0.0000000000
75794  -23.520  -7.300  -23.038 0.0000000000
125099  -24.213  -8.028  -23.246 0.0000000000
75796  -24.927  -7.947  -23.579 0.0000000000
74873  -25.682  -8.245  -23.661 0.0000000000
74863  -25.981  -9.094  -23.213 0.0000000000
127622  -25.927  -9.760  -22.674 0.0000000000
93043  -26.764  11.324  -20.087 0.0000000000
93971  -28.321  12.461  -21.120 0.0000000000
94868  -29.104  13.123  -21.951 0.0000000000
94870  -31.921  13.320  -20.941 0.0000000000
130558  -31.630  10.701  -20.337 0.0000000000
139693  -31.524  10.115  -20.263 0.0000000000
86961  -20.728  4.283  -19.146 0.0000000000
86962  -21.043  4.923  -19.429 0.0000000000
87879  -21.473  5.277  -19.842 0.0000000000
87880  -22.171  5.835  -20.492 0.0000000000
87898  -23.564  5.952  -21.956 0.0000000000
87916  -24.189  5.877  -22.266 0.0000000000
87919  -26.129  5.292  -22.365 0.0000000000
86112  -29.273  3.563  -22.025 0.0000000000
87030  -28.615  4.122  -22.084 0.0000000000
140008  -30.819  4.283  -21.406 0.0000000000
86987  -32.080  4.883  -20.779 0.0000000000
139728  -27.532  -3.578  -23.846 0.0000000000
80467  -28.216  -3.246  -23.980 0.0000000000
71210  -20.820  -12.106  -19.723 0.0000000000
71211  -21.349  -12.076  -20.453 0.0000000000
72222  -21.432  -11.295  -20.828 0.0000000000
71238  -23.406  -12.393  -21.560 0.0000000000
77570  -20.921  -5.552  -20.626 0.0000000000
131898  -21.663  -5.047  -21.403 0.0000000000
78538  -22.095  -4.973  -21.821 0.0000000000
77584  -21.720  -5.596  -21.478 0.0000000000
76676  -21.709  -6.176  -21.504 0.0000000000
75792  -21.814  -6.764  -21.668 0.0000000000
140696  -22.106  -7.442  -21.939 0.0000000000
74860  -22.624  -8.217  -22.300 0.0000000000
138232  -23.140  -9.637  -22.432 0.0000000000
92059  -26.134  10.930  -20.042 0.0000000000
92067  -26.605  10.511  -20.491 0.0000000000
93054  -29.255  11.281  -21.344 0.0000000000
93055  -30.124  11.538  -21.395 0.0000000000
92079  -28.858  10.568  -21.159 0.0000000000
131246  -29.084  9.724  -21.109 0.0000000000
91200  -29.700  9.165  -20.953 0.0000000000
123842  -29.036  8.885  -21.199 0.0000000000
90463  -29.550  8.286  -21.036 0.0000000000
134317  -30.404  8.066  -20.667 0.0000000000
145888  -21.081  1.498  -20.050 0.0000000000
133421  -22.072  1.653  -21.453 0.0000000000
85184  -21.727  2.191  -20.876 0.0000000000
86111  -22.030  2.975  -21.060 0.0000000000
129903  -22.559  3.178  -21.788 0.0000000000
87024  -23.647  4.540  -22.608 0.0000000000
87041  -24.085  3.990  -23.159 0.0000000000
87043  -25.363  3.921  -23.351 0.0000000000
86129  -26.827  3.598  -22.741 0.0000000000
86145  -26.049  2.558  -23.476 0.0000000000
86146  -26.745  2.705  -22.949 0.0000000000
86131  -28.461  3.338  -22.357 0.0000000000
86132  -29.901  2.961  -22.032 0.0000000000
85186  -30.714  3.025  -21.773 0.0000000000
85188  -32.243  2.635  -21.650 0.0000000000
84269  -32.924  1.890  -21.737 0.0000000000
126071  -30.649  0.993  -22.583 0.0000000000
77613  -28.383  -5.679  -24.844 0.0000000000
69322  -23.529  -14.232  -20.298 0.0000000000
70253  -23.500  -13.558  -20.751 0.0000000000
82294  -21.011  -0.552  -20.366 0.0000000000
82309  -21.567  -0.278  -21.087 0.0000000000
136928  -22.040  -0.879  -21.704 0.0000000000
82331  -23.179  -0.619  -23.158 0.0000000000
81402  -24.692  -0.782  -23.813 0.0000000000
133821  -25.433  -0.347  -23.894 0.0000000000
81403  -25.299  -1.044  -23.724 0.0000000000
131204  -25.703  -1.618  -23.531 0.0000000000
80465  -26.241  -2.404  -23.385 0.0000000000
124707  -24.944  -2.724  -23.522 0.0000000000
124059  -25.806  -3.019  -23.397 0.0000000000
122845  -26.311  -3.925  -23.500 0.0000000000
78554  -26.786  -4.794  -23.943 0.0000000000
77611  -27.080  -5.550  -24.477 0.0000000000
77595  -22.400  -5.285  -22.219 0.0000000000
77596  -22.966  -5.197  -22.867 0.0000000000
134903  -23.673  -5.608  -23.322 0.0000000000
76693  -23.619  -6.461  -23.235 0.0000000000
77609  -24.519  -5.290  -23.507 0.0000000000
130105  -27.262  -6.187  -24.550 0.0000000000
76704  -27.668  -6.834  -23.997 0.0000000000
74874  -26.499  -8.314  -23.485 0.0000000000
74864  -27.292  -8.283  -23.073 0.0000000000
93056  -30.981  11.860  -21.092 0.0000000000
93047  -32.801  11.830  -20.295 0.0000000000
89657  -22.809  7.998  -20.032 0.0000000000
142878  -24.959  7.698  -21.554 0.0000000000
89674  -24.434  7.403  -21.587 0.0000000000
89676  -26.419  7.439  -21.574 0.0000000000
137238  -27.204  7.396  -21.541 0.0000000000
89678  -28.480  7.488  -21.425 0.0000000000
134801  -29.864  7.241  -21.020 0.0000000000
87918  -25.284  5.314  -22.562 0.0000000000
87920  -26.904  5.585  -21.974 0.0000000000
87006  -28.697  4.928  -21.795 0.0000000000
87900  -28.090  5.258  -21.833 0.0000000000
87899  -27.696  5.898  -21.722 0.0000000000
88799  -29.161  6.304  -21.429 0.0000000000
88774  -30.510  6.635  -20.825 0.0000000000
134497  -30.938  7.329  -20.526 0.0000000000
142571  -33.299  7.773  -19.831 0.0000000000
134645  -26.686  -0.577  -23.342 0.0000000000
129027  -28.780  -2.409  -23.753 0.0000000000
81407  -29.308  -1.650  -23.542 0.0000000000
73975  -20.740  -9.210  -20.345 0.0000000000
73114  -21.526  -10.509  -21.113 0.0000000000
131412  -21.620  -9.787  -21.264 0.0000000000
73997  -22.026  -9.419  -21.646 0.0000000000
73129  -22.651  -9.938  -22.037 0.0000000000
70274  -23.872  -13.060  -21.119 0.0000000000
71239  -24.336  -12.399  -21.477 0.0000000000
72243  -23.902  -11.768  -21.960 0.0000000000
72257  -24.357  -11.123  -22.262 0.0000000000
73131  -23.974  -10.570  -22.482 0.0000000000
130136  -24.694  -10.405  -22.495 0.0000000000
73132  -25.563  -10.292  -22.392 0.0000000000
73995  -21.074  -8.779  -20.658 0.0000000000
77612  -27.775  -5.608  -24.864 0.0000000000
78540  -23.209  -4.394  -22.958 0.0000000000
79512  -28.755  -4.022  -24.982 0.0000000000
82333  -26.113  -0.041  -23.702 0.0000000000
83307  -29.897  0.722  -22.740 0.0000000000
83323  -24.621  0.548  -24.154 0.0000000000
83324  -25.622  0.409  -24.020 0.0000000000
84266  -21.658  1.325  -20.984 0.0000000000
84268  -32.067  1.818  -21.965 0.0000000000
84285  -31.241  1.236  -22.404 0.0000000000
84300  -23.914  1.550  -23.815 0.0000000000
84304  -27.068  1.448  -22.974 0.0000000000
85205  -29.077  2.784  -22.327 0.0000000000
85207  -30.672  1.759  -22.288 0.0000000000
85220  -25.390  2.507  -23.982 0.0000000000
85221  -25.889  1.865  -23.735 0.0000000000
86113  -30.189  3.797  -21.683 0.0000000000
86114  -31.452  3.022  -21.654 0.0000000000
86128  -23.753  3.299  -23.154 0.0000000000
86130  -27.595  3.028  -22.640 0.0000000000
86143  -25.088  3.301  -23.773 0.0000000000
86983  -21.382  4.472  -20.009 0.0000000000
87007  -29.402  4.422  -21.742 0.0000000000
87027  -26.415  4.431  -22.641 0.0000000000
87029  -27.989  4.615  -22.092 0.0000000000
87042  -24.754  3.993  -23.378 0.0000000000
87881  -32.596  5.607  -20.357 0.0000000000
87897  -22.775  5.805  -21.314 0.0000000000
87902  -30.259  5.467  -21.248 0.0000000000
87921  -27.450  5.116  -22.033 0.0000000000
88772  -22.015  6.647  -20.009 0.0000000000
88777  -33.940  6.369  -20.192 0.0000000000
88810  -24.785  6.025  -22.214 0.0000000000
88813  -27.044  6.222  -21.752 0.0000000000
89675  -25.636  7.545  -21.600 0.0000000000
89677  -27.864  7.272  -21.512 0.0000000000
90446  -30.190  8.727  -20.751 0.0000000000
91201  -31.384  9.502  -20.254 0.0000000000
91202  -32.621  9.128  -19.819 0.0000000000
92068  -27.335  10.141  -20.825 0.0000000000
92070  -30.897  10.215  -20.623 0.0000000000
93053  -28.762  11.825  -21.309 0.0000000000
124058  -26.756  -3.329  -23.489 0.0000000000
125115  -29.706  -0.849  -23.292 0.0000000000
127047  -23.517  3.854  -22.707 0.0000000000
128205  -21.701  3.946  -20.542 0.0000000000
130196  -27.447  -0.373  -23.132 0.0000000000
130908  -27.917  -6.125  -24.598 0.0000000000
131325  -24.362  4.655  -22.911 0.0000000000
131430  -29.964  13.114  -21.965 0.0000000000
132500  -21.338  1.733  -20.389 0.0000000000
135291  -31.769  7.748  -20.080 0.0000000000
136584  -27.494  0.965  -22.872 0.0000000000
140508  -23.101  -1.915  -22.995 0.0000000000
141976  -21.846  3.427  -20.775 0.0000000000
143954  -31.241  6.482  -20.505 0.0000000000
144626  -26.228  3.157  -23.204 0.0000000000
145543  -29.133  7.661  -21.282 0.0000000000
146081  -29.509  6.702  -21.270 0.0000000000
146220  -21.342  -3.978  -20.976 0.0000000000
146564  -21.783  5.501  -20.177 0.0000000000
