#!ascii label  , from subject sub-v2s17x50002_ses-1 vox2ras=TkReg
514
18226  -45.090  -64.955  -27.846 0.0000000000
15056  -33.728  -68.373  -25.991 0.0000000000
23378  -42.595  -59.999  -22.559 0.0000000000
17101  -39.123  -66.785  -26.839 0.0000000000
21260  -37.194  -61.995  -21.759 0.0000000000
19173  -46.475  -64.891  -20.748 0.0000000000
135124  -42.790  -59.686  -19.562 0.0000000000
21227  -38.145  -62.190  -16.432 0.0000000000
128116  -41.297  -57.890  -21.298 0.0000000000
22322  -39.517  -61.243  -22.418 0.0000000000
140065  -38.362  -57.820  -20.962 0.0000000000
125009  -44.577  -62.220  -20.008 0.0000000000
20219  -42.098  -63.537  -18.242 0.0000000000
24333  -36.488  -59.161  -16.399 0.0000000000
24339  -38.562  -59.153  -17.783 0.0000000000
137057  -41.529  -68.863  -27.949 0.0000000000
130266  -35.972  -68.016  -26.541 0.0000000000
12291  -37.607  -71.509  -27.548 0.0000000000
12275  -34.687  -71.680  -26.516 0.0000000000
21310  -43.909  -62.355  -25.342 0.0000000000
142929  -41.883  -65.248  -28.071 0.0000000000
125074  -38.076  -64.769  -24.368 0.0000000000
18158  -35.634  -65.330  -23.908 0.0000000000
22325  -45.366  -61.607  -21.911 0.0000000000
143198  -44.233  -58.333  -20.438 0.0000000000
27422  -42.442  -56.263  -19.799 0.0000000000
20206  -40.308  -64.140  -16.808 0.0000000000
22270  -40.222  -61.170  -18.526 0.0000000000
129167  -41.197  -57.644  -18.671 0.0000000000
29493  -40.436  -54.272  -18.744 0.0000000000
136299  -40.409  -70.250  -28.711 0.0000000000
21342  -32.403  -62.911  -25.960 0.0000000000
16037  -30.698  -66.868  -25.865 0.0000000000
13255  -30.389  -70.269  -28.040 0.0000000000
27443  -40.856  -56.210  -20.470 0.0000000000
25443  -39.855  -58.248  -21.357 0.0000000000
17120  -43.070  -66.292  -28.160 0.0000000000
16057  -35.153  -67.985  -26.279 0.0000000000
14155  -35.314  -69.388  -26.952 0.0000000000
14154  -34.404  -69.730  -26.599 0.0000000000
145743  -33.225  -71.753  -25.966 0.0000000000
126875  -32.341  -70.036  -25.794 0.0000000000
22336  -42.623  -61.192  -23.741 0.0000000000
22335  -41.769  -61.341  -23.667 0.0000000000
22321  -38.621  -61.573  -22.162 0.0000000000
21290  -38.964  -62.765  -23.007 0.0000000000
20253  -38.072  -62.992  -22.725 0.0000000000
19219  -36.766  -64.660  -23.580 0.0000000000
136791  -36.554  -63.506  -22.542 0.0000000000
21295  -45.799  -62.801  -23.563 0.0000000000
21261  -46.163  -62.731  -21.566 0.0000000000
23323  -43.760  -60.499  -19.767 0.0000000000
23324  -44.675  -60.058  -20.381 0.0000000000
24356  -44.078  -58.861  -19.873 0.0000000000
26419  -43.497  -57.171  -20.260 0.0000000000
128630  -42.885  -58.284  -19.443 0.0000000000
21229  -39.238  -62.857  -16.900 0.0000000000
21233  -40.365  -62.722  -17.770 0.0000000000
122135  -38.813  -61.399  -17.487 0.0000000000
26375  -38.647  -57.111  -17.537 0.0000000000
25395  -39.772  -58.424  -18.282 0.0000000000
26376  -39.782  -56.658  -17.937 0.0000000000
27406  -41.512  -55.834  -18.877 0.0000000000
17103  -40.507  -66.617  -27.871 0.0000000000
16096  -40.801  -68.019  -28.620 0.0000000000
15083  -39.159  -68.531  -28.042 0.0000000000
10497  -37.909  -73.115  -27.514 0.0000000000
21344  -34.064  -62.147  -26.756 0.0000000000
19279  -31.226  -64.684  -25.828 0.0000000000
128901  -30.398  -67.503  -28.390 0.0000000000
25457  -41.514  -58.672  -21.702 0.0000000000
23376  -40.742  -60.287  -22.413 0.0000000000
24392  -40.710  -59.053  -21.793 0.0000000000
131820  -39.357  -59.668  -21.776 0.0000000000
123287  -37.893  -59.423  -21.353 0.0000000000
20224  -45.387  -63.554  -20.064 0.0000000000
21241  -43.332  -62.154  -19.596 0.0000000000
22279  -42.058  -61.107  -19.445 0.0000000000
23287  -36.808  -60.780  -16.183 0.0000000000
23305  -38.185  -60.679  -17.382 0.0000000000
24334  -37.126  -59.170  -17.026 0.0000000000
26374  -37.741  -57.413  -17.181 0.0000000000
28391  -38.370  -55.489  -16.629 0.0000000000
128027  -37.560  -67.702  -26.708 0.0000000000
15082  -38.184  -68.734  -27.560 0.0000000000
14163  -36.932  -69.573  -27.463 0.0000000000
12276  -35.717  -71.632  -26.817 0.0000000000
10475  -35.296  -73.609  -26.552 0.0000000000
10473  -33.562  -73.787  -25.956 0.0000000000
10472  -31.797  -73.952  -25.719 0.0000000000
10470  -30.616  -73.512  -26.646 0.0000000000
20310  -44.197  -63.532  -27.185 0.0000000000
19299  -42.830  -65.075  -28.312 0.0000000000
19262  -41.409  -64.110  -26.516 0.0000000000
19280  -39.983  -65.198  -26.259 0.0000000000
21292  -40.509  -62.154  -23.556 0.0000000000
19243  -39.530  -64.010  -24.711 0.0000000000
18193  -38.731  -65.761  -25.700 0.0000000000
18192  -37.286  -66.006  -25.134 0.0000000000
17073  -35.771  -66.399  -24.958 0.0000000000
17072  -34.778  -66.430  -24.870 0.0000000000
21312  -45.622  -63.266  -25.100 0.0000000000
22338  -44.396  -61.573  -23.245 0.0000000000
23397  -43.952  -60.836  -22.687 0.0000000000
22296  -45.190  -61.425  -20.714 0.0000000000
24395  -44.610  -59.438  -21.129 0.0000000000
24393  -43.700  -58.488  -21.265 0.0000000000
25446  -43.211  -57.764  -21.051 0.0000000000
27464  -42.464  -56.576  -20.428 0.0000000000
28457  -41.674  -55.663  -19.733 0.0000000000
20214  -41.443  -63.945  -17.610 0.0000000000
21236  -40.897  -62.326  -18.378 0.0000000000
143781  -41.162  -60.099  -19.113 0.0000000000
24340  -39.071  -59.646  -18.072 0.0000000000
24346  -40.651  -59.527  -18.785 0.0000000000
25397  -41.354  -58.573  -18.903 0.0000000000
26389  -41.856  -56.691  -18.954 0.0000000000
28409  -41.716  -55.640  -19.284 0.0000000000
17130  -41.728  -66.972  -28.623 0.0000000000
13260  -41.032  -70.070  -28.638 0.0000000000
130112  -38.903  -70.846  -28.221 0.0000000000
10498  -39.382  -73.363  -27.941 0.0000000000
20250  -34.684  -63.370  -22.209 0.0000000000
147619  -34.330  -64.887  -23.418 0.0000000000
17070  -32.764  -66.198  -24.648 0.0000000000
18191  -31.872  -65.863  -24.828 0.0000000000
16039  -32.441  -67.507  -25.321 0.0000000000
15066  -30.843  -69.137  -26.078 0.0000000000
12289  -30.386  -71.464  -27.149 0.0000000000
28455  -40.102  -55.636  -20.238 0.0000000000
27442  -39.868  -56.633  -20.701 0.0000000000
17105  -42.837  -66.728  -27.507 0.0000000000
131708  -43.794  -65.959  -28.208 0.0000000000
136316  -34.375  -67.871  -25.907 0.0000000000
15068  -34.563  -68.479  -26.399 0.0000000000
134653  -33.950  -68.987  -26.409 0.0000000000
14153  -33.266  -69.680  -26.095 0.0000000000
15067  -33.066  -68.885  -25.916 0.0000000000
23396  -43.055  -60.635  -23.036 0.0000000000
22350  -42.243  -61.718  -24.378 0.0000000000
23395  -42.130  -60.702  -23.097 0.0000000000
142099  -37.829  -61.574  -21.876 0.0000000000
129123  -37.918  -62.240  -22.148 0.0000000000
21275  -37.125  -62.814  -22.177 0.0000000000
20252  -37.340  -63.433  -22.768 0.0000000000
21259  -36.521  -62.355  -21.755 0.0000000000
18116  -46.661  -65.586  -21.375 0.0000000000
20240  -47.025  -64.290  -21.910 0.0000000000
21262  -46.644  -63.516  -21.684 0.0000000000
143069  -46.570  -64.033  -21.022 0.0000000000
23322  -42.820  -60.424  -19.615 0.0000000000
130551  -43.555  -59.681  -19.707 0.0000000000
24355  -43.302  -58.942  -19.611 0.0000000000
25406  -43.713  -58.095  -19.782 0.0000000000
24354  -42.417  -59.181  -19.406 0.0000000000
21216  -37.607  -62.358  -15.771 0.0000000000
20186  -37.825  -63.176  -15.362 0.0000000000
21217  -38.301  -62.902  -16.004 0.0000000000
20204  -38.962  -63.321  -16.300 0.0000000000
21228  -38.679  -62.688  -16.526 0.0000000000
21231  -38.726  -62.151  -17.000 0.0000000000
27390  -38.856  -55.996  -17.388 0.0000000000
27405  -40.594  -55.646  -18.339 0.0000000000
28393  -40.116  -54.624  -17.979 0.0000000000
17102  -39.798  -66.461  -27.162 0.0000000000
17117  -39.733  -67.079  -27.614 0.0000000000
125978  -39.486  -67.778  -27.939 0.0000000000
125337  -31.124  -64.804  -26.718 0.0000000000
16076  -30.272  -67.499  -27.558 0.0000000000
18234  -30.737  -65.997  -28.151 0.0000000000
25444  -40.627  -58.439  -21.515 0.0000000000
25427  -39.073  -58.003  -21.190 0.0000000000
123593  -39.205  -58.780  -21.495 0.0000000000
24391  -38.655  -59.280  -21.523 0.0000000000
23357  -38.428  -60.003  -21.683 0.0000000000
143459  -38.334  -58.592  -21.211 0.0000000000
21240  -42.345  -62.042  -19.311 0.0000000000
21237  -41.788  -62.650  -18.635 0.0000000000
23299  -36.889  -59.982  -16.706 0.0000000000
27389  -37.981  -56.393  -16.959 0.0000000000
13249  -41.302  -70.322  -28.299 0.0000000000
133158  -36.822  -68.153  -26.811 0.0000000000
15081  -37.071  -68.819  -27.294 0.0000000000
145219  -36.268  -68.560  -26.923 0.0000000000
141795  -35.215  -71.015  -26.766 0.0000000000
13238  -35.980  -70.796  -26.981 0.0000000000
11355  -34.520  -72.617  -26.383 0.0000000000
10474  -34.502  -73.483  -26.298 0.0000000000
128603  -32.695  -71.371  -25.836 0.0000000000
133749  -32.640  -72.340  -25.794 0.0000000000
11352  -31.452  -72.481  -25.829 0.0000000000
136907  -31.106  -73.313  -25.964 0.0000000000
11351  -30.803  -72.642  -26.315 0.0000000000
21329  -44.160  -62.918  -26.402 0.0000000000
20309  -43.213  -63.535  -27.134 0.0000000000
124753  -40.529  -64.444  -25.953 0.0000000000
20291  -40.197  -63.899  -25.146 0.0000000000
22323  -40.322  -61.033  -22.659 0.0000000000
22334  -40.617  -61.500  -23.121 0.0000000000
22333  -39.998  -61.757  -22.916 0.0000000000
20268  -39.424  -63.124  -23.653 0.0000000000
19242  -38.882  -64.420  -24.576 0.0000000000
123147  -38.593  -65.157  -25.120 0.0000000000
125844  -38.048  -65.842  -25.401 0.0000000000
136739  -36.019  -64.847  -23.561 0.0000000000
18159  -36.478  -65.244  -24.013 0.0000000000
128435  -36.105  -65.786  -24.453 0.0000000000
18175  -35.234  -65.868  -24.384 0.0000000000
22339  -45.242  -61.955  -22.864 0.0000000000
22324  -44.758  -61.193  -22.285 0.0000000000
21242  -45.129  -62.799  -20.197 0.0000000000
22282  -45.144  -62.132  -20.513 0.0000000000
22295  -44.857  -61.124  -20.288 0.0000000000
24357  -44.418  -59.024  -20.326 0.0000000000
24375  -44.764  -59.641  -20.706 0.0000000000
25428  -44.419  -58.838  -20.705 0.0000000000
24411  -44.086  -59.306  -21.598 0.0000000000
24394  -44.272  -58.771  -21.057 0.0000000000
147184  -43.738  -58.052  -20.995 0.0000000000
26400  -43.190  -56.805  -19.972 0.0000000000
26435  -43.194  -57.073  -20.479 0.0000000000
26418  -42.953  -56.586  -20.130 0.0000000000
27444  -41.759  -56.018  -20.171 0.0000000000
27445  -42.271  -56.129  -19.937 0.0000000000
20213  -40.544  -63.596  -17.313 0.0000000000
22260  -40.172  -61.910  -18.177 0.0000000000
140376  -40.662  -61.672  -18.599 0.0000000000
132759  -40.787  -61.202  -18.851 0.0000000000
23313  -40.616  -60.537  -18.826 0.0000000000
137079  -38.355  -59.867  -17.666 0.0000000000
26387  -40.241  -57.658  -18.302 0.0000000000
24345  -39.794  -59.211  -18.390 0.0000000000
25396  -40.484  -58.529  -18.557 0.0000000000
25398  -42.222  -57.672  -19.140 0.0000000000
28408  -41.016  -55.078  -18.798 0.0000000000
29494  -41.173  -54.984  -19.230 0.0000000000
28430  -41.186  -55.144  -19.528 0.0000000000
18223  -42.265  -65.886  -28.531 0.0000000000
17131  -42.267  -66.475  -28.502 0.0000000000
17119  -41.856  -66.477  -28.612 0.0000000000
15099  -40.495  -68.909  -28.705 0.0000000000
14179  -40.682  -69.778  -28.719 0.0000000000
12312  -40.654  -71.328  -28.618 0.0000000000
12311  -40.133  -71.412  -28.641 0.0000000000
13247  -37.647  -70.019  -27.758 0.0000000000
13248  -38.609  -70.028  -28.177 0.0000000000
130316  -38.022  -70.735  -27.858 0.0000000000
9652  -38.566  -73.903  -27.607 0.0000000000
145215  -38.730  -73.096  -27.839 0.0000000000
21273  -35.201  -62.875  -21.807 0.0000000000
21272  -34.324  -62.653  -21.892 0.0000000000
137477  -33.604  -64.603  -23.338 0.0000000000
18156  -33.882  -65.260  -23.781 0.0000000000
19240  -32.998  -65.008  -23.769 0.0000000000
17081  -30.703  -65.990  -25.912 0.0000000000
18190  -31.246  -65.395  -25.383 0.0000000000
17082  -31.274  -66.351  -25.340 0.0000000000
17083  -32.118  -66.711  -25.030 0.0000000000
16038  -31.460  -67.240  -25.413 0.0000000000
14139  -31.499  -68.955  -25.698 0.0000000000
141200  -30.980  -68.479  -25.810 0.0000000000
14162  -30.342  -69.750  -27.317 0.0000000000
12308  -30.430  -71.086  -28.001 0.0000000000
143702  -41.146  -57.325  -21.020 0.0000000000
26433  -40.525  -57.764  -21.182 0.0000000000
27462  -40.593  -57.033  -20.879 0.0000000000
26432  -39.784  -57.495  -21.026 0.0000000000
26417  -38.859  -57.131  -20.851 0.0000000000
25385  -36.799  -58.359  -16.634 0.0000000000
26357  -36.710  -57.532  -16.136 0.0000000000
16079  -41.656  -67.692  -28.183 0.0000000000
16041  -35.687  -67.498  -25.933 0.0000000000
15069  -35.429  -68.620  -26.768 0.0000000000
13236  -34.510  -70.710  -26.561 0.0000000000
133748  -33.745  -72.095  -26.174 0.0000000000
128222  -33.676  -71.222  -26.196 0.0000000000
13235  -32.956  -70.556  -25.920 0.0000000000
13234  -31.862  -70.752  -25.762 0.0000000000
22351  -43.160  -61.679  -24.476 0.0000000000
137698  -41.933  -62.222  -24.832 0.0000000000
21308  -41.351  -62.675  -24.847 0.0000000000
21277  -39.259  -62.058  -22.651 0.0000000000
21276  -38.579  -62.350  -22.499 0.0000000000
20266  -37.857  -63.750  -23.283 0.0000000000
19220  -37.588  -64.422  -23.720 0.0000000000
20265  -37.045  -64.026  -23.133 0.0000000000
19202  -36.018  -64.185  -23.031 0.0000000000
21278  -45.955  -62.473  -22.379 0.0000000000
132178  -45.656  -62.069  -21.541 0.0000000000
22281  -44.087  -61.404  -19.854 0.0000000000
138854  -44.464  -60.511  -20.026 0.0000000000
136319  -44.290  -59.725  -19.987 0.0000000000
25407  -44.100  -58.188  -20.127 0.0000000000
26420  -43.928  -57.775  -20.361 0.0000000000
25405  -43.181  -57.407  -19.670 0.0000000000
20188  -39.243  -64.036  -15.995 0.0000000000
20205  -39.723  -63.656  -16.710 0.0000000000
20212  -39.850  -63.046  -17.281 0.0000000000
21232  -39.509  -62.209  -17.544 0.0000000000
22269  -39.528  -61.280  -18.057 0.0000000000
25390  -38.381  -58.269  -17.623 0.0000000000
136817  -39.132  -58.773  -18.052 0.0000000000
25391  -39.312  -57.842  -17.978 0.0000000000
26388  -40.917  -56.666  -18.482 0.0000000000
18222  -41.320  -65.976  -28.122 0.0000000000
17118  -41.289  -66.842  -28.519 0.0000000000
16078  -40.479  -67.444  -28.359 0.0000000000
15084  -40.009  -68.258  -28.547 0.0000000000
15098  -39.678  -69.017  -28.564 0.0000000000
11365  -37.281  -72.332  -27.306 0.0000000000
20307  -32.739  -63.011  -26.902 0.0000000000
20306  -32.018  -63.503  -26.568 0.0000000000
135044  -31.818  -63.535  -25.861 0.0000000000
20305  -31.477  -64.057  -26.244 0.0000000000
18189  -30.878  -65.323  -26.044 0.0000000000
17099  -30.470  -66.495  -26.584 0.0000000000
15065  -30.610  -68.367  -26.314 0.0000000000
16095  -30.278  -68.172  -28.032 0.0000000000
15097  -30.482  -68.796  -28.609 0.0000000000
24409  -42.096  -59.350  -22.136 0.0000000000
23377  -41.633  -60.144  -22.556 0.0000000000
24408  -41.152  -59.530  -22.108 0.0000000000
23375  -39.874  -60.418  -22.189 0.0000000000
133465  -40.001  -58.957  -21.683 0.0000000000
23374  -38.995  -60.622  -21.985 0.0000000000
22310  -38.109  -60.855  -21.815 0.0000000000
22309  -37.244  -61.139  -21.632 0.0000000000
143207  -46.007  -63.552  -20.547 0.0000000000
20223  -44.634  -63.147  -19.756 0.0000000000
20220  -43.922  -63.561  -19.137 0.0000000000
145385  -43.974  -62.147  -19.775 0.0000000000
22280  -43.029  -61.299  -19.655 0.0000000000
22251  -37.477  -61.541  -16.292 0.0000000000
22252  -38.120  -61.460  -16.931 0.0000000000
129543  -37.469  -60.752  -16.851 0.0000000000
23300  -37.591  -59.955  -17.269 0.0000000000
24338  -37.893  -59.143  -17.460 0.0000000000
25389  -37.468  -58.341  -17.185 0.0000000000
130575  -39.142  -54.951  -17.170 0.0000000000
16059  -38.348  -67.213  -26.727 0.0000000000
16077  -38.472  -67.960  -27.357 0.0000000000
15070  -37.599  -68.304  -27.130 0.0000000000
13246  -36.965  -70.556  -27.404 0.0000000000
12290  -36.643  -71.526  -27.132 0.0000000000
10476  -35.951  -73.251  -26.840 0.0000000000
11354  -33.631  -72.943  -26.051 0.0000000000
145079  -32.750  -74.088  -25.730 0.0000000000
9625  -32.345  -74.777  -25.730 0.0000000000
9624  -31.406  -74.837  -25.967 0.0000000000
138726  -30.839  -74.876  -26.404 0.0000000000
20326  -44.595  -64.383  -27.777 0.0000000000
131187  -43.789  -65.376  -28.239 0.0000000000
20325  -43.739  -63.971  -27.646 0.0000000000
19282  -42.956  -64.158  -27.725 0.0000000000
19281  -42.020  -64.491  -27.528 0.0000000000
20308  -42.309  -63.755  -26.906 0.0000000000
18209  -41.039  -65.028  -27.094 0.0000000000
18208  -40.314  -65.857  -27.155 0.0000000000
18207  -39.355  -65.972  -26.391 0.0000000000
23394  -41.190  -60.953  -22.981 0.0000000000
137171  -41.089  -61.604  -23.499 0.0000000000
21291  -39.702  -62.452  -23.260 0.0000000000
20279  -39.963  -63.384  -24.364 0.0000000000
19261  -39.545  -64.626  -25.345 0.0000000000
18194  -39.241  -65.351  -25.719 0.0000000000
17089  -38.399  -66.426  -26.083 0.0000000000
17100  -37.566  -66.976  -26.120 0.0000000000
17087  -36.887  -66.671  -25.483 0.0000000000
18176  -36.915  -65.624  -24.566 0.0000000000
17074  -36.553  -66.178  -24.953 0.0000000000
126891  -36.103  -66.933  -25.508 0.0000000000
17086  -35.263  -66.965  -25.420 0.0000000000
132147  -34.958  -67.499  -25.779 0.0000000000
17085  -34.265  -67.103  -25.366 0.0000000000
20296  -45.466  -63.921  -26.641 0.0000000000
21330  -45.089  -63.049  -25.979 0.0000000000
21311  -44.857  -62.574  -24.861 0.0000000000
144545  -45.425  -62.840  -24.371 0.0000000000
21294  -44.941  -62.278  -23.860 0.0000000000
22352  -44.102  -61.926  -24.263 0.0000000000
22337  -43.512  -61.294  -23.583 0.0000000000
23379  -43.614  -59.989  -22.353 0.0000000000
20239  -46.159  -63.148  -20.978 0.0000000000
142589  -45.575  -62.251  -20.978 0.0000000000
22311  -45.334  -61.223  -21.157 0.0000000000
23338  -45.050  -60.555  -20.703 0.0000000000
23359  -45.055  -60.856  -21.575 0.0000000000
23380  -44.544  -60.214  -21.806 0.0000000000
24410  -43.153  -59.260  -21.969 0.0000000000
25458  -42.667  -58.546  -21.598 0.0000000000
25445  -42.231  -57.853  -21.278 0.0000000000
26436  -43.672  -57.617  -20.571 0.0000000000
128624  -42.699  -57.204  -20.828 0.0000000000
26434  -41.914  -57.211  -20.960 0.0000000000
27463  -41.492  -56.678  -20.693 0.0000000000
21234  -41.199  -63.149  -17.965 0.0000000000
22271  -41.347  -61.720  -18.978 0.0000000000
23314  -41.265  -60.822  -19.169 0.0000000000
23321  -41.955  -60.124  -19.415 0.0000000000
23306  -38.928  -60.543  -17.882 0.0000000000
23312  -39.795  -60.289  -18.405 0.0000000000
24347  -41.564  -59.371  -19.165 0.0000000000
25404  -42.082  -58.616  -19.208 0.0000000000
26390  -42.586  -56.711  -19.533 0.0000000000
27407  -42.099  -56.077  -19.379 0.0000000000
28410  -42.076  -55.948  -19.558 0.0000000000
18224  -43.032  -65.856  -28.432 0.0000000000
16098  -41.868  -67.063  -28.542 0.0000000000
15085  -41.246  -68.544  -28.446 0.0000000000
17129  -41.222  -67.391  -28.559 0.0000000000
15100  -41.014  -68.472  -28.621 0.0000000000
14166  -41.230  -69.462  -28.417 0.0000000000
12313  -41.090  -71.057  -28.476 0.0000000000
14165  -38.856  -69.236  -28.106 0.0000000000
14177  -39.417  -69.659  -28.489 0.0000000000
13257  -39.715  -70.505  -28.596 0.0000000000
11366  -38.239  -72.357  -27.712 0.0000000000
128351  -39.263  -72.463  -28.177 0.0000000000
143119  -39.900  -72.130  -28.524 0.0000000000
27441  -38.130  -56.498  -20.477 0.0000000000
25442  -37.361  -58.814  -20.971 0.0000000000
24390  -36.954  -59.623  -21.138 0.0000000000
23355  -36.450  -60.541  -21.278 0.0000000000
22308  -36.328  -61.585  -21.492 0.0000000000
21274  -36.135  -62.936  -21.971 0.0000000000
20251  -35.598  -63.513  -22.334 0.0000000000
19201  -34.984  -64.030  -22.683 0.0000000000
20249  -33.863  -63.160  -22.332 0.0000000000
19217  -34.272  -64.353  -22.960 0.0000000000
18157  -34.761  -65.348  -23.832 0.0000000000
18174  -34.303  -65.836  -24.314 0.0000000000
17071  -33.773  -66.380  -24.747 0.0000000000
17084  -33.144  -66.938  -25.099 0.0000000000
20289  -31.580  -64.052  -25.483 0.0000000000
19238  -31.816  -64.187  -24.750 0.0000000000
19239  -32.294  -64.573  -24.140 0.0000000000
15055  -32.786  -68.226  -25.632 0.0000000000
145389  -32.248  -68.722  -25.624 0.0000000000
14151  -31.370  -69.856  -25.800 0.0000000000
13233  -31.016  -70.599  -25.954 0.0000000000
14150  -30.671  -70.039  -26.437 0.0000000000
12273  -30.974  -71.849  -26.079 0.0000000000
12272  -30.601  -71.981  -26.644 0.0000000000
9623  -30.594  -74.495  -26.772 0.0000000000
10471  -30.925  -74.172  -26.169 0.0000000000
11353  -31.902  -73.088  -25.687 0.0000000000
11364  -30.476  -72.678  -26.922 0.0000000000
11380  -40.332  -72.099  -28.521 0.0000000000
12292  -38.616  -71.562  -27.969 0.0000000000
12310  -39.477  -71.507  -28.416 0.0000000000
13232  -30.703  -71.109  -26.426 0.0000000000
13237  -35.242  -70.231  -26.883 0.0000000000
13244  -30.343  -70.621  -27.127 0.0000000000
13258  -40.418  -70.802  -28.690 0.0000000000
13259  -40.782  -70.549  -28.689 0.0000000000
14152  -32.287  -69.361  -25.738 0.0000000000
14157  -41.472  -69.742  -28.007 0.0000000000
14164  -37.879  -69.391  -27.700 0.0000000000
14175  -30.435  -69.527  -28.245 0.0000000000
14178  -40.095  -69.664  -28.719 0.0000000000
14180  -40.986  -69.216  -28.664 0.0000000000
15054  -31.687  -68.142  -25.529 0.0000000000
16040  -33.479  -67.678  -25.557 0.0000000000
16055  -30.427  -67.451  -26.588 0.0000000000
16056  -30.840  -67.766  -25.827 0.0000000000
16058  -36.655  -67.453  -26.133 0.0000000000
16060  -39.033  -67.383  -27.300 0.0000000000
16080  -42.355  -66.921  -28.257 0.0000000000
16097  -41.347  -67.667  -28.491 0.0000000000
17088  -37.635  -66.389  -25.619 0.0000000000
17127  -30.447  -66.757  -28.130 0.0000000000
18171  -31.751  -65.003  -24.693 0.0000000000
18172  -32.463  -65.414  -24.322 0.0000000000
18173  -33.355  -65.699  -24.238 0.0000000000
18206  -30.658  -65.665  -26.693 0.0000000000
18225  -44.554  -65.594  -27.911 0.0000000000
19174  -46.894  -64.857  -21.515 0.0000000000
19200  -34.230  -63.779  -22.551 0.0000000000
19218  -35.148  -64.742  -23.313 0.0000000000
19221  -38.384  -64.118  -23.899 0.0000000000
19241  -37.284  -65.062  -24.135 0.0000000000
19260  -31.499  -64.647  -25.216 0.0000000000
19300  -43.747  -64.609  -28.069 0.0000000000
20222  -43.890  -62.726  -19.536 0.0000000000
20229  -45.964  -64.235  -20.340 0.0000000000
20278  -39.144  -63.765  -24.100 0.0000000000
20290  -32.059  -63.386  -25.122 0.0000000000
20295  -43.464  -63.092  -26.660 0.0000000000
20311  -45.044  -64.024  -27.318 0.0000000000
20327  -45.124  -64.581  -27.607 0.0000000000
21258  -35.731  -62.286  -21.602 0.0000000000
21279  -46.509  -63.143  -22.258 0.0000000000
21293  -41.373  -62.069  -24.142 0.0000000000
21306  -40.054  -62.788  -23.815 0.0000000000
21326  -33.004  -62.284  -25.586 0.0000000000
21345  -44.863  -63.402  -26.796 0.0000000000
21360  -33.577  -62.660  -27.239 0.0000000000
23356  -37.520  -60.256  -21.511 0.0000000000
23358  -45.027  -60.239  -21.135 0.0000000000
24407  -40.312  -59.656  -21.964 0.0000000000
25447  -44.049  -58.192  -20.724 0.0000000000
26401  -43.640  -57.470  -19.971 0.0000000000
28431  -41.570  -55.470  -19.499 0.0000000000
28432  -41.970  -55.868  -19.624 0.0000000000
125298  -34.711  -68.996  -26.724 0.0000000000
128312  -33.782  -70.375  -26.298 0.0000000000
131043  -45.616  -62.905  -20.526 0.0000000000
134926  -31.180  -71.197  -25.918 0.0000000000
135184  -35.133  -73.072  -26.533 0.0000000000
137029  -30.314  -68.937  -27.636 0.0000000000
138676  -35.026  -74.091  -26.415 0.0000000000
140661  -32.710  -73.359  -25.743 0.0000000000
143454  -44.510  -65.001  -28.115 0.0000000000
144527  -36.331  -66.547  -25.217 0.0000000000
