#!ascii label  , from subject sub-v2s17x50002_ses-1 vox2ras=TkReg
2228
14809  45.742  -69.943  -26.516 0.2000000030
14796  46.671  -68.880  -26.014 0.2000000030
138412  45.363  -69.764  -26.618 0.2000000030
13887  46.147  -70.493  -25.891 0.2000000030
14827  43.408  -70.213  -27.256 0.1000000015
15850  47.207  -68.126  -25.844 0.3000000119
15864  46.033  -69.210  -26.285 0.2000000030
14826  45.117  -70.355  -26.960 0.1000000015
13900  45.557  -70.653  -26.777 0.2000000030
15865  45.089  -69.253  -26.368 0.1000000015
14810  44.370  -69.910  -26.817 0.1000000015
14811  43.123  -69.665  -26.670 0.1000000015
14812  42.089  -69.278  -26.657 0.1000000015
14828  42.342  -69.848  -27.454 0.1000000015
15856  41.018  -68.259  -26.065 0.1000000015
14829  41.603  -69.238  -27.338 0.1000000015
14813  41.222  -68.694  -26.827 0.1000000015
16890  40.345  -67.448  -26.657 0.2000000030
15877  40.765  -68.227  -27.376 0.1000000015
16856  44.604  -67.531  -24.811 0.1000000015
16840  43.096  -67.601  -24.288 0.1000000015
15852  45.779  -68.579  -26.094 0.2000000030
15867  42.778  -69.054  -26.013 0.1000000015
15853  44.606  -68.669  -25.793 0.1000000015
15866  43.909  -69.248  -26.157 0.1000000015
15855  42.477  -68.486  -25.353 0.1000000015
131747  40.718  -67.727  -25.483 0.1000000015
17891  39.621  -66.228  -25.252 0.2000000030
139360  39.844  -66.701  -25.755 0.2000000030
19988  39.601  -64.683  -25.439 0.1000000015
17906  40.094  -66.770  -26.438 0.2000000030
20931  39.533  -64.030  -25.104 0.2000000030
20930  40.125  -63.431  -25.245 0.1000000015
127782  40.183  -62.380  -24.639 0.1000000015
15839  43.185  -68.139  -24.856 0.1000000015
16841  42.318  -67.343  -23.890 0.1000000015
16874  41.555  -68.180  -25.303 0.1000000015
20932  38.959  -63.940  -24.426 0.2000000030
21878  38.869  -63.082  -24.105 0.2000000030
148967  38.872  -62.103  -23.682 0.2000000030
21877  39.435  -62.517  -24.275 0.2000000030
22801  39.736  -61.899  -24.156 0.1000000015
22800  40.521  -61.374  -24.301 0.2000000030
15840  42.285  -67.931  -24.656 0.1000000015
16842  41.502  -67.107  -23.759 0.1000000015
16857  41.266  -67.533  -24.532 0.1000000015
144046  40.118  -67.022  -24.931 0.2000000030
18919  38.891  -65.244  -23.424 0.2000000030
18935  39.047  -65.303  -24.143 0.3000000119
22788  38.932  -60.942  -23.309 0.3000000119
23638  39.672  -60.294  -23.488 0.2000000030
127457  40.273  -59.829  -23.593 0.2000000030
23654  41.856  -60.209  -24.415 0.2000000030
19959  38.454  -64.585  -23.168 0.3000000119
17876  39.705  -66.316  -24.551 0.2000000030
22775  38.136  -61.629  -22.955 0.3000000119
23629  37.713  -60.191  -22.256 0.3000000119
24524  38.045  -59.212  -22.178 0.3000000119
24523  38.688  -59.289  -22.620 0.3000000119
24530  39.311  -59.012  -22.820 0.2000000030
23655  40.990  -59.767  -23.936 0.2000000030
24528  41.064  -58.915  -23.835 0.2000000030
24517  36.720  -59.186  -21.174 0.4000000060
129683  37.520  -61.190  -22.344 0.3000000119
23620  37.008  -60.689  -21.739 0.3000000119
130032  38.029  -63.367  -23.148 0.2000000030
128584  38.000  -62.627  -23.089 0.2000000030
25479  38.721  -58.505  -22.512 0.3000000119
25485  39.935  -58.594  -23.221 0.2000000030
26544  38.996  -57.736  -22.775 0.2000000030
26555  40.245  -57.980  -23.600 0.2000000030
26512  36.225  -57.766  -20.716 0.3000000119
24516  37.248  -59.688  -21.699 0.3000000119
26545  37.945  -57.428  -22.203 0.2000000030
27567  38.312  -56.237  -23.095 0.2000000030
138420  38.455  -57.140  -22.703 0.2000000030
28560  38.840  -56.095  -23.875 0.1000000015
26556  39.603  -57.807  -23.224 0.2000000030
27588  40.030  -56.747  -24.661 0.2000000030
26565  39.775  -57.308  -23.864 0.2000000030
25492  40.832  -58.230  -23.985 0.2000000030
27541  36.106  -56.843  -20.890 0.3000000119
27552  36.684  -56.331  -21.536 0.3000000119
136229  36.775  -57.318  -21.337 0.3000000119
130928  35.724  -55.000  -21.036 0.2000000030
150228  36.898  -55.681  -21.950 0.3000000119
29546  36.273  -54.563  -21.586 0.2000000030
26530  37.415  -57.807  -21.714 0.3000000119
139778  37.315  -55.461  -22.419 0.1000000015
28561  37.822  -55.269  -23.088 0.1000000015
29563  38.235  -54.697  -23.783 0.1000000015
139881  38.374  -55.511  -23.628 0.1000000015
30578  37.246  -53.801  -22.706 0.1000000015
28572  39.355  -55.858  -24.705 0.1000000015
27542  35.442  -56.416  -20.409 0.3000000119
28522  35.906  -55.930  -21.010 0.2000000030
29530  35.095  -54.488  -20.309 0.2000000030
132120  35.075  -52.099  -19.800 0.2000000030
32665  35.161  -51.397  -19.464 0.1000000015
141995  35.718  -54.041  -21.038 0.1000000015
31611  35.358  -52.531  -20.416 0.1000000015
30569  36.279  -53.700  -21.641 0.1000000015
29556  36.768  -54.189  -22.154 0.1000000015
30588  37.691  -53.356  -23.264 0.1000000015
30587  38.191  -53.737  -23.826 0.1000000015
29519  34.620  -54.482  -19.549 0.2000000030
33759  35.593  -50.855  -19.996 0.1000000015
33738  35.715  -49.992  -19.709 0.1000000015
32700  35.810  -52.111  -21.019 0.1000000015
32699  36.426  -51.705  -21.611 0.1000000015
30579  36.754  -53.359  -22.189 0.1000000015
145625  36.955  -51.771  -22.239 0.1000000015
31641  37.286  -52.160  -22.696 0.1000000015
31642  36.723  -52.494  -22.118 0.1000000015
34764  35.974  -49.178  -19.363 0.1000000015
33771  37.141  -50.295  -21.820 0.1000000015
32725  37.784  -51.800  -23.151 0.1000000015
34765  35.598  -49.781  -18.780 0.1000000015
127422  41.816  -68.734  -25.976 0.1000000015
15854  43.495  -68.655  -25.498 0.1000000015
19987  40.174  -64.164  -25.737 0.1000000015
131383  41.520  -64.883  -12.296 0.5000000000
18748  42.745  -65.390  -10.293 0.5000000000
19797  41.508  -64.938  -11.354 0.5000000000
19798  40.695  -64.461  -11.858 0.5000000000
20800  40.216  -63.775  -12.530 0.5000000000
127784  44.034  -65.431  -8.265 0.2000000030
19757  43.226  -65.226  -8.082 0.3000000119
18707  43.262  -65.414  -8.854 0.3000000119
18730  42.599  -65.293  -9.451 0.5000000000
19785  41.997  -65.181  -10.071 0.5000000000
19774  41.264  -64.760  -10.003 0.5000000000
19787  40.966  -64.618  -10.852 0.5000000000
19775  40.452  -64.314  -10.194 0.5000000000
20812  40.674  -63.547  -13.317 0.5000000000
21750  39.872  -62.981  -12.908 0.5000000000
20811  41.237  -63.275  -13.994 0.5000000000
21781  43.243  -62.745  -15.567 0.5000000000
19739  43.724  -64.978  -7.419 0.3000000119
18708  42.441  -65.056  -8.475 0.3000000119
19773  41.785  -64.920  -9.267 0.5000000000
20789  39.275  -63.401  -11.334 0.5000000000
20801  39.497  -63.267  -12.219 0.5000000000
21763  40.694  -62.682  -13.495 0.5000000000
21762  41.445  -62.382  -14.036 0.5000000000
141867  47.604  -61.134  -16.668 0.4000000060
23560  45.991  -60.827  -16.308 0.5000000000
22703  45.773  -61.687  -16.481 0.5000000000
22690  43.610  -61.982  -15.747 0.5000000000
21769  42.521  -62.400  -14.966 0.5000000000
23558  47.921  -60.308  -16.590 0.4000000060
19738  44.723  -65.126  -7.431 0.3000000119
19740  42.831  -64.853  -7.499 0.4000000060
19741  41.912  -64.643  -7.669 0.4000000060
142634  40.815  -64.463  -9.089 0.5000000000
133856  39.857  -63.928  -9.086 0.5000000000
149596  40.235  -64.161  -9.580 0.5000000000
20762  39.795  -63.917  -9.964 0.5000000000
145138  38.699  -63.243  -10.116 0.5000000000
20778  38.583  -62.957  -10.855 0.5000000000
21739  38.897  -62.738  -11.755 0.5000000000
130760  39.584  -62.171  -12.567 0.5000000000
22660  41.873  -61.535  -14.031 0.6000000238
22688  45.114  -61.187  -16.119 0.5000000000
22673  43.057  -61.783  -15.228 0.5000000000
22674  42.510  -61.559  -14.571 0.5000000000
137010  50.035  -60.882  -16.970 0.4000000060
149384  49.418  -60.964  -16.864 0.4000000060
23559  46.917  -60.538  -16.419 0.5000000000
20683  46.753  -62.892  -3.381 0.1000000015
21648  45.786  -61.942  -3.548 0.1000000015
128571  45.096  -61.567  -3.616 0.1000000015
21665  45.954  -62.126  -4.862 0.1000000015
141101  44.960  -61.516  -4.364 0.1000000015
21659  44.504  -61.171  -4.004 0.1000000015
21666  45.142  -61.990  -4.968 0.1000000015
21667  44.280  -61.797  -4.929 0.1000000015
21660  43.751  -61.186  -4.373 0.1000000015
19714  44.275  -64.433  -6.719 0.2000000030
20715  44.819  -63.604  -6.160 0.1000000015
19715  43.351  -64.427  -6.726 0.3000000119
19742  41.121  -64.476  -8.024 0.5000000000
20717  42.979  -63.826  -6.102 0.4000000060
19717  41.616  -64.340  -6.917 0.4000000060
20745  40.284  -64.108  -8.102 0.4000000060
145837  39.566  -63.668  -8.338 0.5000000000
20746  39.077  -63.483  -8.892 0.5000000000
21698  37.984  -62.714  -9.164 0.5000000000
148558  38.136  -62.475  -10.686 0.5000000000
132282  40.492  -61.248  -13.014 0.5000000000
23551  43.689  -61.230  -15.366 0.5000000000
23549  45.389  -60.286  -15.743 0.5000000000
23557  48.986  -60.243  -16.891 0.4000000060
22709  51.023  -60.868  -17.491 0.5000000000
17628  45.543  -66.570  -1.772 0.1000000015
19678  46.402  -64.692  -3.047 0.1000000015
140711  45.624  -64.549  -2.975 0.1000000015
19696  46.170  -63.682  -3.108 0.1000000015
20684  45.937  -62.676  -3.215 0.1000000015
20685  45.047  -62.234  -3.030 0.1000000015
21637  44.204  -62.152  -2.793 0.1000000015
20669  45.148  -63.665  -2.965 0.1000000015
21649  44.321  -61.455  -3.221 0.1000000015
22560  40.651  -60.855  -4.581 0.2000000030
137131  40.078  -60.405  -4.313 0.2000000030
20700  45.389  -62.757  -5.596 0.1000000015
20701  44.519  -62.757  -5.600 0.1000000015
21668  43.240  -62.069  -5.078 0.1000000015
21661  42.856  -61.323  -4.619 0.1000000015
22567  41.198  -61.465  -4.832 0.2000000030
20702  43.584  -62.861  -5.614 0.2000000030
20703  42.627  -63.057  -5.647 0.1000000015
20704  41.704  -63.168  -5.714 0.2000000030
21670  40.492  -62.381  -5.427 0.2000000030
150663  39.818  -61.145  -4.763 0.2000000030
134727  42.070  -63.888  -6.182 0.2000000030
130222  41.208  -63.793  -6.403 0.3000000119
20719  39.644  -63.164  -6.776 0.3000000119
125072  39.044  -62.932  -7.181 0.4000000060
20734  38.870  -63.209  -8.078 0.5000000000
147986  41.665  -60.960  -13.646 0.5000000000
128539  38.090  -62.704  -8.353 0.4000000060
24415  43.303  -58.855  -14.072 0.5000000000
24416  42.443  -58.961  -13.696 0.5000000000
24417  41.699  -59.417  -13.440 0.5000000000
25382  44.041  -58.735  -14.356 0.5000000000
24429  42.908  -59.658  -14.139 0.5000000000
23523  42.441  -60.619  -14.105 0.5000000000
21752  38.868  -61.869  -12.160 0.5000000000
21727  38.241  -62.119  -11.307 0.5000000000
24443  45.696  -59.427  -15.526 0.5000000000
24427  44.433  -59.258  -14.746 0.5000000000
23533  44.110  -60.010  -14.837 0.5000000000
24418  40.908  -59.826  -13.114 0.5000000000
24449  48.110  -59.421  -16.558 0.5000000000
23548  46.261  -59.932  -16.025 0.5000000000
23534  43.344  -60.218  -14.536 0.5000000000
23550  44.444  -60.646  -15.450 0.5000000000
23555  50.417  -60.478  -17.358 0.4000000060
17607  45.223  -66.606  -0.861 0.1000000015
17650  45.144  -65.953  -2.299 0.1000000015
18646  44.242  -65.778  -2.103 0.1000000015
18626  42.747  -65.220  -1.305 0.1000000015
19679  44.779  -65.063  -2.729 0.1000000015
145813  44.222  -64.333  -2.771 0.1000000015
20671  43.321  -62.951  -2.679 0.1000000015
21650  43.651  -61.650  -2.791 0.1000000015
22546  43.617  -60.893  -3.138 0.1000000015
23414  42.274  -60.120  -3.217 0.1000000015
22558  43.244  -60.650  -3.833 0.1000000015
23423  41.912  -59.979  -3.700 0.2000000030
23424  41.086  -59.986  -4.063 0.2000000030
127467  41.487  -60.497  -4.308 0.2000000030
21671  39.620  -62.277  -5.650 0.3000000119
22575  38.773  -62.062  -5.934 0.3000000119
22561  39.110  -60.902  -4.697 0.2000000030
21675  39.254  -62.639  -6.392 0.3000000119
22569  38.260  -61.260  -5.472 0.2000000030
21688  38.298  -62.626  -7.548 0.4000000060
150483  37.424  -61.567  -6.761 0.3000000119
22599  37.059  -61.670  -8.220 0.4000000060
22587  37.200  -61.645  -7.427 0.4000000060
26414  41.737  -57.311  -12.880 0.5000000000
26415  40.919  -57.628  -12.751 0.5000000000
24404  41.100  -58.920  -13.116 0.5000000000
21711  37.488  -62.142  -9.594 0.5000000000
132718  40.094  -56.592  -12.190 0.5000000000
27440  39.347  -56.785  -11.913 0.5000000000
26416  40.040  -57.442  -12.483 0.5000000000
25360  40.560  -58.275  -12.825 0.5000000000
24405  40.286  -59.087  -12.871 0.6000000238
22621  37.732  -61.436  -11.132 0.5000000000
26417  39.028  -57.645  -12.182 0.5000000000
25361  39.645  -58.389  -12.581 0.6000000238
23514  40.297  -60.528  -12.895 0.5000000000
132950  40.087  -59.801  -12.820 0.5000000000
22648  39.672  -61.270  -12.633 0.5000000000
21809  51.568  -61.661  -19.246 0.4000000060
23583  51.229  -60.507  -18.974 0.4000000060
22700  50.719  -61.154  -17.082 0.4000000060
20645  41.283  -63.735  0.333 0.1000000015
19665  42.088  -64.700  -0.770 0.1000000015
20656  40.714  -63.572  -0.504 0.1000000015
18647  43.763  -65.094  -2.445 0.1000000015
19668  42.903  -64.972  -2.164 0.1000000015
20664  41.768  -63.908  -2.047 0.1000000015
20665  41.055  -63.620  -1.464 0.1000000015
20672  42.329  -63.103  -2.469 0.1000000015
20673  41.498  -62.976  -2.224 0.1000000015
22537  42.964  -61.141  -2.757 0.1000000015
127437  42.240  -61.183  -2.594 0.1000000015
22538  42.444  -60.461  -2.840 0.1000000015
24272  41.221  -59.484  -2.804 0.2000000030
24280  40.855  -59.163  -3.118 0.2000000030
126378  40.433  -59.446  -3.713 0.2000000030
23425  39.294  -60.026  -4.197 0.2000000030
25261  43.212  -59.468  -8.391 0.2000000030
23434  38.300  -60.382  -4.763 0.2000000030
25283  41.594  -59.471  -8.946 0.2000000030
25284  40.880  -59.045  -8.825 0.2000000030
25285  40.376  -58.685  -8.694 0.2000000030
25265  39.832  -58.360  -8.371 0.2000000030
22570  37.402  -61.145  -6.167 0.2000000030
26363  41.612  -58.739  -9.261 0.2000000030
25307  41.008  -59.042  -9.079 0.2000000030
25286  39.770  -58.252  -8.804 0.2000000030
26365  38.741  -57.633  -9.081 0.2000000030
26341  38.025  -57.864  -8.866 0.3000000119
26367  37.616  -57.968  -9.366 0.2000000030
25287  37.161  -58.446  -9.251 0.4000000060
137349  40.035  -57.256  -9.229 0.2000000030
128738  38.533  -57.049  -9.677 0.3000000119
26366  38.026  -57.520  -9.724 0.4000000060
24372  36.779  -59.206  -9.512 0.5000000000
23473  36.532  -60.493  -8.231 0.4000000060
22609  36.961  -61.494  -9.087 0.5000000000
28382  39.171  -55.388  -10.304 0.5000000000
28367  39.463  -55.250  -9.744 0.4000000060
27387  38.906  -56.200  -9.895 0.4000000060
27388  38.411  -56.819  -10.201 0.4000000060
26382  37.965  -57.365  -10.527 0.4000000060
26401  37.622  -57.963  -11.048 0.5000000000
25328  37.265  -58.533  -10.595 0.5000000000
25309  37.050  -58.656  -10.009 0.5000000000
23483  36.787  -60.933  -9.614 0.5000000000
27404  38.772  -56.121  -10.547 0.5000000000
26400  38.613  -57.057  -11.531 0.5000000000
25362  38.628  -58.640  -12.230 0.5000000000
24406  39.449  -59.315  -12.604 0.5000000000
23515  39.484  -60.242  -12.589 0.5000000000
22649  38.764  -60.771  -12.252 0.5000000000
22633  38.118  -61.210  -11.745 0.5000000000
21595  40.470  -62.639  1.566 0.1000000015
20631  41.682  -63.487  1.323 0.1000000015
20632  40.937  -63.133  1.005 0.1000000015
21611  39.705  -62.507  0.291 0.1000000015
20657  40.044  -63.014  -0.305 0.1000000015
21622  39.474  -62.321  -0.460 0.1000000015
21630  39.901  -62.618  -1.192 0.1000000015
21631  39.474  -61.871  -1.271 0.1000000015
21640  40.826  -61.444  -2.206 0.1000000015
22527  40.043  -61.004  -1.871 0.1000000015
22539  41.753  -60.766  -2.544 0.1000000015
24273  40.525  -59.018  -2.654 0.2000000030
24289  39.371  -59.132  -3.795 0.2000000030
23426  38.533  -59.664  -4.277 0.2000000030
25242  42.332  -58.549  -7.249 0.1000000015
25262  42.171  -59.373  -8.163 0.2000000030
25263  41.159  -59.115  -8.351 0.2000000030
25245  39.934  -58.289  -7.874 0.2000000030
23435  37.378  -60.416  -5.514 0.2000000030
26316  42.883  -57.715  -6.783 0.1000000015
25243  41.506  -58.625  -7.473 0.1000000015
140600  40.186  -57.808  -7.349 0.1000000015
26330  38.239  -57.840  -8.028 0.1000000015
26342  37.540  -58.158  -8.805 0.2000000030
23460  36.815  -60.992  -6.891 0.3000000119
23444  36.923  -60.526  -6.247 0.2000000030
26331  37.645  -58.022  -7.978 0.1000000015
24357  36.724  -58.981  -8.578 0.3000000119
23461  36.571  -60.457  -7.483 0.2000000030
23504  37.395  -59.779  -11.302 0.5000000000
130264  37.002  -59.328  -10.476 0.5000000000
127212  36.722  -60.156  -9.778 0.5000000000
22622  37.307  -61.116  -10.640 0.5000000000
139348  37.911  -59.278  -11.864 0.5000000000
23503  37.978  -60.253  -11.884 0.5000000000
22634  37.534  -60.693  -11.282 0.5000000000
24407  38.666  -59.749  -12.284 0.5000000000
21581  40.727  -62.466  2.500 0.1000000015
22485  39.415  -61.442  2.425 0.1000000015
22500  39.128  -61.536  1.340 0.1000000015
148806  39.552  -61.866  1.771 0.1000000015
22513  38.653  -61.327  0.453 0.1000000015
22501  38.566  -60.984  1.204 0.1000000015
22512  39.204  -61.975  0.380 0.1000000015
23396  38.527  -60.618  -0.980 0.1000000015
23379  37.846  -60.183  -0.174 0.1000000015
23395  39.463  -60.274  -1.660 0.1000000015
24261  39.876  -59.250  -1.983 0.2000000030
25211  40.127  -58.577  -2.929 0.2000000030
24281  40.021  -58.723  -3.302 0.2000000030
25217  39.606  -58.074  -3.091 0.2000000030
25221  39.163  -58.322  -3.559 0.2000000030
24290  38.327  -58.945  -4.090 0.2000000030
147045  37.499  -58.749  -4.560 0.2000000030
24300  37.597  -59.599  -4.776 0.2000000030
27340  43.395  -56.804  -6.426 0.1000000015
26317  42.005  -57.670  -6.810 0.1000000015
141053  41.001  -57.537  -6.973 0.1000000015
26318  39.415  -57.548  -7.413 0.1000000015
26319  38.538  -57.384  -7.405 0.1000000015
24302  36.630  -59.178  -6.159 0.1000000015
24312  36.761  -59.970  -6.007 0.2000000030
24301  36.967  -59.639  -5.521 0.2000000030
27355  37.879  -57.372  -7.289 0.1000000015
127854  37.130  -58.224  -7.542 0.1000000015
25266  36.746  -58.762  -7.677 0.2000000030
25247  36.565  -59.163  -7.030 0.2000000030
23445  36.594  -59.990  -6.780 0.2000000030
127088  39.027  -60.595  2.882 0.1000000015
25154  39.115  -58.807  3.027 0.1000000015
23372  38.253  -60.396  1.545 0.1000000015
25165  38.304  -58.499  2.329 0.1000000015
24234  37.785  -59.094  1.790 0.1000000015
23378  38.196  -60.624  0.626 0.1000000015
147975  38.140  -59.864  -0.948 0.1000000015
149456  38.676  -58.434  -1.581 0.1000000015
25201  39.319  -58.105  -2.109 0.1000000015
25202  38.602  -57.757  -1.723 0.1000000015
26288  39.084  -57.480  -2.397 0.1000000015
26295  39.172  -57.448  -2.945 0.2000000030
25218  38.891  -57.587  -3.382 0.2000000030
25222  38.001  -58.022  -3.981 0.2000000030
147231  38.153  -57.211  -3.788 0.2000000030
25223  37.110  -58.080  -4.925 0.1000000015
28314  44.235  -55.359  -5.710 0.1000000015
28316  42.505  -55.236  -5.865 0.1000000015
27324  42.279  -56.031  -6.229 0.1000000015
27343  40.048  -56.710  -6.956 0.1000000015
25229  36.808  -58.258  -5.849 0.2000000030
28317  41.481  -55.587  -6.233 0.1000000015
28332  40.389  -55.630  -6.520 0.1000000015
27344  38.974  -56.547  -7.035 0.1000000015
27345  38.191  -56.600  -6.865 0.1000000015
26320  37.344  -57.642  -6.996 0.1000000015
25246  36.818  -58.391  -6.799 0.2000000030
26218  38.950  -58.047  2.654 0.1000000015
147285  37.576  -57.334  1.682 0.1000000015
26240  37.016  -57.491  1.108 0.1000000015
25194  37.097  -58.625  -0.025 0.1000000015
129555  37.780  -57.453  -1.192 0.1000000015
26289  38.487  -56.899  -1.857 0.1000000015
26296  38.785  -56.793  -2.632 0.2000000030
27308  38.462  -56.047  -2.939 0.1000000015
26298  38.544  -56.774  -3.269 0.1000000015
27309  37.995  -55.961  -3.670 0.2000000030
26299  37.815  -56.597  -4.049 0.2000000030
138161  41.661  -53.775  -5.449 0.1000000015
145019  40.716  -53.852  -5.702 0.1000000015
130945  39.672  -53.572  -5.694 0.1000000015
29357  39.155  -54.169  -6.081 0.1000000015
29359  37.841  -54.867  -5.491 0.1000000015
28321  37.602  -55.746  -5.586 0.1000000015
148561  37.485  -56.594  -4.607 0.1000000015
28315  43.416  -55.346  -5.775 0.1000000015
132327  40.663  -54.763  -6.101 0.1000000015
140474  39.961  -54.176  -6.080 0.1000000015
28319  38.766  -54.904  -6.395 0.1000000015
28320  38.056  -55.189  -6.144 0.1000000015
28335  37.888  -56.076  -6.325 0.1000000015
27325  37.414  -56.569  -6.028 0.1000000015
26306  37.103  -57.344  -5.625 0.1000000015
28318  39.696  -54.836  -6.370 0.1000000015
28333  39.373  -55.671  -6.700 0.1000000015
28334  38.509  -55.781  -6.587 0.1000000015
27346  37.660  -56.849  -6.656 0.1000000015
138816  37.017  -57.735  -6.335 0.1000000015
27253  38.156  -56.773  1.957 0.1000000015
136359  36.774  -56.881  0.602 0.1000000015
27293  37.049  -56.482  -0.556 0.1000000015
27300  38.075  -56.246  -1.659 0.1000000015
28293  38.321  -55.397  -2.501 0.1000000015
32454  40.328  -51.688  -4.350 0.1000000015
31426  39.145  -52.197  -4.343 0.1000000015
132168  38.256  -52.880  -3.407 0.1000000015
29335  38.091  -53.699  -3.371 0.1000000015
28296  38.124  -55.274  -3.309 0.1000000015
31423  42.157  -52.329  -4.647 0.1000000015
32453  41.191  -51.934  -4.516 0.1000000015
30369  39.385  -52.816  -5.060 0.1000000015
31427  38.759  -52.703  -4.531 0.1000000015
147233  38.008  -53.919  -4.308 0.1000000015
28297  37.746  -55.229  -4.188 0.1000000015
30367  41.922  -53.158  -5.085 0.1000000015
30386  41.077  -53.160  -5.255 0.1000000015
30368  40.247  -53.117  -5.401 0.1000000015
30370  38.635  -53.176  -4.935 0.1000000015
29342  38.166  -53.809  -5.063 0.1000000015
29343  37.812  -54.531  -4.774 0.1000000015
28299  37.606  -55.237  -4.962 0.1000000015
29311  37.052  -54.867  -0.217 0.1000000015
30336  37.574  -53.418  -0.775 0.1000000015
135780  38.099  -54.753  -1.921 0.1000000015
148476  37.817  -52.763  -1.079 0.1000000015
29321  37.662  -54.080  -1.347 0.1000000015
32433  40.975  -51.156  -3.992 0.1000000015
31408  39.068  -51.764  -3.782 0.1000000015
32424  38.792  -51.584  -3.079 0.1000000015
30346  38.087  -53.061  -2.582 0.1000000015
138213  38.166  -54.593  -2.852 0.1000000015
146541  41.838  -51.381  -4.209 0.1000000015
31409  38.633  -52.345  -3.789 0.1000000015
21751  39.331  -62.592  -12.294 0.5000000000
19758  41.615  -64.718  -8.515 0.4000000060
20732  40.863  -64.164  -7.291 0.4000000060
21647  46.316  -62.011  -4.113 0.1000000015
22545  43.940  -60.962  -3.661 0.1000000015
20716  43.912  -63.703  -6.109 0.2000000030
20718  40.341  -63.549  -6.761 0.4000000060
20733  39.706  -63.538  -7.530 0.4000000060
17629  44.728  -66.302  -1.548 0.1000000015
20670  44.235  -63.237  -2.809 0.1000000015
127569  40.143  -61.689  -5.048 0.3000000119
21669  42.288  -62.319  -5.170 0.2000000030
130893  41.380  -62.425  -5.267 0.2000000030
20705  40.803  -63.135  -5.861 0.2000000030
21674  39.992  -62.917  -6.097 0.3000000119
22568  39.253  -61.623  -5.223 0.2000000030
22586  37.796  -62.104  -7.096 0.3000000119
143776  41.752  -58.716  -13.351 0.5000000000
18632  44.019  -66.023  -1.267 0.1000000015
18625  43.406  -65.656  -0.853 0.1000000015
19669  42.224  -64.625  -1.720 0.1000000015
19680  43.436  -64.210  -2.616 0.1000000015
129333  42.917  -62.148  -2.622 0.1000000015
19681  42.581  -64.074  -2.384 0.1000000015
23422  42.599  -60.308  -3.603 0.1000000015
24279  41.625  -59.665  -3.182 0.1000000015
24288  41.307  -59.575  -3.527 0.2000000030
22576  37.993  -61.808  -6.332 0.3000000119
22588  36.726  -61.099  -7.776 0.4000000060
125271  40.848  -56.909  -12.505 0.5000000000
27439  40.696  -56.066  -12.144 0.5000000000
130095  39.092  -55.623  -10.943 0.5000000000
19666  41.372  -64.095  -0.654 0.1000000015
20646  40.592  -63.307  0.247 0.1000000015
19670  41.653  -64.262  -1.371 0.1000000015
20666  40.341  -63.226  -1.120 0.1000000015
21638  42.242  -62.070  -2.516 0.1000000015
21639  41.505  -61.869  -2.388 0.1000000015
21629  40.625  -62.649  -1.879 0.1000000015
23406  41.876  -59.957  -2.840 0.1000000015
148199  43.352  -59.584  -8.832 0.2000000030
25308  40.468  -58.687  -8.970 0.2000000030
26329  39.099  -58.014  -7.947 0.1000000015
26364  40.646  -58.351  -9.187 0.2000000030
131116  39.764  -58.009  -9.132 0.2000000030
23484  36.549  -59.847  -8.836 0.4000000060
138339  39.524  -56.137  -9.465 0.5000000000
130131  39.083  -57.013  -9.365 0.4000000060
27386  41.141  -57.350  -9.267 0.2000000030
26383  37.465  -58.022  -10.100 0.5000000000
22610  36.614  -60.693  -9.015 0.5000000000
24333  36.515  -59.633  -7.803 0.3000000119
28366  39.950  -55.182  -9.287 0.5000000000
27405  38.359  -56.744  -10.859 0.5000000000
140704  38.084  -57.319  -11.150 0.5000000000
21582  39.986  -62.115  2.114 0.1000000015
21610  40.225  -62.827  0.673 0.1000000015
150827  40.060  -62.018  -1.775 0.1000000015
22520  38.879  -61.535  -0.541 0.1000000015
22528  39.164  -61.153  -1.331 0.1000000015
23407  41.143  -60.267  -2.419 0.1000000015
23394  40.481  -59.764  -2.236 0.2000000030
24274  39.888  -58.568  -2.425 0.2000000030
25244  40.656  -58.506  -7.725 0.1000000015
22484  40.225  -61.778  3.170 0.1000000015
22478  39.644  -60.997  3.465 0.1000000015
24242  37.709  -59.833  0.992 0.1000000015
130532  38.879  -59.693  -1.459 0.1000000015
24262  39.231  -58.825  -1.787 0.2000000030
25212  39.623  -58.016  -2.712 0.2000000030
27339  44.262  -56.787  -6.419 0.1000000015
27323  43.015  -56.015  -6.128 0.1000000015
27342  41.736  -56.642  -6.546 0.1000000015
23358  38.483  -60.142  2.374 0.1000000015
143504  39.543  -60.136  3.563 0.1000000015
24222  38.967  -59.711  3.061 0.1000000015
25153  39.782  -58.169  3.039 0.1000000015
24223  38.400  -59.322  2.475 0.1000000015
143247  38.034  -59.777  1.904 0.1000000015
25166  37.528  -58.182  1.605 0.1000000015
25183  37.289  -58.943  0.925 0.1000000015
24251  37.702  -59.320  -0.543 0.1000000015
135045  37.427  -59.434  0.195 0.1000000015
24263  38.335  -59.135  -1.252 0.1000000015
25203  37.788  -58.407  -1.021 0.1000000015
26302  37.440  -57.199  -4.555 0.2000000030
127783  37.320  -56.551  -5.188 0.1000000015
27322  43.843  -56.042  -6.054 0.1000000015
143115  40.951  -56.404  -6.618 0.1000000015
26219  38.216  -57.678  2.156 0.1000000015
150822  37.030  -58.219  0.815 0.1000000015
26256  36.832  -57.709  0.332 0.1000000015
26275  37.173  -57.759  -0.460 0.1000000015
26290  37.649  -56.705  -1.210 0.1000000015
27306  38.459  -56.153  -2.248 0.1000000015
30385  42.370  -53.792  -5.307 0.1000000015
29355  42.496  -54.418  -5.537 0.1000000015
29356  41.675  -54.539  -5.761 0.1000000015
30387  38.827  -53.609  -5.500 0.1000000015
29358  38.369  -54.393  -5.752 0.1000000015
138314  37.775  -56.017  1.647 0.1000000015
27254  37.253  -56.581  1.339 0.1000000015
27270  36.864  -56.055  0.719 0.1000000015
150812  36.776  -55.793  0.282 0.1000000015
27301  37.466  -55.950  -1.116 0.1000000015
29322  37.443  -55.007  -1.020 0.1000000015
28286  38.066  -55.574  -1.740 0.1000000015
150693  39.751  -52.130  -4.584 0.1000000015
32434  40.127  -51.051  -3.755 0.1000000015
30352  38.316  -53.185  -4.249 0.1000000015
31401  38.353  -52.305  -2.872 0.1000000015
29336  37.928  -54.513  -3.824 0.1000000015
31424  41.375  -52.619  -4.885 0.1000000015
131581  37.320  -54.212  -0.493 0.1000000015
29328  38.038  -53.907  -2.282 0.1000000015
31390  38.118  -52.391  -1.853 0.1000000015
32411  38.442  -51.601  -1.560 0.1000000015
132134  40.758  -50.444  -3.324 0.1000000015
32432  41.656  -50.588  -3.655 0.1000000015
144799  39.267  -50.955  -2.769 0.1000000015
18725  47.218  -66.041  -9.654 0.1000000015
124929  46.354  -66.131  -10.288 0.1000000015
125647  45.530  -65.748  -10.321 0.1000000015
18727  45.174  -65.609  -9.584 0.1000000015
18704  46.441  -65.530  -8.752 0.1000000015
18705  45.575  -65.549  -8.676 0.1000000015
18744  47.247  -66.623  -10.146 0.2000000030
18687  44.868  -65.461  -8.216 0.1000000015
17728  46.593  -66.674  -10.856 0.2000000030
18745  45.834  -66.025  -11.146 0.1000000015
17739  46.464  -66.704  -11.605 0.2000000030
18746  45.058  -65.617  -11.012 0.1000000015
18728  44.343  -65.594  -9.699 0.1000000015
17749  47.050  -67.480  -12.000 0.2000000030
125470  44.771  -65.584  -10.335 0.2000000030
18763  45.276  -65.610  -11.776 0.2000000030
128303  44.462  -65.548  -10.921 0.2000000030
18747  44.052  -65.573  -10.433 0.3000000119
18729  43.470  -65.528  -9.776 0.3000000119
18765  43.812  -65.483  -11.237 0.3000000119
145254  43.409  -65.501  -10.568 0.3000000119
18764  44.584  -65.478  -11.574 0.2000000030
18777  46.421  -65.842  -12.680 0.2000000030
18780  44.017  -65.366  -12.155 0.2000000030
17768  48.448  -67.294  -14.358 0.1000000015
17750  46.710  -66.706  -12.356 0.2000000030
18762  45.983  -65.999  -12.023 0.2000000030
18781  43.126  -65.372  -11.928 0.3000000119
145461  42.248  -65.238  -11.675 0.4000000060
17760  48.158  -67.384  -13.739 0.1000000015
17761  47.280  -66.647  -13.100 0.1000000015
18779  44.835  -65.297  -12.332 0.2000000030
18793  44.280  -65.149  -13.002 0.2000000030
16725  48.038  -68.104  -14.066 0.1000000015
19809  42.371  -65.196  -12.599 0.4000000060
18790  48.150  -66.309  -13.713 0.2000000030
18778  45.591  -65.409  -12.486 0.2000000030
18791  47.055  -65.644  -13.268 0.2000000030
127014  48.839  -66.615  -14.589 0.1000000015
17767  49.252  -65.790  -14.633 0.2000000030
17759  48.790  -66.582  -14.231 0.1000000015
18792  45.183  -64.995  -13.024 0.2000000030
19823  44.634  -64.817  -13.704 0.2000000030
19824  43.538  -64.951  -13.862 0.4000000060
19843  44.268  -64.512  -14.519 0.4000000060
19810  41.694  -64.793  -13.223 0.4000000060
18802  47.751  -65.334  -13.766 0.3000000119
18803  46.606  -64.844  -13.671 0.3000000119
19840  48.135  -64.779  -14.255 0.4000000060
19825  41.360  -64.143  -13.785 0.4000000060
18804  45.524  -64.690  -13.752 0.3000000119
19862  47.207  -64.073  -14.846 0.4000000060
19841  47.047  -64.545  -14.218 0.3000000119
25259  45.604  -58.535  -7.694 0.1000000015
25240  44.002  -59.099  -7.850 0.1000000015
19845  42.546  -64.618  -14.236 0.4000000060
19864  44.628  -64.069  -15.245 0.4000000060
19844  43.255  -64.360  -14.731 0.5000000000
141799  46.393  -64.129  -14.840 0.4000000060
19842  46.039  -64.428  -14.349 0.3000000119
141271  45.151  -64.412  -14.521 0.4000000060
20834  45.085  -63.605  -15.840 0.4000000060
25260  44.839  -59.132  -8.210 0.1000000015
24331  45.790  -59.103  -8.564 0.1000000015
130130  44.032  -59.486  -8.670 0.1000000015
20820  41.714  -63.741  -14.322 0.4000000060
142383  42.602  -63.159  -15.105 0.5000000000
20836  43.183  -63.633  -15.271 0.5000000000
137988  41.950  -63.008  -14.561 0.5000000000
24356  44.488  -59.451  -9.096 0.1000000015
25281  43.636  -59.519  -9.017 0.1000000015
25303  45.161  -58.789  -9.505 0.1000000015
25304  44.242  -59.102  -9.314 0.1000000015
26362  42.702  -58.619  -9.357 0.1000000015
137433  48.340  -66.251  -9.801 0.1000000015
18726  46.188  -65.708  -9.517 0.1000000015
18706  44.647  -65.594  -8.921 0.1000000015
127551  47.178  -65.633  -9.116 0.1000000015
148734  47.072  -65.368  -8.458 0.1000000015
19737  45.708  -65.004  -7.264 0.1000000015
19811  40.920  -64.357  -12.913 0.4000000060
25306  42.304  -59.321  -9.133 0.1000000015
17726  48.348  -66.958  -10.229 0.1000000015
19808  43.318  -65.261  -12.859 0.3000000119
136282  46.085  -65.085  -13.070 0.2000000030
136517  42.530  -65.010  -13.487 0.4000000060
148507  44.904  -64.603  -14.106 0.3000000119
19865  43.833  -64.041  -15.196 0.4000000060
24332  44.971  -59.437  -8.856 0.1000000015
25305  43.187  -59.232  -9.153 0.1000000015
19735  47.458  -64.933  -7.728 0.1000000015
16757  37.182  -67.889  -15.941 0.1000000015
16774  36.585  -67.578  -16.599 0.1000000015
15772  38.616  -67.833  -19.004 0.1000000015
16775  35.836  -67.462  -16.538 0.1000000015
16795  38.499  -67.405  -17.684 0.1000000015
16741  36.174  -67.504  -14.676 0.1000000015
16759  35.367  -67.432  -15.180 0.1000000015
16742  34.391  -67.562  -14.410 0.1000000015
131446  35.262  -67.417  -16.040 0.1000000015
7739  36.334  -78.151  -7.366 0.1000000015
15562  32.288  -68.295  -7.756 0.1000000015
16660  32.769  -67.628  -10.016 0.1000000015
15738  37.965  -68.167  -16.152 0.1000000015
16681  32.733  -67.833  -10.780 0.1000000015
16773  37.370  -67.695  -16.754 0.1000000015
16711  34.284  -67.536  -12.758 0.1000000015
145819  38.839  -67.586  -17.052 0.1000000015
16728  33.612  -67.840  -13.374 0.1000000015
16811  39.897  -67.472  -18.214 0.1000000015
134110  37.955  -78.233  -7.195 0.1000000015
8580  36.361  -77.615  -7.955 0.1000000015
8601  35.817  -76.721  -8.054 0.1000000015
140437  39.007  -77.231  -6.684 0.1000000015
8560  38.210  -77.720  -6.589 0.1000000015
7738  37.645  -78.240  -7.760 0.1000000015
8579  37.145  -77.686  -8.274 0.1000000015
10202  35.619  -75.067  -7.937 0.1000000015
12798  34.163  -71.513  -6.398 0.1000000015
14581  32.879  -69.383  -6.364 0.1000000015
15725  37.823  -68.312  -15.342 0.1000000015
15726  37.025  -67.818  -15.049 0.1000000015
16726  35.204  -67.447  -14.240 0.1000000015
15724  38.589  -68.603  -15.569 0.1000000015
15770  40.617  -67.789  -18.693 0.1000000015
8600  36.606  -76.737  -8.455 0.1000000015
9417  36.917  -75.768  -8.732 0.1000000015
7716  39.641  -77.489  -7.430 0.1000000015
7717  38.653  -77.805  -7.379 0.1000000015
7737  38.359  -78.110  -7.889 0.1000000015
133790  37.513  -76.764  -8.806 0.1000000015
144342  37.676  -75.737  -8.974 0.1000000015
10221  36.506  -74.963  -8.323 0.1000000015
11052  36.744  -73.552  -7.775 0.1000000015
11939  35.838  -72.808  -7.258 0.1000000015
136297  34.979  -72.059  -6.699 0.1000000015
132744  35.896  -72.170  -6.944 0.1000000015
14579  34.707  -69.579  -5.986 0.1000000015
14580  33.838  -69.229  -6.140 0.1000000015
15549  34.065  -68.390  -6.264 0.1000000015
16623  33.390  -67.402  -7.883 0.1000000015
137429  35.409  -67.463  -11.817 0.1000000015
15690  37.188  -67.738  -13.509 0.1000000015
15712  36.899  -67.646  -14.238 0.1000000015
16709  35.950  -67.493  -12.547 0.1000000015
146302  35.083  -67.454  -12.460 0.1000000015
15736  39.609  -68.153  -16.181 0.1000000015
16794  39.307  -67.399  -17.599 0.1000000015
11064  38.173  -74.220  -8.413 0.1000000015
8558  40.531  -76.862  -6.677 0.1000000015
7736  39.115  -77.904  -8.048 0.1000000015
7754  38.688  -77.730  -8.544 0.1000000015
134532  38.442  -75.168  -8.922 0.1000000015
11051  37.525  -73.816  -8.099 0.1000000015
11937  37.507  -72.892  -7.548 0.1000000015
12796  36.494  -71.366  -6.513 0.1000000015
13695  36.131  -70.503  -6.039 0.1000000015
8578  40.612  -77.485  -7.848 0.1000000015
140015  39.839  -77.695  -8.205 0.1000000015
7753  39.476  -77.547  -8.683 0.1000000015
8599  38.932  -77.106  -9.152 0.1000000015
135002  39.151  -76.145  -9.322 0.1000000015
12797  35.372  -71.208  -6.391 0.1000000015
13696  35.322  -70.191  -6.017 0.1000000015
143640  34.548  -68.775  -5.974 0.1000000015
16621  34.589  -67.166  -7.319 0.1000000015
16622  33.803  -67.498  -7.312 0.1000000015
16642  34.764  -66.942  -8.108 0.1000000015
129269  34.003  -67.097  -7.971 0.1000000015
16657  35.291  -67.182  -9.692 0.1000000015
128636  34.203  -67.010  -8.803 0.1000000015
128736  36.545  -67.685  -11.224 0.1000000015
16678  35.513  -67.365  -10.423 0.1000000015
16658  34.510  -67.071  -9.627 0.1000000015
15689  37.908  -68.201  -13.330 0.1000000015
15668  36.738  -67.631  -12.878 0.1000000015
15709  39.176  -69.089  -15.067 0.1000000015
15723  39.349  -68.740  -15.701 0.1000000015
126596  40.881  -67.230  -17.106 0.1000000015
16770  40.285  -67.655  -16.439 0.1000000015
16769  41.586  -67.065  -16.729 0.1000000015
132725  41.051  -67.466  -16.415 0.1000000015
11049  39.045  -74.089  -8.451 0.1000000015
11050  38.425  -73.370  -7.984 0.1000000015
8577  41.473  -77.756  -8.204 0.1000000015
7752  40.510  -77.395  -8.681 0.1000000015
8597  40.812  -77.077  -9.089 0.1000000015
9415  40.066  -75.918  -9.392 0.1000000015
10219  39.487  -75.062  -8.971 0.1000000015
11926  36.968  -72.116  -7.045 0.1000000015
13694  37.064  -70.652  -6.075 0.1000000015
14577  36.672  -69.766  -5.706 0.1000000015
140984  35.847  -69.625  -5.752 0.1000000015
129221  35.376  -68.767  -5.776 0.1000000015
15547  36.060  -68.122  -5.827 0.1000000015
129441  35.533  -67.857  -5.997 0.1000000015
16605  36.199  -67.513  -6.200 0.1000000015
16606  35.306  -67.351  -6.610 0.1000000015
132050  36.699  -67.553  -9.673 0.1000000015
126005  35.896  -67.166  -9.010 0.1000000015
15688  38.468  -68.629  -13.110 0.1000000015
14674  38.843  -68.987  -12.482 0.1000000015
15666  38.100  -68.417  -12.513 0.1000000015
15649  37.604  -68.173  -11.844 0.1000000015
15631  37.032  -67.826  -10.581 0.1000000015
16677  36.262  -67.569  -10.490 0.1000000015
134675  39.401  -69.437  -12.963 0.1000000015
15650  36.823  -67.713  -12.039 0.1000000015
14710  39.090  -69.084  -14.246 0.1000000015
14691  39.594  -69.525  -13.701 0.1000000015
14709  39.757  -69.503  -14.529 0.1000000015
15722  40.226  -68.526  -15.714 0.1000000015
16768  42.318  -66.975  -16.311 0.1000000015
6964  42.294  -78.550  -7.512 0.1000000015
134794  41.670  -78.017  -7.417 0.1000000015
8557  41.190  -77.367  -7.149 0.1000000015
7760  41.929  -77.459  -9.260 0.1000000015
8596  41.478  -77.068  -9.396 0.1000000015
147962  39.102  -73.416  -8.059 0.1000000015
149182  41.970  -78.190  -8.004 0.1000000015
129853  41.594  -77.547  -8.947 0.1000000015
8606  40.722  -76.573  -9.388 0.1000000015
10218  40.415  -74.925  -8.950 0.1000000015
142723  39.796  -73.494  -7.978 0.1000000015
11936  38.438  -72.587  -7.394 0.1000000015
144617  38.489  -72.133  -7.010 0.1000000015
13693  38.011  -70.721  -6.142 0.1000000015
11924  39.127  -72.210  -6.984 0.1000000015
13692  38.935  -70.790  -6.124 0.1000000015
13689  37.558  -69.879  -5.714 0.1000000015
14568  37.164  -68.962  -5.513 0.1000000015
15546  36.904  -67.974  -5.731 0.1000000015
138157  37.651  -68.351  -5.544 0.1000000015
125966  37.116  -67.307  -6.301 0.1000000015
16618  37.361  -67.046  -7.094 0.1000000015
146071  36.828  -67.068  -7.752 0.1000000015
16656  37.348  -67.619  -9.145 0.1000000015
137737  36.754  -67.288  -8.633 0.1000000015
15648  38.332  -68.683  -11.673 0.1000000015
15611  37.554  -67.996  -9.909 0.1000000015
14673  39.542  -69.585  -12.230 0.1000000015
14656  39.063  -69.182  -11.559 0.1000000015
13780  40.049  -70.047  -13.025 0.1000000015
14708  40.487  -69.740  -14.679 0.1000000015
14723  39.925  -69.270  -15.224 0.1000000015
15721  41.118  -68.483  -15.476 0.1000000015
16755  41.622  -67.574  -15.850 0.1000000015
10198  41.809  -74.330  -8.219 0.1000000015
11048  41.432  -73.600  -7.633 0.1000000015
6952  42.635  -78.892  -7.037 0.1000000015
6963  42.781  -78.673  -8.070 0.1000000015
6973  42.815  -78.393  -8.722 0.1000000015
8595  42.795  -77.321  -9.340 0.1000000015
9432  41.368  -76.344  -9.422 0.1000000015
143903  40.653  -73.224  -7.550 0.1000000015
129778  40.754  -72.580  -6.919 0.1000000015
6974  42.299  -78.206  -8.470 0.1000000015
10217  41.357  -74.904  -8.890 0.1000000015
10199  40.777  -74.030  -8.306 0.1000000015
12792  40.098  -71.905  -6.569 0.1000000015
12788  39.803  -71.007  -6.028 0.1000000015
13687  39.487  -69.986  -5.561 0.1000000015
12793  39.295  -71.511  -6.476 0.1000000015
15538  38.354  -68.324  -5.509 0.1000000015
128155  38.042  -67.210  -6.455 0.1000000015
16640  37.627  -67.337  -8.255 0.1000000015
15609  38.980  -68.146  -9.322 0.1000000015
14640  39.316  -69.255  -10.872 0.1000000015
15630  38.670  -68.861  -10.826 0.1000000015
15610  38.371  -68.441  -10.013 0.1000000015
14655  39.733  -69.661  -11.386 0.1000000015
13759  40.206  -70.158  -12.033 0.1000000015
14690  40.282  -69.987  -13.980 0.1000000015
9392  44.199  -75.977  -8.055 0.1000000015
6951  43.133  -78.719  -7.599 0.1000000015
8576  44.082  -76.763  -8.411 0.1000000015
10196  43.681  -75.120  -7.702 0.1000000015
10197  42.736  -74.709  -7.977 0.1000000015
11031  42.676  -73.561  -6.799 0.1000000015
6233  42.354  -79.266  -6.011 0.1000000015
6232  42.826  -79.053  -6.497 0.1000000015
7735  43.581  -78.117  -8.277 0.1000000015
8594  43.518  -77.098  -9.026 0.1000000015
9393  43.276  -75.582  -8.462 0.1000000015
10216  42.313  -75.186  -8.764 0.1000000015
11032  41.900  -73.272  -6.990 0.1000000015
11922  41.544  -72.635  -6.644 0.1000000015
12787  40.678  -71.274  -5.915 0.1000000015
12791  41.089  -71.992  -6.320 0.1000000015
141535  40.258  -69.619  -5.262 0.1000000015
14566  38.857  -69.071  -5.448 0.1000000015
15537  39.117  -68.242  -5.489 0.1000000015
16604  38.714  -67.485  -6.063 0.1000000015
16617  38.941  -67.255  -6.730 0.1000000015
132770  38.315  -67.209  -7.426 0.1000000015
15585  39.593  -67.763  -8.603 0.1000000015
14639  39.928  -69.484  -10.665 0.1000000015
15629  39.320  -68.859  -10.136 0.1000000015
13758  40.876  -70.671  -11.848 0.1000000015
12872  41.285  -71.025  -12.378 0.1000000015
7734  44.238  -77.204  -7.897 0.1000000015
10195  44.474  -75.453  -7.424 0.1000000015
10177  43.150  -74.294  -7.223 0.1000000015
11917  41.923  -72.160  -6.059 0.1000000015
12785  42.363  -71.725  -5.442 0.1000000015
12786  41.543  -71.485  -5.695 0.1000000015
13685  41.216  -70.721  -5.340 0.1000000015
14565  39.789  -68.834  -5.267 0.1000000015
16586  40.212  -67.675  -5.666 0.1000000015
16587  39.321  -67.738  -5.763 0.1000000015
127064  40.710  -67.354  -7.143 0.1000000015
16603  39.545  -67.419  -6.182 0.1000000015
15584  40.520  -67.950  -8.703 0.1000000015
16637  40.183  -67.478  -7.881 0.1000000015
15607  40.834  -68.564  -9.393 0.1000000015
15608  39.917  -68.378  -9.376 0.1000000015
14627  41.154  -69.248  -9.993 0.1000000015
14628  40.281  -69.059  -10.010 0.1000000015
147857  40.884  -70.189  -10.835 0.1000000015
12871  41.810  -71.447  -12.505 0.1000000015
13792  43.276  -71.308  -13.231 0.1000000015
8575  44.479  -76.405  -7.812 0.1000000015
9391  44.798  -75.851  -7.374 0.1000000015
11030  43.574  -73.752  -6.529 0.1000000015
11916  43.257  -72.911  -5.933 0.1000000015
132540  42.620  -72.353  -5.793 0.1000000015
8541  44.853  -76.346  -6.344 0.1000000015
149597  42.957  -73.257  -6.393 0.1000000015
12781  42.033  -70.995  -5.069 0.1000000015
150505  41.353  -69.419  -4.638 0.1000000015
14558  40.715  -68.955  -4.833 0.1000000015
15536  40.432  -68.168  -5.138 0.1000000015
124931  40.995  -67.442  -5.810 0.1000000015
15583  41.416  -68.183  -8.752 0.1000000015
16636  41.113  -67.662  -7.992 0.1000000015
13739  41.439  -70.109  -10.560 0.1000000015
13757  42.054  -71.065  -11.124 0.1000000015
13777  44.064  -71.654  -12.632 0.1000000015
14686  45.806  -69.768  -13.437 0.1000000015
9375  45.591  -75.504  -6.428 0.1000000015
9376  45.251  -75.556  -6.819 0.1000000015
11028  45.837  -74.626  -6.470 0.1000000015
11024  44.236  -73.394  -5.924 0.1000000015
11906  44.204  -72.208  -4.880 0.1000000015
11907  43.254  -72.094  -5.230 0.1000000015
11029  44.734  -74.257  -6.484 0.1000000015
13675  42.536  -70.522  -4.477 0.1000000015
13676  41.745  -70.149  -4.704 0.1000000015
14556  41.950  -69.371  -4.306 0.1000000015
16585  41.115  -67.757  -5.198 0.1000000015
16601  41.861  -67.416  -6.117 0.1000000015
125486  41.594  -67.497  -7.165 0.1000000015
14603  48.197  -69.533  -9.175 0.1000000015
14621  46.949  -70.463  -9.366 0.1000000015
14622  45.849  -70.341  -9.374 0.1000000015
14607  44.305  -69.366  -8.925 0.1000000015
14608  43.378  -69.172  -9.093 0.1000000015
15560  42.139  -67.970  -8.036 0.1000000015
14620  48.043  -70.404  -9.471 0.1000000015
13716  46.569  -71.067  -9.977 0.1000000015
14623  44.832  -70.109  -9.453 0.1000000015
124893  42.857  -68.577  -8.552 0.1000000015
14619  48.612  -70.008  -9.682 0.1000000015
13714  48.568  -70.827  -10.026 0.1000000015
13715  47.713  -71.095  -9.938 0.1000000015
13736  44.942  -71.443  -10.649 0.1000000015
13719  43.509  -70.474  -10.156 0.1000000015
14626  42.018  -69.478  -9.922 0.1000000015
14637  48.741  -70.232  -10.136 0.1000000015
13732  48.758  -70.900  -10.628 0.1000000015
13734  47.169  -71.406  -10.536 0.1000000015
13738  43.033  -71.025  -10.741 0.1000000015
146740  46.359  -71.487  -11.618 0.1000000015
12830  43.590  -71.753  -11.155 0.1000000015
14672  47.983  -70.026  -12.638 0.1000000015
12867  45.752  -71.470  -12.026 0.1000000015
145780  46.719  -69.722  -13.437 0.1000000015
131619  47.048  -74.720  -6.016 0.1000000015
10174  45.918  -75.156  -6.529 0.1000000015
145022  46.509  -74.832  -6.337 0.1000000015
11022  46.590  -74.162  -6.083 0.1000000015
11023  45.353  -73.767  -5.995 0.1000000015
11915  44.762  -72.922  -5.396 0.1000000015
12779  43.694  -71.463  -4.484 0.1000000015
13674  43.296  -70.717  -4.172 0.1000000015
14557  41.490  -68.739  -4.470 0.1000000015
15530  41.729  -68.053  -4.652 0.1000000015
147692  42.399  -67.507  -5.675 0.1000000015
15545  43.476  -67.844  -6.818 0.1000000015
14605  46.176  -69.758  -8.802 0.1000000015
15580  44.777  -68.944  -8.269 0.1000000015
15581  43.793  -68.761  -8.327 0.1000000015
15559  43.184  -68.205  -7.697 0.1000000015
14604  47.224  -69.725  -8.879 0.1000000015
133609  48.574  -68.379  -10.164 0.1000000015
15628  48.616  -69.433  -10.140 0.1000000015
10160  47.524  -74.609  -5.607 0.1000000015
11913  47.058  -73.426  -5.525 0.1000000015
135616  46.309  -72.522  -4.818 0.1000000015
12777  45.599  -71.667  -4.175 0.1000000015
11914  45.875  -73.175  -5.472 0.1000000015
11905  45.187  -72.354  -4.792 0.1000000015
12778  44.604  -71.561  -4.280 0.1000000015
12771  44.094  -70.862  -3.832 0.1000000015
13664  43.671  -70.161  -3.643 0.1000000015
13665  42.948  -70.024  -3.966 0.1000000015
15529  42.305  -68.610  -4.139 0.1000000015
16584  42.956  -67.593  -5.289 0.1000000015
16568  42.563  -67.932  -4.561 0.1000000015
15544  44.312  -67.874  -6.517 0.1000000015
16599  43.640  -67.622  -5.980 0.1000000015
139942  46.408  -69.105  -8.297 0.1000000015
15557  46.681  -68.467  -7.749 0.1000000015
15558  44.307  -68.345  -7.456 0.1000000015
16600  42.819  -67.544  -6.155 0.1000000015
16634  49.188  -67.687  -8.876 0.1000000015
15578  47.445  -68.907  -8.480 0.1000000015
15575  48.963  -67.818  -9.002 0.1000000015
14602  48.541  -69.203  -9.420 0.1000000015
11014  48.101  -73.653  -5.445 0.1000000015
12770  44.997  -70.923  -3.693 0.1000000015
13663  44.503  -70.229  -3.441 0.1000000015
14543  44.060  -69.546  -3.479 0.1000000015
15512  43.594  -68.908  -3.656 0.1000000015
15528  43.096  -68.380  -4.005 0.1000000015
16582  44.696  -67.804  -5.328 0.1000000015
16583  43.902  -67.656  -5.230 0.1000000015
15543  45.143  -68.097  -6.851 0.1000000015
128237  44.311  -67.694  -5.840 0.1000000015
15577  48.425  -68.552  -8.898 0.1000000015
15627  48.738  -68.173  -9.345 0.1000000015
16675  48.619  -67.779  -10.063 0.1000000015
129268  47.548  -72.751  -4.918 0.1000000015
12776  46.737  -71.803  -4.120 0.1000000015
12768  47.162  -70.975  -3.498 0.1000000015
12769  45.968  -70.992  -3.565 0.1000000015
13662  45.363  -70.290  -3.348 0.1000000015
14542  44.981  -69.567  -3.293 0.1000000015
15511  44.422  -68.946  -3.579 0.1000000015
15527  43.919  -68.392  -3.997 0.1000000015
16566  44.315  -67.977  -4.570 0.1000000015
16598  44.956  -67.802  -6.077 0.1000000015
15542  46.106  -68.101  -7.052 0.1000000015
15556  47.634  -68.092  -8.047 0.1000000015
17725  49.489  -66.774  -9.676 0.1000000015
139435  46.967  -70.046  -3.281 0.1000000015
13661  46.180  -70.291  -3.308 0.1000000015
14541  46.231  -69.641  -3.247 0.1000000015
15510  46.222  -69.021  -3.554 0.1000000015
150444  45.664  -69.394  -3.337 0.1000000015
141558  45.288  -68.975  -3.567 0.1000000015
15526  44.786  -68.506  -4.048 0.1000000015
16565  45.172  -68.103  -4.697 0.1000000015
16581  45.488  -67.863  -5.493 0.1000000015
18722  51.147  -65.888  -9.074 0.1000000015
16633  49.958  -66.868  -8.651 0.1000000015
16614  47.066  -67.849  -7.262 0.1000000015
18723  50.372  -66.054  -9.490 0.1000000015
146562  46.842  -69.421  -3.364 0.1000000015
15509  47.261  -68.975  -3.720 0.1000000015
16563  47.024  -68.014  -5.011 0.1000000015
15524  47.765  -68.380  -4.412 0.1000000015
16579  47.294  -67.548  -5.847 0.1000000015
16564  46.052  -68.086  -4.824 0.1000000015
17702  51.422  -65.858  -8.663 0.1000000015
17703  50.895  -66.371  -8.713 0.1000000015
16611  50.047  -66.886  -8.511 0.1000000015
16635  48.428  -67.741  -8.327 0.1000000015
16613  47.968  -67.459  -7.547 0.1000000015
141054  50.287  -65.531  -9.366 0.1000000015
16612  48.937  -67.176  -7.979 0.1000000015
16578  48.412  -67.160  -6.158 0.1000000015
138924  46.663  -68.456  -4.173 0.1000000015
16595  47.601  -67.418  -6.708 0.1000000015
16580  46.349  -67.804  -5.653 0.1000000015
17689  49.594  -66.662  -7.499 0.1000000015
16594  48.533  -66.960  -7.073 0.1000000015
16596  46.655  -67.729  -6.466 0.1000000015
14582  32.244  -69.205  -6.736 0.1000000015
15561  33.050  -67.846  -7.417 0.1000000015
144246  33.446  -67.268  -8.602 0.1000000015
16643  32.820  -67.563  -9.132 0.1000000015
16659  33.579  -67.204  -9.617 0.1000000015
16796  37.569  -67.429  -17.697 0.1000000015
16680  33.383  -67.456  -10.620 0.1000000015
16772  38.148  -67.687  -16.929 0.1000000015
16710  35.183  -67.464  -13.227 0.1000000015
140201  34.586  -67.445  -11.905 0.1000000015
16760  34.597  -67.528  -15.543 0.1000000015
16727  34.393  -67.561  -13.706 0.1000000015
7719  36.769  -78.448  -6.802 0.1000000015
15586  32.243  -68.063  -8.755 0.1000000015
14592  32.077  -68.834  -7.180 0.1000000015
141350  33.865  -67.569  -12.011 0.1000000015
7755  37.946  -77.740  -8.393 0.1000000015
10201  36.871  -74.241  -8.170 0.1000000015
13697  34.538  -70.519  -6.192 0.1000000015
13698  33.602  -70.591  -6.220 0.1000000015
15711  37.704  -68.125  -14.315 0.1000000015
135245  36.208  -67.500  -13.617 0.1000000015
9416  38.293  -76.370  -9.149 0.1000000015
10220  37.429  -74.812  -8.563 0.1000000015
11938  36.479  -72.818  -7.360 0.1000000015
143407  35.860  -73.438  -7.510 0.1000000015
150652  35.311  -69.561  -5.835 0.1000000015
15548  34.825  -68.038  -6.078 0.1000000015
16696  35.794  -67.503  -11.133 0.1000000015
145220  34.871  -67.217  -10.250 0.1000000015
133281  38.461  -68.604  -13.869 0.1000000015
15667  37.418  -67.919  -12.683 0.1000000015
11925  37.899  -72.117  -7.059 0.1000000015
12795  37.493  -71.445  -6.570 0.1000000015
8598  39.901  -76.959  -9.300 0.1000000015
16641  35.430  -66.909  -8.286 0.1000000015
143535  36.097  -66.912  -7.967 0.1000000015
143323  35.943  -67.374  -9.868 0.1000000015
136921  37.178  -67.927  -11.313 0.1000000015
10200  39.904  -74.280  -8.531 0.1000000015
9414  40.944  -75.714  -9.278 0.1000000015
16619  36.314  -66.987  -6.955 0.1000000015
146505  37.793  -68.353  -10.856 0.1000000015
150582  42.439  -76.878  -9.434 0.1000000015
11935  39.139  -72.937  -7.635 0.1000000015
12794  38.473  -71.578  -6.622 0.1000000015
11923  39.928  -72.720  -7.270 0.1000000015
13688  38.470  -69.945  -5.691 0.1000000015
14567  37.996  -69.093  -5.498 0.1000000015
16589  37.915  -67.682  -5.854 0.1000000015
16655  38.085  -67.860  -9.203 0.1000000015
13779  40.753  -70.641  -12.649 0.1000000015
13806  40.971  -70.313  -14.191 0.1000000015
15708  40.705  -69.298  -15.182 0.1000000015
11047  42.265  -73.929  -7.476 0.1000000015
9412  42.787  -76.309  -9.199 0.1000000015
9413  41.809  -75.767  -9.294 0.1000000015
13686  40.389  -70.436  -5.536 0.1000000015
16588  38.670  -67.828  -5.733 0.1000000015
16639  38.648  -67.562  -8.445 0.1000000015
13740  40.457  -70.125  -11.173 0.1000000015
13795  40.834  -70.557  -13.472 0.1000000015
9411  43.658  -76.359  -8.692 0.1000000015
11921  42.400  -72.857  -6.377 0.1000000015
127705  39.768  -68.045  -5.431 0.1000000015
16638  39.258  -67.362  -7.682 0.1000000015
16616  39.832  -67.254  -6.941 0.1000000015
143833  40.664  -69.716  -10.538 0.1000000015
12855  41.554  -71.158  -11.818 0.1000000015
12882  42.041  -71.453  -13.079 0.1000000015
10176  44.139  -74.700  -7.040 0.1000000015
10175  45.142  -75.185  -6.894 0.1000000015
12780  42.840  -71.281  -4.774 0.1000000015
13677  40.928  -69.898  -5.040 0.1000000015
16602  40.386  -67.344  -6.310 0.1000000015
126209  41.106  -67.352  -6.496 0.1000000015
15606  41.687  -68.769  -9.389 0.1000000015
12870  43.026  -72.032  -12.261 0.1000000015
12881  42.730  -71.713  -12.923 0.1000000015
12880  43.360  -71.856  -12.671 0.1000000015
13791  44.337  -70.919  -13.081 0.1000000015
132073  43.916  -72.703  -5.441 0.1000000015
15531  41.070  -68.257  -4.774 0.1000000015
146750  41.467  -67.515  -5.543 0.1000000015
14638  42.382  -70.285  -10.394 0.1000000015
13790  45.393  -70.598  -12.980 0.1000000015
12854  43.716  -72.028  -11.678 0.1000000015
12853  44.570  -71.863  -11.619 0.1000000015
13789  46.537  -70.477  -12.904 0.1000000015
14545  42.622  -69.357  -3.955 0.1000000015
132628  41.981  -67.615  -5.207 0.1000000015
14606  45.234  -69.599  -8.843 0.1000000015
13717  45.438  -70.921  -10.012 0.1000000015
14624  43.881  -69.883  -9.579 0.1000000015
14625  42.939  -69.748  -9.817 0.1000000015
15605  42.519  -68.961  -9.310 0.1000000015
16615  42.536  -67.656  -7.029 0.1000000015
13735  46.021  -71.477  -10.604 0.1000000015
13718  44.409  -70.708  -10.052 0.1000000015
135321  48.481  -69.120  -9.535 0.1000000015
13733  48.165  -71.282  -10.524 0.1000000015
13737  43.971  -71.268  -10.660 0.1000000015
12829  44.356  -71.839  -11.179 0.1000000015
12828  45.321  -71.712  -11.115 0.1000000015
12851  47.091  -71.449  -11.496 0.1000000015
13775  46.799  -71.240  -12.144 0.1000000015
14684  47.598  -69.454  -13.032 0.1000000015
13774  47.548  -70.689  -12.492 0.1000000015
15579  45.596  -69.177  -8.372 0.1000000015
146846  45.536  -68.611  -7.709 0.1000000015
16674  49.308  -67.444  -9.366 0.1000000015
14544  43.292  -69.471  -3.689 0.1000000015
16567  43.443  -67.902  -4.535 0.1000000015
16654  49.809  -67.069  -9.108 0.1000000015
17715  50.391  -66.423  -9.195 0.1000000015
16597  45.754  -67.836  -6.283 0.1000000015
15525  45.692  -68.521  -4.077 0.1000000015
20835  44.057  -63.424  -15.775 0.4000000060
20832  47.295  -63.575  -15.581 0.3000000119
20850  45.598  -63.102  -16.272 0.3000000119
20851  44.682  -63.082  -16.297 0.4000000060
21780  44.088  -62.585  -16.124 0.4000000060
20849  46.615  -63.139  -16.260 0.3000000119
21797  45.050  -62.290  -16.397 0.4000000060
16826  46.492  -67.466  -21.735 0.1000000015
17831  47.862  -66.071  -21.813 0.1000000015
18873  49.317  -64.923  -20.925 0.2000000030
21825  50.595  -61.974  -20.644 0.3000000119
24426  45.166  -58.931  -15.087 0.4000000060
24467  50.812  -60.048  -18.428 0.4000000060
23556  49.667  -59.972  -17.200 0.4000000060
127761  50.377  -63.430  -20.499 0.2000000030
23584  50.817  -60.485  -19.570 0.3000000119
25415  49.592  -58.993  -17.649 0.4000000060
25406  48.166  -58.619  -16.598 0.4000000060
24442  46.568  -59.044  -15.841 0.4000000060
135751  45.780  -69.070  -21.361 0.1000000015
19920  49.598  -63.886  -21.529 0.3000000119
25405  48.774  -58.581  -17.114 0.4000000060
24441  47.405  -58.754  -16.230 0.4000000060
25398  46.908  -58.012  -15.773 0.4000000060
16827  45.982  -67.823  -22.226 0.1000000015
145729  44.720  -58.488  -14.618 0.5000000000
19921  49.201  -64.213  -22.316 0.2000000030
21839  50.043  -62.518  -21.459 0.3000000119
24477  50.828  -60.036  -19.046 0.3000000119
137113  48.025  -57.874  -16.674 0.4000000060
25371  43.771  -58.114  -13.986 0.4000000060
25373  42.168  -58.109  -13.326 0.4000000060
25426  49.858  -59.067  -18.246 0.4000000060
26484  49.263  -58.605  -17.884 0.4000000060
25397  47.603  -58.057  -16.288 0.4000000060
26462  46.844  -56.983  -15.620 0.4000000060
26463  46.226  -57.564  -15.246 0.5000000000
15813  46.460  -67.932  -22.998 0.2000000030
17832  47.293  -66.654  -22.348 0.2000000030
18898  48.491  -65.338  -22.606 0.2000000030
20886  49.738  -63.191  -22.140 0.2000000030
18883  48.790  -64.997  -21.769 0.2000000030
24497  49.886  -60.204  -20.134 0.3000000119
24478  49.739  -59.577  -19.523 0.3000000119
15814  45.860  -68.560  -22.771 0.1000000015
26476  48.344  -57.829  -17.125 0.4000000060
22748  50.294  -61.121  -20.602 0.3000000119
25427  49.188  -58.642  -18.365 0.4000000060
26477  47.676  -57.216  -16.760 0.4000000060
132261  44.941  -57.690  -14.393 0.5000000000
26428  44.361  -57.436  -13.978 0.5000000000
26430  42.721  -57.339  -13.265 0.4000000060
26485  48.509  -58.056  -17.714 0.4000000060
150887  46.982  -56.519  -15.978 0.4000000060
128477  45.731  -57.025  -14.685 0.5000000000
27481  45.058  -56.848  -14.123 0.5000000000
26429  43.616  -57.344  -13.605 0.4000000060
16829  47.712  -66.751  -23.515 0.2000000030
18897  48.880  -64.592  -23.339 0.2000000030
19944  49.149  -63.869  -23.208 0.2000000030
133182  49.746  -62.079  -21.646 0.4000000060
21841  49.219  -62.317  -22.128 0.2000000030
23618  49.471  -61.069  -21.053 0.3000000119
22764  49.303  -61.619  -21.506 0.4000000060
136429  49.316  -59.888  -20.004 0.3000000119
26444  46.380  -56.708  -15.204 0.5000000000
27456  44.500  -56.381  -13.613 0.5000000000
27458  43.408  -56.562  -13.174 0.4000000060
139433  42.496  -56.548  -12.804 0.4000000060
23604  48.270  -60.527  -20.529 0.4000000060
25428  48.207  -58.239  -18.384 0.4000000060
26486  47.824  -57.325  -17.218 0.4000000060
27480  45.659  -56.115  -14.372 0.5000000000
17837  48.690  -65.203  -23.846 0.2000000030
16839  47.290  -67.569  -23.752 0.2000000030
19956  48.879  -64.257  -23.770 0.2000000030
128522  42.301  -55.721  -12.378 0.4000000060
20907  49.056  -63.595  -23.376 0.2000000030
24479  48.840  -59.361  -19.586 0.3000000119
26494  47.715  -57.504  -17.750 0.4000000060
129842  47.135  -56.494  -16.414 0.4000000060
15825  46.751  -68.540  -23.938 0.2000000030
18914  48.648  -64.903  -24.117 0.2000000030
21855  48.686  -62.563  -22.429 0.3000000119
22749  48.011  -61.110  -20.927 0.4000000060
136275  41.589  -56.379  -12.494 0.4000000060
24480  47.904  -59.434  -19.577 0.3000000119
138834  46.514  -55.565  -15.816 0.5000000000
28449  45.416  -55.526  -13.984 0.5000000000
27422  39.683  -55.861  -11.597 0.4000000060
15824  47.622  -67.848  -24.821 0.2000000030
140523  48.331  -66.391  -24.458 0.2000000030
25429  47.263  -58.346  -18.684 0.4000000060
27514  46.948  -56.392  -16.742 0.4000000060
28450  44.890  -55.000  -13.415 0.5000000000
27438  43.220  -55.810  -12.688 0.4000000060
28365  40.354  -56.204  -9.192 0.4000000060
15838  47.191  -68.683  -25.067 0.2000000030
18931  48.298  -65.931  -25.217 0.2000000030
20922  48.580  -63.942  -23.677 0.2000000030
20908  48.404  -63.150  -23.018 0.2000000030
24481  47.083  -59.595  -19.524 0.4000000060
28481  46.293  -55.103  -15.707 0.5000000000
28467  46.045  -55.048  -14.761 0.5000000000
14784  46.710  -69.487  -25.252 0.2000000030
24499  47.627  -60.063  -19.931 0.4000000060
25442  48.097  -58.795  -19.109 0.3000000119
28480  46.606  -55.756  -16.148 0.5000000000
28466  46.321  -55.334  -15.433 0.5000000000
27457  43.987  -55.780  -13.115 0.5000000000
137310  46.449  -69.611  -25.852 0.2000000030
29397  39.901  -54.394  -9.467 0.4000000060
28351  40.707  -55.217  -8.977 0.2000000030
28410  39.614  -54.895  -10.912 0.4000000060
28434  41.435  -55.621  -12.144 0.4000000060
16838  48.089  -67.052  -24.638 0.2000000030
22765  47.288  -62.129  -21.353 0.4000000060
28433  43.994  -54.937  -12.771 0.4000000060
28408  41.997  -54.805  -11.855 0.4000000060
15837  47.509  -67.949  -25.477 0.2000000030
18915  48.282  -65.346  -24.602 0.2000000030
129850  47.558  -63.726  -23.138 0.2000000030
17870  47.910  -66.463  -25.485 0.2000000030
29408  39.979  -54.068  -10.461 0.4000000060
29421  41.199  -54.097  -11.375 0.4000000060
29420  42.332  -53.649  -11.554 0.4000000060
26487  47.006  -57.194  -17.797 0.3000000119
29472  45.932  -54.039  -14.888 0.5000000000
29454  45.352  -53.911  -13.699 0.5000000000
128796  43.073  -54.944  -12.286 0.4000000060
22750  47.284  -61.518  -20.906 0.4000000060
25430  46.345  -58.642  -18.791 0.4000000060
125251  46.470  -57.867  -18.294 0.3000000119
28505  46.381  -56.031  -16.585 0.4000000060
23585  46.649  -60.109  -19.732 0.4000000060
28482  46.033  -54.522  -15.478 0.5000000000
18932  47.776  -65.817  -25.167 0.2000000030
141886  40.320  -54.315  -11.085 0.4000000060
29434  44.813  -53.920  -13.053 0.5000000000
27525  45.886  -56.548  -17.155 0.4000000060
28499  46.109  -55.161  -16.033 0.5000000000
29453  45.568  -53.610  -14.289 0.5000000000
28500  45.298  -55.159  -16.185 0.5000000000
27515  45.615  -55.863  -16.612 0.5000000000
21796  46.120  -62.465  -16.545 0.4000000060
29398  39.517  -54.558  -10.046 0.4000000060
28409  40.645  -55.080  -11.634 0.4000000060
29493  45.487  -53.876  -15.227 0.5000000000
20830  50.446  -63.736  -14.867 0.3000000119
21779  49.894  -63.108  -15.389 0.3000000119
21794  47.996  -62.638  -16.388 0.2000000030
21795  47.119  -62.554  -16.555 0.2000000030
143236  50.903  -64.717  -15.929 0.2000000030
21791  51.233  -62.882  -15.675 0.3000000119
139788  51.146  -62.269  -16.348 0.3000000119
141879  49.764  -61.665  -16.719 0.3000000119
19879  51.757  -63.592  -16.702 0.2000000030
20854  51.992  -62.779  -17.256 0.2000000030
21790  51.587  -62.128  -16.934 0.2000000030
18872  49.834  -64.481  -20.606 0.2000000030
13005  45.635  -71.957  -25.861 0.1000000015
136550  45.534  -71.846  -26.561 0.1000000015
18901  43.206  -65.750  -22.250 0.1000000015
18800  49.541  -65.235  -14.679 0.1000000015
19861  48.224  -64.088  -14.824 0.2000000030
20847  48.656  -63.116  -15.772 0.2000000030
20831  49.296  -63.824  -14.866 0.2000000030
17774  49.150  -65.990  -15.120 0.1000000015
18832  50.062  -65.171  -15.328 0.1000000015
19860  50.665  -64.351  -14.902 0.2000000030
18833  49.410  -65.491  -15.968 0.1000000015
139738  46.616  -69.338  -24.549 0.1000000015
13880  46.292  -70.374  -25.299 0.1000000015
17871  46.154  -66.565  -24.942 0.1000000015
18917  45.909  -65.581  -23.772 0.1000000015
18899  45.256  -65.231  -22.913 0.1000000015
19922  45.193  -64.140  -21.794 0.1000000015
16855  45.720  -67.255  -25.288 0.1000000015
18918  44.762  -65.876  -23.318 0.1000000015
19947  44.685  -64.788  -22.141 0.1000000015
20890  44.751  -63.657  -21.331 0.1000000015
18900  44.190  -65.493  -22.546 0.1000000015
145391  43.504  -63.865  -20.956 0.1000000015
21812  42.933  -62.228  -19.775 0.1000000015
21829  42.587  -62.757  -20.020 0.1000000015
136129  42.309  -62.317  -19.611 0.1000000015
18815  50.003  -65.050  -14.879 0.2000000030
18816  49.640  -65.488  -14.988 0.1000000015
21826  46.367  -62.090  -20.769 0.1000000015
139371  45.734  -58.354  -18.477 0.3000000119
17889  47.683  -67.033  -25.698 0.1000000015
139337  47.189  -66.290  -25.327 0.1000000015
19958  47.654  -64.726  -24.073 0.1000000015
20888  46.292  -63.243  -21.679 0.1000000015
22732  45.262  -60.940  -19.781 0.2000000030
24483  45.140  -59.569  -19.100 0.3000000119
128361  44.254  -57.447  -17.367 0.3000000119
146178  43.981  -56.902  -16.827 0.3000000119
13017  45.818  -71.110  -26.315 0.1000000015
15851  46.697  -68.384  -26.061 0.1000000015
19946  45.764  -64.578  -22.559 0.1000000015
21827  45.184  -62.293  -20.432 0.1000000015
23587  44.743  -60.342  -19.384 0.2000000030
25432  43.702  -58.488  -18.024 0.3000000119
16871  46.392  -67.786  -25.921 0.1000000015
22752  44.324  -62.020  -19.934 0.1000000015
23574  43.298  -60.013  -18.794 0.2000000030
25418  43.073  -58.242  -17.685 0.3000000119
23589  42.945  -60.897  -19.070 0.1000000015
24472  41.852  -59.764  -18.227 0.2000000030
26490  42.400  -58.012  -17.361 0.4000000060
21813  41.717  -62.862  -19.783 0.1000000015
23576  41.515  -60.584  -18.471 0.1000000015
24473  40.974  -59.996  -18.089 0.3000000119
16676  47.785  -67.748  -10.761 0.1000000015
30500  45.490  -53.241  -14.583 0.4000000060
27526  44.939  -56.686  -17.022 0.3000000119
27516  44.639  -56.052  -16.537 0.4000000060
28483  44.961  -54.504  -15.791 0.4000000060
150334  43.165  -56.975  -16.694 0.4000000060
27499  43.246  -55.828  -15.862 0.4000000060
26479  42.340  -57.382  -16.747 0.4000000060
27519  41.833  -56.896  -16.076 0.5000000000
25419  41.703  -58.546  -17.472 0.3000000119
136553  41.388  -57.568  -16.484 0.5000000000
130934  41.071  -62.569  -19.384 0.2000000030
22719  41.179  -61.410  -18.700 0.1000000015
25420  40.919  -58.869  -17.386 0.4000000060
19909  40.744  -64.353  -20.591 0.1000000015
20877  40.316  -63.862  -20.167 0.1000000015
22720  40.234  -61.687  -18.524 0.2000000030
23577  40.632  -60.846  -18.264 0.2000000030
18903  41.308  -65.951  -22.054 0.1000000015
19926  40.340  -64.966  -21.020 0.1000000015
21802  39.689  -62.309  -18.756 0.2000000030
18904  40.057  -66.078  -22.969 0.1000000015
18887  39.862  -65.398  -21.725 0.1000000015
143567  44.630  -53.062  -12.912 0.4000000060
29435  43.919  -53.862  -12.372 0.3000000119
30464  44.448  -52.365  -13.189 0.4000000060
29494  44.465  -53.874  -15.348 0.4000000060
30517  44.903  -53.109  -14.814 0.4000000060
28484  43.840  -54.864  -15.627 0.4000000060
30501  44.298  -52.479  -14.351 0.4000000060
27518  42.729  -56.612  -16.240 0.4000000060
28486  41.769  -55.623  -15.189 0.4000000060
28485  42.746  -55.282  -15.418 0.4000000060
26464  40.959  -57.127  -15.844 0.5000000000
26480  40.555  -57.750  -16.253 0.4000000060
23567  40.118  -60.271  -17.798 0.3000000119
24461  40.506  -59.470  -17.603 0.4000000060
128925  40.165  -58.255  -16.564 0.4000000060
20879  38.111  -64.063  -20.897 0.2000000030
138348  38.618  -63.961  -20.317 0.2000000030
22721  39.253  -61.806  -18.334 0.2000000030
19948  38.990  -65.099  -22.003 0.1000000015
19927  39.400  -64.878  -21.223 0.2000000030
17927  40.409  -66.960  -27.214 0.1000000015
30465  44.089  -52.660  -12.439 0.4000000060
30466  43.354  -53.128  -11.890 0.4000000060
31537  44.013  -51.968  -13.829 0.4000000060
29474  42.694  -53.757  -14.766 0.4000000060
30502  43.226  -52.723  -14.423 0.4000000060
28468  42.204  -54.734  -14.974 0.4000000060
28487  40.855  -55.888  -14.937 0.4000000060
28469  41.237  -55.080  -14.678 0.4000000060
27502  40.463  -56.624  -15.258 0.3000000119
25409  39.451  -58.519  -16.444 0.4000000060
26465  40.090  -57.306  -15.646 0.4000000060
22710  38.772  -61.295  -17.822 0.3000000119
23568  39.201  -60.520  -17.548 0.3000000119
24462  39.615  -59.684  -17.340 0.4000000060
20892  37.756  -63.983  -21.852 0.2000000030
20880  37.375  -63.418  -20.969 0.2000000030
21816  38.292  -63.061  -19.328 0.2000000030
21803  38.754  -62.463  -18.752 0.2000000030
18906  38.753  -65.070  -22.726 0.2000000030
17940  41.588  -66.861  -28.430 0.1000000015
17926  41.084  -66.354  -27.652 0.1000000015
18975  40.379  -66.138  -26.917 0.1000000015
30456  40.640  -53.589  -10.823 0.3000000119
30453  43.543  -52.083  -12.013 0.4000000060
30454  42.719  -52.485  -11.515 0.3000000119
32564  43.567  -51.498  -12.765 0.4000000060
31525  42.490  -51.682  -13.458 0.4000000060
31524  43.499  -51.634  -13.351 0.4000000060
30503  42.095  -53.231  -14.303 0.4000000060
31539  42.542  -52.417  -14.028 0.4000000060
29476  40.636  -54.493  -14.163 0.4000000060
29475  41.638  -54.187  -14.494 0.4000000060
27482  39.970  -56.113  -14.638 0.4000000060
28470  40.291  -55.332  -14.390 0.3000000119
24454  36.334  -59.749  -16.569 0.3000000119
24453  37.225  -59.673  -16.460 0.3000000119
25411  37.614  -58.964  -16.092 0.3000000119
26467  38.451  -57.685  -15.346 0.3000000119
26466  39.265  -57.521  -15.484 0.3000000119
22766  36.858  -61.697  -21.736 0.2000000030
21830  36.856  -62.692  -20.520 0.2000000030
22724  36.544  -61.677  -18.540 0.3000000119
22712  36.885  -61.420  -17.787 0.2000000030
23561  37.748  -60.188  -16.910 0.3000000119
25410  38.564  -58.762  -16.252 0.3000000119
131340  37.319  -63.180  -21.858 0.2000000030
21805  36.854  -62.346  -19.013 0.2000000030
20910  38.009  -63.994  -22.794 0.2000000030
30441  40.263  -53.299  -10.151 0.3000000119
31475  40.519  -52.672  -9.152 0.3000000119
30440  40.924  -52.696  -10.547 0.3000000119
31498  41.858  -52.018  -11.117 0.4000000060
30455  41.609  -53.084  -11.126 0.3000000119
32550  41.610  -50.632  -11.418 0.3000000119
32549  42.404  -50.990  -11.808 0.4000000060
32581  41.990  -51.058  -12.891 0.4000000060
32566  42.103  -50.785  -12.211 0.4000000060
32580  42.864  -51.249  -12.794 0.4000000060
31526  41.022  -51.762  -13.116 0.4000000060
30485  41.604  -52.589  -13.750 0.4000000060
140725  39.793  -52.294  -13.086 0.3000000119
30504  41.048  -53.584  -13.970 0.4000000060
26469  36.408  -57.178  -15.246 0.3000000119
145701  37.209  -57.087  -14.873 0.2000000030
27484  37.762  -56.498  -14.426 0.2000000030
28451  38.633  -54.885  -13.646 0.2000000030
29477  39.636  -54.730  -13.799 0.3000000119
29455  39.981  -53.857  -13.574 0.3000000119
24464  35.574  -59.647  -17.107 0.3000000119
25402  37.050  -58.396  -15.608 0.3000000119
26468  37.608  -57.738  -15.239 0.2000000030
27483  38.598  -56.630  -14.590 0.2000000030
137721  39.159  -56.200  -14.451 0.2000000030
23608  35.751  -60.338  -19.970 0.3000000119
23579  35.640  -60.667  -18.501 0.3000000119
23572  35.782  -60.464  -17.672 0.3000000119
30420  40.823  -53.561  -8.700 0.3000000119
30431  39.919  -53.806  -9.755 0.3000000119
32567  40.244  -50.193  -12.346 0.3000000119
31529  38.014  -52.639  -13.457 0.2000000030
32583  38.474  -51.626  -13.418 0.2000000030
30487  39.287  -53.111  -13.223 0.2000000030
31527  39.790  -51.458  -12.809 0.2000000030
150407  36.980  -54.402  -14.189 0.2000000030
28452  37.786  -54.983  -13.717 0.2000000030
29457  38.065  -54.158  -13.431 0.2000000030
31528  38.825  -52.202  -13.118 0.2000000030
17875  40.041  -66.550  -24.154 0.1000000015
18905  39.441  -65.571  -22.690 0.1000000015
24500  36.099  -59.654  -20.538 0.3000000119
20911  37.657  -63.296  -22.540 0.2000000030
22702  46.737  -61.625  -16.628 0.3000000119
22701  47.852  -61.993  -16.777 0.3000000119
21793  49.051  -62.380  -16.429 0.3000000119
21801  51.934  -61.983  -18.097 0.2000000030
17738  47.035  -67.329  -11.249 0.1000000015
19839  49.136  -64.764  -14.494 0.2000000030
20848  47.586  -63.126  -16.103 0.2000000030
20887  47.169  -63.204  -22.277 0.1000000015
24482  46.184  -59.394  -19.259 0.3000000119
29386  40.394  -54.318  -9.006 0.3000000119
20909  46.331  -63.872  -22.228 0.1000000015
29436  42.956  -54.136  -11.942 0.3000000119
128560  46.522  -61.334  -20.432 0.3000000119
26489  45.197  -57.315  -17.545 0.2000000030
23586  45.663  -60.164  -19.546 0.2000000030
18916  47.185  -65.340  -24.378 0.1000000015
20829  51.080  -63.617  -15.093 0.2000000030
21792  50.281  -62.464  -16.059 0.3000000119
20846  51.420  -63.565  -15.733 0.1000000015
20845  51.659  -62.853  -16.322 0.2000000030
125781  43.690  -65.002  -21.857 0.1000000015
17890  47.021  -66.948  -25.729 0.1000000015
17853  45.439  -66.235  -24.090 0.1000000015
125730  46.421  -64.967  -23.454 0.1000000015
20889  45.524  -63.483  -21.489 0.1000000015
129755  44.164  -64.223  -21.425 0.1000000015
20874  43.251  -63.143  -20.471 0.1000000015
22734  43.511  -61.578  -19.566 0.1000000015
21844  45.814  -62.822  -21.118 0.2000000030
25431  45.000  -58.474  -18.392 0.3000000119
22733  44.433  -61.186  -19.644 0.2000000030
24469  44.631  -59.075  -18.644 0.3000000119
26478  43.254  -57.575  -17.213 0.4000000060
28501  44.284  -55.451  -16.078 0.4000000060
23588  43.856  -60.611  -19.224 0.3000000119
24470  43.682  -59.152  -18.464 0.3000000119
25434  42.171  -59.049  -17.949 0.3000000119
30484  44.609  -52.259  -13.798 0.4000000060
29495  43.279  -54.287  -15.232 0.4000000060
19910  39.850  -64.476  -20.593 0.2000000030
21815  39.280  -62.875  -19.318 0.2000000030
31523  44.095  -51.818  -13.290 0.4000000060
29473  43.863  -53.274  -14.919 0.4000000060
20867  37.919  -63.543  -20.129 0.2000000030
31496  43.485  -51.536  -12.271 0.4000000060
23570  37.338  -60.845  -17.325 0.3000000119
22722  38.275  -61.953  -18.271 0.2000000030
141455  36.668  -62.349  -19.818 0.2000000030
31497  42.855  -51.489  -11.731 0.4000000060
32565  43.001  -51.185  -12.264 0.4000000060
150624  36.300  -58.603  -15.892 0.3000000119
22767  36.382  -61.195  -21.027 0.2000000030
21818  36.228  -61.690  -19.444 0.2000000030
31481  41.128  -51.722  -10.313 0.4000000060
30486  40.430  -52.898  -13.423 0.4000000060
27505  36.321  -56.318  -15.082 0.2000000030
28474  36.715  -55.604  -14.544 0.2000000030
29478  37.115  -54.976  -14.053 0.2000000030
28472  38.361  -55.820  -14.029 0.2000000030
32536  41.322  -50.685  -10.200 0.3000000119
31474  40.900  -51.775  -9.411 0.2000000030
147753  41.280  -50.848  -9.140 0.3000000119
31468  40.668  -52.863  -8.809 0.2000000030
132138  41.359  -52.797  -8.403 0.2000000030
19893  51.347  -64.331  -18.192 0.1000000015
126754  50.954  -64.581  -18.888 0.1000000015
20857  51.371  -63.684  -18.821 0.1000000015
18801  48.851  -65.663  -14.253 0.1000000015
20862  51.616  -62.581  -19.058 0.1000000015
137537  49.890  -65.267  -20.078 0.1000000015
20863  50.880  -63.144  -19.811 0.1000000015
19900  50.475  -64.265  -19.844 0.1000000015
146831  41.174  -56.118  -9.092 0.1000000015
28350  41.655  -55.403  -8.802 0.1000000015
141797  44.228  -55.807  -8.803 0.1000000015
29383  43.174  -54.877  -8.543 0.1000000015
30419  41.721  -53.793  -8.424 0.1000000015
144367  42.283  -53.327  -8.238 0.1000000015
30418  43.178  -53.383  -8.208 0.1000000015
31465  42.430  -52.626  -8.119 0.1000000015
31467  40.973  -51.974  -8.774 0.1000000015
147954  41.428  -51.238  -8.535 0.2000000030
133456  42.740  -51.838  -8.057 0.1000000015
134659  43.850  -51.815  -8.280 0.2000000030
33587  41.410  -49.766  -9.983 0.2000000030
33569  43.402  -50.468  -8.426 0.2000000030
33570  42.550  -50.451  -8.349 0.2000000030
33578  42.156  -49.807  -8.680 0.2000000030
33576  44.118  -50.074  -8.817 0.2000000030
33577  43.075  -49.789  -8.608 0.2000000030
34608  41.626  -49.162  -9.635 0.2000000030
33600  41.374  -49.898  -10.962 0.2000000030
33616  41.163  -50.139  -11.848 0.2000000030
31511  40.898  -50.825  -12.471 0.2000000030
33618  39.758  -49.696  -12.635 0.1000000015
32530  44.867  -50.851  -9.005 0.2000000030
34620  41.377  -48.931  -10.410 0.2000000030
34632  41.210  -49.273  -10.940 0.2000000030
34633  40.764  -49.138  -11.674 0.1000000015
35670  40.670  -48.672  -11.935 0.1000000015
34652  40.215  -49.109  -12.323 0.1000000015
29384  42.203  -54.690  -8.555 0.1000000015
27366  42.943  -56.556  -9.083 0.1000000015
28349  42.616  -55.600  -8.776 0.1000000015
27365  43.815  -56.558  -9.073 0.1000000015
29382  44.061  -55.036  -8.600 0.1000000015
130649  44.605  -54.319  -8.548 0.1000000015
32524  42.092  -51.136  -8.170 0.2000000030
34606  42.595  -49.154  -8.986 0.2000000030
125588  35.429  -59.087  -19.562 0.2000000030
24474  35.330  -59.854  -18.133 0.2000000030
130277  35.141  -59.135  -18.731 0.2000000030
25455  35.611  -58.276  -20.057 0.2000000030
26499  35.067  -57.626  -19.578 0.2000000030
26482  35.087  -57.650  -16.609 0.2000000030
25436  34.696  -57.821  -18.804 0.2000000030
150452  34.853  -58.123  -17.325 0.2000000030
26513  35.572  -57.294  -20.266 0.2000000030
26470  35.730  -57.463  -15.840 0.2000000030
27527  34.393  -56.381  -17.724 0.1000000015
27530  34.423  -56.424  -18.675 0.2000000030
27521  34.761  -56.714  -16.876 0.2000000030
27520  35.333  -56.801  -16.177 0.2000000030
29515  34.311  -54.744  -18.203 0.1000000015
28506  34.460  -55.321  -17.536 0.1000000015
28503  34.860  -55.337  -16.777 0.1000000015
30542  34.517  -53.059  -19.031 0.1000000015
30541  34.699  -53.709  -19.689 0.1000000015
31473  45.573  -52.342  -9.003 0.1000000015
28488  36.137  -55.358  -15.356 0.1000000015
30527  34.957  -54.045  -16.881 0.1000000015
28502  35.474  -55.382  -16.173 0.1000000015
30534  34.456  -53.270  -18.235 0.1000000015
135499  34.621  -54.134  -17.379 0.1000000015
32629  34.722  -51.989  -18.177 0.1000000015
127031  34.935  -52.160  -17.596 0.1000000015
33710  35.364  -50.379  -18.401 0.1000000015
129374  45.488  -50.775  -9.553 0.1000000015
31480  46.888  -52.700  -10.180 0.1000000015
31472  46.254  -52.057  -9.674 0.1000000015
29458  37.446  -54.299  -13.773 0.1000000015
29479  36.641  -54.832  -14.655 0.1000000015
134192  35.573  -54.123  -16.424 0.1000000015
30520  36.108  -54.249  -15.968 0.1000000015
31565  35.063  -52.727  -17.189 0.1000000015
33685  35.978  -50.649  -17.059 0.1000000015
32627  35.650  -51.433  -17.083 0.1000000015
134700  46.768  -51.832  -10.422 0.1000000015
34604  44.465  -49.498  -9.417 0.1000000015
129999  37.720  -52.960  -15.869 0.1000000015
132333  37.399  -53.057  -14.120 0.1000000015
31555  38.330  -53.029  -16.921 0.1000000015
30525  36.702  -53.677  -15.879 0.1000000015
30518  36.941  -53.700  -14.901 0.1000000015
31563  38.828  -52.935  -17.557 0.1000000015
31556  37.273  -53.108  -16.355 0.1000000015
32625  38.449  -52.540  -17.592 0.1000000015
32619  36.974  -52.754  -16.703 0.1000000015
31558  35.700  -52.888  -16.743 0.1000000015
31557  36.462  -53.237  -16.419 0.1000000015
33681  39.444  -50.803  -18.266 0.1000000015
32626  37.487  -52.255  -17.081 0.1000000015
32620  36.046  -52.319  -16.688 0.1000000015
33683  37.972  -51.470  -17.340 0.1000000015
33585  46.375  -50.393  -10.662 0.1000000015
33586  45.726  -50.259  -10.041 0.1000000015
32597  38.144  -51.573  -14.222 0.1000000015
32640  39.590  -52.633  -18.437 0.1000000015
31572  39.082  -52.883  -18.066 0.1000000015
33709  39.645  -51.927  -18.592 0.1000000015
33630  38.579  -50.767  -13.685 0.1000000015
148955  34.663  -56.440  -19.362 0.1000000015
129904  34.433  -54.976  -18.995 0.1000000015
33670  36.465  -51.702  -16.787 0.1000000015
33684  36.923  -50.774  -16.826 0.1000000015
135277  38.031  -52.181  -15.140 0.1000000015
22812  43.702  -61.457  -25.444 0.1000000015
147958  43.993  -60.850  -25.338 0.1000000015
126078  44.660  -61.006  -25.661 0.1000000015
20964  45.034  -63.030  -26.880 0.1000000015
21917  45.676  -62.651  -27.721 0.1000000015
21006  45.155  -63.815  -29.294 0.1000000015
20040  43.875  -64.210  -30.036 0.1000000015
142685  43.732  -62.190  -25.785 0.1000000015
23670  43.283  -60.724  -25.105 0.1000000015
21910  45.297  -62.217  -26.656 0.1000000015
20974  45.418  -63.340  -27.644 0.1000000015
24538  42.638  -59.573  -24.688 0.1000000015
23653  42.674  -60.279  -24.778 0.1000000015
22799  41.488  -61.122  -24.565 0.1000000015
20949  42.255  -62.784  -25.734 0.1000000015
20965  44.016  -63.350  -26.570 0.1000000015
138995  44.382  -59.394  -25.495 0.1000000015
124854  41.049  -60.588  -24.210 0.1000000015
21876  41.117  -61.961  -24.832 0.1000000015
24553  43.010  -58.998  -24.981 0.1000000015
25491  41.506  -58.507  -24.317 0.1000000015
26563  41.133  -57.814  -24.568 0.1000000015
26571  42.287  -57.571  -25.739 0.1000000015
25502  41.879  -58.073  -24.941 0.1000000015
26572  41.348  -57.358  -25.301 0.1000000015
22798  42.355  -60.902  -24.793 0.1000000015
21008  43.074  -63.505  -29.396 0.1000000015
6962  43.092  -78.502  -8.442 0.1000000015
7750  43.246  -78.046  -9.021 0.1000000015
7751  42.419  -77.861  -9.117 0.1000000015
8556  44.822  -76.232  -7.166 0.1000000015
8605  42.151  -77.271  -9.416 0.1000000015
9431  42.001  -76.601  -9.476 0.1000000015
10161  46.478  -75.101  -6.191 0.1000000015
11033  41.251  -73.032  -7.166 0.1000000015
12140  45.261  -72.475  -26.353 0.1000000015
12826  47.628  -71.461  -11.045 0.1000000015
12827  46.476  -71.564  -11.084 0.1000000015
12831  42.925  -71.765  -11.486 0.1000000015
12852  45.538  -71.631  -11.531 0.1000000015
12868  44.781  -71.748  -12.076 0.1000000015
12869  43.880  -71.980  -12.192 0.1000000015
13004  45.907  -71.281  -25.395 0.1000000015
13655  45.662  -69.824  -3.224 0.1000000015
13776  45.021  -71.311  -12.507 0.1000000015
13778  41.397  -71.058  -13.002 0.1000000015
14578  36.318  -68.834  -5.605 0.1000000015
14654  48.872  -70.332  -10.684 0.1000000015
14685  47.307  -69.967  -13.036 0.1000000015
14692  38.987  -69.027  -13.392 0.1000000015
14783  47.017  -68.738  -25.677 0.3000000119
15513  42.938  -68.905  -3.759 0.1000000015
15550  33.555  -68.104  -6.781 0.1000000015
15551  32.740  -68.576  -6.842 0.1000000015
15576  48.704  -68.603  -8.829 0.1000000015
15582  42.130  -68.457  -8.827 0.1000000015
15612  32.333  -67.990  -9.529 0.1000000015
15710  38.479  -68.692  -14.782 0.1000000015
15737  38.804  -68.156  -16.326 0.1000000015
15805  46.247  -68.381  -21.194 0.1000000015
15806  45.722  -68.481  -21.894 0.1000000015
15857  40.537  -67.778  -26.194 0.2000000030
15868  40.611  -68.068  -26.762 0.1000000015
16607  34.345  -67.698  -6.674 0.1000000015
16620  35.412  -66.951  -7.494 0.1000000015
16632  50.846  -66.357  -8.787 0.1000000015
16679  34.185  -67.194  -10.423 0.1000000015
16697  34.902  -67.324  -11.047 0.1000000015
16698  33.986  -67.381  -11.280 0.1000000015
16699  33.140  -67.727  -11.564 0.1000000015
16743  33.764  -67.812  -14.201 0.1000000015
16756  40.853  -67.901  -15.958 0.1000000015
16758  36.225  -67.537  -15.715 0.1000000015
16761  33.966  -67.696  -15.021 0.1000000015
16771  39.476  -67.639  -16.792 0.1000000015
16776  35.118  -67.524  -16.914 0.1000000015
16793  40.100  -67.355  -17.372 0.1000000015
16812  39.013  -67.496  -18.360 0.1000000015
16830  46.741  -67.316  -22.657 0.2000000030
16854  48.006  -67.237  -25.335 0.2000000030
16869  47.652  -67.395  -25.627 0.1000000015
16870  47.239  -67.598  -25.865 0.1000000015
16873  44.127  -68.142  -25.124 0.1000000015
16875  40.173  -67.286  -25.920 0.2000000030
16906  40.599  -67.671  -27.335 0.1000000015
17714  51.093  -66.121  -8.925 0.1000000015
17838  48.277  -65.930  -23.404 0.2000000030
17842  40.816  -66.306  -22.739 0.1000000015
17852  48.382  -65.712  -24.592 0.2000000030
17857  40.360  -66.460  -23.473 0.1000000015
17858  39.534  -65.953  -23.755 0.1000000015
17869  48.294  -66.497  -25.191 0.2000000030
17888  48.005  -66.887  -25.536 0.2000000030
18633  43.461  -65.531  -1.717 0.1000000015
18645  45.750  -65.397  -2.746 0.1000000015
18686  45.425  -65.357  -7.876 0.1000000015
18766  42.919  -65.397  -11.083 0.4000000060
18814  50.562  -64.758  -15.306 0.2000000030
18852  50.834  -65.034  -18.234 0.1000000015
18886  40.843  -65.447  -21.523 0.1000000015
18933  46.618  -65.934  -24.637 0.1000000015
18934  39.357  -65.703  -24.661 0.3000000119
18946  39.515  -65.397  -25.415 0.2000000030
19664  42.875  -65.135  -0.369 0.1000000015
19716  42.442  -64.419  -6.792 0.4000000060
19786  41.580  -64.968  -10.613 0.5000000000
19796  42.148  -65.259  -10.836 0.5000000000
19838  49.986  -64.558  -14.720 0.2000000030
19846  41.913  -64.270  -14.267 0.4000000060
19859  51.105  -64.239  -15.354 0.2000000030
19863  45.563  -64.087  -15.127 0.4000000060
19886  51.816  -63.656  -17.726 0.1000000015
19911  38.946  -64.423  -20.724 0.2000000030
19919  49.996  -63.843  -20.732 0.2000000030
19923  43.193  -64.484  -21.295 0.1000000015
19925  41.331  -64.767  -20.968 0.1000000015
19928  38.558  -64.544  -21.495 0.1000000015
19943  49.438  -63.625  -22.540 0.2000000030
19945  47.918  -64.201  -23.799 0.2000000030
19949  38.372  -64.575  -22.340 0.2000000030
19957  48.551  -64.587  -24.085 0.2000000030
19970  39.149  -64.826  -24.783 0.1000000015
19971  38.740  -64.641  -23.962 0.3000000119
20747  38.496  -63.076  -8.781 0.5000000000
20763  39.201  -63.565  -9.665 0.5000000000
20764  38.569  -63.177  -9.455 0.5000000000
20776  39.813  -63.905  -10.801 0.5000000000
20777  39.203  -63.537  -10.467 0.5000000000
20788  39.915  -63.882  -11.685 0.5000000000
20819  42.388  -63.872  -14.735 0.4000000060
20833  46.209  -63.673  -15.632 0.4000000060
20864  40.766  -63.188  -19.737 0.1000000015
20865  39.829  -63.393  -19.698 0.2000000030
20866  38.870  -63.551  -19.741 0.2000000030
20873  44.898  -63.044  -20.983 0.1000000015
20878  39.395  -63.994  -20.169 0.2000000030
20885  50.067  -63.227  -21.267 0.3000000119
20891  44.127  -63.460  -20.915 0.1000000015
20906  49.338  -63.333  -22.817 0.2000000030
20923  38.405  -63.828  -23.627 0.2000000030
20963  45.542  -62.635  -27.251 0.1000000015
20984  45.586  -63.180  -28.304 0.1000000015
20985  45.411  -63.313  -28.853 0.1000000015
21594  41.223  -62.989  1.903 0.1000000015
21596  39.727  -62.247  1.174 0.1000000015
21658  45.581  -61.730  -4.209 0.1000000015
21662  41.992  -61.645  -4.842 0.2000000030
21676  38.516  -62.380  -6.738 0.3000000119
21689  37.588  -62.237  -7.869 0.4000000060
21699  37.451  -62.228  -8.708 0.4000000060
21728  37.644  -61.986  -10.522 0.5000000000
21778  50.778  -63.083  -15.327 0.3000000119
21804  37.774  -62.508  -18.850 0.2000000030
21810  51.047  -62.230  -19.935 0.3000000119
21811  43.552  -62.396  -20.022 0.1000000015
21814  40.255  -62.675  -19.246 0.2000000030
21817  37.346  -62.864  -19.690 0.2000000030
21824  51.006  -61.579  -19.963 0.3000000119
21828  44.212  -62.739  -20.448 0.1000000015
21831  36.364  -61.892  -20.364 0.2000000030
21840  49.576  -62.767  -22.263 0.2000000030
21842  47.792  -62.567  -22.061 0.4000000060
21843  46.761  -62.698  -21.499 0.1000000015
21845  36.937  -62.614  -21.459 0.2000000030
21846  36.548  -62.069  -21.071 0.2000000030
21854  49.179  -62.926  -22.863 0.2000000030
21866  38.368  -63.001  -23.575 0.2000000030
21891  44.352  -62.592  -26.299 0.1000000015
21892  42.764  -62.113  -25.470 0.1000000015
22547  42.930  -60.509  -3.220 0.1000000015
22559  42.278  -60.675  -4.265 0.2000000030
22600  36.709  -61.119  -8.463 0.5000000000
22647  40.238  -62.023  -12.975 0.5000000000
22661  41.085  -61.652  -13.469 0.6000000238
22675  42.055  -62.160  -14.428 0.6000000238
22689  44.264  -61.618  -15.983 0.5000000000
22699  51.141  -61.590  -16.990 0.2000000030
22708  51.496  -61.322  -17.696 0.5000000000
22711  37.808  -61.420  -17.763 0.2000000030
22713  36.134  -61.126  -18.073 0.3000000119
22717  51.585  -61.085  -18.630 0.4000000060
22718  42.074  -61.189  -18.839 0.1000000015
22723  37.354  -61.923  -18.351 0.2000000030
22725  35.977  -61.272  -18.761 0.3000000119
22731  51.172  -60.994  -19.563 0.3000000119
22735  42.575  -61.699  -19.347 0.1000000015
22736  41.700  -62.023  -19.206 0.1000000015
22737  40.820  -62.090  -18.952 0.2000000030
22747  50.646  -61.342  -20.336 0.3000000119
22751  45.727  -61.531  -20.197 0.2000000030
22753  36.011  -61.121  -20.151 0.2000000030
22762  50.209  -61.732  -21.029 0.3000000119
22763  49.859  -61.412  -21.136 0.4000000060
22787  39.689  -61.181  -23.804 0.1000000015
22811  44.638  -61.819  -25.952 0.1000000015
22813  42.035  -61.653  -25.002 0.1000000015
23371  38.730  -60.900  2.006 0.1000000015
23493  37.075  -60.305  -10.645 0.5000000000
23524  41.705  -60.241  -13.520 0.5000000000
23525  41.057  -60.749  -13.249 0.5000000000
23562  36.829  -60.315  -16.888 0.3000000119
23563  36.124  -60.279  -17.042 0.3000000119
23565  51.205  -60.590  -18.245 0.5000000000
23566  50.724  -60.197  -17.832 0.4000000060
23569  38.263  -60.734  -17.372 0.3000000119
23571  36.475  -60.781  -17.441 0.3000000119
23575  42.393  -60.315  -18.641 0.2000000030
23578  39.737  -61.104  -17.982 0.2000000030
23590  35.721  -60.896  -19.342 0.2000000030
23601  50.354  -60.592  -20.128 0.3000000119
23602  49.897  -60.806  -20.656 0.3000000119
23603  49.237  -60.471  -20.557 0.3000000119
23605  47.201  -60.742  -20.374 0.4000000060
23606  46.158  -60.793  -19.974 0.3000000119
23607  36.119  -60.506  -20.593 0.3000000119
23619  48.835  -61.043  -21.126 0.4000000060
23621  36.549  -60.155  -21.170 0.4000000060
23628  38.281  -60.614  -22.742 0.3000000119
23637  40.384  -60.509  -23.857 0.2000000030
23639  39.011  -59.914  -22.972 0.3000000119
23652  43.284  -60.047  -24.975 0.1000000015
23669  44.248  -60.188  -25.391 0.1000000015
24291  36.946  -58.923  -5.272 0.2000000030
24330  46.795  -58.930  -8.671 0.1000000015
24371  45.032  -59.210  -9.278 0.1000000015
24428  43.698  -59.476  -14.441 0.5000000000
24444  44.879  -59.777  -15.191 0.5000000000
24447  49.411  -59.296  -17.331 0.4000000060
24448  48.866  -59.315  -16.955 0.4000000060
24450  47.160  -59.612  -16.298 0.4000000060
24451  39.107  -59.199  -16.799 0.3000000119
24452  38.167  -59.467  -16.572 0.3000000119
24455  35.893  -59.082  -16.326 0.3000000119
24458  50.342  -59.565  -18.051 0.4000000060
24459  50.082  -59.742  -17.565 0.4000000060
24460  41.350  -59.261  -17.806 0.3000000119
24463  38.678  -59.940  -17.111 0.3000000119
24466  51.053  -60.295  -18.689 0.4000000060
24468  45.487  -58.909  -18.775 0.3000000119
24471  42.718  -59.486  -18.377 0.2000000030
24484  44.218  -59.772  -18.933 0.3000000119
24485  35.427  -59.991  -19.167 0.3000000119
24496  50.394  -60.058  -19.624 0.3000000119
24498  48.573  -59.930  -20.051 0.3000000119
24501  35.633  -59.637  -19.919 0.2000000030
24529  40.475  -59.170  -23.512 0.2000000030
24539  41.750  -59.277  -24.239 0.2000000030
24552  43.558  -59.497  -25.139 0.1000000015
25264  40.483  -58.748  -8.360 0.2000000030
25282  42.729  -59.616  -8.888 0.2000000030
25344  37.904  -58.485  -11.670 0.5000000000
25345  37.426  -58.862  -11.219 0.5000000000
25359  41.374  -58.165  -13.052 0.5000000000
25372  42.989  -58.119  -13.690 0.5000000000
25381  45.465  -58.073  -14.868 0.5000000000
25399  45.999  -58.529  -15.371 0.5000000000
25400  38.943  -58.150  -15.855 0.3000000119
25401  38.039  -58.302  -15.707 0.3000000119
25403  36.315  -57.971  -15.593 0.3000000119
25407  41.740  -57.946  -17.026 0.5000000000
25408  40.951  -58.284  -16.876 0.4000000060
25412  36.702  -59.119  -16.091 0.3000000119
25413  35.713  -58.271  -16.124 0.2000000030
25416  48.888  -58.426  -17.474 0.4000000060
25417  43.747  -57.991  -17.649 0.3000000119
25421  40.083  -58.846  -17.071 0.4000000060
25422  35.315  -58.628  -16.841 0.2000000030
25423  34.593  -58.018  -18.021 0.2000000030
25433  42.961  -58.812  -18.048 0.3000000119
25435  35.024  -58.869  -17.793 0.2000000030
25439  50.405  -59.587  -18.651 0.4000000060
25440  49.845  -59.195  -18.869 0.4000000060
25441  49.076  -58.855  -19.045 0.3000000119
25443  47.121  -59.022  -19.167 0.3000000119
25444  35.073  -58.420  -19.240 0.2000000030
25454  36.226  -58.688  -20.649 0.2000000030
25470  37.400  -58.723  -21.667 0.3000000119
25471  36.797  -58.242  -21.232 0.3000000119
25478  39.356  -58.312  -22.858 0.2000000030
25480  38.011  -58.240  -22.119 0.3000000119
25484  40.520  -58.570  -23.608 0.2000000030
25490  42.279  -58.784  -24.657 0.1000000015
25501  42.738  -58.400  -25.264 0.1000000015
26257  36.739  -57.069  -0.119 0.1000000015
26315  43.737  -57.677  -6.781 0.1000000015
26340  38.931  -57.994  -8.509 0.3000000119
26418  38.268  -57.814  -11.687 0.5000000000
26445  38.068  -57.186  -14.824 0.2000000030
26461  47.379  -57.249  -16.195 0.4000000060
26481  39.755  -57.922  -16.051 0.4000000060
26488  46.142  -57.217  -17.694 0.3000000119
26491  34.628  -57.360  -17.459 0.2000000030
26495  45.488  -57.879  -18.079 0.2000000030
26496  44.510  -58.052  -17.922 0.3000000119
26497  34.453  -57.201  -18.293 0.2000000030
26500  34.618  -57.078  -19.120 0.2000000030
26557  39.057  -56.999  -23.358 0.2000000030
26564  40.449  -57.564  -24.239 0.2000000030
26573  40.704  -57.229  -24.874 0.1000000015
27271  36.699  -56.328  0.114 0.1000000015
27311  37.558  -55.972  -4.610 0.1000000015
27341  42.569  -56.779  -6.474 0.1000000015
27367  41.996  -56.435  -9.065 0.1000000015
27423  38.872  -56.284  -11.262 0.5000000000
27479  46.227  -56.003  -14.978 0.5000000000
27485  36.987  -56.369  -14.549 0.2000000030
27497  46.775  -56.021  -16.014 0.5000000000
27498  46.620  -56.094  -15.599 0.5000000000
27500  42.278  -56.157  -15.669 0.4000000060
27501  41.358  -56.411  -15.488 0.4000000060
27503  39.487  -56.808  -15.005 0.4000000060
27504  38.777  -57.174  -15.036 0.3000000119
27506  35.846  -56.786  -15.575 0.2000000030
27517  43.658  -56.336  -16.357 0.4000000060
27524  46.692  -56.629  -17.233 0.4000000060
27529  47.296  -56.891  -17.268 0.4000000060
27533  34.889  -56.044  -19.878 0.3000000119
27551  37.373  -56.942  -21.860 0.3000000119
27568  37.864  -56.647  -22.438 0.2000000030
27579  39.386  -56.618  -24.100 0.2000000030
28277  36.903  -55.645  -0.313 0.1000000015
28348  43.507  -55.730  -8.765 0.1000000015
28471  39.349  -55.539  -14.119 0.3000000119
28473  37.414  -55.735  -14.106 0.2000000030
28489  35.667  -56.114  -15.777 0.2000000030
28509  34.334  -55.606  -18.373 0.1000000015
28513  34.732  -55.221  -19.777 0.1000000015
28514  34.537  -55.787  -19.193 0.1000000015
28533  37.314  -56.174  -22.143 0.3000000119
28534  36.373  -55.422  -21.543 0.2000000030
28548  37.731  -55.958  -22.633 0.1000000015
28549  36.808  -55.002  -22.064 0.2000000030
28573  38.718  -55.211  -24.293 0.1000000015
29385  41.186  -54.457  -8.676 0.3000000119
29456  38.916  -54.027  -13.334 0.2000000030
29471  46.158  -54.711  -15.323 0.5000000000
29496  36.340  -54.571  -15.377 0.1000000015
29497  35.835  -54.730  -16.003 0.1000000015
29506  45.687  -54.554  -15.734 0.5000000000
29507  34.701  -54.667  -17.096 0.1000000015
29511  34.469  -54.569  -17.630 0.1000000015
29520  34.406  -54.028  -18.823 0.1000000015
29555  37.285  -54.667  -22.619 0.1000000015
29564  37.724  -54.261  -23.242 0.1000000015
30335  37.886  -53.264  -1.637 0.1000000015
30421  40.299  -53.514  -9.153 0.3000000119
30483  45.163  -52.981  -13.735 0.4000000060
30488  38.356  -53.268  -13.294 0.2000000030
30489  37.693  -53.522  -13.596 0.1000000015
30505  37.143  -53.823  -14.113 0.2000000030
30506  36.748  -54.206  -14.747 0.1000000015
30519  36.534  -54.083  -15.563 0.1000000015
30526  36.044  -53.703  -16.297 0.1000000015
30530  35.307  -53.439  -16.780 0.1000000015
30531  34.711  -53.431  -17.398 0.1000000015
30557  35.226  -53.436  -20.412 0.2000000030
30570  35.831  -53.044  -21.127 0.1000000015
31425  40.465  -52.465  -4.901 0.1000000015
31463  44.828  -51.681  -8.658 0.1000000015
31466  41.694  -51.871  -8.253 0.1000000015
31482  40.532  -52.555  -9.775 0.3000000119
31510  43.931  -51.879  -12.651 0.4000000060
31538  43.316  -51.992  -13.924 0.4000000060
31550  37.678  -52.520  -14.674 0.1000000015
31551  37.191  -53.282  -15.364 0.1000000015
31564  37.977  -52.957  -17.107 0.1000000015
31566  34.669  -52.653  -17.821 0.1000000015
31573  34.587  -52.596  -18.472 0.1000000015
31589  34.857  -52.807  -19.746 0.2000000030
31627  36.217  -52.479  -21.530 0.1000000015
31651  38.138  -52.830  -23.760 0.1000000015
31652  37.694  -52.541  -23.212 0.1000000015
32435  39.427  -51.225  -3.442 0.1000000015
32455  39.602  -51.641  -4.077 0.1000000015
32522  44.059  -50.990  -8.496 0.2000000030
32523  43.098  -51.100  -8.176 0.2000000030
32528  46.180  -51.126  -10.037 0.1000000015
32529  45.562  -51.473  -9.288 0.1000000015
32534  47.197  -51.662  -10.963 0.1000000015
32535  46.830  -51.117  -10.782 0.1000000015
32568  39.799  -50.755  -12.618 0.3000000119
32584  37.865  -52.245  -13.851 0.1000000015
32621  35.374  -52.108  -17.117 0.1000000015
32628  35.092  -51.533  -17.687 0.1000000015
32639  40.213  -52.505  -18.871 0.1000000015
32685  35.955  -51.239  -20.830 0.1000000015
32686  35.468  -51.697  -20.277 0.1000000015
32710  37.420  -51.424  -22.622 0.1000000015
33571  41.700  -50.536  -8.585 0.2000000030
33575  45.005  -50.133  -9.441 0.1000000015
33579  41.612  -49.906  -9.155 0.2000000030
33601  41.035  -49.567  -11.497 0.2000000030
33617  40.523  -49.590  -12.078 0.1000000015
33682  38.901  -51.945  -18.109 0.1000000015
33686  35.391  -50.749  -17.720 0.1000000015
33772  36.513  -50.746  -21.379 0.1000000015
33786  36.986  -51.097  -22.042 0.1000000015
34605  43.595  -49.129  -9.161 0.2000000030
34607  41.952  -49.315  -9.107 0.2000000030
34720  36.328  -49.892  -17.118 0.1000000015
34746  35.987  -49.045  -18.373 0.1000000015
35669  41.100  -48.210  -11.591 0.1000000015
35687  40.766  -48.201  -12.213 0.1000000015
126016  37.154  -58.425  -8.317 0.3000000119
126048  50.642  -61.885  -16.649 0.3000000119
127052  35.012  -66.946  -8.924 0.1000000015
127748  35.784  -59.062  -20.173 0.2000000030
127922  50.327  -59.662  -19.173 0.3000000119
127946  41.177  -70.591  -11.208 0.1000000015
128260  43.936  -65.589  -9.103 0.1000000015
129271  46.900  -64.324  -23.220 0.1000000015
130067  44.979  -61.628  -19.956 0.2000000030
130284  42.260  -59.796  -13.763 0.5000000000
130552  35.069  -56.050  -16.448 0.2000000030
130610  42.457  -58.528  -17.713 0.3000000119
130646  38.350  -59.838  -22.560 0.3000000119
131320  47.409  -56.773  -16.892 0.4000000060
131515  50.509  -62.716  -20.677 0.2000000030
131547  37.146  -61.435  -9.942 0.5000000000
131897  45.912  -71.041  -12.470 0.1000000015
132105  48.173  -63.556  -15.459 0.2000000030
133034  37.247  -52.951  -22.697 0.1000000015
133512  36.344  -53.016  -21.735 0.1000000015
133761  33.394  -68.719  -6.411 0.1000000015
133982  34.374  -54.013  -17.923 0.1000000015
134124  41.106  -48.753  -11.226 0.2000000030
134734  40.367  -65.848  -22.253 0.1000000015
135193  45.011  -52.721  -14.281 0.4000000060
135723  42.740  -54.046  -8.355 0.1000000015
135760  39.584  -63.186  -24.695 0.2000000030
135941  38.328  -60.932  -0.169 0.1000000015
136040  34.013  -69.965  -6.148 0.1000000015
136157  43.692  -54.185  -8.392 0.1000000015
136195  43.132  -60.976  -14.767 0.5000000000
136523  39.795  -59.462  -23.248 0.2000000030
137006  45.681  -54.414  -14.175 0.5000000000
137322  35.005  -56.826  -19.805 0.1000000015
137551  37.305  -57.198  -6.354 0.1000000015
137634  38.259  -77.188  -8.877 0.1000000015
137809  35.282  -55.519  -20.422 0.2000000030
138038  35.211  -54.696  -16.551 0.1000000015
138872  41.820  -51.182  -11.214 0.4000000060
139111  42.266  -71.685  -11.959 0.1000000015
139441  44.291  -58.638  -18.306 0.3000000119
139446  34.647  -55.963  -17.055 0.1000000015
139574  48.684  -61.240  -16.809 0.4000000060
140040  38.478  -51.774  -2.335 0.1000000015
140372  36.826  -67.514  -17.328 0.1000000015
140724  46.492  -58.511  -7.914 0.1000000015
140865  36.948  -78.272  -7.587 0.1000000015
141418  42.356  -69.896  -4.266 0.1000000015
141693  36.910  -57.710  -15.259 0.3000000119
143168  37.232  -57.114  -0.707 0.1000000015
143346  42.807  -61.373  -25.166 0.1000000015
143675  41.321  -64.245  -20.618 0.1000000015
143693  32.812  -67.646  -8.236 0.1000000015
143703  50.891  -62.566  -15.929 0.3000000119
143783  37.406  -62.321  -22.347 0.2000000030
144201  41.940  -64.629  -13.872 0.4000000060
144293  42.393  -71.740  -12.585 0.1000000015
144444  47.366  -57.738  -18.217 0.4000000060
144956  37.361  -78.410  -7.147 0.1000000015
145169  36.117  -67.551  -11.758 0.1000000015
145782  43.765  -67.716  -24.607 0.1000000015
145979  51.983  -62.913  -18.180 0.1000000015
146113  34.854  -58.470  -18.521 0.2000000030
146115  34.697  -67.489  -14.881 0.1000000015
146152  46.397  -62.302  -3.648 0.1000000015
146485  40.236  -53.182  -9.540 0.3000000119
146570  48.347  -61.821  -21.605 0.4000000060
146748  42.072  -54.132  -5.521 0.1000000015
147218  50.667  -60.886  -20.051 0.3000000119
147265  43.731  -60.579  -14.988 0.5000000000
147308  43.785  -77.489  -8.596 0.1000000015
147318  43.764  -52.189  -14.173 0.4000000060
147354  36.948  -60.790  -10.147 0.5000000000
147644  51.399  -62.496  -16.239 0.2000000030
147689  42.354  -50.818  -3.960 0.1000000015
147851  46.186  -69.515  -26.163 0.2000000030
147903  41.375  -64.422  -7.478 0.4000000060
148274  36.724  -56.751  -14.907 0.3000000119
148872  45.169  -56.245  -13.975 0.5000000000
148986  37.323  -63.188  -20.307 0.2000000030
149024  40.289  -63.875  -7.439 0.4000000060
149578  40.159  -62.955  -24.945 0.1000000015
149621  43.076  -62.630  -20.104 0.1000000015
149739  45.917  -67.879  -21.788 0.1000000015
150211  38.456  -57.796  -22.433 0.3000000119
150232  46.020  -70.192  -26.301 0.2000000030
150516  42.948  -70.345  -10.259 0.1000000015
150531  40.268  -62.206  -18.802 0.2000000030
150577  38.114  -62.720  -10.070 0.5000000000
150648  38.001  -54.373  -5.319 0.1000000015
150892  40.344  -64.253  -11.095 0.5000000000
150964  44.354  -58.111  -14.265 0.5000000000
