#!ascii label  , from subject sub-v2s17x50048_ses-1 vox2ras=TkReg
1284
46425  -41.303  -28.449  24.447 0.0000000000
57432  -53.296  -14.316  19.611 0.0000000000
53319  -46.098  -20.919  23.148 0.0000000000
28663  -12.067  -48.165  42.863 0.0000000000
44742  -38.090  -30.697  31.136 0.0000000000
32310  -27.927  -44.924  43.614 0.0000000000
34232  -35.873  -42.218  41.216 0.0000000000
116764  -39.914  -37.700  36.150 0.0000000000
42095  -40.951  -33.342  35.518 0.0000000000
32388  -20.027  -44.023  39.787 0.0000000000
30501  -24.344  -46.294  44.529 0.0000000000
32392  -24.414  -44.033  39.118 0.0000000000
36181  -32.289  -40.897  36.946 0.0000000000
36215  -36.394  -40.177  36.017 0.0000000000
45533  -45.223  -29.374  30.473 0.0000000000
47252  -47.472  -27.679  27.569 0.0000000000
55006  -50.449  -18.702  21.214 0.0000000000
50122  -43.451  -24.602  23.166 0.0000000000
57483  -50.369  -15.692  15.377 0.0000000000
26993  -8.409  -50.887  42.536 0.0000000000
43846  -42.968  -30.893  33.715 0.0000000000
100345  -39.368  -29.551  27.813 0.0000000000
35245  -27.884  -41.298  38.678 0.0000000000
104336  -32.573  -43.593  42.066 0.0000000000
50926  -49.547  -23.658  26.267 0.0000000000
60179  -56.083  -12.060  11.659 0.0000000000
38778  -38.582  -37.504  34.573 0.0000000000
39625  -39.152  -35.929  33.849 0.0000000000
32406  -22.307  -44.248  39.007 0.0000000000
37132  -33.880  -39.828  34.174 0.0000000000
37134  -36.646  -39.084  34.580 0.0000000000
37101  -38.553  -39.312  36.519 0.0000000000
45588  -43.786  -29.342  28.013 0.0000000000
45552  -46.603  -28.897  29.267 0.0000000000
47263  -44.872  -28.072  26.092 0.0000000000
56636  -51.703  -16.405  20.179 0.0000000000
116842  -53.173  -17.170  22.623 0.0000000000
59216  -55.124  -13.557  19.270 0.0000000000
29599  -10.487  -48.048  40.530 0.0000000000
27828  -9.713  -49.754  43.069 0.0000000000
114722  -39.036  -31.877  33.010 0.0000000000
100999  -41.554  -31.708  34.219 0.0000000000
44731  -39.942  -30.779  32.310 0.0000000000
45528  -40.860  -29.615  30.355 0.0000000000
113319  -38.844  -29.684  29.555 0.0000000000
31432  -25.820  -45.354  43.567 0.0000000000
31396  -26.244  -45.595  46.862 0.0000000000
31387  -28.147  -45.546  46.321 0.0000000000
32293  -29.861  -45.043  44.915 0.0000000000
36208  -25.956  -40.259  35.992 0.0000000000
37099  -28.097  -39.264  36.641 0.0000000000
35230  -33.997  -41.711  39.425 0.0000000000
35228  -32.003  -41.636  39.472 0.0000000000
34231  -34.169  -42.227  42.290 0.0000000000
111650  -33.804  -43.838  44.766 0.0000000000
32342  -15.530  -44.539  41.513 0.0000000000
31408  -17.568  -45.341  45.158 0.0000000000
30430  -17.080  -46.648  47.362 0.0000000000
51761  -44.610  -22.436  23.287 0.0000000000
50115  -46.920  -24.025  24.848 0.0000000000
51755  -48.129  -22.086  24.986 0.0000000000
61769  -57.276  -9.238  10.690 0.0000000000
26925  -10.999  -50.212  46.606 0.0000000000
38754  -41.633  -37.159  37.755 0.0000000000
101273  -41.991  -34.572  38.257 0.0000000000
40413  -40.457  -35.293  35.579 0.0000000000
41286  -39.334  -34.076  33.722 0.0000000000
32327  -19.879  -44.870  42.631 0.0000000000
30483  -21.679  -46.661  44.542 0.0000000000
109691  -21.734  -45.611  41.680 0.0000000000
31464  -24.388  -45.225  41.562 0.0000000000
32375  -26.216  -44.272  40.706 0.0000000000
99457  -29.932  -39.655  35.170 0.0000000000
36232  -32.298  -40.337  34.833 0.0000000000
35286  -34.040  -41.099  36.554 0.0000000000
35232  -36.861  -42.329  39.026 0.0000000000
36166  -38.688  -40.827  38.296 0.0000000000
37895  -40.892  -38.846  38.251 0.0000000000
33305  -17.788  -42.775  40.101 0.0000000000
45493  -46.531  -29.139  33.771 0.0000000000
46306  -49.387  -28.506  35.312 0.0000000000
45503  -47.661  -29.044  32.415 0.0000000000
46358  -49.436  -28.178  30.754 0.0000000000
54150  -48.695  -20.035  21.912 0.0000000000
53312  -49.311  -20.031  24.886 0.0000000000
54987  -51.207  -18.841  23.649 0.0000000000
21842  -3.146  -56.140  44.374 0.0000000000
48307  -42.259  -26.430  23.436 0.0000000000
51768  -42.635  -22.707  22.213 0.0000000000
102984  -46.347  -20.817  20.605 0.0000000000
54187  -48.091  -19.017  19.622 0.0000000000
56643  -48.790  -16.820  19.230 0.0000000000
57445  -50.396  -15.050  18.274 0.0000000000
58324  -52.287  -14.743  17.827 0.0000000000
113919  -48.642  -15.401  16.667 0.0000000000
26066  -9.119  -51.194  46.408 0.0000000000
25173  -7.017  -52.515  45.621 0.0000000000
24241  -5.020  -54.011  45.654 0.0000000000
44678  -45.885  -30.992  37.269 0.0000000000
42064  -42.418  -33.136  37.424 0.0000000000
43828  -44.404  -31.571  36.096 0.0000000000
44707  -45.014  -30.504  35.336 0.0000000000
44747  -43.296  -29.593  31.685 0.0000000000
118775  -42.432  -29.388  28.962 0.0000000000
45608  -41.058  -29.420  26.047 0.0000000000
30452  -24.076  -46.398  47.313 0.0000000000
34282  -25.828  -42.838  38.015 0.0000000000
117082  -27.844  -43.036  39.844 0.0000000000
36163  -30.006  -40.804  38.369 0.0000000000
118243  -30.195  -42.197  39.921 0.0000000000
104567  -29.902  -44.827  42.242 0.0000000000
32295  -31.576  -44.988  44.652 0.0000000000
29600  -11.813  -47.203  40.417 0.0000000000
31457  -14.027  -45.669  40.875 0.0000000000
116955  -13.369  -47.261  43.159 0.0000000000
48277  -45.561  -26.479  25.425 0.0000000000
48263  -49.000  -25.875  27.103 0.0000000000
49232  -51.754  -25.216  27.709 0.0000000000
52480  -50.659  -21.567  26.727 0.0000000000
57460  -53.927  -15.282  17.259 0.0000000000
107064  -55.879  -15.894  15.641 0.0000000000
59241  -57.720  -13.185  14.790 0.0000000000
59257  -55.265  -13.477  12.445 0.0000000000
61011  -58.364  -11.077  13.575 0.0000000000
38793  -37.493  -37.614  33.476 0.0000000000
116485  -37.885  -36.836  33.095 0.0000000000
39634  -36.917  -37.002  32.002 0.0000000000
37956  -35.682  -38.728  33.148 0.0000000000
37957  -36.356  -38.454  33.293 0.0000000000
37939  -36.970  -38.405  33.883 0.0000000000
45609  -42.721  -29.140  26.174 0.0000000000
103769  -43.810  -28.840  26.331 0.0000000000
47283  -42.910  -28.292  25.134 0.0000000000
57420  -52.835  -15.125  20.077 0.0000000000
56638  -53.159  -15.668  20.868 0.0000000000
57421  -53.623  -14.773  20.445 0.0000000000
58289  -54.956  -13.483  20.593 0.0000000000
59209  -54.263  -13.865  19.038 0.0000000000
28686  -11.055  -48.223  41.641 0.0000000000
28685  -10.506  -48.448  41.261 0.0000000000
28652  -10.851  -48.885  42.876 0.0000000000
43853  -38.754  -31.499  32.357 0.0000000000
43854  -39.414  -31.305  32.672 0.0000000000
104702  -38.846  -30.546  31.383 0.0000000000
44753  -39.357  -29.999  30.939 0.0000000000
45525  -38.135  -29.905  30.091 0.0000000000
31383  -19.312  -45.768  46.273 0.0000000000
32309  -27.108  -44.895  43.342 0.0000000000
31414  -26.892  -45.217  45.196 0.0000000000
32291  -28.348  -45.051  44.645 0.0000000000
31399  -28.783  -45.492  45.851 0.0000000000
32292  -29.122  -45.001  44.795 0.0000000000
34249  -35.492  -42.289  40.391 0.0000000000
35214  -34.077  -41.817  40.397 0.0000000000
35187  -34.796  -42.104  42.342 0.0000000000
34219  -34.532  -42.366  43.079 0.0000000000
32307  -18.353  -44.349  43.468 0.0000000000
31393  -18.421  -45.334  45.499 0.0000000000
31382  -18.557  -45.767  46.465 0.0000000000
44688  -47.696  -30.217  37.297 0.0000000000
52515  -45.607  -21.316  23.256 0.0000000000
51753  -46.588  -22.480  24.260 0.0000000000
52517  -47.023  -20.874  24.021 0.0000000000
39570  -41.192  -36.824  37.025 0.0000000000
40386  -41.216  -35.877  36.869 0.0000000000
39597  -40.343  -36.157  35.703 0.0000000000
40444  -39.300  -35.056  33.679 0.0000000000
104918  -38.505  -33.936  32.599 0.0000000000
42128  -38.447  -33.154  32.599 0.0000000000
32368  -19.680  -44.206  40.890 0.0000000000
31444  -20.660  -45.450  42.399 0.0000000000
32348  -20.990  -45.002  40.884 0.0000000000
32407  -23.092  -44.010  38.781 0.0000000000
31477  -23.093  -45.070  40.659 0.0000000000
32373  -24.232  -44.506  39.807 0.0000000000
32349  -24.906  -44.819  41.011 0.0000000000
32393  -25.053  -44.204  39.645 0.0000000000
37131  -31.221  -39.816  33.903 0.0000000000
36214  -35.675  -40.083  35.485 0.0000000000
36213  -34.429  -40.462  35.485 0.0000000000
36200  -35.545  -40.656  36.235 0.0000000000
35273  -35.443  -41.527  37.445 0.0000000000
35275  -37.096  -41.381  37.819 0.0000000000
35253  -37.542  -41.679  38.467 0.0000000000
36165  -37.844  -40.969  37.813 0.0000000000
37929  -39.479  -38.328  36.274 0.0000000000
37102  -39.432  -38.980  36.885 0.0000000000
37918  -40.212  -38.234  36.882 0.0000000000
37907  -41.358  -38.048  38.042 0.0000000000
33306  -18.592  -43.091  39.841 0.0000000000
113694  -45.277  -29.459  31.872 0.0000000000
45502  -46.790  -29.201  32.807 0.0000000000
45517  -46.562  -29.306  31.094 0.0000000000
46383  -47.022  -28.256  28.069 0.0000000000
46357  -47.868  -28.731  30.102 0.0000000000
47234  -48.898  -28.001  29.137 0.0000000000
47235  -49.672  -27.759  29.321 0.0000000000
47244  -49.381  -27.528  28.629 0.0000000000
54158  -49.389  -19.617  21.423 0.0000000000
54152  -50.243  -19.291  22.539 0.0000000000
54994  -51.014  -18.772  22.706 0.0000000000
55824  -54.413  -16.625  23.195 0.0000000000
54171  -46.825  -20.331  19.977 0.0000000000
54199  -46.336  -19.233  19.006 0.0000000000
55874  -47.292  -17.257  18.939 0.0000000000
56660  -48.272  -16.196  18.644 0.0000000000
56644  -49.657  -16.574  19.298 0.0000000000
57443  -48.661  -15.505  18.106 0.0000000000
57456  -49.156  -15.292  17.342 0.0000000000
99833  -8.637  -49.828  40.989 0.0000000000
26090  -7.765  -51.785  42.816 0.0000000000
26911  -10.526  -50.836  48.707 0.0000000000
26924  -10.456  -50.386  46.031 0.0000000000
26061  -9.360  -51.273  47.418 0.0000000000
25168  -7.100  -52.625  46.523 0.0000000000
24234  -6.674  -53.206  46.683 0.0000000000
114458  -5.963  -53.183  45.307 0.0000000000
24238  -5.485  -53.945  46.065 0.0000000000
22601  -4.880  -54.770  45.833 0.0000000000
42082  -41.444  -33.899  36.676 0.0000000000
41219  -42.239  -33.724  38.146 0.0000000000
42968  -41.446  -33.268  36.110 0.0000000000
43845  -42.347  -31.270  33.967 0.0000000000
43826  -43.003  -31.992  35.231 0.0000000000
43836  -43.243  -31.372  34.442 0.0000000000
118899  -44.536  -31.127  35.511 0.0000000000
44716  -43.776  -30.605  33.837 0.0000000000
44725  -44.415  -30.024  33.500 0.0000000000
116372  -43.717  -30.121  33.104 0.0000000000
45546  -40.615  -29.523  29.378 0.0000000000
103633  -41.393  -29.469  29.773 0.0000000000
45562  -40.846  -29.493  28.345 0.0000000000
45585  -41.602  -29.459  27.899 0.0000000000
45584  -39.868  -29.545  27.023 0.0000000000
30485  -23.416  -46.778  44.804 0.0000000000
30467  -22.634  -46.948  45.593 0.0000000000
30469  -24.597  -46.042  46.560 0.0000000000
100982  -27.142  -40.411  37.660 0.0000000000
35266  -26.027  -41.528  37.029 0.0000000000
35244  -27.041  -41.623  38.289 0.0000000000
34261  -26.883  -42.893  39.065 0.0000000000
34285  -28.215  -41.934  39.149 0.0000000000
103174  -31.009  -40.333  35.890 0.0000000000
115741  -30.135  -39.917  36.092 0.0000000000
36180  -31.370  -40.717  37.212 0.0000000000
34247  -32.343  -42.313  40.669 0.0000000000
34266  -30.863  -42.030  40.020 0.0000000000
33294  -31.350  -43.511  40.695 0.0000000000
33292  -29.996  -43.618  40.370 0.0000000000
32356  -31.331  -44.662  41.837 0.0000000000
32313  -31.037  -44.887  43.860 0.0000000000
32332  -32.374  -44.127  43.059 0.0000000000
36143  -39.812  -40.530  41.204 0.0000000000
31458  -14.719  -45.201  41.288 0.0000000000
30510  -14.464  -46.113  42.579 0.0000000000
30509  -13.758  -46.496  42.086 0.0000000000
29512  -17.509  -47.324  49.248 0.0000000000
49301  -43.362  -25.441  23.458 0.0000000000
48295  -44.334  -26.304  24.644 0.0000000000
49288  -44.695  -25.492  24.369 0.0000000000
102400  -48.203  -23.965  25.544 0.0000000000
49271  -47.949  -24.998  26.000 0.0000000000
50085  -49.132  -24.461  26.355 0.0000000000
49230  -49.819  -25.741  27.344 0.0000000000
104306  -50.028  -24.367  26.824 0.0000000000
54124  -50.782  -19.623  25.464 0.0000000000
53300  -49.677  -20.462  25.542 0.0000000000
53284  -51.528  -20.331  27.023 0.0000000000
57458  -51.233  -15.449  16.846 0.0000000000
57459  -52.960  -15.168  17.325 0.0000000000
57473  -52.554  -16.036  16.271 0.0000000000
57487  -54.370  -15.963  14.879 0.0000000000
57499  -55.673  -15.395  14.263 0.0000000000
57501  -57.185  -15.058  15.125 0.0000000000
58359  -56.190  -14.800  13.826 0.0000000000
60177  -54.742  -12.342  11.589 0.0000000000
60166  -54.348  -12.663  12.119 0.0000000000
60167  -55.684  -12.877  12.045 0.0000000000
60154  -56.915  -12.984  13.293 0.0000000000
61021  -56.970  -11.462  12.204 0.0000000000
61022  -57.687  -10.274  12.135 0.0000000000
61770  -57.960  -8.795  10.474 0.0000000000
100346  -39.023  -37.756  35.244 0.0000000000
39596  -39.818  -36.632  35.225 0.0000000000
39609  -38.883  -36.714  34.170 0.0000000000
39636  -38.223  -36.068  32.718 0.0000000000
102170  -20.834  -44.454  39.698 0.0000000000
37158  -34.405  -39.466  33.593 0.0000000000
37118  -35.680  -39.541  34.638 0.0000000000
37119  -36.452  -39.614  35.292 0.0000000000
37100  -37.818  -39.784  36.503 0.0000000000
37927  -37.750  -38.999  35.439 0.0000000000
37941  -38.290  -38.305  35.108 0.0000000000
45550  -44.389  -29.315  29.397 0.0000000000
45551  -45.796  -29.215  29.690 0.0000000000
46370  -45.296  -28.976  28.128 0.0000000000
46381  -45.309  -28.694  27.266 0.0000000000
47251  -46.698  -27.972  27.304 0.0000000000
55853  -51.443  -17.274  20.697 0.0000000000
55821  -51.822  -17.896  21.859 0.0000000000
55840  -52.148  -17.262  21.456 0.0000000000
56611  -53.831  -16.547  22.490 0.0000000000
58328  -56.130  -14.686  18.376 0.0000000000
27843  -9.185  -49.530  41.516 0.0000000000
26994  -9.090  -50.196  42.822 0.0000000000
42989  -39.972  -32.500  34.211 0.0000000000
42979  -41.187  -32.935  35.448 0.0000000000
43844  -40.183  -31.735  33.690 0.0000000000
107082  -40.799  -31.179  33.306 0.0000000000
102287  -41.694  -30.572  32.872 0.0000000000
44745  -41.644  -30.081  32.023 0.0000000000
44744  -40.619  -30.265  31.777 0.0000000000
45527  -39.965  -29.707  30.250 0.0000000000
103632  -39.111  -29.576  28.787 0.0000000000
114319  -25.277  -45.748  44.272 0.0000000000
31412  -25.111  -45.834  45.599 0.0000000000
31413  -25.963  -45.427  45.323 0.0000000000
31386  -27.607  -45.617  46.715 0.0000000000
30472  -29.596  -46.112  45.749 0.0000000000
37097  -26.760  -39.488  36.552 0.0000000000
37082  -27.712  -39.588  37.168 0.0000000000
102694  -33.345  -41.425  38.131 0.0000000000
35269  -31.918  -41.094  37.861 0.0000000000
35229  -33.255  -41.625  39.571 0.0000000000
34248  -33.029  -42.222  40.948 0.0000000000
34229  -32.898  -42.677  41.466 0.0000000000
33261  -33.095  -43.485  43.152 0.0000000000
119635  -33.696  -43.028  43.210 0.0000000000
33285  -16.721  -43.302  40.798 0.0000000000
32343  -16.426  -44.060  41.896 0.0000000000
31406  -16.030  -45.689  44.293 0.0000000000
30463  -16.326  -46.307  45.789 0.0000000000
30464  -16.992  -46.112  46.254 0.0000000000
50966  -44.442  -23.333  23.425 0.0000000000
104976  -45.848  -24.620  24.520 0.0000000000
50959  -46.417  -23.421  24.394 0.0000000000
50960  -47.130  -23.165  24.649 0.0000000000
50945  -48.383  -23.164  25.336 0.0000000000
57494  -50.001  -15.197  14.727 0.0000000000
100170  -51.997  -16.106  15.514 0.0000000000
58349  -50.689  -14.698  14.200 0.0000000000
61030  -54.799  -11.659  11.049 0.0000000000
61041  -56.249  -10.415  10.772 0.0000000000
61040  -55.280  -10.775  10.549 0.0000000000
61767  -55.118  -9.982  10.102 0.0000000000
28634  -12.631  -48.698  45.188 0.0000000000
104725  -11.667  -49.325  44.936 0.0000000000
40369  -42.757  -35.120  39.849 0.0000000000
40378  -42.002  -35.475  38.300 0.0000000000
40399  -41.099  -35.119  36.763 0.0000000000
116426  -40.518  -34.575  35.437 0.0000000000
40427  -39.642  -35.464  34.368 0.0000000000
41272  -39.751  -34.554  34.349 0.0000000000
42107  -39.911  -33.494  34.488 0.0000000000
42119  -39.376  -33.069  33.750 0.0000000000
43010  -38.497  -32.254  32.550 0.0000000000
31428  -19.706  -44.965  43.636 0.0000000000
30482  -20.874  -46.242  44.724 0.0000000000
31429  -20.437  -45.515  43.220 0.0000000000
30511  -21.747  -46.185  42.954 0.0000000000
30512  -22.732  -46.303  43.070 0.0000000000
31476  -22.276  -45.025  40.514 0.0000000000
100235  -23.086  -45.824  42.178 0.0000000000
116915  -24.347  -45.766  42.797 0.0000000000
31448  -24.735  -45.430  42.346 0.0000000000
31465  -26.006  -44.872  42.101 0.0000000000
31466  -26.791  -44.735  42.377 0.0000000000
36231  -31.421  -40.141  34.637 0.0000000000
114089  -32.225  -40.564  35.585 0.0000000000
36233  -33.261  -40.241  34.682 0.0000000000
36211  -32.913  -40.573  35.425 0.0000000000
35285  -33.160  -41.093  36.745 0.0000000000
35272  -34.630  -41.531  37.508 0.0000000000
34267  -35.452  -42.334  39.477 0.0000000000
34250  -36.447  -42.487  40.540 0.0000000000
34234  -37.274  -42.085  41.696 0.0000000000
103360  -37.843  -42.145  40.304 0.0000000000
35234  -38.505  -41.644  39.807 0.0000000000
36151  -39.923  -40.466  40.023 0.0000000000
37085  -38.948  -39.690  37.215 0.0000000000
37072  -40.104  -39.715  38.400 0.0000000000
99830  -40.392  -39.892  39.453 0.0000000000
37062  -41.523  -38.824  39.993 0.0000000000
33286  -17.433  -43.087  40.817 0.0000000000
45472  -46.616  -29.223  35.295 0.0000000000
115835  -47.826  -28.607  35.124 0.0000000000
46330  -48.500  -28.457  34.103 0.0000000000
46332  -50.045  -27.899  33.450 0.0000000000
102827  -47.269  -29.032  30.516 0.0000000000
99705  -48.945  -28.451  31.272 0.0000000000
53332  -47.342  -20.610  22.680 0.0000000000
53321  -47.524  -20.577  23.540 0.0000000000
54142  -48.901  -19.963  23.017 0.0000000000
54134  -49.993  -19.611  24.293 0.0000000000
54966  -51.826  -18.815  24.889 0.0000000000
54996  -52.277  -18.110  23.160 0.0000000000
54977  -52.627  -18.380  24.725 0.0000000000
46444  -40.816  -27.924  23.738 0.0000000000
47301  -42.277  -27.499  24.229 0.0000000000
48306  -41.475  -26.646  23.181 0.0000000000
48320  -41.898  -25.979  22.846 0.0000000000
50134  -42.653  -24.601  22.654 0.0000000000
113655  -43.081  -23.995  22.753 0.0000000000
51769  -43.425  -22.332  22.501 0.0000000000
52522  -44.504  -21.487  22.439 0.0000000000
53329  -44.953  -21.168  22.089 0.0000000000
53342  -45.747  -20.988  21.513 0.0000000000
53358  -47.182  -20.605  20.771 0.0000000000
54173  -48.328  -19.683  20.317 0.0000000000
54188  -48.823  -19.235  20.219 0.0000000000
55047  -46.878  -17.834  18.980 0.0000000000
55861  -48.497  -17.845  19.466 0.0000000000
118223  -50.059  -17.831  20.069 0.0000000000
55863  -50.219  -17.167  19.752 0.0000000000
56646  -51.271  -15.997  19.464 0.0000000000
58301  -52.062  -14.638  18.844 0.0000000000
58312  -52.611  -14.530  18.498 0.0000000000
58310  -50.912  -14.886  17.920 0.0000000000
57457  -50.654  -15.164  17.243 0.0000000000
102224  -49.925  -15.707  15.992 0.0000000000
57493  -49.277  -15.099  14.913 0.0000000000
103656  -10.650  -49.564  44.090 0.0000000000
26957  -9.284  -50.613  44.414 0.0000000000
105325  -8.625  -51.050  44.123 0.0000000000
26060  -8.460  -51.779  47.378 0.0000000000
26071  -8.224  -51.558  45.333 0.0000000000
26081  -7.807  -51.865  43.750 0.0000000000
112982  -6.895  -52.691  44.132 0.0000000000
24243  -5.315  -53.765  44.153 0.0000000000
23407  -4.587  -54.364  43.787 0.0000000000
22614  -3.753  -54.978  44.993 0.0000000000
44686  -46.530  -30.522  36.742 0.0000000000
42947  -43.625  -32.540  38.567 0.0000000000
106097  -41.810  -32.754  35.691 0.0000000000
116890  -43.161  -32.605  36.863 0.0000000000
43812  -45.486  -31.327  37.432 0.0000000000
44698  -45.918  -30.554  36.462 0.0000000000
45458  -46.447  -29.946  35.999 0.0000000000
45482  -46.143  -29.319  34.646 0.0000000000
45491  -44.925  -29.661  33.098 0.0000000000
45514  -43.769  -29.431  31.135 0.0000000000
45513  -42.059  -29.613  31.191 0.0000000000
111445  -42.922  -29.470  31.016 0.0000000000
45549  -43.635  -29.349  29.788 0.0000000000
45565  -43.050  -29.380  28.526 0.0000000000
117490  -42.303  -29.356  26.677 0.0000000000
46408  -40.921  -29.084  25.103 0.0000000000
44761  -37.191  -30.278  30.148 0.0000000000
45543  -37.558  -29.867  29.548 0.0000000000
45582  -37.936  -29.682  27.575 0.0000000000
100759  -38.311  -29.680  26.760 0.0000000000
45606  -38.891  -29.661  26.006 0.0000000000
45625  -39.199  -29.538  25.285 0.0000000000
46424  -39.403  -28.899  24.104 0.0000000000
102081  -40.017  -28.317  23.675 0.0000000000
30453  -24.985  -46.097  47.463 0.0000000000
110924  -24.344  -43.033  37.236 0.0000000000
34297  -25.540  -42.423  37.293 0.0000000000
33331  -25.386  -43.440  38.450 0.0000000000
33310  -26.408  -43.533  39.424 0.0000000000
32376  -27.035  -44.111  40.945 0.0000000000
32353  -28.148  -44.498  41.886 0.0000000000
37117  -29.078  -39.417  35.913 0.0000000000
113599  -29.104  -39.949  37.432 0.0000000000
36162  -29.123  -40.659  38.488 0.0000000000
35247  -30.519  -41.276  38.950 0.0000000000
35246  -29.644  -41.182  39.003 0.0000000000
114597  -28.806  -41.227  38.973 0.0000000000
34243  -29.032  -42.622  39.846 0.0000000000
33273  -28.787  -44.203  41.122 0.0000000000
102032  -29.011  -44.647  42.036 0.0000000000
111491  -30.233  -44.927  44.302 0.0000000000
32294  -30.628  -45.072  44.830 0.0000000000
29618  -11.235  -47.213  39.864 0.0000000000
29588  -11.699  -47.721  41.408 0.0000000000
32364  -14.086  -44.867  39.767 0.0000000000
31485  -13.324  -45.460  39.432 0.0000000000
30518  -12.994  -46.591  40.871 0.0000000000
29589  -12.537  -47.369  41.946 0.0000000000
29574  -12.694  -47.680  42.846 0.0000000000
28635  -13.342  -48.228  45.386 0.0000000000
29523  -16.146  -47.220  47.737 0.0000000000
47303  -43.917  -27.163  24.942 0.0000000000
47286  -45.236  -27.296  25.714 0.0000000000
47266  -47.112  -27.236  26.873 0.0000000000
49269  -46.603  -25.349  25.352 0.0000000000
48279  -47.032  -25.893  25.957 0.0000000000
48244  -47.867  -26.934  27.146 0.0000000000
48246  -49.441  -26.471  27.619 0.0000000000
52508  -48.195  -21.030  24.958 0.0000000000
52495  -48.793  -21.594  25.372 0.0000000000
51723  -49.816  -22.806  26.204 0.0000000000
109407  -53.841  -14.251  18.444 0.0000000000
58326  -54.317  -14.608  17.930 0.0000000000
57462  -56.072  -15.378  17.586 0.0000000000
113740  -53.253  -16.204  15.706 0.0000000000
57476  -55.515  -15.857  16.558 0.0000000000
57477  -56.718  -15.655  16.568 0.0000000000
57490  -57.530  -15.127  15.984 0.0000000000
59232  -58.356  -12.855  15.900 0.0000000000
58358  -54.640  -14.330  13.197 0.0000000000
106801  -56.514  -14.034  13.473 0.0000000000
59247  -57.504  -12.826  14.058 0.0000000000
61757  -58.182  -9.487  11.728 0.0000000000
38806  -36.647  -37.586  32.426 0.0000000000
116578  -37.234  -37.284  32.728 0.0000000000
37970  -36.116  -38.146  32.555 0.0000000000
38792  -36.811  -37.935  33.059 0.0000000000
46409  -42.366  -28.830  25.447 0.0000000000
103777  -43.297  -28.710  25.760 0.0000000000
46426  -42.190  -28.198  24.674 0.0000000000
57431  -52.601  -14.596  19.370 0.0000000000
58288  -54.143  -13.940  20.039 0.0000000000
59210  -54.794  -13.603  19.779 0.0000000000
58303  -53.816  -13.995  19.306 0.0000000000
28662  -11.437  -48.311  42.354 0.0000000000
28653  -11.614  -48.641  43.351 0.0000000000
43867  -38.401  -31.064  31.770 0.0000000000
44752  -38.525  -30.202  30.761 0.0000000000
106629  -37.841  -30.383  30.605 0.0000000000
102021  -20.002  -46.042  46.881 0.0000000000
31384  -19.975  -45.903  45.887 0.0000000000
31434  -27.496  -45.092  44.415 0.0000000000
32311  -28.749  -44.887  43.835 0.0000000000
35200  -35.109  -42.000  41.398 0.0000000000
35188  -35.809  -42.042  42.281 0.0000000000
106488  -18.895  -45.514  45.908 0.0000000000
52516  -46.344  -21.116  23.679 0.0000000000
38760  -40.582  -37.361  36.566 0.0000000000
39582  -40.756  -36.490  36.353 0.0000000000
38768  -40.220  -36.988  35.870 0.0000000000
40477  -37.950  -35.009  31.767 0.0000000000
41298  -38.278  -34.503  32.245 0.0000000000
32347  -20.370  -44.824  41.227 0.0000000000
32369  -20.532  -44.620  40.418 0.0000000000
32391  -23.669  -44.274  39.282 0.0000000000
116202  -24.728  -44.613  40.293 0.0000000000
36182  -36.363  -40.744  36.735 0.0000000000
35288  -35.720  -41.112  36.926 0.0000000000
36183  -37.090  -40.851  37.243 0.0000000000
38753  -40.973  -37.698  37.289 0.0000000000
33307  -19.318  -43.470  39.412 0.0000000000
33288  -19.127  -43.576  40.303 0.0000000000
45501  -46.089  -29.390  32.058 0.0000000000
45516  -45.623  -29.416  31.211 0.0000000000
47242  -47.815  -28.012  28.275 0.0000000000
46372  -48.148  -28.232  28.965 0.0000000000
47243  -48.597  -27.756  28.450 0.0000000000
54159  -49.995  -19.247  21.650 0.0000000000
103919  -50.586  -18.902  21.951 0.0000000000
56595  -55.571  -16.579  24.329 0.0000000000
54185  -45.790  -20.059  19.064 0.0000000000
56673  -47.834  -15.735  17.967 0.0000000000
27003  -8.129  -50.597  41.316 0.0000000000
26100  -7.749  -51.392  41.803 0.0000000000
102413  -10.315  -50.755  47.397 0.0000000000
26062  -9.633  -51.362  48.519 0.0000000000
24239  -6.085  -53.594  46.279 0.0000000000
23395  -5.965  -54.073  46.481 0.0000000000
42081  -41.052  -33.728  36.044 0.0000000000
43837  -44.200  -30.951  34.751 0.0000000000
100372  -43.087  -30.404  33.161 0.0000000000
45561  -39.978  -29.518  28.579 0.0000000000
99986  -40.282  -29.505  27.721 0.0000000000
30486  -24.229  -46.368  45.486 0.0000000000
35268  -27.488  -40.786  38.124 0.0000000000
35267  -26.744  -41.157  37.704 0.0000000000
34284  -27.398  -42.137  38.824 0.0000000000
36196  -31.705  -40.600  36.235 0.0000000000
36195  -30.776  -40.380  36.646 0.0000000000
34228  -32.149  -43.081  41.084 0.0000000000
34246  -31.562  -42.548  40.371 0.0000000000
33275  -31.026  -44.313  41.052 0.0000000000
33276  -31.785  -44.038  41.418 0.0000000000
32357  -31.969  -44.335  42.171 0.0000000000
30480  -15.467  -46.282  44.661 0.0000000000
49302  -44.178  -25.045  23.762 0.0000000000
50099  -48.816  -23.819  25.844 0.0000000000
50098  -48.401  -24.504  25.949 0.0000000000
54125  -51.527  -19.273  25.621 0.0000000000
53302  -51.186  -19.867  26.276 0.0000000000
57471  -50.683  -15.757  16.224 0.0000000000
57472  -51.605  -15.945  16.215 0.0000000000
57498  -54.704  -15.436  14.160 0.0000000000
57507  -55.287  -14.805  13.557 0.0000000000
60178  -55.274  -12.284  11.489 0.0000000000
60168  -56.489  -12.579  12.384 0.0000000000
61032  -56.626  -10.948  11.472 0.0000000000
38779  -39.270  -37.056  34.837 0.0000000000
38794  -38.206  -37.168  33.834 0.0000000000
39635  -37.582  -36.534  32.352 0.0000000000
40460  -37.844  -35.754  32.010 0.0000000000
37175  -34.867  -38.998  33.010 0.0000000000
37160  -36.117  -38.953  33.864 0.0000000000
37159  -35.257  -39.272  33.755 0.0000000000
37135  -37.116  -39.208  35.163 0.0000000000
38777  -37.832  -37.955  34.264 0.0000000000
45566  -44.504  -29.246  28.494 0.0000000000
46394  -44.541  -28.728  26.648 0.0000000000
46395  -45.278  -28.358  26.627 0.0000000000
46396  -45.932  -28.207  26.974 0.0000000000
55854  -52.065  -16.683  20.828 0.0000000000
56627  -54.446  -15.753  22.034 0.0000000000
56612  -54.919  -16.044  22.854 0.0000000000
57402  -55.504  -15.216  22.505 0.0000000000
59217  -56.092  -13.480  19.377 0.0000000000
58316  -56.714  -14.201  18.876 0.0000000000
58315  -55.646  -13.958  18.785 0.0000000000
27829  -10.143  -49.227  42.542 0.0000000000
27844  -9.856  -49.028  41.594 0.0000000000
102653  -9.462  -49.629  42.264 0.0000000000
42998  -39.470  -32.209  33.560 0.0000000000
43855  -40.102  -31.192  33.008 0.0000000000
117098  -41.240  -30.850  33.086 0.0000000000
44732  -40.871  -30.705  32.615 0.0000000000
45526  -39.061  -29.819  30.218 0.0000000000
45545  -39.607  -29.605  29.458 0.0000000000
99863  -26.119  -45.362  44.452 0.0000000000
31415  -28.006  -45.187  45.533 0.0000000000
31398  -27.398  -45.321  46.226 0.0000000000
32282  -29.426  -45.354  45.418 0.0000000000
106132  -29.320  -45.667  45.817 0.0000000000
31400  -29.860  -45.615  45.508 0.0000000000
37098  -27.372  -39.338  36.797 0.0000000000
35250  -33.347  -41.550  38.873 0.0000000000
35199  -34.220  -41.970  41.408 0.0000000000
35213  -33.487  -41.951  40.816 0.0000000000
34230  -33.590  -42.283  41.748 0.0000000000
34217  -33.365  -42.901  42.383 0.0000000000
34218  -33.945  -42.504  42.762 0.0000000000
117558  -34.865  -42.511  43.795 0.0000000000
33269  -16.990  -43.496  41.425 0.0000000000
32367  -16.191  -43.790  41.142 0.0000000000
32344  -17.285  -43.799  42.135 0.0000000000
31426  -17.492  -44.979  44.429 0.0000000000
31407  -16.805  -45.456  44.718 0.0000000000
31391  -16.905  -45.781  45.492 0.0000000000
31392  -17.686  -45.692  45.966 0.0000000000
105727  -19.252  -46.351  48.009 0.0000000000
30447  -18.573  -46.199  47.527 0.0000000000
50967  -45.154  -23.064  23.704 0.0000000000
51754  -47.323  -22.252  24.551 0.0000000000
50961  -47.764  -22.909  24.882 0.0000000000
61029  -54.099  -11.205  11.351 0.0000000000
61755  -54.616  -10.709  10.623 0.0000000000
27787  -12.110  -49.207  45.506 0.0000000000
26902  -11.436  -50.307  49.062 0.0000000000
39546  -42.333  -36.700  39.373 0.0000000000
40368  -42.391  -35.754  39.187 0.0000000000
39559  -42.047  -36.476  38.422 0.0000000000
40398  -40.814  -35.591  36.230 0.0000000000
41248  -40.895  -34.564  36.169 0.0000000000
39610  -39.478  -36.292  34.545 0.0000000000
41285  -38.788  -34.585  32.984 0.0000000000
41273  -40.245  -34.156  34.986 0.0000000000
42118  -38.856  -33.582  33.163 0.0000000000
31411  -20.292  -45.614  44.136 0.0000000000
31445  -21.395  -45.765  42.276 0.0000000000
31430  -21.069  -45.843  42.898 0.0000000000
31446  -22.187  -45.925  42.226 0.0000000000
32370  -21.426  -44.808  40.219 0.0000000000
99842  -22.205  -44.652  39.761 0.0000000000
31463  -23.503  -45.383  41.417 0.0000000000
31447  -23.677  -46.035  42.891 0.0000000000
101583  -23.954  -45.640  42.178 0.0000000000
32350  -25.708  -44.662  41.270 0.0000000000
101425  -25.211  -45.048  41.820 0.0000000000
32351  -26.507  -44.519  41.520 0.0000000000
36210  -31.577  -40.398  35.382 0.0000000000
106843  -33.221  -39.880  34.007 0.0000000000
36234  -34.153  -40.164  34.850 0.0000000000
110478  -34.047  -40.757  35.895 0.0000000000
36212  -33.699  -40.524  35.381 0.0000000000
36198  -33.407  -40.823  36.013 0.0000000000
35271  -33.787  -41.372  37.395 0.0000000000
118237  -34.337  -41.341  37.053 0.0000000000
99856  -35.884  -41.852  37.973 0.0000000000
35251  -35.149  -41.869  38.129 0.0000000000
34286  -35.870  -42.290  38.734 0.0000000000
34268  -36.225  -42.551  39.639 0.0000000000
34269  -37.089  -42.540  39.914 0.0000000000
113725  -38.117  -41.257  38.354 0.0000000000
35254  -38.328  -41.474  38.894 0.0000000000
36150  -39.170  -40.953  39.246 0.0000000000
37121  -37.952  -39.303  36.026 0.0000000000
36201  -38.319  -39.877  36.971 0.0000000000
37905  -40.197  -38.979  37.568 0.0000000000
37086  -39.609  -39.526  37.569 0.0000000000
37885  -40.955  -39.232  39.153 0.0000000000
38742  -41.919  -37.449  38.650 0.0000000000
32326  -19.195  -44.222  42.337 0.0000000000
45483  -46.935  -28.859  34.815 0.0000000000
46303  -47.128  -29.004  35.588 0.0000000000
45494  -47.486  -28.845  33.771 0.0000000000
46341  -48.232  -28.753  33.173 0.0000000000
46342  -49.069  -28.360  33.137 0.0000000000
45504  -48.441  -28.742  32.441 0.0000000000
45534  -46.584  -29.150  30.117 0.0000000000
46366  -48.404  -28.381  29.672 0.0000000000
105249  -48.563  -28.531  30.560 0.0000000000
46352  -49.519  -28.199  31.551 0.0000000000
114748  -49.830  -28.040  31.200 0.0000000000
46359  -50.165  -27.860  30.854 0.0000000000
47236  -50.475  -27.503  29.503 0.0000000000
53345  -47.938  -20.464  22.027 0.0000000000
53333  -48.115  -20.329  22.839 0.0000000000
54144  -50.497  -19.239  23.450 0.0000000000
54143  -49.723  -19.632  23.259 0.0000000000
54145  -50.780  -19.198  24.254 0.0000000000
54136  -51.113  -19.176  24.910 0.0000000000
105767  -51.368  -18.890  24.337 0.0000000000
55822  -52.473  -17.644  22.358 0.0000000000
54995  -51.763  -18.263  22.475 0.0000000000
99514  -52.968  -17.588  23.170 0.0000000000
54978  -53.254  -17.892  24.495 0.0000000000
103913  -2.911  -55.866  44.026 0.0000000000
22624  -3.161  -55.734  42.974 0.0000000000
105506  -2.652  -56.454  43.234 0.0000000000
49311  -41.419  -25.460  22.331 0.0000000000
49312  -42.233  -25.293  22.653 0.0000000000
50133  -41.892  -24.656  22.266 0.0000000000
50975  -42.394  -23.755  22.318 0.0000000000
50976  -43.172  -23.197  22.679 0.0000000000
52521  -43.763  -21.728  22.189 0.0000000000
52533  -44.196  -21.399  21.747 0.0000000000
53343  -46.641  -20.838  21.373 0.0000000000
101998  -47.110  -19.569  19.465 0.0000000000
54172  -47.628  -19.951  20.145 0.0000000000
55875  -47.950  -17.049  19.087 0.0000000000
55860  -47.638  -17.945  19.228 0.0000000000
55033  -49.044  -18.539  19.930 0.0000000000
55862  -49.431  -17.610  19.688 0.0000000000
56662  -49.975  -15.711  18.794 0.0000000000
56645  -50.485  -16.312  19.352 0.0000000000
57429  -50.785  -15.451  18.867 0.0000000000
57430  -51.441  -15.156  19.036 0.0000000000
57446  -51.244  -14.923  18.464 0.0000000000
107359  -50.071  -15.045  17.669 0.0000000000
102515  -49.913  -15.366  16.766 0.0000000000
25187  -6.678  -52.688  41.569 0.0000000000
27786  -11.510  -49.582  45.412 0.0000000000
27785  -11.011  -49.691  44.904 0.0000000000
26939  -11.027  -49.947  45.714 0.0000000000
26937  -9.779  -50.637  45.524 0.0000000000
26072  -8.898  -51.122  45.433 0.0000000000
117664  -8.345  -52.116  48.113 0.0000000000
26065  -7.662  -52.042  45.997 0.0000000000
26070  -7.693  -51.967  45.172 0.0000000000
25177  -7.400  -52.269  44.499 0.0000000000
25176  -6.635  -52.797  44.947 0.0000000000
109242  -5.308  -53.608  45.212 0.0000000000
23402  -4.429  -54.239  44.981 0.0000000000
23406  -3.727  -54.851  44.384 0.0000000000
23398  -4.529  -54.526  45.453 0.0000000000
22610  -5.588  -55.321  46.079 0.0000000000
44679  -46.392  -30.776  37.318 0.0000000000
44680  -47.146  -30.713  37.646 0.0000000000
40379  -42.375  -34.871  39.087 0.0000000000
107932  -42.734  -34.402  39.690 0.0000000000
104699  -42.456  -34.068  39.093 0.0000000000
42047  -42.756  -33.447  39.012 0.0000000000
42946  -42.852  -33.016  38.438 0.0000000000
42048  -43.355  -32.956  39.278 0.0000000000
42957  -43.152  -32.711  37.826 0.0000000000
118327  -41.466  -32.373  34.940 0.0000000000
117073  -42.258  -32.332  35.262 0.0000000000
43827  -43.557  -32.078  36.019 0.0000000000
43810  -44.128  -32.003  36.864 0.0000000000
42958  -43.876  -32.307  37.729 0.0000000000
43811  -44.721  -31.794  37.646 0.0000000000
43819  -44.962  -31.407  36.895 0.0000000000
44697  -45.228  -30.870  36.195 0.0000000000
44708  -45.831  -30.155  35.915 0.0000000000
45471  -46.359  -29.582  35.674 0.0000000000
44718  -45.543  -29.873  35.035 0.0000000000
44735  -44.133  -29.785  32.694 0.0000000000
45500  -44.698  -29.553  32.235 0.0000000000
45499  -43.953  -29.566  31.926 0.0000000000
45512  -41.195  -29.767  31.158 0.0000000000
44746  -42.598  -29.753  31.854 0.0000000000
45547  -42.194  -29.395  29.743 0.0000000000
45530  -42.352  -29.448  30.521 0.0000000000
101835  -42.926  -29.374  30.160 0.0000000000
45531  -43.506  -29.383  30.494 0.0000000000
45548  -42.987  -29.355  29.361 0.0000000000
101308  -41.554  -29.445  26.943 0.0000000000
45627  -41.961  -29.299  26.101 0.0000000000
45542  -36.828  -29.954  29.380 0.0000000000
45558  -36.604  -29.818  28.478 0.0000000000
45605  -37.311  -29.752  26.780 0.0000000000
104953  -37.906  -29.743  25.911 0.0000000000
45624  -38.404  -29.637  25.095 0.0000000000
45644  -40.408  -28.701  24.316 0.0000000000
30466  -21.533  -46.723  45.607 0.0000000000
116088  -25.868  -45.467  46.219 0.0000000000
30470  -25.457  -45.734  46.777 0.0000000000
30454  -25.805  -45.962  47.380 0.0000000000
34298  -26.313  -42.049  37.757 0.0000000000
33309  -25.648  -43.735  39.155 0.0000000000
33332  -26.123  -43.197  38.719 0.0000000000
33311  -27.187  -43.270  39.707 0.0000000000
33290  -27.626  -43.617  40.347 0.0000000000
33272  -27.860  -44.072  41.122 0.0000000000
36194  -29.856  -40.142  37.040 0.0000000000
37084  -29.115  -39.698  36.766 0.0000000000
36178  -29.515  -40.337  37.842 0.0000000000
36177  -28.679  -40.147  37.953 0.0000000000
35248  -31.477  -41.348  38.787 0.0000000000
35226  -30.175  -41.721  39.524 0.0000000000
35225  -29.458  -41.638  39.303 0.0000000000
34265  -29.608  -42.081  39.712 0.0000000000
34264  -28.950  -41.962  39.437 0.0000000000
34244  -29.755  -42.780  40.036 0.0000000000
32377  -30.242  -44.259  40.878 0.0000000000
33274  -29.551  -44.078  40.746 0.0000000000
32354  -29.662  -44.522  41.379 0.0000000000
104871  -29.272  -44.838  43.012 0.0000000000
32312  -30.136  -44.948  43.293 0.0000000000
33253  -33.575  -43.420  43.937 0.0000000000
32315  -32.823  -43.914  44.071 0.0000000000
33240  -33.377  -43.916  44.520 0.0000000000
35216  -37.850  -41.953  41.302 0.0000000000
32366  -15.463  -44.093  40.694 0.0000000000
32365  -14.787  -44.422  40.198 0.0000000000
32341  -14.972  -44.663  40.861 0.0000000000
31475  -14.419  -45.071  40.524 0.0000000000
31474  -13.846  -45.453  40.173 0.0000000000
30530  -13.312  -46.056  40.316 0.0000000000
113046  -12.768  -46.056  39.603 0.0000000000
30496  -13.882  -46.735  42.931 0.0000000000
115138  -13.216  -47.060  42.437 0.0000000000
29560  -13.110  -47.703  43.735 0.0000000000
28645  -13.562  -47.699  44.567 0.0000000000
30445  -16.436  -46.665  46.620 0.0000000000
29524  -17.224  -46.992  48.323 0.0000000000
46294  -49.416  -28.716  35.704 0.0000000000
48293  -42.651  -26.911  24.014 0.0000000000
47302  -42.995  -27.549  24.651 0.0000000000
48294  -43.463  -26.670  24.332 0.0000000000
48296  -45.123  -25.982  24.922 0.0000000000
48276  -44.781  -26.791  25.197 0.0000000000
47287  -45.979  -26.985  25.968 0.0000000000
48260  -46.704  -26.686  26.262 0.0000000000
102619  -46.288  -24.135  24.523 0.0000000000
50114  -46.476  -24.670  24.888 0.0000000000
49250  -47.758  -25.628  26.251 0.0000000000
48262  -48.230  -26.140  26.784 0.0000000000
48261  -47.458  -26.418  26.532 0.0000000000
48245  -48.643  -26.681  27.392 0.0000000000
49231  -50.678  -25.565  27.511 0.0000000000
48247  -50.302  -26.293  27.809 0.0000000000
48248  -51.252  -26.057  28.007 0.0000000000
53311  -48.567  -20.368  24.565 0.0000000000
53310  -47.802  -20.674  24.259 0.0000000000
52497  -50.098  -20.973  26.177 0.0000000000
52496  -49.434  -21.287  25.757 0.0000000000
52479  -49.953  -21.890  26.233 0.0000000000
51739  -49.327  -22.189  25.777 0.0000000000
58313  -53.421  -14.233  18.762 0.0000000000
58325  -53.087  -14.505  18.164 0.0000000000
116874  -53.580  -14.672  17.852 0.0000000000
58327  -55.234  -14.636  18.120 0.0000000000
57461  -54.905  -15.408  17.373 0.0000000000
57485  -52.681  -16.171  15.153 0.0000000000
102339  -54.925  -16.027  15.661 0.0000000000
57478  -57.710  -14.897  17.170 0.0000000000
58351  -57.013  -14.371  14.401 0.0000000000
58352  -57.702  -14.164  15.436 0.0000000000
60134  -58.381  -12.377  15.220 0.0000000000
59256  -54.565  -13.297  12.493 0.0000000000
58362  -54.793  -13.825  12.784 0.0000000000
59245  -54.169  -13.734  13.025 0.0000000000
58363  -55.354  -14.090  12.963 0.0000000000
58364  -55.913  -14.320  13.248 0.0000000000
59258  -56.052  -13.598  12.714 0.0000000000
60169  -57.364  -11.849  12.992 0.0000000000
60155  -57.762  -12.028  13.829 0.0000000000
60999  -58.547  -11.507  14.240 0.0000000000
61756  -57.397  -9.785  11.344 0.0000000000
45610  -42.925  -29.316  26.857 0.0000000000
45587  -43.737  -29.195  27.030 0.0000000000
46393  -43.314  -29.053  26.410 0.0000000000
46410  -44.114  -28.389  25.896 0.0000000000
56637  -52.421  -16.002  20.471 0.0000000000
57411  -54.008  -15.304  21.242 0.0000000000
59197  -55.400  -13.274  20.394 0.0000000000
59198  -55.959  -12.944  20.509 0.0000000000
29587  -10.968  -47.988  41.086 0.0000000000
28661  -10.643  -48.686  42.050 0.0000000000
105620  -10.375  -49.420  43.331 0.0000000000
43843  -39.627  -31.653  33.203 0.0000000000
43868  -39.130  -30.891  32.070 0.0000000000
44743  -39.686  -30.397  31.587 0.0000000000
30448  -19.282  -46.047  47.212 0.0000000000
31433  -26.642  -45.179  43.990 0.0000000000
115606  -28.766  -45.201  45.342 0.0000000000
35215  -34.759  -41.983  39.871 0.0000000000
115005  -34.703  -41.944  40.701 0.0000000000
34220  -35.349  -42.184  43.388 0.0000000000
32290  -18.229  -44.686  44.217 0.0000000000
119601  -18.103  -45.005  44.823 0.0000000000
51762  -45.352  -22.140  23.526 0.0000000000
51763  -46.062  -21.781  23.829 0.0000000000
52506  -46.765  -21.524  24.152 0.0000000000
52507  -47.501  -21.329  24.511 0.0000000000
39571  -41.664  -36.157  37.578 0.0000000000
40443  -38.759  -35.562  33.160 0.0000000000
101182  -19.762  -44.549  41.763 0.0000000000
109229  -20.322  -45.035  41.909 0.0000000000
31460  -20.997  -45.349  41.600 0.0000000000
32390  -22.922  -44.469  39.472 0.0000000000
32371  -22.792  -44.801  40.071 0.0000000000
32372  -23.462  -44.708  39.976 0.0000000000
31478  -24.042  -44.935  40.655 0.0000000000
32374  -25.416  -44.455  40.452 0.0000000000
36235  -34.939  -40.042  35.094 0.0000000000
101574  -35.058  -40.423  35.663 0.0000000000
36199  -34.673  -40.781  36.096 0.0000000000
35287  -34.914  -41.193  36.809 0.0000000000
35274  -36.324  -41.374  37.458 0.0000000000
35252  -36.604  -41.869  38.227 0.0000000000
112898  -38.966  -38.756  36.244 0.0000000000
37906  -40.752  -38.392  37.582 0.0000000000
33287  -18.290  -43.149  40.682 0.0000000000
32346  -19.221  -44.034  41.647 0.0000000000
109379  -46.095  -29.346  32.939 0.0000000000
109479  -46.913  -29.271  31.931 0.0000000000
106327  -46.628  -28.654  28.544 0.0000000000
46365  -47.252  -28.838  29.708 0.0000000000
46371  -47.339  -28.528  28.878 0.0000000000
46367  -49.147  -28.137  29.904 0.0000000000
47226  -49.942  -27.888  30.079 0.0000000000
47245  -50.192  -27.324  28.798 0.0000000000
54151  -49.523  -19.682  22.281 0.0000000000
55823  -53.708  -17.103  23.181 0.0000000000
55812  -54.495  -17.005  23.907 0.0000000000
59226  -58.742  -12.968  16.920 0.0000000000
51780  -42.165  -22.270  21.671 0.0000000000
53374  -46.054  -20.575  19.743 0.0000000000
54186  -46.467  -20.012  19.362 0.0000000000
56661  -49.108  -15.911  18.756 0.0000000000
57444  -49.531  -15.266  18.168 0.0000000000
110117  -7.342  -52.049  41.993 0.0000000000
25184  -7.127  -52.464  42.644 0.0000000000
26923  -9.922  -50.797  46.532 0.0000000000
25164  -8.011  -52.378  47.793 0.0000000000
25167  -6.419  -53.074  46.207 0.0000000000
25172  -6.290  -53.002  45.692 0.0000000000
114280  -5.714  -53.495  45.876 0.0000000000
23394  -5.064  -54.290  45.814 0.0000000000
22602  -5.450  -54.482  46.208 0.0000000000
41230  -41.693  -34.286  37.437 0.0000000000
42063  -41.903  -33.690  37.276 0.0000000000
43835  -42.331  -31.868  34.666 0.0000000000
104466  -43.840  -31.562  35.303 0.0000000000
44717  -44.700  -30.285  34.380 0.0000000000
44734  -43.294  -29.875  32.451 0.0000000000
45529  -41.675  -29.511  30.466 0.0000000000
45563  -41.627  -29.441  28.907 0.0000000000
118849  -40.985  -29.493  27.575 0.0000000000
101699  -40.660  -29.502  26.938 0.0000000000
45607  -40.203  -29.507  26.294 0.0000000000
30484  -22.449  -46.858  44.576 0.0000000000
30468  -23.682  -46.597  46.113 0.0000000000
30455  -26.548  -45.906  47.279 0.0000000000
30439  -26.059  -46.434  47.496 0.0000000000
36192  -26.484  -40.160  36.756 0.0000000000
99472  -26.120  -40.811  36.627 0.0000000000
34283  -26.592  -42.478  38.427 0.0000000000
34262  -27.666  -42.633  39.371 0.0000000000
36179  -30.429  -40.537  37.538 0.0000000000
35211  -31.724  -41.918  40.095 0.0000000000
35227  -31.077  -41.679  39.534 0.0000000000
34245  -30.639  -42.941  40.202 0.0000000000
33293  -30.665  -43.804  40.563 0.0000000000
32355  -30.515  -44.686  41.585 0.0000000000
32330  -30.789  -44.927  42.529 0.0000000000
32331  -31.613  -44.653  42.860 0.0000000000
32314  -32.053  -44.502  44.028 0.0000000000
31442  -15.672  -45.223  42.860 0.0000000000
31459  -15.113  -45.357  42.203 0.0000000000
30520  -14.274  -45.862  41.715 0.0000000000
30519  -13.587  -46.278  41.238 0.0000000000
29561  -13.911  -47.064  43.853 0.0000000000
29551  -14.275  -47.190  44.762 0.0000000000
30420  -17.954  -46.924  48.676 0.0000000000
48308  -43.054  -26.210  23.695 0.0000000000
49287  -43.885  -25.848  24.049 0.0000000000
119239  -47.340  -24.243  25.199 0.0000000000
50097  -47.073  -24.669  25.256 0.0000000000
104977  -47.715  -24.483  25.539 0.0000000000
49251  -48.559  -25.247  26.463 0.0000000000
49252  -49.446  -25.139  26.851 0.0000000000
49253  -50.134  -25.115  27.168 0.0000000000
50072  -50.808  -24.796  27.302 0.0000000000
53313  -50.062  -19.834  25.199 0.0000000000
53301  -50.382  -20.176  25.915 0.0000000000
53283  -50.831  -20.660  26.583 0.0000000000
58323  -51.437  -14.952  17.563 0.0000000000
58336  -51.989  -15.365  17.049 0.0000000000
57474  -53.510  -15.923  16.502 0.0000000000
57488  -55.272  -15.841  14.876 0.0000000000
113393  -56.024  -15.709  14.913 0.0000000000
57489  -56.694  -15.603  15.424 0.0000000000
57500  -56.515  -15.268  14.583 0.0000000000
104472  -53.702  -12.146  12.524 0.0000000000
59270  -54.979  -12.883  11.948 0.0000000000
113250  -57.865  -10.754  12.835 0.0000000000
101560  -39.623  -37.348  35.499 0.0000000000
39624  -38.549  -36.380  33.450 0.0000000000
40461  -38.348  -35.262  32.454 0.0000000000
33329  -23.314  -43.634  37.969 0.0000000000
32408  -23.885  -43.845  38.558 0.0000000000
37173  -33.219  -39.377  32.671 0.0000000000
37157  -33.587  -39.605  33.456 0.0000000000
37133  -34.714  -39.718  34.360 0.0000000000
36216  -37.113  -40.258  36.568 0.0000000000
37120  -37.227  -39.629  35.851 0.0000000000
37940  -37.435  -38.658  34.737 0.0000000000
37928  -38.407  -38.826  35.844 0.0000000000
99654  -38.929  -38.320  35.744 0.0000000000
115150  -39.396  -37.904  35.777 0.0000000000
119735  -44.982  -29.318  29.785 0.0000000000
45567  -45.170  -29.189  29.025 0.0000000000
45568  -45.954  -28.927  28.737 0.0000000000
46380  -44.546  -29.074  27.567 0.0000000000
46382  -46.147  -28.576  27.838 0.0000000000
55838  -50.926  -18.051  20.955 0.0000000000
55007  -51.194  -18.409  21.742 0.0000000000
55839  -51.521  -17.814  21.321 0.0000000000
55841  -52.938  -16.864  21.980 0.0000000000
56625  -52.686  -16.446  21.227 0.0000000000
56602  -55.361  -16.301  23.665 0.0000000000
59212  -56.370  -13.068  19.875 0.0000000000
57463  -56.725  -14.899  18.188 0.0000000000
28709  -9.895  -48.577  40.689 0.0000000000
27864  -9.168  -49.116  40.701 0.0000000000
27004  -8.789  -50.078  41.939 0.0000000000
42978  -40.628  -32.853  34.906 0.0000000000
42990  -40.721  -32.079  34.361 0.0000000000
43834  -40.945  -31.557  33.828 0.0000000000
116247  -41.570  -31.100  33.513 0.0000000000
44724  -42.354  -30.712  33.317 0.0000000000
44733  -42.440  -30.198  32.629 0.0000000000
45511  -40.278  -29.872  31.047 0.0000000000
31397  -26.568  -45.330  46.191 0.0000000000
31385  -26.982  -45.550  46.834 0.0000000000
30456  -27.273  -46.043  47.085 0.0000000000
30471  -28.816  -45.883  46.303 0.0000000000
36193  -27.110  -39.827  37.204 0.0000000000
105402  -27.821  -40.054  37.758 0.0000000000
35270  -32.845  -41.229  37.586 0.0000000000
35249  -32.526  -41.395  38.581 0.0000000000
118053  -32.762  -41.583  39.338 0.0000000000
102064  -33.487  -41.737  40.081 0.0000000000
35212  -32.720  -41.846  40.164 0.0000000000
99815  -34.252  -42.849  43.694 0.0000000000
33241  -34.038  -43.394  44.430 0.0000000000
33284  -16.070  -43.429  40.408 0.0000000000
32323  -16.750  -44.315  42.622 0.0000000000
32322  -15.941  -44.694  42.387 0.0000000000
30462  -15.651  -46.520  45.395 0.0000000000
30481  -16.185  -46.005  45.052 0.0000000000
117232  -17.043  -46.371  46.772 0.0000000000
30446  -17.695  -46.147  46.898 0.0000000000
30431  -17.888  -46.531  47.920 0.0000000000
50123  -44.328  -24.205  23.558 0.0000000000
50113  -45.045  -24.616  24.103 0.0000000000
50124  -44.957  -23.828  23.771 0.0000000000
50958  -45.669  -23.803  24.134 0.0000000000
50968  -45.863  -22.778  23.999 0.0000000000
50944  -47.645  -23.728  25.136 0.0000000000
50946  -49.147  -23.042  25.754 0.0000000000
57484  -51.250  -15.917  15.421 0.0000000000
57495  -50.947  -15.489  14.700 0.0000000000
100201  -51.942  -15.777  14.650 0.0000000000
61020  -54.227  -12.018  11.688 0.0000000000
61031  -55.618  -11.459  11.084 0.0000000000
61768  -56.004  -9.771  10.203 0.0000000000
28643  -12.071  -48.635  44.052 0.0000000000
27796  -12.128  -48.897  44.715 0.0000000000
26912  -11.210  -50.306  47.708 0.0000000000
40387  -41.499  -35.102  37.453 0.0000000000
41249  -41.322  -34.584  36.917 0.0000000000
41260  -40.704  -33.944  35.544 0.0000000000
40412  -39.950  -35.823  35.057 0.0000000000
40428  -40.101  -34.985  34.955 0.0000000000
42108  -40.503  -33.537  35.076 0.0000000000
42997  -38.892  -32.664  33.166 0.0000000000
103781  -38.120  -31.703  31.983 0.0000000000
43866  -37.767  -31.238  31.384 0.0000000000
31395  -20.105  -45.702  45.020 0.0000000000
30499  -21.147  -46.159  43.723 0.0000000000
105414  -22.078  -46.586  43.760 0.0000000000
30500  -22.849  -46.694  43.952 0.0000000000
114580  -23.575  -46.433  43.757 0.0000000000
31461  -21.645  -45.255  41.030 0.0000000000
31462  -22.496  -45.489  41.366 0.0000000000
31431  -24.382  -46.022  43.532 0.0000000000
106979  -25.012  -45.593  43.169 0.0000000000
31449  -25.515  -45.222  42.653 0.0000000000
31450  -26.311  -45.029  42.995 0.0000000000
32328  -27.592  -44.703  42.618 0.0000000000
108452  -30.484  -39.566  33.739 0.0000000000
36230  -30.622  -39.815  34.498 0.0000000000
36209  -30.788  -40.117  35.252 0.0000000000
36251  -32.698  -40.038  34.210 0.0000000000
36197  -32.619  -40.782  36.137 0.0000000000
105398  -34.170  -41.641  38.322 0.0000000000
35231  -34.892  -42.037  38.952 0.0000000000
34233  -36.607  -42.225  41.506 0.0000000000
34251  -37.212  -42.354  40.827 0.0000000000
35233  -37.722  -42.060  39.376 0.0000000000
35217  -38.523  -41.600  40.866 0.0000000000
35218  -39.210  -41.084  40.423 0.0000000000
36144  -40.315  -40.127  40.865 0.0000000000
113580  -37.787  -40.353  37.090 0.0000000000
36184  -38.490  -40.328  37.522 0.0000000000
36185  -39.236  -40.113  37.903 0.0000000000
36167  -39.429  -40.419  38.560 0.0000000000
37060  -39.828  -40.332  39.092 0.0000000000
37061  -40.936  -39.442  40.109 0.0000000000
37886  -41.631  -38.403  39.033 0.0000000000
107115  -41.958  -38.213  39.998 0.0000000000
33304  -16.848  -42.796  40.157 0.0000000000
33270  -17.922  -43.396  41.557 0.0000000000
31427  -18.979  -44.637  43.996 0.0000000000
46304  -47.643  -28.928  35.840 0.0000000000
46317  -48.943  -28.395  34.916 0.0000000000
46331  -49.506  -28.098  34.192 0.0000000000
112903  -45.965  -29.339  30.506 0.0000000000
45518  -47.430  -29.107  31.371 0.0000000000
45535  -47.881  -28.867  30.801 0.0000000000
45519  -48.278  -28.809  31.545 0.0000000000
46351  -48.998  -28.491  32.048 0.0000000000
46343  -49.737  -28.091  32.444 0.0000000000
47227  -50.712  -27.545  30.306 0.0000000000
53320  -46.752  -20.805  23.344 0.0000000000
53322  -48.288  -20.233  23.748 0.0000000000
53323  -49.080  -19.887  24.010 0.0000000000
54135  -50.532  -19.477  24.840 0.0000000000
105703  -51.657  -18.517  23.176 0.0000000000
55803  -52.742  -17.971  23.902 0.0000000000
54988  -51.972  -18.529  23.962 0.0000000000
23410  -3.948  -55.015  43.307 0.0000000000
114977  -41.647  -27.745  24.067 0.0000000000
47314  -41.344  -27.313  23.580 0.0000000000
47315  -41.940  -27.091  23.745 0.0000000000
48319  -41.298  -26.137  22.630 0.0000000000
49300  -42.601  -25.756  23.159 0.0000000000
117886  -42.866  -25.159  22.966 0.0000000000
115291  -43.722  -23.695  23.102 0.0000000000
50977  -43.902  -22.785  23.003 0.0000000000
51770  -44.128  -21.959  22.820 0.0000000000
52514  -44.849  -21.649  23.033 0.0000000000
52523  -45.094  -21.263  22.706 0.0000000000
53330  -45.609  -20.981  22.588 0.0000000000
53341  -44.811  -21.269  21.077 0.0000000000
53331  -46.479  -20.827  22.387 0.0000000000
53344  -47.307  -20.677  21.697 0.0000000000
54157  -48.047  -20.274  21.054 0.0000000000
54174  -48.860  -19.704  20.876 0.0000000000
114091  -49.617  -19.033  20.680 0.0000000000
55046  -46.462  -18.394  18.918 0.0000000000
55032  -47.104  -18.686  19.178 0.0000000000
55851  -49.697  -18.301  20.156 0.0000000000
55022  -50.252  -18.303  20.538 0.0000000000
55852  -50.654  -17.608  20.309 0.0000000000
56635  -50.964  -16.825  19.962 0.0000000000
56647  -52.041  -15.425  19.635 0.0000000000
58302  -52.926  -14.262  19.026 0.0000000000
58311  -51.763  -14.726  18.207 0.0000000000
57482  -49.457  -15.457  15.442 0.0000000000
27809  -10.978  -49.116  43.578 0.0000000000
26938  -10.503  -50.162  45.351 0.0000000000
26958  -10.195  -50.109  44.676 0.0000000000
26980  -9.921  -49.937  43.851 0.0000000000
26979  -9.380  -50.243  43.527 0.0000000000
26978  -8.847  -50.704  43.494 0.0000000000
26082  -8.299  -51.333  43.517 0.0000000000
26054  -8.803  -51.841  48.335 0.0000000000
25169  -7.746  -52.175  46.935 0.0000000000
101715  -8.331  -51.621  46.256 0.0000000000
26075  -8.115  -51.591  44.440 0.0000000000
25181  -7.334  -52.339  43.530 0.0000000000
24244  -6.162  -53.185  44.362 0.0000000000
23401  -3.360  -55.350  44.456 0.0000000000
22613  -3.317  -55.569  44.606 0.0000000000
22608  -4.256  -55.102  45.402 0.0000000000
44687  -47.127  -30.356  37.208 0.0000000000
41199  -43.225  -34.497  40.186 0.0000000000
42969  -42.153  -32.928  36.498 0.0000000000
42980  -42.677  -32.502  35.903 0.0000000000
42948  -44.486  -32.098  38.422 0.0000000000
43820  -45.607  -30.955  36.898 0.0000000000
44685  -45.964  -30.797  36.932 0.0000000000
44699  -46.507  -30.399  36.536 0.0000000000
116060  -46.941  -29.531  36.032 0.0000000000
44726  -45.228  -29.746  34.010 0.0000000000
45492  -45.713  -29.463  33.505 0.0000000000
99745  -45.443  -29.477  32.617 0.0000000000
45515  -44.679  -29.443  31.309 0.0000000000
45532  -44.306  -29.365  30.346 0.0000000000
100379  -43.725  -29.335  28.932 0.0000000000
101391  -43.034  -29.387  27.656 0.0000000000
45564  -42.337  -29.419  28.223 0.0000000000
45586  -42.295  -29.410  27.372 0.0000000000
101805  -41.618  -29.117  25.517 0.0000000000
99685  -41.699  -28.771  25.007 0.0000000000
44741  -37.390  -30.790  30.794 0.0000000000
45544  -38.285  -29.693  29.150 0.0000000000
45559  -37.557  -29.723  28.600 0.0000000000
45560  -38.504  -29.620  28.218 0.0000000000
45583  -38.658  -29.614  27.448 0.0000000000
100472  -39.113  -29.600  26.911 0.0000000000
112806  -39.554  -29.567  26.404 0.0000000000
101003  -39.690  -29.523  25.748 0.0000000000
105233  -39.091  -29.400  24.714 0.0000000000
45643  -39.886  -29.292  24.951 0.0000000000
45626  -40.360  -29.385  25.610 0.0000000000
30465  -20.627  -46.198  45.488 0.0000000000
30450  -21.533  -46.642  46.931 0.0000000000
104948  -22.244  -46.868  46.505 0.0000000000
33344  -23.575  -43.104  37.141 0.0000000000
100276  -24.144  -43.444  37.803 0.0000000000
33330  -24.655  -43.657  38.399 0.0000000000
119446  -25.030  -43.818  38.947 0.0000000000
32394  -25.903  -44.024  39.907 0.0000000000
33289  -26.725  -43.820  40.168 0.0000000000
32352  -27.310  -44.451  41.736 0.0000000000
37116  -28.103  -38.942  35.719 0.0000000000
37083  -28.385  -39.752  37.321 0.0000000000
36161  -28.324  -40.607  38.365 0.0000000000
36164  -30.958  -40.949  38.124 0.0000000000
34263  -28.366  -42.536  39.628 0.0000000000
33312  -28.382  -43.167  40.099 0.0000000000
33291  -29.099  -43.500  40.318 0.0000000000
115630  -28.346  -43.728  40.591 0.0000000000
32329  -28.424  -44.746  42.811 0.0000000000
110389  -29.545  -44.899  44.062 0.0000000000
32283  -30.138  -45.350  45.200 0.0000000000
109025  -32.586  -44.567  44.627 0.0000000000
29617  -10.450  -47.470  39.706 0.0000000000
105302  -11.136  -47.639  40.491 0.0000000000
29573  -12.089  -47.851  42.285 0.0000000000
30529  -12.496  -46.623  40.155 0.0000000000
29590  -13.086  -46.818  41.612 0.0000000000
29601  -12.455  -47.084  41.057 0.0000000000
28654  -12.395  -48.204  43.541 0.0000000000
28644  -12.753  -48.305  44.447 0.0000000000
29511  -16.663  -47.398  49.019 0.0000000000
47284  -43.629  -28.012  25.269 0.0000000000
47285  -44.444  -27.645  25.495 0.0000000000
47264  -45.619  -27.760  26.314 0.0000000000
47265  -46.361  -27.508  26.587 0.0000000000
49289  -45.454  -25.258  24.656 0.0000000000
49268  -45.851  -25.712  25.164 0.0000000000
49270  -47.376  -25.188  25.692 0.0000000000
48278  -46.311  -26.190  25.651 0.0000000000
47253  -48.258  -27.413  27.774 0.0000000000
47254  -49.043  -27.175  27.976 0.0000000000
48235  -49.838  -26.934  28.203 0.0000000000
53299  -48.944  -20.728  25.246 0.0000000000
51738  -48.771  -22.422  25.436 0.0000000000
50927  -50.338  -23.415  26.690 0.0000000000
50086  -50.921  -23.995  27.161 0.0000000000
58314  -54.668  -14.004  18.610 0.0000000000
102937  -54.007  -16.147  15.682 0.0000000000
57475  -54.458  -15.906  16.529 0.0000000000
111438  -57.016  -15.254  17.615 0.0000000000
58344  -58.116  -13.855  16.561 0.0000000000
57506  -54.493  -14.867  13.621 0.0000000000
59246  -57.106  -13.529  13.963 0.0000000000
60144  -58.075  -12.207  14.578 0.0000000000
114656  -57.982  -9.015  11.216 0.0000000000
26076  -8.629  -51.165  44.741 0.0000000000
27810  -11.450  -49.124  44.228 0.0000000000
35284  -26.606  -40.636  37.188 0.0000000000
42083  -41.859  -33.400  36.772 0.0000000000
45642  -38.488  -29.310  24.250 0.0000000000
49290  -46.063  -25.133  24.895 0.0000000000
115177  -47.802  -28.551  29.454 0.0000000000
117842  -22.058  -46.934  45.032 0.0000000000
119525  -10.436  -50.534  46.609 0.0000000000
