#!ascii label  , from subject sub-v2s17x50048_ses-1 vox2ras=TkReg
1753
106107  -27.787  -47.606  -26.617 0.5000000000
31290  -28.251  -46.878  -26.827 0.5000000000
102264  -28.206  -46.052  -26.756 0.4000000060
31303  -28.659  -46.330  -27.428 0.5000000000
32191  -28.243  -45.346  -26.741 0.5000000000
100882  -28.603  -44.702  -27.293 0.5000000000
47832  -29.446  -27.393  -28.660 0.5000000000
47833  -30.109  -27.092  -28.430 0.4000000060
48861  -30.936  -26.925  -28.103 0.4000000060
101988  -31.852  -26.863  -27.668 0.6000000238
103906  -31.165  -27.484  -27.398 0.5000000000
47811  -31.848  -27.558  -26.904 0.5000000000
47823  -32.511  -27.188  -27.098 0.4000000060
48850  -33.300  -26.996  -26.888 0.4000000060
47812  -32.696  -27.585  -26.222 0.5000000000
28548  -28.046  -48.823  -26.749 0.5000000000
29438  -28.198  -48.365  -26.834 0.4000000060
111913  -28.619  -47.018  -27.305 0.5000000000
116157  -28.911  -46.777  -27.813 0.5000000000
31313  -29.064  -46.242  -28.225 0.5000000000
100140  -28.921  -45.132  -28.096 0.5000000000
33166  -29.003  -44.371  -28.341 0.5000000000
103359  -28.813  -43.737  -27.755 0.5000000000
46935  -28.124  -28.072  -28.992 0.5000000000
47831  -27.520  -27.348  -29.634 0.5000000000
102489  -28.581  -27.322  -29.127 0.5000000000
47844  -29.170  -26.564  -29.292 0.5000000000
48872  -30.392  -26.181  -28.930 0.5000000000
48873  -31.449  -26.221  -28.443 0.6000000238
49780  -36.634  -25.602  -24.174 0.3000000119
48862  -32.875  -26.562  -27.564 0.4000000060
49764  -36.222  -25.118  -23.599 0.3000000119
48842  -34.776  -26.659  -25.308 0.4000000060
48851  -34.188  -26.712  -26.614 0.3000000119
48832  -35.305  -26.280  -24.719 0.4000000060
29448  -27.685  -48.485  -26.700 0.5000000000
32207  -28.598  -45.556  -27.346 0.5000000000
34098  -28.526  -43.172  -27.029 0.5000000000
49779  -35.661  -25.731  -24.041 0.3000000119
19066  -32.278  -60.177  -25.538 0.3000000119
19075  -32.951  -60.180  -26.179 0.4000000060
19997  -32.970  -59.362  -26.322 0.4000000060
113548  -33.505  -60.457  -26.693 0.4000000060
19998  -33.471  -59.688  -26.730 0.4000000060
20903  -33.343  -58.788  -26.666 0.4000000060
19086  -33.971  -60.213  -27.193 0.4000000060
20910  -34.527  -58.273  -27.549 0.4000000060
21785  -34.511  -57.432  -27.604 0.4000000060
19065  -31.648  -59.991  -24.969 0.3000000119
19987  -31.993  -59.480  -25.356 0.3000000119
20891  -32.148  -58.766  -25.494 0.4000000060
19988  -32.498  -59.448  -25.837 0.4000000060
20902  -32.717  -58.702  -26.092 0.4000000060
21777  -33.091  -57.933  -26.351 0.4000000060
21784  -33.896  -57.926  -26.975 0.4000000060
22561  -34.339  -56.524  -27.732 0.4000000060
22530  -30.719  -56.843  -23.309 0.3000000119
21745  -30.979  -57.506  -23.879 0.3000000119
22531  -31.359  -56.716  -23.953 0.3000000119
21769  -31.831  -58.037  -25.057 0.4000000060
21761  -32.283  -57.059  -25.193 0.4000000060
21770  -32.463  -57.926  -25.709 0.4000000060
21771  -32.878  -57.097  -25.969 0.4000000060
21778  -33.466  -57.189  -26.506 0.4000000060
21779  -33.993  -56.738  -26.956 0.4000000060
23351  -33.761  -55.249  -26.868 0.4000000060
23345  -34.032  -55.933  -27.268 0.4000000060
24194  -33.412  -54.541  -26.984 0.4000000060
116275  -30.328  -57.155  -22.960 0.3000000119
21744  -30.351  -57.668  -23.237 0.3000000119
22543  -32.519  -56.263  -24.952 0.3000000119
22549  -32.904  -56.344  -25.487 0.3000000119
22550  -33.485  -56.307  -26.167 0.4000000060
24186  -33.441  -54.664  -26.206 0.4000000060
99876  -33.623  -55.396  -26.141 0.4000000060
23344  -33.851  -55.897  -26.656 0.4000000060
25119  -33.118  -53.985  -26.347 0.4000000060
25118  -32.662  -53.308  -26.546 0.4000000060
23318  -30.663  -55.965  -22.861 0.3000000119
101506  -31.149  -56.178  -23.512 0.3000000119
23319  -31.339  -55.440  -23.402 0.3000000119
23320  -31.985  -55.069  -23.950 0.4000000060
23330  -32.409  -55.616  -24.556 0.4000000060
23331  -33.020  -55.121  -24.993 0.4000000060
23337  -32.906  -55.795  -25.070 0.4000000060
26007  -32.677  -52.373  -24.206 0.3000000119
25109  -32.868  -53.538  -24.600 0.4000000060
24181  -33.338  -54.819  -25.536 0.4000000060
109986  -32.816  -53.044  -24.955 0.3000000119
25115  -33.141  -53.970  -25.440 0.4000000060
25114  -32.852  -53.455  -25.786 0.4000000060
23267  -30.166  -55.614  -19.628 0.3000000119
23281  -30.271  -55.012  -20.359 0.3000000119
24087  -30.859  -54.478  -18.985 0.3000000119
22516  -30.134  -56.190  -22.223 0.3000000119
23291  -29.988  -55.550  -21.130 0.3000000119
23301  -30.356  -55.452  -22.014 0.3000000119
113066  -30.806  -54.729  -22.030 0.3000000119
24145  -31.347  -54.309  -22.453 0.3000000119
23302  -30.981  -55.042  -22.708 0.3000000119
24159  -31.709  -54.526  -23.271 0.3000000119
24160  -32.372  -53.804  -23.409 0.3000000119
116061  -32.329  -54.367  -23.846 0.3000000119
25097  -32.715  -53.160  -23.521 0.3000000119
24173  -32.630  -54.689  -24.409 0.3000000119
117363  -32.787  -53.329  -24.110 0.3000000119
24161  -32.717  -53.826  -24.135 0.4000000060
110113  -32.362  -51.700  -24.288 0.3000000119
101005  -32.273  -52.058  -25.111 0.4000000060
26837  -31.859  -51.165  -24.737 0.4000000060
26845  -32.000  -51.983  -26.198 0.4000000060
25046  -30.751  -54.141  -19.851 0.3000000119
24132  -30.473  -54.836  -21.315 0.3000000119
24133  -31.093  -54.119  -21.564 0.3000000119
25977  -32.335  -52.366  -21.637 0.3000000119
25082  -31.783  -53.666  -22.168 0.3000000119
26819  -32.610  -51.936  -22.830 0.3000000119
25986  -32.576  -52.615  -22.615 0.3000000119
25083  -32.380  -53.319  -22.748 0.3000000119
25996  -32.735  -52.499  -23.458 0.3000000119
26828  -32.560  -51.819  -23.595 0.3000000119
27702  -32.099  -51.116  -23.884 0.3000000119
27701  -31.514  -50.346  -24.292 0.3000000119
27714  -31.395  -50.480  -26.148 0.4000000060
24107  -31.175  -53.677  -19.025 0.3000000119
25026  -31.677  -53.529  -18.303 0.3000000119
24121  -30.699  -54.332  -20.755 0.3000000119
102607  -31.291  -53.202  -19.826 0.3000000119
102897  -32.772  -52.684  -17.621 0.3000000119
25911  -32.938  -51.787  -17.670 0.3000000119
25059  -31.166  -53.657  -20.711 0.3000000119
112025  -31.830  -52.399  -19.911 0.3000000119
25912  -33.601  -52.282  -17.375 0.3000000119
27669  -32.156  -50.840  -21.285 0.3000000119
25071  -32.199  -53.034  -21.912 0.3000000119
27679  -32.307  -51.263  -22.198 0.3000000119
108615  -32.532  -51.988  -22.147 0.3000000119
27668  -31.906  -50.386  -21.950 0.3000000119
27689  -32.302  -51.216  -23.072 0.3000000119
28525  -31.302  -49.724  -23.628 0.3000000119
27708  -31.422  -50.463  -25.232 0.4000000060
28543  -31.154  -49.640  -25.701 0.4000000060
27722  -31.495  -50.453  -27.085 0.5000000000
25947  -31.663  -52.773  -18.894 0.3000000119
25027  -32.083  -52.894  -18.106 0.3000000119
25948  -32.071  -51.916  -19.246 0.3000000119
25931  -32.327  -52.075  -18.303 0.3000000119
25962  -31.810  -52.850  -20.884 0.3000000119
114289  -32.165  -51.794  -20.027 0.3000000119
26757  -33.639  -51.424  -17.425 0.3000000119
26758  -34.324  -51.731  -17.296 0.3000000119
26797  -32.245  -51.288  -20.543 0.3000000119
25963  -32.203  -52.068  -20.734 0.3000000119
27614  -34.328  -50.866  -17.322 0.3000000119
28507  -31.821  -49.919  -21.034 0.3000000119
27615  -35.201  -50.544  -17.307 0.3000000119
101032  -31.208  -49.032  -22.180 0.3000000119
110019  -31.579  -49.666  -21.833 0.3000000119
29327  -36.307  -48.608  -17.585 0.3000000119
27688  -31.786  -50.492  -23.361 0.3000000119
29395  -31.023  -49.029  -23.097 0.3000000119
28536  -31.155  -49.833  -24.899 0.3000000119
107573  -31.143  -49.119  -26.340 0.5000000000
26784  -32.271  -51.237  -18.853 0.3000000119
26771  -32.653  -51.200  -18.128 0.3000000119
26756  -33.120  -51.122  -17.695 0.3000000119
118526  -32.220  -50.910  -20.059 0.3000000119
112994  -32.224  -51.278  -19.703 0.3000000119
27626  -32.454  -50.465  -18.578 0.3000000119
27612  -32.933  -50.496  -17.906 0.3000000119
27613  -33.551  -50.682  -17.527 0.3000000119
28449  -34.812  -49.160  -17.380 0.3000000119
29325  -34.660  -48.384  -17.518 0.3000000119
29326  -35.415  -48.457  -17.478 0.3000000119
31193  -35.487  -46.558  -18.493 0.3000000119
30244  -35.238  -47.101  -17.975 0.3000000119
29394  -30.717  -48.185  -22.558 0.3000000119
29409  -30.868  -49.009  -24.002 0.3000000119
29421  -30.865  -49.052  -24.924 0.3000000119
28480  -32.153  -49.741  -19.063 0.3000000119
28461  -32.720  -49.631  -18.222 0.3000000119
28496  -31.893  -49.814  -19.979 0.3000000119
28479  -31.861  -49.012  -19.499 0.3000000119
102484  -32.307  -48.930  -18.724 0.3000000119
106580  -32.830  -48.809  -18.199 0.3000000119
28506  -31.410  -49.067  -21.302 0.3000000119
28495  -31.600  -49.078  -20.394 0.3000000119
29358  -32.000  -48.223  -19.091 0.3000000119
30259  -32.389  -47.474  -18.828 0.3000000119
29339  -32.598  -48.195  -18.485 0.3000000119
28462  -33.351  -49.124  -17.775 0.3000000119
29386  -30.992  -48.320  -21.602 0.3000000119
102622  -33.874  -46.653  -18.371 0.3000000119
30242  -33.589  -47.384  -18.125 0.3000000119
31191  -33.509  -46.158  -18.786 0.3000000119
31192  -34.702  -46.556  -18.356 0.3000000119
30243  -34.397  -47.202  -17.956 0.3000000119
32102  -34.469  -45.546  -19.346 0.3000000119
32092  -34.210  -46.020  -18.752 0.3000000119
30309  -30.479  -47.481  -23.207 0.4000000060
32103  -35.232  -45.650  -19.607 0.3000000119
29420  -30.674  -48.278  -24.442 0.4000000060
32153  -36.388  -45.815  -22.711 0.3000000119
29428  -30.737  -48.144  -25.267 0.3000000119
29429  -30.959  -48.728  -25.801 0.4000000060
32172  -36.579  -45.832  -24.179 0.3000000119
29439  -31.109  -48.447  -26.556 0.5000000000
109333  -31.270  -49.006  -27.061 0.5000000000
29374  -31.252  -48.335  -20.733 0.3000000119
30274  -31.303  -47.555  -20.265 0.3000000119
31203  -31.586  -46.746  -19.950 0.3000000119
31204  -32.248  -46.696  -19.273 0.3000000119
31205  -32.876  -45.887  -19.246 0.3000000119
30296  -30.517  -47.365  -22.488 0.4000000060
32101  -33.708  -45.589  -19.214 0.3000000119
32121  -34.701  -45.136  -20.055 0.3000000119
109746  -30.398  -46.650  -23.718 0.4000000060
107263  -30.603  -47.611  -24.815 0.5000000000
32122  -35.426  -45.374  -20.456 0.3000000119
32152  -35.925  -45.232  -22.337 0.4000000060
118408  -36.109  -45.290  -22.860 0.4000000060
31271  -30.523  -46.870  -24.697 0.5000000000
30332  -30.756  -47.206  -25.560 0.6000000238
32165  -36.321  -45.331  -23.400 0.3000000119
108579  -31.106  -47.785  -26.724 0.6000000238
29450  -31.297  -48.145  -27.377 0.6000000238
30286  -30.912  -47.623  -21.045 0.3000000119
31221  -31.372  -46.029  -20.441 0.3000000119
32118  -31.871  -45.261  -20.313 0.3000000119
29385  -30.667  -47.559  -21.833 0.3000000119
31222  -32.062  -45.952  -19.812 0.3000000119
32119  -32.579  -45.235  -19.881 0.3000000119
32120  -33.247  -45.161  -19.702 0.3000000119
33083  -33.385  -44.520  -20.228 0.4000000060
31244  -30.424  -46.776  -22.817 0.4000000060
33068  -33.955  -45.042  -19.777 0.4000000060
33084  -34.209  -44.551  -20.447 0.4000000060
115266  -30.373  -45.822  -23.734 0.5000000000
33085  -34.937  -44.773  -20.831 0.4000000060
33096  -35.122  -44.471  -21.483 0.4000000060
33116  -36.525  -44.348  -23.559 0.4000000060
110803  -30.434  -46.018  -24.480 0.5000000000
31279  -30.625  -46.177  -25.447 0.6000000238
32138  -35.585  -45.146  -21.445 0.4000000060
33105  -35.513  -44.527  -22.107 0.4000000060
33106  -35.994  -44.622  -22.868 0.4000000060
33117  -37.137  -44.198  -24.192 0.4000000060
31291  -30.868  -46.571  -26.152 0.6000000238
33124  -36.588  -44.975  -24.038 0.3000000119
31292  -31.117  -46.448  -26.954 0.6000000238
31304  -31.404  -46.770  -27.658 0.6999999881
111771  -30.692  -46.994  -21.337 0.3000000119
32137  -31.212  -45.308  -20.897 0.3000000119
33082  -32.483  -44.503  -20.400 0.3000000119
31232  -30.478  -46.746  -22.025 0.3000000119
111226  -30.455  -45.953  -22.108 0.3000000119
118824  -32.925  -44.803  -19.992 0.3000000119
34016  -33.003  -43.860  -20.645 0.4000000060
110135  -30.371  -45.999  -22.947 0.5000000000
34017  -33.759  -43.897  -20.820 0.4000000060
34035  -35.069  -43.750  -21.777 0.4000000060
109664  -30.356  -45.199  -23.322 0.5000000000
34049  -35.664  -43.792  -22.431 0.4000000060
109622  -30.385  -45.233  -24.172 0.6000000238
34050  -36.292  -43.643  -23.000 0.4000000060
34064  -37.776  -43.322  -24.335 0.4000000060
116289  -30.655  -45.375  -25.769 0.6000000238
34071  -37.697  -44.198  -24.994 0.4000000060
34072  -38.345  -43.237  -25.022 0.4000000060
32193  -31.109  -45.507  -27.095 0.6999999881
109656  -31.754  -45.928  -28.649 0.6999999881
31315  -31.691  -46.716  -28.483 0.6999999881
33081  -31.202  -44.558  -21.283 0.4000000060
113730  -31.700  -44.689  -20.722 0.4000000060
117985  -32.476  -43.922  -20.743 0.4000000060
34033  -33.306  -43.186  -21.059 0.4000000060
33093  -30.683  -44.465  -22.013 0.4000000060
34030  -31.214  -43.774  -21.660 0.4000000060
34034  -34.270  -43.228  -21.340 0.4000000060
34047  -30.738  -43.702  -22.469 0.4000000060
110869  -34.926  -42.968  -21.745 0.4000000060
111260  -35.384  -43.168  -22.085 0.4000000060
110540  -35.928  -42.978  -22.459 0.4000000060
35036  -36.677  -42.756  -22.857 0.4000000060
33123  -30.456  -44.523  -24.656 0.6000000238
34063  -37.104  -43.295  -23.570 0.4000000060
33134  -30.597  -44.625  -25.543 0.6000000238
33152  -30.841  -44.873  -26.434 0.6999999881
35071  -38.832  -42.957  -25.741 0.4000000060
33162  -31.181  -44.665  -27.286 0.6999999881
31319  -32.081  -46.285  -29.299 0.6999999881
34031  -31.849  -43.146  -21.444 0.4000000060
33104  -30.446  -44.452  -22.872 0.4000000060
33115  -30.409  -44.486  -23.761 0.6000000238
34062  -30.807  -42.935  -23.017 0.5000000000
35024  -35.426  -42.344  -21.860 0.4000000060
111267  -30.646  -43.017  -24.477 0.6999999881
35025  -36.318  -42.150  -22.276 0.4000000060
34082  -30.598  -43.676  -25.162 0.6999999881
35037  -37.313  -42.433  -23.153 0.4000000060
34099  -30.774  -43.951  -26.101 0.6999999881
35056  -38.806  -42.421  -25.004 0.4000000060
35046  -38.627  -41.991  -24.268 0.4000000060
35072  -39.213  -42.743  -26.556 0.4000000060
109468  -31.373  -45.200  -27.726 0.6999999881
32216  -32.141  -45.399  -29.277 0.6999999881
35080  -39.464  -42.648  -27.461 0.4000000060
35991  -39.959  -42.149  -29.262 0.4000000060
35022  -31.343  -42.369  -22.563 0.4000000060
35010  -31.818  -42.413  -21.866 0.4000000060
35011  -32.647  -42.559  -21.431 0.4000000060
35012  -33.653  -42.423  -21.372 0.4000000060
118719  -30.615  -43.187  -23.775 0.6999999881
35035  -31.105  -42.292  -23.234 0.5000000000
35013  -34.526  -42.328  -21.548 0.4000000060
35045  -31.032  -42.237  -24.629 0.6999999881
35026  -37.048  -42.010  -22.643 0.4000000060
35054  -30.785  -42.846  -25.155 0.6999999881
35932  -36.756  -41.425  -22.285 0.4000000060
35941  -37.661  -41.675  -23.009 0.4000000060
34100  -31.151  -43.362  -26.655 0.6999999881
35942  -38.346  -41.494  -23.612 0.4000000060
101644  -31.021  -44.114  -26.818 0.6999999881
35961  -39.096  -41.602  -24.866 0.4000000060
35057  -39.281  -41.984  -25.796 0.4000000060
35973  -39.577  -41.122  -26.298 0.4000000060
33168  -31.524  -44.538  -28.063 0.6999999881
104644  -39.504  -41.889  -26.847 0.4000000060
33169  -31.974  -44.589  -28.853 0.6999999881
35979  -39.717  -41.806  -27.781 0.4000000060
118833  -40.114  -41.591  -29.115 0.4000000060
35921  -32.356  -41.806  -21.887 0.4000000060
35922  -33.178  -41.715  -21.625 0.4000000060
35924  -34.909  -41.501  -21.557 0.4000000060
35939  -31.501  -41.790  -22.976 0.6000000238
35023  -31.794  -41.916  -22.313 0.5000000000
36834  -34.427  -40.828  -21.574 0.5000000000
35082  -29.122  -42.427  -28.271 0.4000000060
116619  -29.251  -41.472  -28.457 0.5000000000
35948  -31.233  -41.900  -23.766 0.6000000238
108133  -35.865  -41.308  -21.815 0.4000000060
35959  -31.488  -41.619  -25.154 0.6000000238
36843  -37.340  -40.912  -22.511 0.4000000060
35069  -31.345  -42.537  -26.365 0.6000000238
99649  -38.610  -40.749  -23.624 0.4000000060
35950  -38.882  -41.181  -24.166 0.4000000060
35078  -31.577  -42.739  -27.243 0.6999999881
35962  -39.417  -41.049  -25.406 0.4000000060
34114  -31.886  -43.786  -28.505 0.6999999881
36889  -39.933  -40.332  -27.482 0.4000000060
36890  -40.264  -40.215  -28.215 0.4000000060
36900  -41.134  -40.333  -29.868 0.4000000060
36833  -33.608  -40.932  -21.705 0.5000000000
36850  -32.459  -40.676  -22.858 0.6000000238
35931  -32.776  -41.086  -22.018 0.5000000000
37666  -34.860  -40.138  -21.663 0.5000000000
35977  -28.816  -40.961  -27.556 0.3000000119
35949  -31.921  -40.861  -24.648 0.6000000238
35940  -31.767  -41.168  -23.548 0.6000000238
36835  -35.156  -40.792  -21.574 0.4000000060
35960  -31.956  -41.073  -25.666 0.6000000238
36842  -36.564  -40.647  -22.033 0.5000000000
107596  -32.442  -40.825  -26.891 0.6999999881
35070  -31.807  -41.938  -26.876 0.6000000238
36844  -37.755  -40.116  -22.625 0.4000000060
35978  -32.335  -41.339  -27.320 0.8000000119
36861  -39.057  -40.279  -24.133 0.4000000060
35951  -39.220  -40.888  -24.696 0.4000000060
36869  -39.576  -40.338  -25.873 0.4000000060
36881  -39.720  -40.359  -26.711 0.4000000060
37729  -40.758  -40.037  -29.028 0.4000000060
37734  -41.775  -39.753  -30.202 0.4000000060
116473  -32.932  -39.925  -23.373 0.6000000238
37671  -33.652  -39.613  -22.506 0.6000000238
36839  -33.219  -40.360  -22.266 0.5000000000
36840  -34.027  -40.190  -21.824 0.5000000000
36886  -28.752  -40.117  -27.376 0.4000000060
36892  -29.214  -40.557  -28.174 0.4000000060
36868  -32.403  -40.366  -25.434 0.6000000238
36860  -32.571  -40.093  -24.515 0.6000000238
110028  -29.459  -40.109  -28.829 0.5000000000
36879  -32.731  -40.260  -26.868 0.6999999881
104555  -32.394  -40.624  -26.241 0.6999999881
36841  -35.730  -40.321  -21.718 0.5000000000
37727  -29.818  -39.537  -29.454 0.5000000000
36880  -33.020  -39.662  -26.838 0.6999999881
36887  -32.763  -40.658  -27.561 0.6999999881
37674  -37.233  -39.499  -22.290 0.5000000000
38552  -30.175  -38.695  -29.851 0.6999999881
37723  -33.401  -39.535  -28.286 0.6999999881
36888  -33.088  -39.938  -27.558 0.6999999881
37675  -37.942  -39.307  -22.764 0.5000000000
39399  -30.988  -37.236  -30.711 0.6999999881
39398  -30.591  -37.965  -30.385 0.6999999881
36894  -33.206  -40.329  -28.408 0.6999999881
36852  -38.481  -39.956  -23.277 0.4000000060
100621  -33.513  -39.853  -29.229 0.6999999881
35982  -33.486  -40.755  -29.463 0.8000000119
37691  -39.265  -39.517  -24.650 0.4000000060
36862  -39.397  -40.281  -25.022 0.4000000060
37708  -39.715  -39.641  -26.304 0.4000000060
37718  -39.925  -39.688  -27.030 0.4000000060
37724  -40.642  -39.307  -28.179 0.4000000060
116059  -41.357  -39.638  -29.526 0.4000000060
37679  -33.480  -39.130  -23.426 0.6000000238
37672  -34.470  -39.460  -22.011 0.6000000238
100506  -35.448  -39.409  -21.813 0.5000000000
37716  -28.609  -39.099  -27.185 0.4000000060
111277  -29.245  -38.797  -27.996 0.4000000060
37722  -29.494  -39.343  -28.632 0.6999999881
37688  -32.883  -39.610  -25.331 0.6999999881
37689  -33.102  -39.388  -24.361 0.6000000238
101262  -34.850  -38.699  -22.185 0.5000000000
109735  -29.679  -38.571  -28.936 0.6999999881
37717  -33.298  -39.249  -27.369 0.6999999881
37707  -33.261  -39.062  -26.254 0.6999999881
37706  -32.784  -39.931  -26.155 0.6999999881
38491  -35.798  -38.541  -22.020 0.5000000000
118793  -36.066  -39.139  -21.860 0.5000000000
39388  -30.048  -37.873  -29.628 0.6999999881
38493  -37.351  -38.694  -22.441 0.5000000000
38541  -33.503  -38.814  -28.094 0.6999999881
37680  -38.429  -39.076  -23.318 0.4000000060
103945  -33.585  -39.095  -28.997 0.6999999881
39382  -33.119  -37.101  -28.274 0.6000000238
38546  -33.380  -38.597  -29.621 0.6000000238
114114  -33.460  -38.449  -28.771 0.6999999881
37690  -38.891  -39.326  -23.880 0.4000000060
107896  -39.383  -38.822  -25.092 0.4000000060
40224  -31.200  -36.083  -30.580 0.6999999881
37698  -39.509  -39.565  -25.496 0.4000000060
39391  -33.136  -37.738  -29.165 0.6000000238
38527  -39.704  -38.801  -25.966 0.4000000060
38528  -40.131  -38.441  -26.633 0.4000000060
37719  -40.281  -39.002  -27.307 0.4000000060
37725  -41.252  -39.132  -28.948 0.4000000060
38556  -41.923  -38.956  -29.680 0.4000000060
38490  -34.051  -38.866  -22.655 0.6000000238
38539  -28.807  -38.131  -27.473 0.6000000238
38540  -29.328  -37.969  -28.155 0.6999999881
38517  -33.384  -38.363  -25.656 0.6000000238
37697  -33.281  -38.882  -25.139 0.6999999881
117994  -33.603  -38.000  -24.139 0.6999999881
38500  -33.816  -38.319  -23.427 0.6000000238
38526  -33.406  -38.124  -26.381 0.6000000238
39359  -33.487  -37.563  -25.580 0.6000000238
103775  -33.411  -37.836  -27.083 0.6000000238
39389  -30.438  -37.127  -30.191 0.6999999881
105117  -29.855  -37.094  -29.275 0.6999999881
39375  -33.345  -37.231  -27.354 0.6000000238
99794  -33.424  -37.946  -27.987 0.6000000238
38494  -38.072  -38.482  -22.941 0.4000000060
40214  -30.846  -36.346  -30.556 0.6999999881
41055  -30.890  -35.654  -30.536 0.6999999881
38502  -38.729  -38.289  -23.710 0.4000000060
108841  -39.127  -38.821  -24.366 0.4000000060
40200  -32.719  -35.835  -27.900 0.6000000238
38510  -39.233  -38.167  -24.568 0.4000000060
38518  -39.574  -38.079  -25.359 0.4000000060
41056  -31.431  -35.631  -30.296 0.6999999881
117416  -31.568  -36.167  -30.409 0.6999999881
119375  -32.100  -36.221  -29.703 0.6999999881
105677  -32.495  -37.204  -29.959 0.6000000238
38538  -40.555  -38.137  -27.246 0.4000000060
38542  -40.716  -38.571  -27.782 0.4000000060
39383  -41.027  -37.882  -27.859 0.4000000060
38547  -41.695  -38.356  -29.022 0.4000000060
39392  -42.000  -37.616  -29.208 0.3000000119
39374  -28.323  -37.409  -27.407 0.5000000000
40180  -33.494  -36.599  -25.841 0.6000000238
108015  -33.594  -37.006  -25.197 0.6000000238
39350  -33.649  -37.347  -24.559 0.6000000238
119669  -34.159  -37.873  -23.221 0.6000000238
39333  -35.102  -37.913  -22.396 0.6000000238
39380  -28.993  -37.435  -27.725 0.6000000238
39381  -29.388  -37.183  -28.347 0.5000000000
39365  -33.433  -37.350  -26.504 0.6000000238
101100  -35.328  -37.135  -22.546 0.5000000000
39334  -35.924  -37.664  -22.242 0.4000000060
38492  -36.635  -38.151  -22.224 0.5000000000
110926  -29.653  -37.746  -28.864 0.6999999881
39335  -36.667  -37.335  -22.334 0.4000000060
39336  -37.471  -37.777  -22.591 0.4000000060
40186  -33.261  -36.082  -26.637 0.6000000238
39343  -37.955  -37.036  -22.848 0.4000000060
39337  -38.205  -37.746  -23.097 0.4000000060
40201  -33.090  -36.425  -27.507 0.6000000238
41028  -32.931  -35.623  -27.216 0.6000000238
39352  -39.064  -37.563  -24.133 0.4000000060
41063  -31.020  -35.280  -30.476 0.6999999881
39353  -39.395  -37.421  -24.812 0.4000000060
38519  -39.959  -37.945  -26.040 0.4000000060
102165  -31.225  -34.700  -30.173 0.6999999881
41044  -31.782  -35.224  -29.477 0.6999999881
41045  -32.334  -35.599  -28.633 0.6999999881
118586  -40.104  -37.412  -26.106 0.4000000060
39366  -40.366  -37.565  -26.616 0.4000000060
39361  -40.248  -36.806  -26.193 0.4000000060
40202  -41.066  -36.359  -27.428 0.3000000119
39376  -40.842  -37.302  -27.324 0.4000000060
41030  -41.503  -36.302  -28.313 0.4000000060
39384  -41.546  -37.729  -28.501 0.3000000119
40171  -33.722  -36.509  -24.793 0.6000000238
40985  -34.103  -35.692  -24.228 0.6000000238
39351  -34.107  -36.691  -23.750 0.6000000238
40156  -34.839  -36.501  -22.932 0.6000000238
40199  -28.795  -36.590  -27.815 0.6000000238
40207  -29.543  -36.340  -28.665 0.6000000238
40984  -33.678  -35.745  -25.250 0.6000000238
40999  -33.980  -34.966  -24.878 0.6000000238
40157  -35.687  -36.388  -22.564 0.5000000000
101290  -33.434  -35.748  -26.008 0.6000000238
40158  -36.623  -36.484  -22.442 0.5000000000
101059  -36.039  -36.992  -22.377 0.4000000060
104519  -37.281  -36.987  -22.511 0.4000000060
40213  -30.161  -36.313  -29.783 0.6999999881
41043  -29.723  -35.531  -29.235 0.6999999881
41011  -33.216  -35.307  -26.527 0.6000000238
111889  -37.523  -36.308  -22.654 0.5000000000
41062  -30.684  -35.003  -30.317 0.8000000119
41054  -30.475  -35.584  -30.197 0.8000000119
40166  -38.793  -36.185  -23.754 0.4000000060
39344  -38.618  -37.128  -23.527 0.4000000060
41843  -32.858  -34.855  -27.069 0.6000000238
110151  -39.162  -36.818  -24.240 0.4000000060
41027  -32.562  -35.185  -27.792 0.6999999881
42738  -39.849  -33.336  -26.585 0.5000000000
41830  -40.058  -34.142  -26.154 0.5000000000
40987  -39.339  -35.307  -24.702 0.4000000060
40172  -39.537  -36.623  -25.003 0.4000000060
42764  -32.031  -33.921  -28.288 0.6999999881
41857  -32.142  -34.774  -28.489 0.6999999881
108738  -39.810  -33.092  -28.148 0.5000000000
42739  -40.324  -33.970  -26.852 0.5000000000
41831  -40.518  -34.707  -26.760 0.4000000060
41814  -40.085  -35.024  -25.862 0.4000000060
40181  -39.896  -36.483  -25.612 0.4000000060
42765  -39.721  -33.299  -29.164 0.4000000060
42754  -40.244  -33.577  -27.500 0.5000000000
119485  -40.535  -33.937  -27.844 0.4000000060
41844  -40.884  -34.841  -27.612 0.4000000060
41012  -40.842  -35.481  -27.127 0.4000000060
108033  -40.614  -36.128  -26.656 0.4000000060
42774  -40.206  -33.947  -29.604 0.4000000060
115383  -40.365  -33.747  -28.452 0.4000000060
115779  -40.757  -34.306  -28.103 0.4000000060
41029  -41.238  -35.556  -27.933 0.4000000060
115218  -34.349  -34.878  -24.131 0.6000000238
40163  -34.551  -35.922  -23.410 0.6000000238
41042  -28.966  -35.627  -28.279 0.5000000000
41812  -33.894  -34.244  -25.309 0.6000000238
41796  -34.333  -34.258  -24.514 0.6000000238
110038  -35.205  -34.841  -23.135 0.5000000000
40971  -35.872  -34.919  -22.775 0.5000000000
40164  -35.242  -35.608  -22.885 0.5000000000
41811  -33.545  -34.205  -25.928 0.6000000238
40998  -33.571  -34.965  -25.779 0.6000000238
41785  -36.472  -34.307  -22.953 0.5000000000
41778  -36.763  -35.065  -22.658 0.5000000000
41855  -29.063  -34.800  -28.882 0.6000000238
41829  -33.238  -34.531  -26.439 0.6000000238
41787  -37.928  -34.463  -23.232 0.5000000000
40977  -37.776  -35.346  -22.834 0.5000000000
41867  -30.335  -34.362  -30.358 0.8000000119
42719  -39.544  -33.572  -25.693 0.5000000000
40978  -38.373  -35.007  -23.364 0.5000000000
119747  -38.448  -35.612  -23.356 0.5000000000
41828  -32.859  -34.056  -26.931 0.6000000238
43629  -39.337  -32.449  -27.776 0.5000000000
43615  -38.853  -32.015  -26.307 0.5000000000
43604  -39.294  -32.765  -25.960 0.5000000000
42707  -39.242  -33.825  -25.032 0.5000000000
41797  -38.518  -34.466  -23.865 0.5000000000
41868  -30.712  -34.349  -30.393 0.8000000119
41842  -32.466  -34.388  -27.642 0.6999999881
43616  -39.406  -32.511  -26.826 0.5000000000
114436  -39.767  -32.972  -27.341 0.5000000000
41813  -39.624  -34.343  -25.421 0.5000000000
42772  -31.257  -33.841  -29.868 0.8000000119
43638  -38.688  -31.837  -28.416 0.5000000000
43639  -39.251  -32.600  -28.799 0.4000000060
41856  -31.635  -34.338  -29.220 0.6999999881
40976  -34.657  -35.191  -23.509 0.5000000000
109212  -28.041  -35.088  -28.436 0.5000000000
42717  -34.275  -33.557  -24.960 0.6000000238
41784  -35.601  -34.246  -23.189 0.5000000000
42686  -36.154  -33.488  -23.428 0.5000000000
42687  -37.240  -33.781  -23.337 0.5000000000
109716  -28.010  -34.216  -28.959 0.5000000000
42737  -33.317  -33.779  -26.348 0.6000000238
42716  -33.768  -33.507  -25.712 0.6000000238
43592  -37.356  -32.495  -24.432 0.5000000000
42705  -37.727  -33.217  -24.015 0.5000000000
102921  -33.459  -33.118  -26.248 0.6000000238
44479  -38.178  -31.616  -25.850 0.5000000000
43602  -37.808  -32.046  -25.118 0.5000000000
43593  -38.211  -32.790  -24.742 0.5000000000
42706  -38.592  -33.671  -24.423 0.5000000000
42782  -30.099  -33.690  -30.703 0.6999999881
42736  -33.006  -33.228  -26.796 0.6000000238
42718  -38.976  -33.132  -25.188 0.5000000000
42753  -32.489  -33.523  -27.502 0.6999999881
43628  -38.869  -31.833  -27.272 0.5000000000
42783  -30.533  -33.516  -30.663 0.6999999881
43647  -38.674  -32.170  -29.513 0.4000000060
42784  -30.898  -33.960  -30.369 0.8000000119
42763  -31.609  -33.474  -28.988 0.6999999881
43648  -39.117  -32.885  -29.874 0.5000000000
114706  -38.656  -32.973  -31.322 0.5000000000
43658  -30.992  -33.237  -30.404 0.6999999881
42773  -39.551  -33.569  -30.263 0.5000000000
42804  -40.604  -33.383  -32.590 0.4000000060
42799  -41.109  -33.310  -32.191 0.5000000000
43666  -41.454  -32.214  -32.688 0.5000000000
42800  -41.725  -33.914  -31.454 0.5000000000
43667  -41.991  -32.596  -31.761 0.5000000000
42703  -34.779  -33.604  -24.193 0.6000000238
116929  -35.306  -33.727  -23.630 0.5000000000
118305  -34.197  -32.966  -25.313 0.6000000238
43589  -34.802  -32.811  -24.689 0.6000000238
43590  -35.671  -32.423  -24.383 0.6000000238
42685  -35.433  -33.087  -23.960 0.5000000000
42704  -36.867  -32.940  -23.792 0.5000000000
41860  -28.039  -33.427  -29.570 0.5000000000
41861  -29.079  -34.044  -29.514 0.5000000000
43599  -33.858  -32.683  -25.850 0.6000000238
43600  -34.463  -32.299  -25.386 0.6000000238
43601  -35.187  -31.996  -24.976 0.6000000238
44478  -37.378  -31.367  -25.548 0.5000000000
43591  -36.518  -32.345  -24.317 0.5000000000
42769  -26.980  -32.866  -29.713 0.5000000000
42770  -29.155  -33.444  -30.231 0.6000000238
44468  -36.938  -31.821  -24.878 0.5000000000
119644  -33.389  -32.367  -26.537 0.6000000238
44495  -38.298  -31.341  -26.735 0.5000000000
99596  -30.163  -32.984  -31.122 0.6999999881
105283  -38.303  -31.566  -29.251 0.6000000238
44511  -38.071  -31.136  -28.649 0.4000000060
44517  -38.153  -31.697  -30.161 0.5000000000
106722  -32.074  -33.020  -28.196 0.6999999881
43626  -32.680  -32.514  -27.389 0.6999999881
43659  -38.534  -32.503  -30.673 0.5000000000
43672  -39.648  -32.447  -34.295 0.4000000060
44539  -40.996  -31.777  -33.596 0.4000000060
43637  -32.187  -32.125  -28.234 0.6999999881
44546  -41.142  -32.029  -33.658 0.4000000060
44516  -31.325  -31.836  -29.742 0.6999999881
100960  -30.942  -32.409  -30.626 0.6999999881
42788  -42.688  -33.039  -31.120 0.5000000000
43661  -42.719  -31.923  -31.280 0.5000000000
44467  -36.050  -31.775  -24.797 0.5000000000
44475  -34.794  -31.543  -25.564 0.6000000238
44476  -35.555  -31.343  -25.338 0.5000000000
43645  -28.058  -32.663  -30.292 0.6000000238
43614  -34.079  -31.857  -25.986 0.6000000238
45266  -36.974  -30.762  -25.990 0.5000000000
43656  -28.698  -32.165  -30.966 0.6000000238
44492  -33.705  -31.414  -26.618 0.5000000000
44493  -34.517  -30.965  -26.198 0.5000000000
44494  -37.662  -30.991  -26.273 0.5000000000
45288  -37.805  -30.706  -28.073 0.5000000000
42781  -29.418  -32.911  -30.914 0.6999999881
44501  -38.268  -31.219  -27.712 0.5000000000
44510  -37.827  -31.098  -29.570 0.6000000238
43657  -29.689  -32.342  -31.309 0.6999999881
44499  -32.702  -31.576  -27.657 0.6999999881
44547  -38.119  -31.177  -34.138 0.5000000000
44544  -39.376  -31.129  -34.024 0.4000000060
44509  -32.243  -31.276  -28.366 0.6999999881
44531  -37.937  -31.913  -31.337 0.5000000000
44543  -38.248  -32.132  -33.890 0.5000000000
44548  -38.635  -31.693  -34.335 0.4000000060
45336  -40.273  -31.414  -33.519 0.4000000060
44545  -40.416  -31.874  -34.230 0.4000000060
104665  -30.585  -32.889  -30.889 0.6999999881
43636  -31.596  -32.572  -29.022 0.6999999881
45332  -41.580  -31.335  -31.780 0.4000000060
44540  -41.368  -31.785  -32.784 0.4000000060
102901  -30.415  -32.215  -31.265 0.6999999881
45305  -31.536  -30.370  -29.586 0.6999999881
45333  -42.232  -31.192  -31.281 0.4000000060
44529  -30.901  -31.427  -30.779 0.6999999881
101434  -31.267  -30.990  -29.948 0.6999999881
44541  -42.046  -31.671  -31.859 0.4000000060
44532  -42.768  -31.172  -31.001 0.4000000060
43662  -43.349  -32.342  -30.667 0.5000000000
45264  -35.803  -30.772  -25.796 0.5000000000
45263  -35.165  -30.974  -25.755 0.5000000000
45278  -35.954  -30.261  -26.303 0.5000000000
45279  -36.598  -30.298  -26.466 0.5000000000
45287  -37.330  -30.165  -27.917 0.5000000000
44526  -28.052  -31.381  -30.995 0.6000000238
46084  -34.809  -30.190  -26.714 0.5000000000
115953  -37.206  -30.516  -26.573 0.5000000000
44527  -29.159  -31.645  -31.325 0.6999999881
45299  -37.518  -30.477  -28.887 0.6000000238
116370  -37.426  -30.582  -29.858 0.5000000000
45276  -34.013  -30.566  -26.903 0.6000000238
44500  -33.292  -31.052  -27.241 0.6999999881
44537  -37.449  -31.294  -32.181 0.5000000000
45338  -38.593  -31.156  -34.233 0.4000000060
44536  -29.879  -31.756  -31.505 0.6999999881
45284  -32.813  -30.748  -27.864 0.8000000119
44542  -37.665  -31.303  -33.450 0.5000000000
45334  -37.573  -30.388  -33.859 0.5000000000
45331  -40.659  -31.214  -32.424 0.4000000060
45321  -41.730  -30.917  -30.822 0.4000000060
46103  -32.561  -29.556  -28.661 0.6000000238
44508  -31.776  -31.768  -28.861 0.6999999881
45296  -31.703  -31.013  -29.127 0.6999999881
46937  -32.861  -28.772  -28.835 0.6000000238
45317  -31.071  -30.329  -30.465 0.6999999881
46118  -32.137  -29.129  -29.265 0.6000000238
45316  -30.623  -30.687  -31.108 0.6999999881
46949  -32.434  -28.295  -29.470 0.6000000238
44533  -43.413  -30.947  -30.436 0.5000000000
47859  -33.034  -26.914  -30.087 0.6000000238
113693  -32.835  -27.615  -29.615 0.6000000238
115541  -43.195  -31.543  -30.766 0.5000000000
106401  -43.764  -31.685  -30.259 0.5000000000
45286  -36.984  -30.068  -27.096 0.6000000238
44525  -26.711  -31.003  -30.740 0.5000000000
46085  -35.486  -30.001  -26.637 0.5000000000
46095  -36.666  -29.644  -27.702 0.6000000238
46108  -36.976  -29.723  -28.588 0.6000000238
44535  -28.609  -30.969  -31.299 0.6000000238
46093  -35.241  -29.611  -27.166 0.6000000238
46094  -36.116  -29.720  -27.012 0.6000000238
45307  -37.092  -30.239  -30.632 0.5000000000
45318  -37.083  -30.501  -31.772 0.5000000000
45326  -28.530  -30.196  -31.358 0.6000000238
46927  -34.932  -29.063  -27.828 0.6000000238
46145  -36.759  -29.799  -32.641 0.5000000000
46154  -37.711  -29.543  -33.926 0.5000000000
46151  -38.877  -30.207  -33.388 0.4000000060
45330  -39.718  -30.735  -32.822 0.4000000060
45328  -30.173  -30.370  -31.448 0.6999999881
46142  -29.422  -29.833  -31.529 0.6000000238
45285  -33.500  -30.262  -27.509 0.6999999881
45329  -37.194  -30.520  -33.048 0.5000000000
45337  -37.924  -30.380  -34.066 0.5000000000
45320  -40.798  -30.805  -31.096 0.4000000060
45309  -41.879  -30.689  -29.804 0.4000000060
45298  -32.993  -29.958  -28.077 0.6999999881
46104  -33.306  -29.227  -28.304 0.6999999881
115705  -34.723  -27.821  -29.135 0.6999999881
46132  -36.759  -29.839  -31.506 0.5000000000
46149  -37.006  -29.657  -33.688 0.5000000000
45310  -42.637  -30.487  -29.676 0.4000000060
46960  -30.672  -28.788  -31.155 0.6000000238
47834  -34.075  -27.866  -29.008 0.6000000238
47847  -35.090  -27.507  -29.837 0.6999999881
45322  -42.654  -30.826  -30.496 0.4000000060
46129  -30.620  -29.843  -31.081 0.6999999881
46130  -31.127  -29.293  -30.554 0.6000000238
46117  -31.536  -29.609  -29.801 0.6000000238
46950  -33.237  -28.039  -29.108 0.6000000238
47846  -34.377  -27.333  -29.679 0.6000000238
47861  -35.243  -26.851  -31.375 0.6000000238
46134  -43.519  -30.137  -29.856 0.4000000060
115626  -31.284  -28.446  -30.621 0.6000000238
46948  -31.687  -28.693  -29.946 0.6000000238
48885  -33.888  -26.641  -30.262 0.6000000238
48900  -35.079  -25.922  -32.237 0.6000000238
48899  -34.241  -25.676  -31.466 0.6000000238
45323  -43.769  -30.280  -30.035 0.5000000000
107024  -43.204  -30.683  -30.373 0.4000000060
44534  -44.220  -30.819  -29.888 0.5000000000
45324  -44.501  -29.827  -29.824 0.5000000000
46106  -35.712  -29.243  -27.677 0.6000000238
46107  -36.287  -29.144  -28.249 0.6000000238
46119  -36.589  -29.226  -29.273 0.6000000238
45315  -27.474  -30.480  -31.084 0.6000000238
46941  -36.103  -28.703  -28.968 0.6000000238
46131  -36.590  -29.356  -30.578 0.5000000000
112231  -38.197  -29.636  -33.717 0.5000000000
46147  -39.214  -29.937  -32.157 0.4000000060
105329  -29.347  -28.816  -31.581 0.6000000238
46940  -35.514  -28.652  -28.450 0.6000000238
110168  -35.650  -28.185  -29.350 0.6000000238
46964  -36.124  -28.346  -31.390 0.5000000000
107431  -36.245  -27.953  -33.004 0.5000000000
46977  -36.712  -28.085  -33.899 0.5000000000
46152  -36.957  -28.771  -33.978 0.5000000000
45319  -39.948  -30.456  -31.516 0.4000000060
45308  -40.989  -30.573  -29.998 0.4000000060
46939  -34.629  -28.394  -28.520 0.6999999881
46963  -35.697  -27.751  -30.580 0.5000000000
46148  -36.619  -28.905  -33.397 0.5000000000
47879  -36.081  -26.382  -33.267 0.6000000238
46124  -43.661  -29.369  -29.230 0.4000000060
46961  -31.114  -27.832  -31.133 0.6000000238
47858  -31.581  -26.946  -31.309 0.6000000238
44528  -30.310  -31.282  -31.380 0.6999999881
106983  -32.464  -26.528  -30.838 0.6000000238
110668  -44.257  -29.526  -29.807 0.4000000060
46135  -44.142  -29.320  -29.736 0.4000000060
48898  -33.332  -26.067  -30.842 0.6000000238
114002  -45.308  -29.625  -29.757 0.4000000060
46951  -36.209  -28.550  -29.923 0.5000000000
46976  -38.259  -28.572  -32.442 0.5000000000
46150  -38.528  -29.381  -32.892 0.5000000000
46133  -40.188  -30.187  -30.348 0.4000000060
46973  -29.451  -27.886  -31.666 0.6000000238
46974  -30.348  -27.922  -31.583 0.6000000238
47881  -36.977  -27.107  -33.602 0.5000000000
47882  -36.954  -28.176  -34.080 0.5000000000
46979  -37.766  -28.725  -33.627 0.5000000000
45300  -41.227  -30.393  -29.015 0.4000000060
45301  -42.111  -30.385  -28.936 0.4000000060
115077  -30.063  -28.602  -31.587 0.6000000238
47880  -36.552  -27.190  -33.505 0.5000000000
47874  -30.709  -27.097  -31.774 0.6000000238
114367  -31.917  -26.114  -31.638 0.6000000238
48913  -35.675  -25.683  -32.857 0.6000000238
46954  -44.206  -28.718  -29.488 0.4000000060
49831  -33.600  -25.176  -31.916 0.6000000238
49841  -36.051  -25.409  -32.387 0.6000000238
46136  -44.582  -28.865  -29.911 0.4000000060
49832  -34.422  -24.747  -32.266 0.6000000238
46967  -45.067  -28.426  -30.299 0.4000000060
47866  -45.499  -27.776  -30.335 0.3000000119
104120  -44.963  -29.098  -30.065 0.5000000000
46968  -46.114  -28.558  -30.351 0.3000000119
46965  -38.618  -28.693  -30.996 0.5000000000
46146  -38.781  -29.257  -31.798 0.5000000000
46122  -40.397  -30.022  -29.335 0.5000000000
46111  -41.579  -29.955  -28.143 0.5000000000
46975  -37.634  -27.763  -33.205 0.5000000000
47878  -38.017  -27.849  -31.837 0.6000000238
46112  -42.391  -29.876  -28.383 0.4000000060
48911  -31.102  -26.196  -32.048 0.6000000238
49837  -31.716  -25.139  -32.356 0.6000000238
47877  -37.457  -27.005  -32.573 0.6000000238
46113  -43.032  -29.259  -28.291 0.4000000060
46123  -42.898  -29.961  -29.095 0.4000000060
49838  -32.847  -24.508  -32.410 0.6000000238
48915  -36.816  -26.343  -32.992 0.6999999881
47850  -44.279  -27.972  -29.112 0.3000000119
49839  -33.953  -24.067  -32.533 0.6000000238
104331  -36.600  -25.858  -32.384 0.6000000238
47851  -44.617  -27.318  -29.547 0.3000000119
48897  -32.684  -25.614  -31.607 0.6000000238
49840  -34.614  -24.459  -32.212 0.6000000238
46955  -44.602  -28.170  -29.811 0.4000000060
48912  -35.005  -25.134  -32.393 0.6000000238
48901  -36.591  -25.598  -31.034 0.6000000238
47865  -44.863  -27.740  -30.149 0.3000000119
47853  -45.896  -27.114  -30.000 0.3000000119
47854  -46.912  -27.195  -29.896 0.3000000119
46952  -38.683  -28.461  -29.840 0.6000000238
46966  -39.132  -29.032  -30.095 0.5000000000
46110  -40.587  -29.849  -28.421 0.5000000000
47864  -38.200  -27.877  -30.568 0.6000000238
46098  -42.264  -29.448  -27.705 0.4000000060
118285  -43.279  -28.662  -27.970 0.4000000060
48917  -30.565  -25.243  -32.435 0.6000000238
49845  -31.940  -23.918  -32.736 0.6000000238
47863  -37.733  -27.274  -31.313 0.6000000238
46944  -43.723  -28.570  -28.583 0.3000000119
50684  -33.628  -23.259  -32.322 0.6000000238
50685  -34.369  -23.667  -32.084 0.6000000238
50680  -35.342  -24.309  -31.108 0.6000000238
50686  -34.884  -24.123  -31.832 0.6000000238
49834  -35.935  -24.858  -31.273 0.6000000238
47852  -44.987  -27.071  -30.080 0.3000000119
48890  -46.268  -26.470  -29.628 0.3000000119
48891  -47.240  -26.510  -29.571 0.3000000119
46953  -39.209  -28.945  -29.249 0.6000000238
46121  -39.830  -29.440  -28.791 0.5000000000
46096  -40.817  -29.581  -27.583 0.5000000000
46097  -41.564  -29.481  -27.419 0.4000000060
47849  -38.216  -27.789  -29.509 0.6000000238
46942  -38.696  -28.355  -28.910 0.6000000238
46930  -42.778  -28.695  -27.439 0.4000000060
47848  -37.713  -27.157  -30.291 0.6000000238
46931  -43.496  -28.056  -27.743 0.4000000060
109538  -43.937  -27.807  -28.438 0.3000000119
50691  -32.876  -23.009  -32.430 0.6000000238
47836  -37.671  -27.090  -29.161 0.6000000238
50679  -34.706  -23.608  -31.073 0.6000000238
48887  -37.208  -26.359  -29.997 0.6000000238
48878  -44.528  -26.499  -28.926 0.3000000119
48886  -36.678  -25.639  -29.464 0.6000000238
48888  -44.776  -26.642  -29.480 0.3000000119
50669  -35.751  -24.529  -30.308 0.6000000238
49820  -36.204  -24.987  -30.032 0.6000000238
118735  -45.835  -25.886  -29.310 0.3000000119
49823  -46.606  -25.821  -29.305 0.3000000119
46943  -39.244  -28.816  -28.282 0.6000000238
46109  -39.973  -29.363  -27.879 0.5000000000
46088  -41.133  -29.206  -26.878 0.5000000000
46929  -41.955  -29.027  -27.016 0.4000000060
47826  -42.961  -27.901  -26.955 0.4000000060
47827  -43.467  -27.216  -27.232 0.4000000060
104539  -38.667  -28.253  -28.195 0.6000000238
48868  -43.819  -26.396  -27.597 0.4000000060
48877  -44.206  -26.362  -28.337 0.3000000119
51483  -34.018  -23.037  -31.716 0.6000000238
101280  -44.110  -24.483  -28.526 0.3000000119
51472  -34.039  -23.188  -30.783 0.6000000238
50668  -35.252  -24.133  -29.890 0.6000000238
47824  -37.613  -27.018  -28.075 0.6000000238
50670  -44.574  -25.122  -28.618 0.3000000119
48876  -37.170  -26.308  -28.772 0.6000000238
49819  -35.779  -24.609  -29.495 0.6000000238
49809  -36.129  -25.038  -28.930 0.6000000238
46086  -39.466  -28.814  -27.371 0.6000000238
47816  -41.904  -27.881  -25.930 0.4000000060
46921  -41.512  -28.619  -26.380 0.4000000060
114007  -42.514  -27.701  -26.395 0.4000000060
47818  -42.958  -27.143  -26.550 0.4000000060
46918  -38.853  -28.350  -26.992 0.5000000000
46928  -38.894  -28.444  -27.682 0.5000000000
47825  -38.301  -27.831  -27.620 0.5000000000
49800  -43.973  -25.502  -28.069 0.3000000119
50655  -43.956  -24.740  -28.392 0.3000000119
50667  -34.538  -23.747  -29.966 0.6000000238
105339  -37.608  -27.178  -27.194 0.5000000000
48867  -37.032  -26.256  -27.830 0.6000000238
49799  -35.991  -25.158  -28.017 0.6000000238
48875  -36.571  -25.643  -28.348 0.6000000238
48866  -36.447  -25.739  -27.463 0.5000000000
47808  -41.388  -27.603  -25.235 0.4000000060
46912  -41.056  -28.284  -25.680 0.3000000119
47809  -41.957  -27.220  -25.458 0.4000000060
48856  -42.821  -26.391  -26.122 0.4000000060
46919  -39.600  -28.665  -26.409 0.4000000060
49791  -43.213  -25.590  -26.421 0.3000000119
50640  -43.500  -24.819  -26.843 0.3000000119
49792  -43.683  -25.579  -27.223 0.3000000119
47815  -38.209  -27.761  -26.683 0.5000000000
51446  -43.541  -23.973  -27.237 0.3000000119
51460  -43.817  -23.944  -28.246 0.3000000119
52256  -45.300  -22.968  -28.102 0.3000000119
48855  -37.037  -26.360  -26.985 0.5000000000
48846  -41.684  -26.912  -24.919 0.3000000119
48847  -42.277  -26.469  -25.365 0.3000000119
46893  -39.728  -28.024  -24.883 0.3000000119
46911  -40.145  -28.460  -25.560 0.4000000060
50639  -43.025  -24.730  -26.056 0.3000000119
47794  -40.198  -27.485  -24.310 0.3000000119
113193  -43.338  -24.340  -26.599 0.3000000119
47805  -38.301  -27.667  -25.702 0.4000000060
51454  -43.651  -23.346  -27.680 0.3000000119
47814  -37.499  -27.090  -26.333 0.5000000000
52245  -44.892  -22.407  -27.759 0.3000000119
99855  -45.814  -22.465  -27.474 0.3000000119
48845  -36.935  -26.283  -26.067 0.4000000060
48837  -41.381  -26.541  -24.318 0.3000000119
48838  -41.881  -26.269  -24.740 0.3000000119
49783  -42.239  -25.665  -24.888 0.3000000119
48836  -40.674  -26.810  -23.916 0.3000000119
47795  -41.036  -27.278  -24.544 0.3000000119
50634  -42.555  -24.860  -25.142 0.3000000119
49788  -42.698  -25.622  -25.645 0.3000000119
51445  -43.190  -23.862  -26.356 0.3000000119
51453  -43.319  -23.091  -26.912 0.3000000119
47772  -39.726  -26.873  -23.679 0.3000000119
47793  -39.269  -27.464  -24.353 0.3000000119
115852  -43.603  -22.888  -27.390 0.3000000119
52254  -43.843  -23.095  -28.083 0.3000000119
48835  -38.747  -26.910  -23.931 0.3000000119
47792  -38.258  -27.193  -24.722 0.4000000060
53018  -43.859  -21.786  -27.177 0.3000000119
53019  -44.602  -21.781  -27.296 0.3000000119
53020  -45.497  -21.831  -27.250 0.3000000119
47804  -37.475  -26.845  -25.457 0.4000000060
106480  -46.237  -21.970  -27.129 0.3000000119
53005  -46.863  -21.724  -26.876 0.3000000119
48810  -41.151  -26.094  -23.685 0.3000000119
49782  -41.712  -25.779  -24.249 0.3000000119
108222  -42.786  -24.004  -25.487 0.3000000119
102279  -42.934  -23.148  -25.942 0.3000000119
52238  -42.983  -22.427  -26.426 0.3000000119
48782  -39.640  -26.180  -23.013 0.3000000119
48809  -40.426  -26.275  -23.303 0.3000000119
52242  -43.324  -22.383  -26.953 0.3000000119
53862  -44.273  -21.015  -26.996 0.3000000119
53863  -45.246  -21.073  -26.978 0.3000000119
48834  -37.459  -26.462  -24.720 0.4000000060
53850  -46.084  -20.379  -26.637 0.3000000119
104793  -47.121  -20.096  -26.575 0.3000000119
53851  -46.947  -20.961  -26.651 0.3000000119
54690  -48.821  -19.784  -26.785 0.3000000119
50624  -41.924  -24.246  -23.758 0.3000000119
50625  -42.079  -24.972  -24.340 0.3000000119
108535  -42.401  -24.128  -24.589 0.3000000119
51437  -42.590  -23.251  -24.974 0.3000000119
49768  -41.495  -25.195  -23.511 0.3000000119
52223  -42.695  -22.323  -25.476 0.3000000119
49742  -40.332  -25.672  -22.724 0.3000000119
49743  -40.976  -25.107  -22.709 0.3000000119
106128  -42.846  -21.859  -26.187 0.3000000119
53003  -42.916  -21.333  -26.450 0.3000000119
115703  -43.571  -21.121  -26.842 0.3000000119
53004  -43.163  -20.796  -26.629 0.3000000119
53848  -43.788  -20.262  -26.677 0.3000000119
118047  -38.012  -26.615  -24.186 0.4000000060
48807  -38.285  -26.328  -23.597 0.4000000060
53849  -44.916  -20.252  -26.684 0.3000000119
54679  -45.576  -19.473  -26.552 0.3000000119
49781  -37.433  -26.006  -24.008 0.4000000060
54681  -47.983  -19.872  -26.649 0.3000000119
54689  -48.266  -19.041  -26.901 0.3000000119
51427  -42.241  -23.386  -24.053 0.3000000119
52205  -42.384  -22.529  -24.429 0.3000000119
51415  -41.761  -23.472  -23.232 0.3000000119
104849  -42.009  -22.656  -23.572 0.3000000119
52987  -42.651  -21.388  -25.658 0.3000000119
50614  -41.422  -24.338  -22.937 0.3000000119
103451  -40.319  -25.001  -22.219 0.3000000119
54678  -44.510  -19.357  -26.510 0.3000000119
109070  -46.090  -18.752  -26.587 0.3000000119
54680  -46.529  -19.422  -26.589 0.3000000119
55480  -47.400  -19.231  -26.699 0.3000000119
49765  -37.034  -25.279  -23.545 0.3000000119
55492  -49.606  -18.137  -27.474 0.3000000119
52193  -41.621  -22.716  -22.784 0.3000000119
52968  -42.152  -21.875  -23.899 0.3000000119
53822  -42.348  -20.704  -24.957 0.3000000119
115598  -41.250  -23.498  -22.367 0.3000000119
101379  -42.674  -20.513  -26.055 0.3000000119
53847  -43.009  -19.979  -26.467 0.3000000119
54676  -42.856  -19.227  -26.209 0.3000000119
54677  -43.578  -19.391  -26.427 0.3000000119
55477  -44.404  -18.511  -26.384 0.3000000119
55478  -45.254  -18.677  -26.496 0.3000000119
56285  -45.816  -18.070  -26.583 0.3000000119
55489  -46.992  -17.950  -26.905 0.3000000119
55490  -47.626  -18.420  -26.967 0.3000000119
100733  -47.582  -16.896  -27.323 0.3000000119
55491  -48.557  -18.091  -27.339 0.3000000119
119091  -48.983  -16.865  -27.932 0.3000000119
105781  -50.073  -17.411  -27.734 0.3000000119
57081  -50.626  -16.686  -27.820 0.3000000119
52957  -41.803  -21.961  -23.116 0.3000000119
53813  -41.925  -21.222  -23.466 0.3000000119
114249  -42.214  -21.199  -24.181 0.3000000119
52186  -41.245  -22.669  -22.165 0.3000000119
52952  -41.438  -22.021  -22.381 0.3000000119
109082  -41.659  -20.475  -23.087 0.3000000119
105576  -41.978  -20.535  -23.986 0.3000000119
54653  -41.961  -19.820  -24.645 0.3000000119
55466  -42.298  -19.089  -25.868 0.3000000119
52185  -40.805  -23.008  -21.704 0.3000000119
55476  -43.489  -18.580  -26.257 0.3000000119
51396  -40.193  -23.331  -21.304 0.3000000119
56284  -45.665  -17.304  -26.524 0.3000000119
119022  -46.432  -18.205  -26.702 0.3000000119
56294  -46.970  -17.195  -27.045 0.3000000119
99670  -47.889  -16.277  -27.537 0.3000000119
57096  -49.484  -15.793  -28.291 0.3000000119
54627  -41.298  -19.562  -22.781 0.3000000119
52941  -40.678  -21.159  -21.388 0.3000000119
53800  -41.152  -20.518  -22.131 0.3000000119
114998  -41.211  -21.413  -22.012 0.3000000119
52160  -39.892  -22.081  -20.779 0.3000000119
117381  -40.426  -21.848  -21.122 0.3000000119
46144  -36.421  -29.083  -32.110 0.5000000000
47875  -35.614  -26.437  -32.842 0.6000000238
46143  -30.122  -29.412  -31.490 0.6000000238
111786  -31.325  -33.158  -29.628 0.6999999881
18109  -32.062  -61.877  -24.832 0.3000000119
19048  -31.998  -60.937  -25.060 0.3000000119
19067  -32.657  -60.987  -25.766 0.3000000119
19076  -33.286  -61.111  -26.398 0.4000000060
19087  -34.589  -60.026  -27.756 0.4000000060
20013  -34.867  -59.224  -27.917 0.4000000060
20915  -35.021  -58.450  -28.006 0.4000000060
118429  -34.816  -57.951  -27.817 0.4000000060
118751  -34.723  -56.965  -28.170 0.4000000060
23360  -34.116  -55.835  -28.008 0.4000000060
22569  -34.520  -56.320  -28.564 0.4000000060
118291  -33.658  -54.982  -27.464 0.4000000060
26853  -31.909  -51.895  -27.162 0.4000000060
107878  -32.338  -53.514  -17.757 0.3000000119
117200  -33.348  -52.863  -17.406 0.3000000119
26852  -31.641  -51.220  -26.637 0.5000000000
27616  -35.937  -50.075  -17.368 0.3000000119
28451  -36.541  -49.458  -17.571 0.3000000119
27729  -31.656  -50.384  -28.016 0.5000000000
32173  -36.830  -45.936  -25.029 0.3000000119
32180  -37.330  -45.835  -25.905 0.3000000119
30361  -31.492  -47.440  -27.939 0.6000000238
33136  -37.796  -44.711  -25.809 0.4000000060
30373  -31.806  -47.566  -28.745 0.6000000238
34084  -38.320  -43.814  -25.727 0.4000000060
33163  -38.944  -44.210  -27.628 0.4000000060
35084  -39.666  -42.605  -28.501 0.4000000060
35091  -40.132  -42.445  -30.087 0.4000000060
34107  -28.852  -43.002  -27.782 0.4000000060
35086  -29.283  -42.823  -29.015 0.5000000000
33175  -32.498  -44.614  -29.625 0.6999999881
104069  -40.829  -41.128  -30.230 0.4000000060
109929  -32.875  -44.030  -30.014 0.6999999881
35999  -41.529  -40.676  -30.830 0.4000000060
35981  -29.424  -40.849  -28.939 0.5000000000
36897  -29.726  -40.571  -29.629 0.5000000000
116264  -30.265  -39.362  -30.118 0.6000000238
38553  -30.714  -38.820  -30.470 0.8000000119
35083  -32.559  -42.197  -28.758 0.8000000119
34109  -31.917  -42.912  -28.171 0.6999999881
35989  -33.163  -41.586  -29.316 0.8000000119
34121  -33.030  -43.318  -29.942 0.6999999881
37735  -42.359  -39.845  -31.021 0.4000000060
36898  -33.662  -40.147  -30.166 0.8000000119
35990  -33.675  -41.433  -30.196 0.8000000119
110550  -42.393  -39.190  -30.435 0.4000000060
103729  -31.237  -36.745  -30.672 0.6999999881
37728  -33.553  -39.364  -29.909 0.8000000119
39400  -31.573  -37.404  -30.725 0.6999999881
39401  -32.238  -37.648  -30.557 0.6999999881
38555  -33.236  -38.911  -30.415 0.8000000119
39402  -32.934  -38.068  -30.179 0.6000000238
39393  -42.373  -37.631  -29.946 0.3000000119
106892  -40.782  -34.400  -29.006 0.4000000060
101789  -41.767  -36.315  -29.070 0.4000000060
40209  -41.780  -36.968  -28.756 0.4000000060
41047  -41.498  -35.644  -28.838 0.4000000060
42787  -39.995  -34.160  -30.737 0.4000000060
41869  -40.515  -34.493  -31.205 0.4000000060
41879  -40.840  -34.232  -31.611 0.5000000000
42786  -39.424  -33.775  -31.342 0.5000000000
42803  -40.208  -33.355  -33.006 0.4000000060
42798  -40.258  -33.917  -32.083 0.5000000000
41880  -41.262  -34.962  -31.352 0.4000000060
103368  -38.316  -32.690  -31.795 0.5000000000
43668  -38.837  -32.952  -33.895 0.5000000000
42802  -39.565  -33.215  -33.552 0.4000000060
43654  -25.818  -31.342  -30.339 0.5000000000
46137  -46.019  -29.254  -30.072 0.4000000060
105766  -26.531  -29.605  -30.900 0.6000000238
45325  -27.553  -29.676  -31.204 0.6000000238
46141  -28.248  -29.094  -31.391 0.6000000238
46969  -47.038  -28.455  -30.254 0.3000000119
47872  -28.720  -26.908  -31.602 0.6000000238
47873  -29.720  -27.021  -31.888 0.6000000238
48903  -47.874  -27.221  -29.680 0.3000000119
48910  -30.119  -26.148  -32.157 0.6000000238
49844  -30.946  -24.303  -32.625 0.6000000238
51486  -33.254  -22.779  -32.082 0.6000000238
51471  -33.250  -23.134  -30.713 0.6000000238
50666  -33.760  -23.653  -29.907 0.6000000238
50654  -34.896  -24.242  -29.233 0.6000000238
49808  -35.464  -24.659  -28.789 0.6000000238
50653  -34.237  -24.253  -29.214 0.6000000238
48854  -36.407  -25.945  -26.662 0.5000000000
99456  -36.961  -26.107  -25.309 0.4000000060
100062  -36.997  -25.886  -24.683 0.4000000060
118124  -46.988  -16.284  -27.113 0.3000000119
57973  -49.408  -14.972  -28.408 0.3000000119
107483  -50.021  -15.344  -28.517 0.3000000119
57097  -50.283  -15.957  -28.274 0.3000000119
52928  -40.080  -21.342  -20.793 0.3000000119
52927  -39.355  -21.511  -20.553 0.3000000119
35998  -40.545  -41.936  -30.570 0.4000000060
42801  -42.783  -34.079  -31.106 0.5000000000
20007  -34.141  -59.115  -27.324 0.4000000060
20863  -30.649  -58.301  -23.798 0.3000000119
20879  -31.219  -58.174  -24.415 0.3000000119
21760  -31.603  -57.330  -24.506 0.3000000119
23329  -31.695  -55.916  -23.992 0.3000000119
22542  -31.973  -56.485  -24.530 0.3000000119
26011  -32.473  -52.761  -25.877 0.4000000060
23266  -29.827  -55.874  -20.371 0.3000000119
24174  -33.034  -54.285  -24.867 0.4000000060
25070  -31.623  -53.446  -21.448 0.3000000119
105993  -35.256  -49.828  -17.319 0.3000000119
28447  -33.398  -49.941  -17.666 0.3000000119
29340  -33.324  -48.225  -17.968 0.3000000119
31206  -34.997  -45.998  -18.867 0.3000000119
32139  -36.293  -45.695  -21.762 0.3000000119
30258  -31.784  -47.485  -19.497 0.3000000119
30241  -32.962  -47.596  -18.371 0.3000000119
31190  -33.016  -46.795  -18.631 0.3000000119
107574  -36.819  -46.426  -24.637 0.3000000119
32179  -30.483  -45.332  -25.027 0.6000000238
33135  -37.285  -45.150  -25.288 0.4000000060
32192  -30.836  -45.832  -26.324 0.6000000238
32208  -31.442  -45.979  -27.835 0.6999999881
31233  -30.751  -46.153  -21.253 0.3000000119
34101  -38.805  -43.553  -26.408 0.4000000060
32215  -31.670  -45.274  -28.391 0.6999999881
33094  -31.889  -43.961  -20.972 0.4000000060
34048  -31.216  -43.004  -22.100 0.4000000060
118406  -38.324  -42.677  -24.464 0.4000000060
35034  -30.838  -42.567  -23.822 0.6000000238
34083  -30.907  -43.104  -25.847 0.6999999881
34108  -31.399  -43.721  -27.552 0.6999999881
113674  -31.456  -41.535  -24.360 0.6000000238
104128  -39.721  -41.072  -27.204 0.4000000060
36895  -39.904  -40.986  -28.056 0.4000000060
36899  -40.641  -40.792  -29.532 0.4000000060
104878  -28.825  -41.762  -27.545 0.3000000119
107580  -32.430  -43.911  -29.304 0.6999999881
35079  -32.146  -42.066  -27.784 0.6999999881
36893  -32.831  -41.280  -28.356 0.6999999881
37709  -39.929  -39.118  -26.658 0.4000000060
38509  -33.450  -38.655  -24.239 0.6999999881
38537  -33.415  -38.518  -27.184 0.6000000238
39390  -32.736  -36.915  -29.132 0.6000000238
38557  -42.516  -38.409  -30.347 0.4000000060
38548  -42.181  -38.197  -29.587 0.3000000119
39341  -33.924  -37.591  -23.656 0.6999999881
119436  -33.364  -36.740  -26.766 0.6000000238
40225  -31.733  -36.756  -30.501 0.6999999881
39342  -34.521  -37.402  -23.016 0.4000000060
40187  -40.642  -36.824  -26.836 0.3000000119
39377  -41.346  -37.076  -28.002 0.3000000119
40972  -36.174  -35.684  -22.561 0.5000000000
41862  -29.934  -34.765  -29.897 0.6999999881
40986  -38.884  -35.294  -23.993 0.4000000060
110901  -39.263  -35.993  -24.476 0.4000000060
42755  -40.583  -34.204  -27.429 0.4000000060
109194  -39.593  -34.986  -25.175 0.4000000060
41000  -39.700  -35.759  -25.265 0.4000000060
41001  -40.188  -35.933  -26.001 0.4000000060
41046  -41.132  -34.939  -28.462 0.4000000060
41783  -34.820  -34.356  -23.678 0.5000000000
41786  -37.270  -34.558  -22.910 0.5000000000
42771  -29.803  -34.068  -30.226 0.6999999881
43603  -38.598  -32.368  -25.498 0.5000000000
43646  -31.227  -32.650  -29.891 0.8000000119
43627  -33.131  -31.782  -27.062 0.6999999881
43660  -38.981  -33.237  -30.902 0.5000000000
44477  -36.457  -31.178  -25.434 0.5000000000
42796  -38.936  -33.450  -33.045 0.4000000060
43669  -40.459  -32.547  -33.862 0.4000000060
43671  -38.906  -32.233  -34.373 0.4000000060
43655  -27.316  -31.800  -30.574 0.5000000000
45297  -32.282  -30.411  -28.577 0.6000000238
45306  -31.930  -29.902  -29.115 0.6000000238
45327  -29.533  -30.915  -31.498 0.6999999881
46092  -34.335  -29.725  -27.387 0.6000000238
46938  -33.697  -28.507  -28.557 0.6999999881
47845  -33.611  -27.393  -29.568 0.6000000238
46962  -32.016  -27.616  -30.287 0.6000000238
102655  -26.261  -30.263  -30.755 0.5000000000
46120  -37.058  -29.950  -29.607 0.6000000238
46153  -37.356  -29.511  -33.924 0.5000000000
46105  -34.101  -29.018  -28.004 0.6999999881
47835  -35.174  -28.066  -28.974 0.6999999881
47860  -34.609  -26.634  -30.697 0.6000000238
46978  -37.174  -27.949  -33.959 0.5000000000
47862  -35.727  -27.351  -32.248 0.6000000238
48914  -36.253  -25.949  -33.103 0.6000000238
117288  -45.475  -28.816  -30.290 0.4000000060
107527  -39.381  -29.581  -30.875 0.4000000060
47876  -35.958  -26.961  -33.218 0.6000000238
47867  -46.547  -27.827  -30.241 0.3000000119
102153  -39.703  -29.516  -29.742 0.5000000000
48902  -37.217  -26.444  -31.546 0.6000000238
47839  -44.282  -27.189  -28.745 0.3000000119
49833  -35.289  -24.883  -32.156 0.6000000238
48892  -48.278  -26.473  -29.610 0.3000000119
48889  -45.293  -26.381  -29.555 0.3000000119
47837  -38.214  -27.722  -28.558 0.6000000238
47838  -43.891  -27.189  -28.012 0.4000000060
107906  -44.363  -25.446  -28.503 0.3000000119
49821  -44.720  -25.961  -29.011 0.3000000119
49822  -45.198  -25.600  -29.027 0.3000000119
46087  -40.240  -29.154  -27.028 0.5000000000
48857  -43.382  -26.398  -26.817 0.4000000060
46920  -40.616  -28.802  -26.284 0.4000000060
47817  -42.417  -27.146  -25.953 0.4000000060
50647  -43.753  -24.734  -27.766 0.3000000119
46909  -38.805  -28.219  -26.256 0.5000000000
51461  -44.113  -23.740  -28.458 0.3000000119
52255  -44.386  -23.026  -28.262 0.3000000119
46910  -39.237  -28.244  -25.584 0.4000000060
47806  -38.937  -27.826  -24.989 0.4000000060
52244  -44.165  -22.503  -27.708 0.3000000119
53852  -47.784  -20.699  -26.609 0.3000000119
52243  -43.704  -22.444  -27.327 0.3000000119
48808  -39.038  -26.501  -23.397 0.3000000119
53864  -46.164  -21.324  -26.881 0.3000000119
49767  -40.920  -25.708  -23.135 0.3000000119
119323  -43.047  -21.905  -26.685 0.3000000119
105515  -49.189  -18.956  -27.147 0.3000000119
52969  -42.422  -21.671  -24.749 0.3000000119
50598  -40.862  -24.390  -22.262 0.3000000119
50597  -40.607  -23.816  -21.765 0.3000000119
56297  -49.193  -17.376  -27.762 0.3000000119
53835  -42.292  -19.803  -25.530 0.3000000119
106552  -45.030  -17.879  -26.423 0.3000000119
113333  -46.373  -17.588  -26.736 0.3000000119
56296  -48.380  -17.068  -27.621 0.3000000119
57095  -48.755  -16.261  -27.947 0.3000000119
57080  -49.620  -16.645  -28.046 0.3000000119
57098  -51.207  -15.953  -27.975 0.3000000119
53801  -41.583  -21.269  -22.666 0.3000000119
102792  -41.667  -19.019  -24.311 0.3000000119
52159  -39.142  -22.327  -20.610 0.3000000119
51376  -38.922  -23.115  -20.800 0.3000000119
57972  -48.768  -15.376  -28.066 0.3000000119
21793  -35.545  -57.661  -29.120 0.4000000060
34115  -32.464  -43.078  -29.064 0.6999999881
38554  -32.674  -38.508  -30.667 0.8000000119
49798  -35.353  -25.131  -27.925 0.5000000000
41873  -45.981  -34.468  -30.456 0.3000000119
42790  -44.470  -33.526  -30.333 0.4000000060
42792  -46.611  -33.592  -30.042 0.3000000119
42789  -43.529  -33.297  -30.647 0.4000000060
42776  -47.381  -32.465  -29.886 0.3000000119
43664  -44.976  -32.790  -29.813 0.4000000060
42775  -46.052  -32.802  -29.657 0.3000000119
42797  -39.523  -33.687  -32.398 0.3000000119
43663  -44.084  -32.604  -30.182 0.4000000060
44518  -45.028  -31.298  -29.395 0.3000000119
43649  -44.528  -31.898  -29.710 0.4000000060
103066  -46.558  -30.412  -29.393 0.3000000119
44519  -45.965  -31.210  -29.324 0.3000000119
46125  -47.090  -29.715  -29.661 0.3000000119
45312  -46.053  -29.847  -29.609 0.3000000119
46972  -28.329  -27.865  -31.435 0.5000000000
46138  -47.016  -29.175  -30.124 0.3000000119
46128  -26.109  -28.828  -30.531 0.5000000000
48881  -27.274  -27.047  -30.313 0.5000000000
47870  -27.317  -27.303  -30.975 0.5000000000
48895  -27.504  -26.830  -30.710 0.5000000000
48909  -29.060  -25.897  -31.822 0.5000000000
46970  -48.004  -28.524  -29.828 0.3000000119
49828  -28.594  -25.461  -31.372 0.5000000000
50682  -30.620  -23.676  -32.358 0.5000000000
49817  -29.746  -24.695  -30.646 0.5000000000
50664  -30.826  -24.453  -30.342 0.5000000000
49830  -29.515  -24.442  -31.479 0.5000000000
104126  -31.833  -24.126  -30.082 0.4000000060
103858  -30.497  -25.258  -29.664 0.5000000000
48884  -29.407  -25.535  -29.937 0.5000000000
50678  -32.280  -23.297  -30.843 0.5000000000
115178  -31.449  -24.965  -29.465 0.4000000060
50665  -32.819  -23.797  -29.911 0.5000000000
49803  -31.151  -25.633  -29.002 0.4000000060
49804  -31.944  -25.487  -28.813 0.4000000060
50652  -33.326  -24.412  -29.207 0.5000000000
49805  -32.868  -25.243  -28.668 0.4000000060
48874  -32.390  -26.067  -28.221 0.4000000060
49796  -33.375  -25.762  -28.049 0.5000000000
49806  -33.849  -24.926  -28.561 0.4000000060
49797  -34.419  -25.387  -27.914 0.4000000060
48863  -33.883  -26.281  -27.381 0.3000000119
48864  -35.022  -25.881  -27.117 0.4000000060
48865  -35.917  -25.495  -27.254 0.4000000060
48853  -35.859  -25.910  -26.438 0.3000000119
48844  -36.428  -26.039  -25.827 0.3000000119
48852  -35.018  -26.491  -26.154 0.3000000119
48843  -35.679  -26.194  -25.546 0.3000000119
48833  -36.326  -25.916  -24.920 0.3000000119
47842  -26.901  -27.476  -30.038 0.5000000000
41874  -47.112  -34.447  -30.504 0.3000000119
41871  -43.889  -34.223  -30.870 0.4000000060
46934  -26.823  -28.154  -29.563 0.4000000060
102511  -27.362  -26.930  -30.097 0.5000000000
47843  -27.980  -26.654  -29.826 0.4000000060
42785  -38.830  -33.405  -31.991 0.4000000060
50689  -31.229  -23.608  -32.587 0.5000000000
45311  -45.319  -30.405  -29.453 0.3000000119
46140  -27.031  -28.941  -31.117 0.5000000000
47871  -27.925  -26.852  -31.270 0.5000000000
49843  -30.110  -24.470  -32.427 0.5000000000
51481  -32.764  -22.816  -31.608 0.5000000000
49807  -34.770  -24.680  -28.559 0.4000000060
41872  -44.932  -34.370  -30.631 0.4000000060
42791  -45.462  -33.650  -30.095 0.3000000119
41881  -42.112  -34.978  -31.421 0.4000000060
43650  -45.479  -32.021  -29.455 0.3000000119
46139  -47.890  -29.038  -30.088 0.3000000119
46958  -26.226  -28.270  -30.242 0.5000000000
46947  -26.267  -28.099  -29.978 0.5000000000
47857  -26.878  -27.607  -30.338 0.5000000000
48882  -27.726  -26.447  -30.528 0.5000000000
48907  -27.680  -26.541  -31.040 0.5000000000
48896  -27.878  -26.121  -31.021 0.5000000000
49842  -29.547  -24.578  -32.180 0.5000000000
50681  -29.990  -23.999  -32.003 0.5000000000
51479  -30.795  -23.423  -31.983 0.5000000000
49816  -28.815  -25.083  -31.024 0.5000000000
48883  -28.357  -25.902  -30.328 0.5000000000
49818  -32.371  -24.674  -29.289 0.4000000060
50676  -30.250  -24.025  -31.351 0.4000000060
36906  -31.001  -40.530  -31.152 0.6999999881
37733  -33.454  -39.737  -30.658 0.6999999881
37732  -33.067  -39.308  -30.940 0.6999999881
37741  -32.749  -39.734  -31.310 0.6999999881
36907  -32.081  -40.199  -31.559 0.6999999881
37739  -31.402  -39.758  -31.160 0.6999999881
38562  -31.341  -39.074  -30.878 0.6999999881
38564  -32.432  -38.959  -30.968 0.6999999881
37740  -32.017  -39.365  -31.211 0.6999999881
41057  -41.738  -35.837  -29.910 0.3000000119
41064  -41.692  -35.661  -31.047 0.3000000119
39408  -32.053  -38.158  -30.841 0.6999999881
41864  -41.213  -35.069  -29.481 0.3000000119
41870  -41.147  -35.101  -30.637 0.3000000119
41070  -42.050  -35.614  -31.408 0.3000000119
41071  -42.583  -35.816  -31.700 0.3000000119
41072  -43.364  -36.016  -31.985 0.3000000119
116170  -31.307  -38.152  -30.791 0.6999999881
41863  -40.636  -34.566  -30.128 0.3000000119
41882  -43.235  -35.111  -31.463 0.3000000119
110801  -39.904  -34.083  -31.589 0.3000000119
35997  -33.888  -41.357  -31.137 0.6999999881
36005  -33.859  -41.794  -31.864 0.6999999881
35094  -30.399  -42.096  -30.969 0.6999999881
36903  -33.710  -40.532  -30.923 0.6999999881
36909  -33.631  -41.005  -31.502 0.6999999881
36908  -33.064  -40.568  -31.676 0.6999999881
35996  -30.367  -41.330  -30.745 0.6999999881
37742  -33.365  -40.151  -31.209 0.6999999881
37731  -30.671  -39.733  -30.644 0.6999999881
40215  -42.141  -36.812  -29.663 0.3000000119
40226  -42.131  -36.384  -30.665 0.3000000119
40233  -42.223  -36.152  -31.498 0.3000000119
107827  -42.482  -36.161  -31.725 0.3000000119
41883  -44.421  -34.991  -31.264 0.3000000119
109977  -44.040  -35.614  -31.757 0.3000000119
26030  -32.645  -51.899  -29.755 0.4000000060
26873  -32.581  -51.118  -29.811 0.4000000060
26868  -32.190  -51.553  -29.016 0.4000000060
26863  -31.976  -51.788  -28.110 0.4000000060
26876  -33.150  -51.344  -30.467 0.4000000060
109738  -31.513  -48.891  -27.891 0.5000000000
28566  -31.777  -49.554  -28.531 0.4000000060
27730  -31.950  -50.365  -28.909 0.4000000060
26867  -31.877  -51.046  -28.468 0.4000000060
28567  -32.281  -49.742  -29.488 0.5000000000
27735  -32.467  -50.428  -29.721 0.4000000060
27738  -33.280  -50.489  -30.694 0.4000000060
28557  -31.486  -49.675  -27.531 0.4000000060
109657  -31.785  -48.780  -28.596 0.5000000000
110013  -32.840  -49.874  -30.273 0.5000000000
26877  -33.963  -51.091  -31.504 0.5000000000
28574  -32.174  -48.978  -29.304 0.5000000000
28575  -32.768  -49.174  -30.241 0.5000000000
28577  -33.586  -49.485  -31.291 0.5000000000
27744  -34.051  -49.923  -32.768 0.5000000000
29472  -32.571  -48.298  -30.039 0.6000000238
27740  -34.095  -50.134  -31.922 0.5000000000
29474  -33.374  -48.577  -31.132 0.5000000000
28580  -34.078  -49.454  -32.363 0.5000000000
28584  -33.876  -49.071  -32.830 0.6000000238
28583  -33.355  -49.084  -33.178 0.5000000000
112044  -32.082  -47.063  -29.352 0.6000000238
30379  -32.635  -47.391  -30.232 0.6000000238
29478  -33.971  -48.759  -32.243 0.5000000000
29481  -33.588  -48.312  -32.941 0.6000000238
30391  -33.102  -47.481  -33.008 0.5000000000
111563  -31.094  -47.041  -32.321 0.5000000000
111129  -31.987  -47.205  -32.784 0.5000000000
30390  -32.173  -47.905  -32.886 0.5000000000
31335  -31.676  -46.441  -32.573 0.5000000000
33174  -29.478  -44.599  -29.807 0.4000000060
104284  -29.721  -44.044  -30.295 0.5000000000
109445  -33.012  -46.707  -30.800 0.6000000238
30384  -33.324  -47.334  -31.208 0.5000000000
32226  -29.630  -45.451  -30.247 0.5000000000
31330  -33.595  -46.927  -31.922 0.6000000238
33178  -29.836  -44.705  -30.611 0.5000000000
30388  -33.529  -47.476  -32.633 0.6000000238
31337  -33.287  -46.667  -32.726 0.6000000238
30387  -30.397  -47.266  -31.730 0.5000000000
31336  -32.750  -46.562  -32.847 0.5000000000
32221  -29.373  -45.463  -29.443 0.4000000060
34120  -29.488  -43.711  -29.781 0.5000000000
31314  -29.330  -46.210  -28.992 0.4000000060
118298  -32.450  -46.678  -29.946 0.6000000238
31320  -32.641  -45.932  -30.219 0.6000000238
34134  -30.128  -43.947  -30.901 0.5000000000
31331  -33.465  -46.062  -32.227 0.6000000238
31338  -33.434  -46.615  -32.541 0.6000000238
32233  -33.416  -45.648  -32.308 0.6000000238
31329  -30.757  -46.411  -32.013 0.5000000000
32241  -33.278  -45.937  -32.526 0.6000000238
32238  -31.329  -45.720  -32.293 0.5000000000
32239  -32.362  -45.702  -32.711 0.5000000000
33173  -29.252  -44.100  -29.158 0.4000000060
35087  -29.497  -42.867  -29.731 0.5000000000
33167  -29.162  -44.857  -28.961 0.4000000060
34127  -29.894  -42.551  -30.423 0.5000000000
110973  -29.992  -41.892  -30.404 0.5000000000
34135  -30.380  -43.014  -31.150 0.5000000000
33179  -33.037  -44.554  -30.447 0.6000000238
32227  -33.181  -45.256  -30.871 0.6000000238
33183  -30.345  -44.747  -31.352 0.5000000000
33180  -33.492  -44.507  -31.354 0.6000000238
111679  -33.350  -45.124  -32.367 0.6000000238
32232  -30.537  -45.609  -31.690 0.5000000000
33191  -33.103  -45.157  -32.688 0.5000000000
33189  -31.200  -44.877  -32.118 0.5000000000
118727  -31.767  -45.270  -32.510 0.5000000000
104222  -29.644  -42.057  -29.903 0.5000000000
36002  -31.165  -41.422  -31.485 0.6000000238
35100  -31.065  -42.317  -31.632 0.5000000000
34128  -33.492  -43.732  -30.860 0.6000000238
32228  -33.524  -45.293  -31.887 0.6000000238
34136  -31.171  -43.014  -31.859 0.5000000000
33184  -30.913  -43.873  -31.743 0.5000000000
110051  -33.734  -43.816  -31.760 0.6000000238
33192  -33.351  -44.279  -32.435 0.5000000000
113696  -31.697  -44.173  -32.372 0.5000000000
34142  -33.000  -43.470  -32.728 0.5000000000
34119  -29.293  -43.403  -29.177 0.4000000060
35995  -29.856  -41.333  -30.098 0.4000000060
118041  -31.629  -40.790  -31.599 0.6000000238
115687  -31.837  -41.836  -32.034 0.6000000238
34129  -33.933  -43.065  -31.680 0.6000000238
35101  -31.913  -42.517  -32.282 0.5000000000
34141  -31.948  -43.383  -32.450 0.5000000000
35102  -33.900  -42.564  -32.158 0.6000000238
35107  -32.863  -42.746  -32.683 0.5000000000
35987  -29.399  -42.193  -29.172 0.5000000000
36902  -30.214  -40.594  -30.407 0.5000000000
35988  -29.545  -41.433  -29.404 0.4000000060
36003  -32.366  -41.101  -31.966 0.6000000238
36010  -32.877  -41.980  -32.463 0.5000000000
36004  -33.412  -41.431  -32.056 0.5000000000
32231  -29.956  -45.520  -31.016 0.5000000000
31328  -30.125  -46.372  -31.365 0.5000000000
34113  -29.101  -43.193  -28.475 0.4000000060
26862  -31.703  -51.147  -27.577 0.4000000060
30378  -32.184  -47.725  -29.466 0.6000000238
35088  -33.207  -42.331  -29.822 0.6000000238
34122  -33.679  -42.765  -30.778 0.6000000238
35089  -33.812  -41.975  -30.753 0.6000000238
35095  -33.984  -42.201  -31.515 0.6000000238
29482  -33.818  -48.304  -32.678 0.6000000238
29477  -33.797  -47.855  -32.016 0.6000000238
34126  -29.795  -43.346  -30.388 0.5000000000
31325  -33.305  -46.024  -31.374 0.6000000238
111724  -33.052  -44.214  -32.671 0.5000000000
34137  -33.689  -43.477  -32.278 0.6000000238
34143  -33.433  -43.627  -32.584 0.6000000238
35108  -33.586  -42.910  -32.599 0.5000000000
33153  -38.355  -44.353  -26.401 0.3000000119
107102  -37.927  -45.144  -26.422 0.3000000119
33170  -38.675  -45.149  -28.091 0.3000000119
33164  -39.162  -44.310  -28.500 0.3000000119
32217  -38.544  -46.274  -28.554 0.3000000119
33171  -38.982  -45.450  -29.048 0.3000000119
33176  -39.603  -44.811  -30.643 0.3000000119
34110  -39.340  -43.439  -28.001 0.3000000119
34116  -39.453  -43.520  -28.809 0.3000000119
34123  -39.390  -44.353  -29.539 0.3000000119
34131  -39.893  -44.100  -31.107 0.3000000119
35090  -39.710  -43.110  -29.561 0.3000000119
34130  -39.651  -43.828  -30.250 0.3000000119
36913  -42.964  -40.866  -32.986 0.3000000119
36910  -42.274  -40.689  -31.826 0.3000000119
37748  -43.433  -40.011  -33.133 0.3000000119
37744  -43.323  -39.151  -32.462 0.3000000119
37743  -42.959  -39.886  -32.007 0.3000000119
38565  -42.869  -38.994  -31.262 0.3000000119
32194  -37.775  -45.960  -26.830 0.3000000119
32218  -38.849  -46.907  -29.500 0.3000000119
108317  -34.237  -50.606  -32.511 0.4000000060
32229  -39.501  -47.096  -31.205 0.3000000119
107754  -39.666  -46.045  -31.346 0.3000000119
35096  -39.940  -43.235  -30.544 0.3000000119
36006  -40.822  -42.331  -31.543 0.3000000119
116196  -41.021  -41.538  -30.974 0.3000000119
36008  -42.256  -41.488  -32.661 0.3000000119
36012  -41.998  -42.437  -33.177 0.3000000119
36014  -43.405  -41.617  -34.201 0.3000000119
36914  -43.481  -40.798  -33.847 0.3000000119
106080  -43.663  -39.213  -33.957 0.3000000119
32223  -39.300  -46.015  -30.222 0.3000000119
33181  -40.014  -45.280  -31.807 0.3000000119
22574  -27.677  -56.984  -29.328 0.4000000060
22567  -27.961  -56.125  -28.595 0.3000000119
23357  -28.689  -55.383  -28.188 0.3000000119
24199  -28.477  -54.513  -27.943 0.3000000119
28579  -30.478  -49.358  -31.736 0.4000000060
29476  -30.787  -48.658  -32.085 0.4000000060
27737  -30.408  -50.743  -31.518 0.4000000060
26881  -30.990  -50.811  -32.260 0.4000000060
111225  -30.031  -47.941  -31.233 0.4000000060
111594  -30.462  -48.085  -31.757 0.4000000060
30389  -31.131  -47.831  -32.358 0.4000000060
28581  -31.190  -49.332  -32.425 0.4000000060
28582  -32.258  -49.217  -33.069 0.4000000060
29480  -32.844  -48.421  -33.155 0.4000000060
27741  -31.616  -50.041  -32.716 0.4000000060
26882  -32.077  -50.847  -32.943 0.4000000060
30372  -29.279  -47.807  -28.500 0.3000000119
111562  -29.210  -46.889  -28.429 0.3000000119
27742  -32.787  -49.900  -33.198 0.4000000060
29479  -31.681  -48.571  -32.734 0.4000000060
26878  -30.622  -51.406  -31.698 0.4000000060
29475  -30.245  -48.674  -31.453 0.4000000060
27739  -30.717  -50.067  -32.031 0.4000000060
20916  -35.425  -58.259  -28.596 0.3000000119
22577  -34.842  -56.331  -29.418 0.3000000119
119283  -34.459  -56.023  -29.110 0.3000000119
23366  -33.748  -55.175  -29.341 0.3000000119
24214  -34.608  -54.436  -31.276 0.3000000119
23374  -35.479  -54.662  -31.916 0.3000000119
24221  -35.917  -54.274  -33.008 0.3000000119
25141  -34.376  -53.609  -31.412 0.3000000119
24217  -35.213  -53.694  -32.415 0.3000000119
103726  -33.306  -53.003  -30.356 0.3000000119
25144  -34.054  -52.729  -31.300 0.3000000119
25145  -34.761  -52.841  -32.318 0.3000000119
104924  -33.408  -52.095  -30.668 0.3000000119
26036  -34.166  -51.844  -31.676 0.3000000119
23359  -33.714  -55.190  -28.240 0.3000000119
20890  -31.476  -59.010  -24.877 0.3000000119
21729  -29.994  -57.384  -22.591 0.3000000119
21792  -35.043  -57.658  -28.271 0.4000000060
22507  -29.908  -56.041  -21.658 0.3000000119
23338  -33.298  -55.619  -25.536 0.4000000060
24078  -31.868  -54.324  -17.911 0.3000000119
24088  -31.329  -54.146  -18.486 0.3000000119
24106  -30.479  -54.908  -19.513 0.3000000119
24146  -31.912  -53.891  -22.838 0.3000000119
25997  -32.853  -52.989  -24.110 0.3000000119
26811  -32.345  -51.640  -21.440 0.3000000119
26844  -31.695  -51.251  -25.664 0.4000000060
27642  -32.183  -50.566  -19.511 0.3000000119
27656  -32.095  -50.548  -20.415 0.3000000119
27678  -31.996  -50.650  -22.647 0.3000000119
28448  -34.011  -49.531  -17.448 0.3000000119
28450  -35.733  -49.250  -17.374 0.3000000119
28516  -31.535  -49.865  -22.671 0.3000000119
28549  -31.310  -49.737  -26.631 0.5000000000
28555  -27.701  -49.280  -26.856 0.5000000000
29324  -34.022  -48.700  -17.548 0.3000000119
29357  -31.555  -48.284  -19.870 0.3000000119
29408  -30.660  -48.271  -23.562 0.4000000060
29464  -31.606  -48.182  -28.264 0.6000000238
29471  -31.992  -48.263  -29.054 0.6000000238
30228  -34.130  -47.914  -17.705 0.3000000119
30321  -30.510  -47.535  -24.080 0.4000000060
30345  -28.443  -47.619  -27.017 0.5000000000
30346  -30.937  -47.907  -26.059 0.6000000238
30347  -31.236  -47.289  -27.176 0.6000000238
30371  -28.907  -47.411  -27.721 0.5000000000
32136  -30.707  -45.259  -21.629 0.4000000060
32151  -30.436  -45.212  -22.461 0.4000000060
32213  -28.893  -45.761  -27.959 0.5000000000
32214  -29.142  -45.592  -28.638 0.4000000060
32222  -32.669  -45.160  -30.058 0.6999999881
32240  -33.021  -45.934  -32.764 0.5000000000
33095  -34.544  -44.110  -21.150 0.4000000060
33125  -36.942  -45.060  -24.649 0.4000000060
33185  -33.591  -44.391  -32.099 0.6000000238
33186  -40.123  -46.494  -32.362 0.3000000119
33190  -32.270  -44.775  -32.626 0.5000000000
34032  -32.519  -43.414  -21.018 0.4000000060
34061  -30.523  -43.739  -23.338 0.6000000238
34070  -30.502  -43.768  -24.203 0.6999999881
34102  -39.153  -43.446  -27.144 0.4000000060
35038  -37.929  -42.426  -23.743 0.4000000060
35055  -31.163  -42.343  -25.540 0.6999999881
35077  -28.680  -42.481  -27.346 0.3000000119
35097  -40.316  -42.774  -31.040 0.3000000119
35923  -34.047  -41.590  -21.493 0.4000000060
35930  -32.079  -41.369  -22.554 0.6000000238
35933  -37.228  -41.506  -22.599 0.4000000060
35971  -31.600  -41.778  -26.024 0.6000000238
35972  -32.077  -41.263  -26.498 0.6999999881
35983  -39.927  -41.680  -28.615 0.4000000060
35984  -40.253  -40.964  -28.898 0.4000000060
35992  -40.354  -41.570  -29.662 0.4000000060
36007  -41.520  -41.670  -31.915 0.3000000119
36011  -33.645  -42.207  -32.366 0.5000000000
36013  -42.735  -42.024  -33.715 0.3000000119
36851  -38.070  -40.821  -23.076 0.4000000060
37673  -36.419  -39.731  -21.912 0.5000000000
37721  -29.206  -39.687  -27.972 0.4000000060
38501  -34.397  -38.175  -22.794 0.6000000238
38543  -41.158  -38.501  -28.358 0.4000000060
38563  -31.870  -38.702  -30.954 0.6999999881
39360  -39.810  -37.265  -25.594 0.4000000060
40165  -38.244  -36.263  -23.092 0.4000000060
40208  -32.708  -36.341  -28.515 0.6000000238
40973  -36.997  -35.762  -22.551 0.5000000000
41798  -39.165  -34.543  -24.631 0.5000000000
42688  -38.041  -33.877  -23.698 0.5000000000
43576  -36.151  -32.795  -23.889 0.5000000000
43665  -38.405  -32.912  -32.931 0.5000000000
43670  -40.899  -32.739  -33.083 0.4000000060
44530  -37.540  -31.070  -30.747 0.5000000000
44538  -37.857  -32.127  -32.644 0.5000000000
44549  -39.313  -31.760  -34.411 0.4000000060
45265  -36.363  -30.629  -25.974 0.5000000000
45277  -35.285  -30.488  -26.198 0.5000000000
45280  -37.698  -30.666  -27.179 0.5000000000
45335  -38.376  -30.386  -33.983 0.5000000000
46922  -42.295  -28.341  -26.651 0.4000000060
46959  -26.700  -28.127  -30.709 0.5000000000
46971  -27.432  -28.215  -31.167 0.5000000000
46980  -37.193  -28.685  -33.984 0.5000000000
47807  -40.615  -27.937  -24.973 0.4000000060
48908  -28.138  -26.142  -31.347 0.5000000000
48916  -29.643  -25.141  -32.261 0.5000000000
48918  -36.486  -26.539  -33.288 0.6999999881
49811  -45.979  -25.300  -28.937 0.3000000119
49815  -28.140  -25.748  -30.940 0.5000000000
49829  -29.327  -24.651  -31.827 0.5000000000
49836  -29.105  -25.002  -31.955 0.5000000000
50677  -31.244  -23.618  -31.094 0.4000000060
50683  -32.941  -23.549  -32.610 0.6000000238
50687  -29.958  -24.154  -32.260 0.5000000000
50688  -30.499  -23.948  -32.494 0.5000000000
50690  -32.119  -23.219  -32.599 0.6000000238
51462  -44.841  -23.644  -28.425 0.3000000119
51480  -31.779  -23.003  -31.828 0.5000000000
51482  -33.517  -22.889  -31.429 0.6000000238
51484  -31.460  -23.184  -32.384 0.5000000000
51485  -32.371  -22.843  -32.285 0.6000000238
52173  -39.697  -22.849  -20.896 0.3000000119
52174  -40.363  -22.548  -21.196 0.3000000119
52951  -40.925  -22.094  -21.683 0.3000000119
53017  -43.341  -21.684  -26.841 0.3000000119
53776  -40.191  -20.677  -20.892 0.3000000119
54668  -42.602  -19.720  -26.074 0.3000000119
55479  -46.851  -18.653  -26.718 0.3000000119
56295  -47.681  -17.612  -27.226 0.3000000119
99592  -38.390  -44.964  -27.131 0.3000000119
100812  -37.107  -40.185  -22.210 0.5000000000
103052  -36.596  -38.947  -22.054 0.5000000000
103148  -40.199  -39.711  -27.639 0.4000000060
103159  -30.250  -56.726  -22.645 0.3000000119
103456  -33.765  -40.816  -30.454 0.6999999881
104141  -32.298  -40.509  -23.791 0.6000000238
104483  -34.128  -55.732  -28.804 0.3000000119
105340  -32.407  -43.999  -32.609 0.5000000000
106058  -34.596  -50.043  -17.335 0.3000000119
106411  -31.044  -46.848  -20.680 0.3000000119
106495  -40.477  -35.440  -26.468 0.4000000060
107621  -30.078  -39.968  -30.085 0.6000000238
108635  -31.021  -47.190  -26.434 0.6000000238
108783  -35.898  -47.045  -18.171 0.3000000119
109128  -33.967  -50.222  -17.404 0.3000000119
109446  -33.187  -47.889  -30.907 0.6000000238
109676  -31.114  -49.595  -24.349 0.3000000119
111192  -32.161  -50.917  -29.179 0.4000000060
113607  -29.114  -43.754  -28.624 0.4000000060
113852  -33.462  -38.137  -24.888 0.6999999881
114311  -33.369  -42.463  -32.599 0.5000000000
114614  -33.643  -29.612  -27.815 0.6999999881
115582  -36.902  -27.730  -33.937 0.5000000000
115826  -31.840  -30.429  -29.070 0.6999999881
116007  -36.182  -29.404  -27.612 0.6000000238
116761  -35.058  -56.952  -28.871 0.4000000060
117983  -34.645  -58.765  -27.684 0.4000000060
118185  -37.301  -26.706  -27.516 0.5000000000
118199  -44.000  -18.948  -26.406 0.3000000119
118643  -33.852  -55.440  -27.553 0.4000000060
119284  -30.432  -46.372  -22.477 0.4000000060
119610  -38.772  -44.090  -26.927 0.4000000060
