#!ascii label  , from subject sub-v2s17x50048_ses-1 vox2ras=TkReg
829
4340  -21.165  -81.012  -35.488 0.5000000000
4335  -20.339  -81.169  -35.689 0.6000000238
6728  -25.347  -77.210  -30.758 0.3000000119
3831  -20.024  -81.570  -35.312 0.5000000000
6060  -25.269  -78.084  -32.268 0.4000000060
6739  -26.260  -77.446  -31.635 0.4000000060
6061  -26.010  -77.845  -32.588 0.4000000060
5469  -21.359  -78.381  -33.952 0.5000000000
5468  -20.955  -79.067  -34.558 0.5000000000
4873  -21.088  -80.369  -35.367 0.5000000000
107912  -20.655  -78.715  -33.159 0.6000000238
4862  -20.337  -79.516  -33.957 0.5000000000
4868  -20.190  -80.625  -34.939 0.6000000238
101564  -25.430  -76.571  -29.980 0.3000000119
4333  -19.550  -81.257  -34.439 0.5000000000
5472  -24.748  -78.396  -34.021 0.5000000000
6073  -25.312  -78.115  -33.346 0.5000000000
110499  -26.210  -76.825  -30.670 0.3000000119
4861  -19.683  -80.029  -33.344 0.6000000238
105981  -20.003  -81.266  -35.454 0.5000000000
113610  -25.561  -77.495  -33.577 0.5000000000
6740  -26.611  -77.431  -32.228 0.4000000060
6729  -26.973  -77.120  -31.417 0.3000000119
6074  -26.035  -77.096  -33.127 0.4000000060
116990  -26.977  -77.222  -31.977 0.4000000060
6738  -23.315  -76.394  -32.536 0.6999999881
6750  -22.937  -76.812  -33.636 0.6999999881
4341  -21.945  -80.207  -35.133 0.5000000000
6727  -22.668  -76.386  -31.203 0.6999999881
6044  -22.081  -77.021  -31.395 0.6999999881
119057  -22.368  -77.304  -33.115 0.8000000119
113903  -21.852  -77.750  -33.477 0.5000000000
5459  -21.189  -78.044  -32.351 0.6999999881
4872  -23.322  -79.182  -34.948 0.5000000000
5477  -23.548  -78.447  -35.166 0.4000000060
5478  -24.314  -78.273  -34.740 0.5000000000
7439  -26.021  -75.995  -29.584 0.3000000119
5458  -20.410  -78.487  -31.840 0.6000000238
6079  -24.758  -77.474  -34.484 0.5000000000
6712  -27.018  -76.498  -30.415 0.3000000119
4854  -19.964  -79.101  -32.530 0.5000000000
6762  -25.938  -76.071  -33.591 0.4000000060
6761  -25.289  -76.507  -34.162 0.4000000060
6741  -27.382  -76.933  -31.758 0.4000000060
7478  -26.500  -75.625  -33.156 0.3000000119
6753  -26.650  -76.712  -32.583 0.4000000060
8861  -23.736  -73.764  -30.962 0.5000000000
8166  -23.631  -74.549  -30.758 0.6000000238
8167  -24.243  -74.273  -31.170 0.6000000238
7454  -24.167  -75.054  -31.501 0.6000000238
7463  -23.486  -75.752  -31.477 0.6000000238
104129  -23.030  -73.279  -31.118 0.5000000000
8165  -22.977  -74.035  -30.446 0.6000000238
7453  -23.474  -75.158  -30.791 0.6000000238
6071  -21.933  -77.944  -34.909 0.6000000238
8138  -26.364  -74.777  -27.807 0.3000000119
8860  -22.136  -73.225  -31.179 0.6999999881
8153  -22.485  -74.604  -29.974 0.6000000238
7437  -23.023  -74.884  -30.272 0.6000000238
6726  -21.889  -76.699  -30.561 0.6999999881
6072  -23.342  -76.952  -34.956 0.6000000238
6078  -22.654  -77.680  -35.321 0.6000000238
114176  -22.709  -79.012  -35.200 0.5000000000
9504  -21.578  -72.681  -31.680 0.6999999881
8845  -21.964  -73.904  -30.191 0.6000000238
8152  -21.902  -74.687  -29.509 0.6000000238
6709  -22.325  -76.024  -30.257 0.6999999881
6082  -23.992  -77.727  -35.141 0.5000000000
8859  -21.206  -73.193  -31.231 0.6999999881
110745  -21.418  -74.184  -29.579 0.6999999881
7436  -22.321  -75.303  -29.805 0.6000000238
6708  -21.713  -76.151  -29.605 0.6000000238
5446  -20.766  -78.003  -31.269 0.6999999881
6759  -24.018  -76.388  -34.918 0.5000000000
6760  -24.501  -76.388  -34.736 0.5000000000
8137  -21.302  -74.662  -28.935 0.6000000238
7435  -21.638  -75.327  -29.111 0.6000000238
6034  -21.198  -77.063  -30.056 0.6000000238
5445  -20.209  -78.316  -30.848 0.6000000238
5457  -19.748  -78.846  -31.351 0.6000000238
7486  -24.854  -75.846  -34.500 0.5000000000
8151  -20.663  -73.986  -29.361 0.6999999881
6695  -21.300  -75.940  -28.832 0.6000000238
6707  -20.962  -76.691  -29.168 0.5000000000
6033  -20.483  -77.466  -29.609 0.5000000000
5444  -19.558  -78.629  -30.467 0.5000000000
4853  -19.335  -79.535  -31.930 0.5000000000
7479  -27.175  -75.273  -32.688 0.3000000119
6754  -27.090  -76.183  -32.415 0.3000000119
7464  -27.755  -76.231  -31.927 0.4000000060
4846  -19.094  -79.185  -30.884 0.5000000000
9516  -23.227  -71.940  -32.154 0.5000000000
8875  -23.563  -72.832  -31.516 0.5000000000
9517  -24.177  -72.318  -32.064 0.5000000000
10216  -23.489  -71.424  -32.239 0.5000000000
8876  -24.567  -73.457  -31.516 0.5000000000
8179  -24.878  -74.479  -31.858 0.6000000238
99779  -22.632  -71.892  -32.081 0.5000000000
100637  -24.778  -75.164  -32.618 0.6000000238
6751  -23.730  -76.285  -34.128 0.8000000119
8123  -26.549  -74.594  -27.021 0.3000000119
10212  -22.140  -71.590  -31.670 0.6000000238
9515  -21.993  -72.300  -31.995 0.6000000238
8874  -22.423  -72.487  -31.792 0.6000000238
9503  -20.975  -72.820  -31.506 0.6999999881
6752  -24.395  -75.971  -34.404 0.5000000000
7423  -26.213  -75.245  -28.628 0.3000000119
7440  -27.155  -75.735  -29.336 0.3000000119
7476  -24.866  -75.537  -33.824 0.4000000060
8858  -20.558  -73.116  -30.935 0.6000000238
8844  -20.978  -73.623  -30.299 0.6999999881
6730  -27.713  -76.991  -30.970 0.3000000119
102140  -20.169  -73.476  -30.181 0.6000000238
118061  -20.025  -73.730  -29.602 0.6999999881
7419  -21.054  -75.318  -28.481 0.6000000238
6694  -20.651  -76.216  -28.332 0.5000000000
6017  -20.236  -77.166  -28.779 0.5000000000
7477  -25.926  -75.097  -33.738 0.4000000060
7487  -25.332  -75.579  -34.049 0.4000000060
8889  -28.038  -73.701  -33.512 0.3000000119
8192  -27.750  -74.532  -32.523 0.3000000119
7405  -20.455  -75.365  -27.895 0.6000000238
6693  -19.867  -76.815  -28.041 0.5000000000
6032  -19.743  -77.862  -29.275 0.5000000000
5432  -19.308  -78.445  -29.743 0.5000000000
114765  -18.980  -78.908  -30.172 0.6000000238
4837  -18.346  -79.432  -30.337 0.5000000000
109106  -27.235  -74.197  -33.204 0.3000000119
6678  -20.123  -76.044  -27.727 0.5000000000
6016  -19.413  -77.580  -28.535 0.5000000000
4823  -17.992  -78.730  -28.829 0.5000000000
11010  -24.336  -70.589  -32.541 0.5000000000
9528  -23.930  -71.339  -32.594 0.5000000000
10219  -24.526  -70.889  -33.306 0.5000000000
104358  -24.588  -71.761  -32.614 0.5000000000
9518  -25.142  -72.722  -32.148 0.5000000000
11009  -22.957  -71.248  -31.806 0.5000000000
10217  -24.050  -70.924  -32.880 0.5000000000
8180  -25.531  -73.809  -32.179 0.4000000060
105553  -25.874  -74.550  -27.302 0.3000000119
8124  -27.323  -74.855  -26.849 0.3000000119
10211  -21.490  -71.443  -31.147 0.6000000238
9514  -21.512  -72.380  -31.707 0.6000000238
8139  -27.030  -74.818  -27.532 0.3000000119
7424  -27.048  -75.097  -28.300 0.3000000119
100061  -20.895  -72.150  -31.206 0.6000000238
8189  -25.419  -74.976  -33.167 0.4000000060
9502  -20.389  -72.581  -30.850 0.6000000238
8190  -26.135  -74.403  -33.029 0.4000000060
8191  -26.559  -74.587  -33.334 0.4000000060
7441  -28.173  -75.980  -29.354 0.3000000119
10222  -25.251  -70.280  -33.610 0.5000000000
10223  -25.484  -70.902  -33.735 0.4000000060
99869  -23.637  -70.920  -32.149 0.5000000000
9529  -25.381  -71.852  -32.876 0.4000000060
10999  -24.103  -70.454  -31.250 0.6000000238
9530  -26.356  -72.173  -33.250 0.4000000060
8886  -26.138  -73.135  -32.629 0.4000000060
117054  -26.571  -73.950  -33.140 0.4000000060
8887  -26.845  -73.521  -33.313 0.4000000060
8888  -27.462  -73.491  -33.593 0.3000000119
8857  -19.773  -72.981  -30.419 0.6000000238
11011  -24.953  -70.261  -33.101 0.5000000000
11018  -24.618  -70.589  -33.228 0.5000000000
11000  -25.047  -70.320  -31.983 0.5000000000
113746  -26.032  -70.167  -34.104 0.4000000060
10998  -23.340  -70.549  -31.134 0.6000000238
115414  -24.768  -70.359  -31.307 0.6000000238
10997  -22.582  -70.637  -31.042 0.6000000238
113194  -21.973  -70.744  -30.927 0.6000000238
9531  -27.195  -72.603  -33.686 0.4000000060
8895  -27.851  -73.058  -34.173 0.4000000060
111307  -27.753  -75.450  -28.662 0.3000000119
119010  -20.929  -71.102  -30.673 0.6000000238
10210  -20.223  -71.393  -30.561 0.6000000238
10995  -20.390  -70.009  -30.683 0.6999999881
11803  -20.978  -69.153  -30.645 0.6999999881
10209  -19.607  -70.589  -30.657 0.6000000238
11791  -21.504  -68.784  -30.287 0.6999999881
100510  -22.064  -68.746  -29.443 0.6000000238
10994  -19.457  -69.408  -31.008 0.6999999881
11790  -20.623  -68.571  -30.427 0.6999999881
11019  -25.584  -70.075  -33.609 0.5000000000
11001  -25.842  -70.211  -32.141 0.5000000000
100548  -27.181  -69.772  -33.669 0.5000000000
11020  -26.285  -69.947  -34.090 0.4000000060
108671  -24.776  -70.251  -30.174 0.6000000238
105944  -25.629  -70.347  -30.762 0.6000000238
110292  -26.561  -70.399  -30.838 0.6000000238
10224  -26.938  -70.541  -34.595 0.4000000060
10982  -26.611  -70.440  -29.792 0.6000000238
9539  -26.564  -71.265  -33.989 0.4000000060
10979  -23.817  -70.125  -30.301 0.6000000238
10981  -25.717  -70.344  -29.464 0.6000000238
9540  -27.515  -71.865  -34.278 0.4000000060
9547  -28.593  -71.762  -35.210 0.4000000060
11805  -22.924  -69.853  -30.308 0.6000000238
11793  -23.451  -69.711  -29.725 0.6000000238
11776  -24.967  -70.257  -29.015 0.6000000238
10966  -25.707  -70.332  -28.577 0.6000000238
10967  -26.610  -70.348  -28.602 0.6000000238
110340  -28.238  -72.489  -34.788 0.4000000060
9541  -28.872  -72.960  -35.230 0.4000000060
11804  -21.978  -69.638  -30.545 0.6000000238
10980  -24.157  -69.979  -29.441 0.6000000238
10950  -26.098  -70.249  -27.761 0.6000000238
10951  -26.983  -70.111  -27.556 0.6999999881
10996  -21.361  -70.259  -30.675 0.6999999881
11775  -23.520  -69.626  -29.012 0.6000000238
102555  -24.308  -70.067  -28.495 0.6000000238
107477  -27.719  -69.660  -27.348 0.6000000238
11745  -28.285  -68.976  -27.168 0.6000000238
11759  -25.547  -70.170  -27.010 0.6000000238
11760  -26.486  -69.967  -26.887 0.6000000238
11744  -27.647  -69.186  -26.638 0.6000000238
100554  -22.830  -69.293  -29.599 0.6000000238
11758  -24.572  -70.212  -27.476 0.5000000000
11743  -26.914  -69.440  -26.145 0.6000000238
11757  -23.564  -69.926  -27.918 0.5000000000
11802  -20.056  -68.895  -30.833 0.6999999881
12516  -21.087  -68.440  -29.702 0.6999999881
11756  -22.130  -69.158  -28.281 0.5000000000
11741  -24.915  -70.144  -26.496 0.5000000000
114528  -25.468  -70.015  -26.331 0.5000000000
110180  -24.043  -70.195  -26.790 0.6000000238
11733  -14.552  -69.654  -26.936 0.6000000238
10935  -14.929  -70.098  -26.847 0.6000000238
10945  -15.098  -70.461  -27.385 0.6000000238
11012  -26.442  -69.966  -33.034 0.5000000000
11002  -27.032  -70.338  -31.591 0.5000000000
99578  -27.211  -69.733  -34.547 0.5000000000
11024  -26.735  -69.971  -34.530 0.4000000060
113215  -27.558  -70.454  -30.256 0.5000000000
10225  -27.380  -70.038  -35.020 0.4000000060
10230  -28.225  -70.389  -35.267 0.4000000060
10969  -28.384  -70.129  -29.331 0.5000000000
9546  -27.808  -71.123  -34.936 0.4000000060
10231  -29.071  -70.970  -35.482 0.4000000060
10968  -27.591  -70.108  -28.147 0.5000000000
116809  -28.123  -70.017  -28.600 0.5000000000
105692  -27.493  -70.321  -29.088 0.5000000000
11778  -28.392  -69.543  -27.951 0.6000000238
12508  -28.672  -68.137  -27.083 0.4000000060
12509  -29.180  -67.963  -27.590 0.4000000060
12497  -27.472  -68.658  -25.981 0.6000000238
12498  -28.081  -68.396  -26.520 0.6000000238
13207  -28.335  -67.481  -26.550 0.5000000000
13214  -28.986  -67.211  -27.147 0.4000000060
13987  -29.442  -66.527  -27.555 0.4000000060
11742  -26.033  -69.825  -26.196 0.6000000238
13206  -27.746  -67.732  -25.945 0.5000000000
13986  -28.838  -66.233  -27.078 0.4000000060
11773  -21.371  -68.715  -28.633 0.6000000238
111458  -25.365  -69.820  -25.661 0.5000000000
13978  -27.807  -66.705  -26.147 0.5000000000
13979  -28.450  -66.705  -26.694 0.4000000060
14789  -28.566  -65.345  -27.297 0.4000000060
115879  -22.747  -69.680  -27.816 0.6000000238
11724  -26.236  -69.291  -25.388 0.5000000000
13204  -14.569  -68.135  -27.081 0.6999999881
12495  -15.052  -68.504  -26.280 0.6000000238
111318  -15.433  -67.922  -25.958 0.6999999881
11734  -15.300  -69.549  -26.306 0.6000000238
13199  -16.776  -67.849  -24.962 0.6000000238
11735  -15.936  -70.071  -26.167 0.6000000238
12484  -16.525  -68.763  -25.224 0.6000000238
13186  -17.461  -67.855  -24.569 0.6000000238
107099  -17.915  -67.237  -24.252 0.6000000238
102926  -15.894  -70.550  -27.525 0.5000000000
107131  -16.956  -69.927  -25.491 0.6000000238
103998  -17.086  -69.402  -25.137 0.6000000238
12485  -17.312  -68.644  -24.768 0.6000000238
112082  -16.265  -70.392  -26.707 0.5000000000
11702  -17.847  -69.325  -24.671 0.5000000000
12472  -18.150  -68.397  -24.296 0.5000000000
11003  -28.184  -70.406  -31.339 0.5000000000
11021  -28.024  -69.530  -34.250 0.5000000000
10937  -17.075  -70.426  -26.675 0.5000000000
10926  -17.377  -70.287  -25.862 0.5000000000
11703  -18.705  -69.297  -24.347 0.5000000000
12473  -19.140  -68.555  -23.970 0.5000000000
11025  -28.019  -69.652  -35.037 0.4000000060
116855  -28.733  -69.882  -35.338 0.4000000060
11032  -29.564  -70.063  -35.477 0.4000000060
10946  -16.745  -70.451  -27.625 0.5000000000
112123  -18.193  -70.269  -25.677 0.5000000000
11717  -18.409  -69.942  -24.893 0.6000000238
11704  -19.591  -69.340  -24.198 0.6000000238
104894  -18.738  -70.276  -26.248 0.6000000238
11718  -19.249  -69.871  -24.744 0.6999999881
11794  -29.099  -69.625  -29.051 0.4000000060
11780  -29.089  -69.199  -28.388 0.5000000000
11787  -18.326  -69.231  -31.142 0.6000000238
12517  -29.595  -68.322  -28.303 0.4000000060
11761  -28.905  -68.712  -27.718 0.4000000060
11801  -19.230  -68.786  -31.014 0.6000000238
11789  -19.849  -68.481  -30.459 0.6000000238
13221  -29.570  -67.387  -27.835 0.4000000060
11772  -20.511  -68.522  -28.872 0.6000000238
12515  -20.339  -68.316  -29.874 0.6999999881
11739  -23.082  -70.124  -26.839 0.6000000238
113602  -23.122  -70.240  -25.843 0.6000000238
116201  -24.444  -70.079  -25.813 0.5000000000
13205  -15.130  -67.521  -26.626 0.6999999881
13966  -16.334  -66.800  -25.385 0.6999999881
13185  -17.103  -67.056  -24.712 0.6000000238
13953  -17.449  -66.492  -24.469 0.6000000238
118246  -18.532  -66.848  -23.967 0.6999999881
13955  -19.217  -66.884  -23.800 0.6000000238
13187  -18.768  -67.615  -23.984 0.6000000238
106374  -29.114  -70.258  -31.954 0.5000000000
11013  -28.185  -70.054  -32.793 0.5000000000
101168  -29.033  -69.732  -33.484 0.5000000000
13188  -19.655  -67.730  -23.796 0.6000000238
13956  -20.059  -66.861  -23.721 0.5000000000
11022  -28.977  -69.309  -34.887 0.5000000000
110181  -20.993  -68.881  -23.704 0.6000000238
106820  -20.073  -68.673  -23.812 0.6000000238
12474  -20.685  -67.774  -23.644 0.5000000000
10983  -28.490  -70.301  -30.229 0.5000000000
11770  -17.891  -69.341  -29.938 0.6000000238
10965  -17.912  -69.634  -28.663 0.4000000060
10948  -18.363  -69.744  -27.904 0.6000000238
10928  -19.846  -70.177  -25.395 0.6000000238
115261  -19.984  -69.851  -24.675 0.6000000238
11806  -29.764  -69.761  -30.194 0.4000000060
11752  -18.649  -69.046  -29.276 0.5000000000
11753  -19.158  -69.246  -28.125 0.5000000000
10949  -18.892  -69.917  -27.101 0.6000000238
10939  -19.550  -70.099  -26.417 0.6999999881
106620  -20.762  -70.197  -25.035 0.6000000238
11705  -21.368  -69.668  -24.221 0.6000000238
111940  -20.453  -69.523  -24.176 0.6000000238
12525  -29.619  -69.065  -28.951 0.5000000000
11788  -18.682  -68.864  -30.654 0.6000000238
114571  -19.550  -69.535  -27.323 0.6000000238
11737  -20.495  -70.171  -26.161 0.6000000238
12475  -21.855  -69.043  -23.682 0.6000000238
11771  -19.627  -68.568  -29.289 0.5000000000
102918  -21.383  -70.262  -25.958 0.6000000238
11719  -21.817  -70.189  -25.056 0.6000000238
11706  -22.292  -69.652  -24.205 0.6000000238
102886  -19.195  -68.599  -30.296 0.6000000238
111552  -19.953  -68.882  -27.997 0.6000000238
113197  -21.742  -70.097  -26.550 0.6000000238
104729  -22.102  -69.844  -27.203 0.6000000238
11755  -21.515  -69.261  -27.777 0.6000000238
11722  -24.735  -69.687  -24.948 0.5000000000
11723  -25.504  -69.283  -24.844 0.5000000000
13213  -14.955  -67.203  -27.507 0.6999999881
13965  -15.637  -67.052  -26.088 0.6999999881
13993  -15.447  -66.396  -28.955 0.6999999881
13985  -16.129  -65.966  -27.555 0.6999999881
13975  -15.555  -66.618  -27.181 0.6999999881
13952  -16.560  -65.924  -25.641 0.6999999881
116569  -16.881  -66.158  -24.945 0.6000000238
14752  -18.102  -65.506  -23.900 0.6000000238
14740  -18.899  -65.394  -23.577 0.5000000000
13954  -17.995  -66.332  -24.071 0.6999999881
13943  -19.500  -66.092  -23.625 0.5000000000
11015  -29.901  -69.289  -34.115 0.5000000000
11820  -30.700  -69.112  -34.321 0.4000000060
11004  -29.120  -70.215  -30.725 0.4000000060
11014  -29.938  -69.843  -32.616 0.4000000060
12465  -21.566  -68.260  -23.577 0.6000000238
12476  -22.666  -68.949  -23.663 0.6000000238
13181  -22.106  -67.897  -23.585 0.6000000238
11720  -22.766  -70.120  -25.048 0.6000000238
11707  -23.246  -69.567  -24.204 0.6000000238
12467  -22.729  -68.106  -23.571 0.6000000238
11738  -22.288  -70.241  -26.075 0.6000000238
12477  -23.607  -68.582  -23.721 0.5000000000
11721  -23.772  -70.012  -25.116 0.6000000238
11708  -24.191  -69.348  -24.292 0.5000000000
11709  -24.927  -69.126  -24.430 0.5000000000
14002  -15.366  -66.056  -29.863 0.6999999881
14784  -16.427  -65.533  -28.496 0.6999999881
100921  -16.568  -65.464  -27.387 0.6999999881
14771  -16.683  -65.402  -26.316 0.6999999881
14772  -17.048  -64.865  -26.180 0.6000000238
14751  -17.006  -65.284  -25.334 0.6999999881
15522  -17.618  -64.754  -24.500 0.4000000060
14010  -15.004  -65.776  -30.371 0.6999999881
14794  -15.989  -65.700  -29.338 0.6999999881
15541  -16.986  -64.932  -28.425 0.6000000238
15534  -17.029  -64.907  -27.151 0.6000000238
15523  -18.381  -64.708  -23.765 0.5000000000
14809  -14.532  -65.532  -30.562 0.6999999881
15571  -15.157  -65.294  -30.391 0.6999999881
15508  -19.060  -64.707  -23.489 0.5000000000
14801  -13.774  -65.048  -30.335 0.6999999881
14741  -19.776  -65.209  -23.482 0.5000000000
14793  -13.091  -64.673  -29.303 0.6000000238
14783  -13.260  -64.855  -28.221 0.6000000238
14782  -12.917  -65.606  -27.744 0.6000000238
14769  -13.778  -65.707  -26.142 0.5000000000
14760  -14.293  -65.009  -25.601 0.5000000000
11816  -30.710  -69.346  -33.313 0.4000000060
11817  -31.359  -68.913  -33.853 0.4000000060
108136  -24.174  -67.829  -23.811 0.6000000238
15530  -17.381  -64.487  -25.599 0.5000000000
14803  -15.782  -65.238  -30.090 0.6000000238
14795  -16.735  -64.828  -29.622 0.6000000238
15542  -17.487  -64.385  -28.042 0.6000000238
15535  -17.438  -64.398  -26.725 0.6000000238
100231  -18.146  -63.993  -24.121 0.5000000000
14802  -14.685  -64.899  -30.341 0.6999999881
15561  -15.560  -64.766  -30.197 0.6000000238
15550  -17.458  -64.251  -29.451 0.6000000238
16379  -17.975  -63.805  -28.946 0.6000000238
109371  -19.608  -64.250  -23.386 0.5000000000
15560  -13.980  -64.472  -29.811 0.6999999881
16392  -16.084  -63.986  -29.975 0.6000000238
16394  -17.874  -63.293  -30.577 0.6000000238
16385  -18.311  -63.040  -29.570 0.6000000238
15549  -13.888  -64.158  -29.083 0.6000000238
16382  -14.811  -64.158  -29.766 0.6000000238
17255  -16.430  -63.277  -29.954 0.6000000238
17257  -17.959  -62.878  -30.751 0.6000000238
15539  -13.605  -64.364  -28.555 0.6000000238
16377  -14.563  -63.882  -28.070 0.6000000238
115025  -15.012  -63.540  -28.463 0.6000000238
17256  -17.040  -62.767  -30.195 0.6000000238
15533  -14.108  -64.467  -27.664 0.5000000000
14770  -14.161  -65.016  -26.665 0.5000000000
16370  -14.746  -63.890  -27.140 0.5000000000
109211  -15.517  -63.032  -28.416 0.6000000238
17245  -16.159  -62.803  -29.375 0.6000000238
13941  -13.005  -66.081  -24.012 0.5000000000
15529  -14.516  -64.408  -26.456 0.5000000000
16378  -15.120  -63.450  -27.662 0.6000000238
17239  -16.091  -62.302  -28.308 0.6000000238
14749  -13.585  -65.598  -24.370 0.5000000000
15521  -14.445  -64.517  -24.569 0.5000000000
116096  -14.639  -64.295  -25.536 0.4000000060
16371  -15.211  -63.297  -26.684 0.5000000000
17238  -15.579  -62.785  -27.373 0.6000000238
16355  -17.773  -63.917  -24.993 0.6000000238
16356  -18.663  -63.323  -24.020 0.5000000000
16336  -18.807  -64.043  -23.617 0.5000000000
16365  -17.757  -63.822  -26.114 0.6000000238
118015  -18.257  -63.460  -24.627 0.5000000000
104495  -18.688  -62.562  -27.576 0.6999999881
17233  -18.852  -62.317  -26.645 0.6999999881
16395  -18.064  -62.815  -30.668 0.6000000238
17240  -18.705  -62.385  -28.710 0.6999999881
111875  -18.116  -62.484  -30.493 0.6000000238
17247  -18.436  -62.144  -29.796 0.6999999881
18158  -17.674  -62.123  -30.218 0.6000000238
18155  -18.736  -61.337  -29.481 0.6999999881
116330  -17.313  -61.429  -29.439 0.6000000238
18154  -17.918  -61.305  -29.677 0.6999999881
15505  -12.862  -65.041  -23.251 0.5000000000
15520  -13.907  -65.015  -23.957 0.5000000000
107734  -14.893  -63.760  -24.992 0.4000000060
17231  -15.625  -62.638  -26.311 0.6000000238
18144  -16.806  -61.397  -28.323 0.6000000238
15506  -13.450  -64.684  -23.341 0.5000000000
16364  -15.249  -63.156  -25.620 0.5000000000
16337  -19.371  -63.398  -23.518 0.5000000000
105756  -18.555  -62.713  -25.824 0.6000000238
100148  -19.161  -62.050  -24.861 0.5000000000
17211  -19.278  -62.495  -24.063 0.5000000000
18146  -19.145  -61.717  -27.830 0.6999999881
18147  -19.337  -60.696  -28.612 0.6000000238
18145  -17.623  -60.717  -28.928 0.6999999881
19093  -19.007  -60.282  -29.031 0.6000000238
17232  -16.165  -61.961  -27.022 0.6000000238
19081  -17.352  -60.452  -27.906 0.6000000238
16334  -14.395  -63.569  -23.111 0.5000000000
16354  -15.241  -62.995  -24.359 0.4000000060
17221  -16.071  -62.147  -25.928 0.6000000238
17191  -14.720  -62.888  -22.768 0.4000000060
16335  -14.923  -63.155  -23.401 0.4000000060
17210  -15.877  -62.191  -24.287 0.5000000000
17220  -15.685  -62.522  -25.270 0.5000000000
17223  -18.976  -62.116  -25.650 0.6000000238
18104  -19.749  -61.564  -24.583 0.5000000000
18134  -19.395  -61.523  -26.599 0.6000000238
18121  -19.571  -61.432  -25.545 0.5000000000
107197  -19.624  -60.865  -27.546 0.6000000238
19083  -19.936  -59.959  -27.930 0.6000000238
19062  -20.043  -60.527  -26.619 0.5000000000
19094  -19.518  -59.764  -28.510 0.6000000238
19082  -18.038  -59.843  -28.488 0.6999999881
20010  -19.364  -59.499  -28.507 0.5000000000
18133  -16.839  -61.181  -27.142 0.6000000238
18120  -16.556  -61.409  -25.945 0.5000000000
17192  -15.405  -62.452  -23.277 0.4000000060
18119  -16.170  -61.965  -25.150 0.5000000000
107830  -9.213  -59.553  -24.220 0.4000000060
20853  -9.669  -58.267  -23.546 0.3000000119
104884  -10.365  -59.082  -24.670 0.4000000060
18105  -20.442  -60.890  -24.296 0.5000000000
19970  -10.407  -59.879  -24.757 0.3000000119
19073  -20.227  -59.386  -27.179 0.5000000000
18122  -20.183  -60.686  -25.325 0.5000000000
19023  -11.422  -60.550  -23.923 0.3000000119
19971  -11.221  -59.210  -24.674 0.4000000060
20005  -19.824  -59.141  -28.042 0.5000000000
101105  -18.496  -59.208  -28.125 0.6000000238
19071  -17.146  -60.487  -26.640 0.6999999881
19072  -17.787  -59.522  -27.404 0.6000000238
18103  -16.474  -61.364  -24.526 0.5000000000
19060  -16.982  -60.562  -25.367 0.5000000000
19061  -17.432  -59.699  -26.106 0.4000000060
20843  -10.221  -58.183  -22.638 0.3000000119
21722  -9.815  -57.812  -23.159 0.3000000119
21734  -10.056  -57.436  -23.430 0.3000000119
21751  -10.525  -57.639  -24.175 0.3000000119
20870  -10.983  -58.377  -24.612 0.4000000060
19063  -20.416  -59.751  -26.039 0.5000000000
19972  -12.006  -59.313  -24.412 0.4000000060
20871  -12.086  -58.442  -24.655 0.4000000060
19024  -12.114  -60.094  -23.778 0.4000000060
19973  -12.747  -58.794  -24.108 0.4000000060
20908  -19.671  -58.684  -27.656 0.5000000000
19985  -20.341  -58.928  -26.470 0.5000000000
19025  -12.919  -60.025  -23.106 0.4000000060
19994  -19.331  -58.512  -27.481 0.5000000000
20898  -19.108  -58.324  -26.795 0.5000000000
18071  -15.498  -61.673  -22.787 0.3000000119
110447  -16.078  -61.005  -22.981 0.4000000060
19044  -17.308  -59.755  -24.932 0.4000000060
20897  -18.404  -58.597  -26.305 0.4000000060
20826  -11.067  -58.836  -21.808 0.3000000119
21723  -10.084  -57.216  -22.944 0.3000000119
22521  -10.574  -56.886  -23.821 0.4000000060
21752  -11.388  -57.590  -24.531 0.4000000060
19008  -21.923  -60.688  -22.620 0.4000000060
21753  -12.485  -57.497  -24.650 0.4000000060
19029  -21.419  -60.456  -23.086 0.4000000060
20872  -13.045  -58.001  -24.391 0.4000000060
107670  -20.666  -59.614  -24.415 0.4000000060
20900  -20.010  -58.523  -26.649 0.5000000000
19952  -13.360  -59.307  -23.105 0.4000000060
19933  -14.488  -59.885  -22.451 0.3000000119
20887  -19.600  -58.302  -26.131 0.5000000000
19027  -16.548  -60.240  -23.335 0.3000000119
20844  -10.913  -57.751  -22.275 0.3000000119
21724  -10.578  -56.573  -22.700 0.3000000119
22511  -10.238  -56.511  -23.137 0.3000000119
22522  -10.800  -56.101  -23.416 0.4000000060
22537  -11.595  -56.732  -24.292 0.4000000060
23323  -12.754  -55.756  -24.184 0.3000000119
22538  -12.668  -56.608  -24.487 0.4000000060
19009  -22.612  -60.815  -22.362 0.4000000060
18991  -23.844  -60.171  -21.794 0.4000000060
21754  -13.289  -57.152  -24.410 0.4000000060
19957  -21.069  -59.842  -23.504 0.4000000060
19976  -20.487  -59.246  -25.452 0.4000000060
20854  -13.550  -58.416  -23.492 0.3000000119
102390  -20.349  -58.839  -24.683 0.4000000060
19932  -13.637  -60.123  -22.582 0.3000000119
20855  -14.284  -58.925  -22.753 0.3000000119
19934  -15.142  -59.432  -22.601 0.3000000119
107561  -17.770  -59.041  -25.657 0.4000000060
21711  -11.639  -57.232  -21.868 0.3000000119
23309  -11.187  -55.400  -23.125 0.4000000060
110941  -11.995  -55.289  -23.582 0.4000000060
18992  -24.659  -59.914  -21.885 0.4000000060
18990  -22.958  -60.213  -21.879 0.4000000060
22539  -13.479  -56.305  -24.341 0.4000000060
18989  -22.121  -60.193  -22.015 0.4000000060
19936  -21.493  -59.910  -22.555 0.4000000060
107484  -13.775  -57.574  -23.704 0.3000000119
19956  -20.667  -59.258  -23.871 0.4000000060
20888  -20.158  -58.643  -25.817 0.5000000000
20856  -15.267  -58.762  -22.748 0.3000000119
20876  -19.801  -58.419  -25.104 0.5000000000
19974  -17.130  -59.661  -23.986 0.3000000119
20886  -18.831  -58.303  -25.780 0.4000000060
23286  -11.938  -55.543  -22.051 0.3000000119
23324  -13.581  -55.454  -24.215 0.3000000119
21755  -14.033  -56.731  -23.900 0.3000000119
19914  -23.301  -59.552  -21.489 0.3000000119
19935  -20.890  -59.250  -23.062 0.4000000060
19913  -22.409  -59.596  -21.509 0.4000000060
21736  -15.444  -57.931  -22.890 0.3000000119
20859  -20.371  -58.707  -23.622 0.4000000060
19953  -15.992  -59.564  -22.846 0.3000000119
19955  -17.271  -58.918  -23.889 0.3000000119
20873  -17.754  -58.248  -24.184 0.3000000119
20874  -18.492  -58.120  -24.737 0.3000000119
22540  -14.237  -55.903  -24.060 0.3000000119
23325  -14.343  -55.049  -24.127 0.3000000119
22523  -14.969  -56.347  -23.364 0.3000000119
19912  -21.673  -59.490  -21.683 0.4000000060
20830  -22.723  -58.928  -21.093 0.4000000060
22525  -16.621  -56.851  -23.242 0.3000000119
20846  -21.030  -59.139  -22.069 0.4000000060
20857  -16.194  -58.641  -23.029 0.3000000119
20858  -16.974  -58.378  -23.509 0.3000000119
21741  -19.863  -58.326  -24.147 0.3000000119
23313  -16.812  -55.966  -23.300 0.3000000119
21737  -16.394  -57.738  -23.166 0.3000000119
20829  -21.263  -58.796  -21.296 0.3000000119
21738  -17.395  -57.494  -23.594 0.3000000119
20845  -20.520  -58.545  -22.633 0.3000000119
21756  -18.140  -57.686  -24.098 0.3000000119
116070  -19.413  -58.131  -24.440 0.3000000119
23314  -17.817  -55.710  -23.416 0.3000000119
22526  -17.593  -56.594  -23.479 0.3000000119
20828  -20.676  -58.379  -21.659 0.3000000119
23315  -18.611  -55.563  -23.192 0.3000000119
19975  -17.561  -58.977  -24.642 0.4000000060
19026  -15.942  -60.364  -22.818 0.3000000119
19954  -16.734  -59.277  -23.398 0.3000000119
105817  -22.479  -77.368  -34.445 0.6000000238
5475  -21.606  -78.739  -35.039 0.5000000000
4870  -21.291  -79.508  -35.145 0.5000000000
4874  -21.768  -79.297  -35.203 0.5000000000
5471  -24.063  -79.025  -34.204 0.5000000000
6058  -22.563  -76.944  -32.254 0.6999999881
7475  -24.166  -75.733  -32.940 0.6999999881
6043  -21.381  -77.448  -31.127 0.6999999881
6713  -27.907  -76.495  -30.195 0.3000000119
7452  -22.905  -75.565  -30.528 0.6999999881
6081  -23.355  -77.630  -35.307 0.6000000238
6080  -22.880  -78.191  -35.444 0.5000000000
6042  -20.670  -77.738  -30.463 0.6999999881
5433  -20.019  -78.111  -30.031 0.5000000000
8181  -27.902  -75.460  -32.005 0.3000000119
111701  -28.308  -76.831  -30.688 0.3000000119
5415  -18.936  -78.249  -29.042 0.5000000000
7410  -27.800  -75.159  -27.739 0.3000000119
11792  -22.282  -69.068  -30.149 0.6000000238
11774  -22.827  -69.308  -28.711 0.6000000238
11777  -25.183  -70.281  -28.057 0.6000000238
11715  -16.276  -69.591  -25.658 0.6000000238
105684  -27.429  -70.178  -32.412 0.4000000060
10984  -29.097  -69.970  -29.786 0.4000000060
12496  -26.911  -68.844  -25.550 0.4000000060
10993  -18.683  -69.337  -31.257 0.6000000238
11714  -15.725  -68.781  -25.720 0.6000000238
11716  -17.608  -69.939  -25.183 0.6000000238
10938  -18.024  -70.315  -26.682 0.5000000000
10947  -17.568  -70.204  -27.666 0.4000000060
11754  -20.777  -69.013  -27.840 0.5000000000
11795  -29.584  -69.526  -29.478 0.5000000000
11736  -20.244  -69.591  -27.103 0.5000000000
14792  -12.523  -65.276  -28.630 0.6000000238
14759  -13.838  -65.572  -25.141 0.5000000000
16372  -17.877  -63.805  -27.438 0.5000000000
107870  -16.576  -64.337  -30.001 0.6000000238
16384  -17.862  -63.566  -30.250 0.6000000238
16373  -18.321  -63.128  -26.723 0.6000000238
109326  -14.530  -63.834  -28.866 0.6000000238
14739  -13.252  -65.368  -23.707 0.5000000000
17222  -18.638  -62.738  -24.848 0.5000000000
19092  -18.321  -60.477  -29.066 0.6000000238
16353  -14.699  -63.738  -23.947 0.5000000000
19969  -9.708  -59.819  -24.750 0.3000000119
18086  -16.024  -61.642  -23.502 0.3000000119
19028  -20.935  -60.432  -23.788 0.4000000060
19045  -20.579  -60.056  -24.931 0.4000000060
18087  -16.469  -60.987  -23.632 0.4000000060
22500  -11.197  -56.001  -22.351 0.3000000119
21735  -14.422  -58.094  -22.954 0.3000000119
20885  -18.150  -58.526  -25.245 0.3000000119
102672  -14.670  -57.256  -23.155 0.3000000119
20875  -19.182  -58.157  -25.083 0.4000000060
23287  -12.654  -55.214  -21.805 0.3000000119
22524  -15.659  -57.059  -23.025 0.3000000119
4785  -15.965  -79.304  -25.930 0.5000000000
4796  -16.358  -79.392  -26.766 0.5000000000
4807  -16.610  -79.565  -27.565 0.5000000000
4808  -17.172  -79.050  -28.087 0.4000000060
4784  -15.367  -79.231  -25.147 0.5000000000
5385  -16.468  -78.533  -26.271 0.5000000000
5402  -16.825  -78.846  -27.200 0.5000000000
5404  -17.838  -78.270  -27.947 0.5000000000
6015  -18.588  -77.956  -28.306 0.4000000060
111622  -15.694  -77.844  -25.056 0.4000000060
106271  -16.253  -77.823  -25.541 0.5000000000
5394  -17.114  -78.100  -26.822 0.5000000000
5974  -16.561  -77.071  -25.503 0.5000000000
5975  -17.110  -76.954  -25.862 0.5000000000
5985  -16.853  -77.643  -26.084 0.5000000000
6660  -17.496  -76.353  -25.967 0.5000000000
5986  -17.542  -77.250  -26.502 0.5000000000
6661  -18.213  -76.406  -26.528 0.5000000000
6662  -18.886  -76.096  -26.843 0.5000000000
6677  -19.426  -76.300  -27.376 0.4000000060
6648  -16.849  -76.349  -25.577 0.5000000000
7387  -18.618  -75.469  -26.564 0.5000000000
7388  -19.255  -75.455  -26.944 0.5000000000
7404  -19.829  -75.417  -27.433 0.5000000000
8117  -16.381  -74.297  -27.470 0.5000000000
7370  -16.495  -75.687  -25.548 0.5000000000
8101  -16.682  -74.576  -26.529 0.5000000000
8102  -17.513  -74.634  -26.476 0.5000000000
107945  -17.972  -74.371  -26.973 0.5000000000
8103  -18.318  -74.757  -26.580 0.5000000000
8119  -18.732  -74.408  -27.257 0.5000000000
8104  -18.969  -74.882  -26.769 0.5000000000
8121  -20.034  -74.809  -27.685 0.5000000000
99762  -17.175  -74.046  -27.989 0.5000000000
8149  -17.057  -73.960  -28.968 0.5000000000
8840  -16.860  -73.609  -29.893 0.5000000000
105873  -17.949  -74.106  -27.628 0.5000000000
8841  -17.706  -73.495  -29.473 0.5000000000
8134  -18.609  -74.026  -28.182 0.5000000000
8830  -18.359  -73.774  -28.954 0.5000000000
8842  -18.513  -73.437  -29.546 0.5000000000
8135  -19.535  -74.308  -28.004 0.5000000000
8831  -19.071  -73.878  -28.912 0.5000000000
8136  -20.509  -74.570  -28.360 0.5000000000
10208  -18.327  -70.238  -31.388 0.5000000000
104290  -19.058  -69.943  -31.111 0.6000000238
9489  -18.054  -72.608  -30.112 0.5000000000
9490  -18.850  -72.705  -30.025 0.5000000000
9501  -18.527  -71.583  -30.461 0.5000000000
101563  -19.387  -71.834  -30.336 0.5000000000
8843  -19.428  -73.502  -29.733 0.5000000000
8150  -19.921  -73.967  -28.948 0.5000000000
10992  -17.874  -69.769  -31.755 0.5000000000
106992  -18.981  -70.838  -30.615 0.6000000238
11769  -13.386  -69.935  -28.134 0.5000000000
11751  -13.925  -69.773  -27.487 0.6000000238
11768  -12.913  -70.269  -28.735 0.5000000000
12506  -13.607  -69.153  -27.974 0.5000000000
12494  -14.674  -69.018  -26.668 0.6000000238
12514  -14.081  -68.281  -27.951 0.6000000238
13219  -14.276  -67.496  -28.968 0.5000000000
101561  -14.542  -67.599  -27.956 0.6000000238
13227  -13.722  -67.692  -29.913 0.5000000000
13220  -14.906  -66.993  -28.466 0.6000000238
119623  -15.344  -66.654  -28.051 0.6000000238
13234  -13.728  -67.060  -30.620 0.5000000000
13992  -14.871  -66.718  -29.479 0.5000000000
14808  -13.819  -65.856  -30.727 0.5000000000
14007  -12.797  -65.509  -30.249 0.6000000238
13982  -11.448  -66.285  -28.470 0.6000000238
13991  -11.798  -65.685  -28.961 0.5000000000
14009  -14.395  -66.123  -30.659 0.6000000238
14001  -14.725  -66.386  -30.271 0.5000000000
111653  -12.330  -65.316  -29.386 0.5000000000
13973  -12.631  -66.393  -27.185 0.6000000238
13983  -12.150  -65.920  -28.163 0.6000000238
14768  -13.314  -65.953  -26.944 0.6000000238
6731  -28.820  -76.726  -30.801 0.3000000119
7455  -29.352  -76.294  -30.876 0.3000000119
7465  -28.541  -76.164  -31.386 0.3000000119
8169  -30.428  -74.715  -30.265 0.3000000119
6742  -28.116  -76.785  -31.224 0.3000000119
6000  -19.075  -77.248  -27.809 0.4000000060
10944  -14.439  -70.254  -27.337 0.5000000000
5998  -17.698  -77.817  -27.263 0.4000000060
5987  -18.105  -77.219  -27.021 0.5000000000
7386  -17.814  -75.422  -26.105 0.5000000000
8100  -15.812  -74.685  -26.656 0.5000000000
8118  -17.284  -74.227  -27.121 0.5000000000
8132  -16.526  -74.174  -28.424 0.5000000000
8133  -17.822  -73.894  -28.528 0.5000000000
7466  -29.024  -75.534  -31.193 0.3000000119
8168  -29.598  -75.249  -30.759 0.3000000119
112111  -21.899  -59.014  -21.044 0.3000000119
4336  -20.629  -80.798  -35.603 0.5000000000
4339  -20.652  -81.079  -35.697 0.5000000000
4869  -20.797  -79.984  -35.072 0.5000000000
5384  -15.849  -78.525  -25.423 0.5000000000
5403  -17.327  -78.434  -27.479 0.5000000000
5431  -18.560  -78.825  -29.611 0.5000000000
5476  -22.263  -78.385  -35.350 0.5000000000
5999  -18.321  -77.579  -27.609 0.4000000060
6057  -21.900  -77.440  -32.196 0.6999999881
6647  -16.162  -76.427  -25.257 0.5000000000
6676  -18.678  -76.843  -27.188 0.5000000000
6764  -23.971  -76.959  -35.122 0.6000000238
7371  -17.151  -75.735  -25.737 0.5000000000
7385  -16.985  -75.076  -25.916 0.5000000000
8120  -19.451  -74.795  -27.254 0.5000000000
9548  -29.245  -72.254  -35.477 0.4000000060
10925  -16.598  -70.212  -25.986 0.5000000000
10927  -19.008  -70.243  -25.513 0.6000000238
10936  -15.525  -70.244  -26.735 0.6000000238
11740  -23.699  -70.217  -26.084 0.5000000000
11779  -28.631  -69.707  -28.642 0.5000000000
12466  -22.196  -68.471  -23.564 0.6000000238
12486  -26.005  -68.801  -24.815 0.5000000000
12487  -26.551  -68.501  -25.076 0.5000000000
12507  -14.164  -69.037  -27.232 0.6000000238
13191  -23.299  -67.401  -23.856 0.6000000238
13198  -16.021  -67.860  -25.478 0.6000000238
13228  -14.325  -67.038  -30.119 0.5000000000
13235  -14.226  -66.599  -30.587 0.5000000000
13942  -18.707  -66.176  -23.771 0.6999999881
13976  -16.154  -66.125  -26.464 0.6999999881
13984  -15.860  -66.149  -28.285 0.6999999881
14750  -14.056  -65.184  -24.677 0.5000000000
15507  -14.146  -64.290  -23.579 0.5000000000
15540  -14.085  -64.120  -28.473 0.6000000238
15562  -17.411  -63.882  -30.144 0.6000000238
16333  -13.696  -63.969  -22.906 0.5000000000
16363  -14.896  -63.792  -26.074 0.5000000000
16366  -18.186  -63.302  -25.489 0.5000000000
16380  -18.338  -63.161  -28.163 0.6999999881
16383  -15.459  -63.529  -29.340 0.6000000238
16393  -17.270  -63.490  -30.250 0.6000000238
17246  -16.731  -62.038  -29.439 0.6000000238
18159  -18.114  -61.954  -30.130 0.6999999881
18160  -18.222  -62.057  -30.160 0.6000000238
19004  -12.604  -60.560  -22.934 0.4000000060
19043  -16.882  -60.478  -24.223 0.4000000060
19100  -18.419  -61.300  -29.620 0.6999999881
19951  -12.601  -59.474  -23.775 0.4000000060
19984  -17.940  -59.030  -26.603 0.5000000000
19993  -18.605  -58.724  -27.359 0.6000000238
19995  -20.047  -58.695  -27.303 0.5000000000
20003  -18.798  -59.631  -28.583 0.5000000000
20004  -19.247  -58.956  -28.069 0.6000000238
20842  -9.607  -58.522  -23.042 0.3000000119
20868  -9.674  -58.966  -24.209 0.4000000060
20869  -10.108  -58.233  -24.149 0.4000000060
20899  -19.661  -58.444  -27.095 0.5000000000
22501  -12.337  -56.677  -21.531 0.3000000119
22512  -10.637  -55.810  -22.900 0.4000000060
23322  -11.784  -55.926  -23.943 0.4000000060
24127  -12.782  -54.535  -22.056 0.3000000119
99482  -27.176  -69.703  -26.884 0.6000000238
100564  -21.177  -69.808  -26.954 0.6000000238
101277  -18.995  -61.639  -29.033 0.6999999881
104354  -17.441  -65.723  -24.491 0.6000000238
105552  -13.651  -65.290  -27.262 0.6000000238
107372  -15.446  -60.031  -22.591 0.3000000119
115590  -18.762  -68.941  -31.177 0.6000000238
117314  -13.387  -70.569  -28.397 0.5000000000
117430  -25.672  -70.018  -33.948 0.4000000060
