#!ascii label  , from subject sub-v2s17x50048_ses-1 vox2ras=TkReg
984
41727  21.443  -30.787  42.909 0.0000000000
112609  34.467  -29.722  48.176 0.0000000000
57168  41.499  -14.854  28.339 0.0000000000
119297  30.635  -20.916  35.129 0.0000000000
48082  36.542  -25.126  41.138 0.0000000000
58782  53.381  -12.684  23.606 0.0000000000
54387  41.694  -17.177  31.653 0.0000000000
54408  36.975  -17.257  30.679 0.0000000000
40792  16.861  -32.836  41.802 0.0000000000
41684  28.313  -31.012  45.085 0.0000000000
41739  31.789  -30.833  41.998 0.0000000000
44617  24.452  -27.974  40.388 0.0000000000
59563  46.550  -11.430  24.994 0.0000000000
39774  25.035  -33.384  47.120 0.0000000000
102248  19.829  -32.177  46.328 0.0000000000
58746  45.512  -12.409  28.790 0.0000000000
119076  14.686  -32.960  46.186 0.0000000000
37139  11.145  -36.507  45.928 0.0000000000
54342  35.424  -17.686  35.388 0.0000000000
49859  33.377  -23.500  39.425 0.0000000000
45587  34.525  -27.861  34.846 0.0000000000
43693  33.000  -30.149  38.212 0.0000000000
55225  41.568  -16.275  33.490 0.0000000000
122129  39.813  -17.458  30.900 0.0000000000
55236  39.187  -16.308  32.939 0.0000000000
54356  44.181  -16.501  33.691 0.0000000000
41761  20.389  -31.282  39.707 0.0000000000
39855  18.079  -33.167  39.145 0.0000000000
40776  19.250  -32.088  42.296 0.0000000000
42697  24.668  -30.116  44.394 0.0000000000
43640  26.020  -28.849  43.320 0.0000000000
43657  22.698  -29.125  41.280 0.0000000000
42762  21.516  -30.047  39.335 0.0000000000
57987  41.237  -13.454  26.073 0.0000000000
56237  44.020  -15.255  30.183 0.0000000000
57978  43.592  -13.548  28.482 0.0000000000
58755  43.363  -12.281  26.421 0.0000000000
40661  19.848  -32.339  49.575 0.0000000000
121806  17.594  -31.882  46.965 0.0000000000
102956  16.889  -32.064  49.134 0.0000000000
37977  12.131  -35.097  51.049 0.0000000000
37996  12.726  -34.715  48.337 0.0000000000
37131  10.519  -36.603  47.596 0.0000000000
35273  8.534  -38.697  47.682 0.0000000000
35228  8.577  -38.502  50.171 0.0000000000
49834  32.795  -22.212  42.397 0.0000000000
48992  35.008  -24.557  39.937 0.0000000000
48148  34.461  -24.973  36.756 0.0000000000
46451  36.410  -26.371  37.409 0.0000000000
43682  28.887  -28.773  39.351 0.0000000000
108023  32.191  -30.797  39.586 0.0000000000
109838  30.085  -29.407  37.925 0.0000000000
43741  30.233  -29.102  35.424 0.0000000000
52656  33.013  -18.998  35.852 0.0000000000
53518  33.220  -18.302  33.070 0.0000000000
52691  31.076  -19.698  32.368 0.0000000000
59577  56.575  -11.424  21.716 0.0000000000
58811  53.352  -12.674  20.866 0.0000000000
54417  41.808  -16.827  30.174 0.0000000000
54420  39.985  -17.902  29.106 0.0000000000
55248  44.520  -16.484  31.962 0.0000000000
40713  31.623  -31.794  45.569 0.0000000000
41668  32.622  -31.108  44.317 0.0000000000
41725  29.666  -30.670  43.645 0.0000000000
43669  28.074  -28.389  40.676 0.0000000000
45569  25.456  -27.456  38.006 0.0000000000
60317  48.372  -10.215  27.531 0.0000000000
60328  49.205  -10.296  26.402 0.0000000000
59559  50.076  -11.945  24.361 0.0000000000
58799  50.940  -12.689  22.778 0.0000000000
106499  23.516  -31.399  44.936 0.0000000000
40747  20.725  -31.993  44.825 0.0000000000
40700  22.160  -33.097  46.276 0.0000000000
40719  26.512  -31.980  46.406 0.0000000000
59526  46.161  -11.026  27.378 0.0000000000
41692  18.326  -31.891  44.415 0.0000000000
40767  15.645  -32.826  43.751 0.0000000000
103983  14.082  -35.159  43.507 0.0000000000
39739  14.303  -32.993  48.415 0.0000000000
38871  13.452  -34.569  46.096 0.0000000000
33283  6.421  -40.097  52.113 0.0000000000
55204  38.002  -16.177  35.428 0.0000000000
52623  32.509  -19.546  38.115 0.0000000000
107804  32.082  -20.827  40.760 0.0000000000
50784  31.349  -21.791  37.700 0.0000000000
48150  32.723  -24.323  36.480 0.0000000000
46482  33.981  -26.551  33.785 0.0000000000
44706  32.418  -28.323  32.715 0.0000000000
42703  34.289  -30.751  42.405 0.0000000000
43665  35.583  -30.099  40.441 0.0000000000
45553  36.578  -28.422  38.630 0.0000000000
44657  34.076  -28.969  36.280 0.0000000000
44693  31.750  -28.831  34.153 0.0000000000
54361  35.996  -16.918  33.086 0.0000000000
53555  34.051  -18.089  30.020 0.0000000000
55216  40.987  -15.803  33.985 0.0000000000
54360  40.270  -16.470  32.847 0.0000000000
103549  40.224  -15.805  33.852 0.0000000000
55214  42.766  -15.937  34.266 0.0000000000
41741  20.824  -30.786  41.238 0.0000000000
41752  19.705  -31.861  40.896 0.0000000000
102544  20.701  -31.141  42.216 0.0000000000
42699  22.960  -30.264  43.384 0.0000000000
42711  23.445  -29.646  42.968 0.0000000000
42712  22.640  -29.826  42.639 0.0000000000
42748  21.314  -30.204  40.431 0.0000000000
57175  41.027  -14.351  27.491 0.0000000000
56255  42.874  -14.997  29.312 0.0000000000
57166  43.213  -14.263  28.890 0.0000000000
57174  41.916  -14.082  27.833 0.0000000000
57983  42.329  -13.362  27.369 0.0000000000
37097  11.147  -36.156  51.181 0.0000000000
37113  11.271  -35.878  49.711 0.0000000000
36176  10.170  -36.935  49.144 0.0000000000
112181  9.451  -37.542  47.991 0.0000000000
36197  9.475  -37.604  48.874 0.0000000000
35240  8.885  -38.196  48.929 0.0000000000
48954  34.759  -23.955  41.991 0.0000000000
48979  35.717  -24.664  40.767 0.0000000000
105054  36.232  -25.104  38.787 0.0000000000
47290  37.162  -25.709  39.002 0.0000000000
43584  35.034  -28.933  47.498 0.0000000000
44647  27.881  -28.023  37.915 0.0000000000
43696  29.133  -28.879  38.643 0.0000000000
44646  28.056  -28.242  36.985 0.0000000000
43743  28.815  -28.719  35.684 0.0000000000
52645  31.530  -19.882  36.073 0.0000000000
52679  31.903  -19.128  33.818 0.0000000000
58769  52.845  -12.371  24.130 0.0000000000
58768  53.697  -12.450  24.252 0.0000000000
102083  54.039  -12.903  23.003 0.0000000000
58796  54.920  -12.850  22.307 0.0000000000
101536  53.745  -12.901  21.977 0.0000000000
54404  41.431  -17.193  30.455 0.0000000000
54418  40.979  -17.160  29.688 0.0000000000
53549  40.522  -17.601  30.093 0.0000000000
54407  37.966  -17.377  30.628 0.0000000000
53551  38.444  -17.900  29.863 0.0000000000
53565  37.894  -18.201  29.187 0.0000000000
104677  42.683  -16.819  32.852 0.0000000000
54385  42.978  -16.898  32.214 0.0000000000
55258  42.587  -16.639  30.534 0.0000000000
40801  17.816  -32.776  40.720 0.0000000000
39827  16.289  -33.442  41.545 0.0000000000
40740  30.413  -31.910  44.937 0.0000000000
40739  30.819  -31.946  44.417 0.0000000000
40761  29.385  -31.125  44.583 0.0000000000
44607  24.936  -28.056  41.292 0.0000000000
111594  26.678  -28.069  41.705 0.0000000000
44615  26.116  -27.750  40.931 0.0000000000
120084  26.731  -27.747  40.191 0.0000000000
44627  24.570  -27.718  38.973 0.0000000000
44639  23.716  -28.237  38.813 0.0000000000
48173  31.730  -25.117  33.720 0.0000000000
60330  47.811  -10.353  26.753 0.0000000000
113754  48.565  -10.167  26.854 0.0000000000
60336  47.872  -10.603  25.913 0.0000000000
59560  49.199  -11.838  24.486 0.0000000000
58786  49.728  -12.467  23.249 0.0000000000
116278  50.408  -12.537  23.223 0.0000000000
40721  24.267  -32.789  46.131 0.0000000000
108059  22.811  -32.982  45.740 0.0000000000
106452  23.762  -33.731  46.743 0.0000000000
40696  25.711  -32.423  46.608 0.0000000000
41671  24.695  -31.927  45.970 0.0000000000
59525  46.885  -10.980  28.087 0.0000000000
59527  45.630  -11.492  27.673 0.0000000000
59539  43.981  -11.845  25.975 0.0000000000
40725  20.334  -32.141  45.612 0.0000000000
40748  19.803  -31.946  44.691 0.0000000000
40726  19.524  -31.946  45.456 0.0000000000
40705  15.976  -32.023  46.612 0.0000000000
41675  16.763  -31.836  45.519 0.0000000000
40729  15.446  -32.512  45.254 0.0000000000
39807  15.011  -33.735  43.667 0.0000000000
39791  14.432  -33.694  45.225 0.0000000000
38829  13.733  -33.432  49.969 0.0000000000
38013  12.296  -35.378  47.050 0.0000000000
38005  12.847  -34.807  47.414 0.0000000000
106559  12.474  -35.508  46.053 0.0000000000
38022  12.651  -35.678  45.142 0.0000000000
52633  34.018  -18.874  38.125 0.0000000000
49853  33.134  -22.977  40.651 0.0000000000
50754  32.201  -21.419  41.190 0.0000000000
50772  31.878  -22.178  39.399 0.0000000000
50773  31.519  -21.679  38.597 0.0000000000
49878  32.492  -23.365  38.186 0.0000000000
49037  32.088  -23.659  36.950 0.0000000000
49021  33.249  -23.985  37.837 0.0000000000
46459  35.527  -26.720  35.594 0.0000000000
47327  34.953  -25.721  35.901 0.0000000000
120357  34.974  -26.993  34.540 0.0000000000
45597  33.818  -27.333  33.582 0.0000000000
44691  33.405  -28.113  34.025 0.0000000000
102867  32.130  -31.489  42.417 0.0000000000
42693  33.527  -31.007  42.814 0.0000000000
42705  33.191  -31.465  41.369 0.0000000000
43680  33.366  -30.595  38.933 0.0000000000
42740  34.079  -30.875  40.117 0.0000000000
120089  34.744  -30.291  39.399 0.0000000000
44614  36.210  -29.499  39.908 0.0000000000
108412  35.406  -29.505  38.529 0.0000000000
44633  35.535  -28.943  37.759 0.0000000000
103198  33.525  -29.683  37.663 0.0000000000
43757  30.023  -29.077  34.387 0.0000000000
44694  31.026  -29.068  34.831 0.0000000000
107406  36.519  -17.046  35.740 0.0000000000
55220  36.758  -16.620  34.294 0.0000000000
54351  35.371  -17.542  34.507 0.0000000000
53541  32.575  -18.591  31.463 0.0000000000
54395  34.003  -17.727  31.797 0.0000000000
59585  56.573  -10.863  20.955 0.0000000000
54368  41.603  -16.922  32.427 0.0000000000
53538  40.467  -17.442  30.799 0.0000000000
54369  40.727  -16.872  32.281 0.0000000000
54370  38.794  -16.633  32.138 0.0000000000
54391  37.451  -16.920  31.385 0.0000000000
55212  44.358  -16.170  34.677 0.0000000000
112221  42.488  -16.600  33.279 0.0000000000
40811  19.295  -32.252  39.354 0.0000000000
40800  18.446  -32.534  40.561 0.0000000000
106636  18.533  -32.283  41.911 0.0000000000
41708  26.312  -30.615  45.140 0.0000000000
42695  26.797  -29.850  44.208 0.0000000000
42709  25.309  -29.421  43.773 0.0000000000
43642  24.504  -28.874  42.551 0.0000000000
43671  23.123  -28.766  40.695 0.0000000000
112042  22.845  -28.878  39.914 0.0000000000
42761  21.848  -29.607  40.100 0.0000000000
41760  20.918  -30.705  39.513 0.0000000000
58776  45.895  -11.949  24.498 0.0000000000
39754  24.599  -33.805  47.765 0.0000000000
57155  44.981  -14.130  30.271 0.0000000000
57970  44.703  -13.702  29.541 0.0000000000
58747  44.772  -12.637  28.429 0.0000000000
58750  44.445  -12.258  27.639 0.0000000000
58751  43.644  -12.497  27.275 0.0000000000
57986  41.975  -13.049  26.507 0.0000000000
101646  20.394  -32.576  48.036 0.0000000000
101933  19.179  -32.134  46.960 0.0000000000
40686  18.296  -32.006  47.583 0.0000000000
101557  17.167  -31.889  47.608 0.0000000000
40677  15.530  -32.271  48.002 0.0000000000
38830  13.216  -33.912  50.330 0.0000000000
37987  12.174  -34.965  50.128 0.0000000000
37130  11.162  -36.048  47.819 0.0000000000
103354  11.123  -36.288  46.941 0.0000000000
36240  9.734  -37.524  46.461 0.0000000000
114460  34.040  -23.611  41.450 0.0000000000
48993  34.264  -24.128  39.548 0.0000000000
49020  34.079  -24.330  38.216 0.0000000000
48135  34.806  -24.638  38.442 0.0000000000
105356  35.967  -25.655  37.563 0.0000000000
45577  35.919  -27.085  36.269 0.0000000000
42744  30.333  -29.706  40.660 0.0000000000
42724  32.294  -31.166  40.896 0.0000000000
42758  30.829  -29.895  39.980 0.0000000000
42770  31.489  -30.204  38.806 0.0000000000
43694  31.299  -29.871  38.049 0.0000000000
43708  32.609  -29.754  37.357 0.0000000000
43726  29.630  -28.973  36.106 0.0000000000
43742  29.368  -28.925  35.073 0.0000000000
53503  34.307  -18.327  35.550 0.0000000000
104896  34.676  -17.870  34.169 0.0000000000
53511  33.399  -18.511  34.493 0.0000000000
52690  31.753  -19.082  32.842 0.0000000000
58795  55.818  -12.594  22.652 0.0000000000
58809  55.964  -12.196  21.668 0.0000000000
56256  41.105  -15.719  28.722 0.0000000000
56269  39.947  -15.481  27.487 0.0000000000
55283  40.243  -16.817  28.369 0.0000000000
53550  39.885  -17.792  30.127 0.0000000000
53564  38.831  -18.227  29.131 0.0000000000
55223  45.608  -16.576  33.875 0.0000000000
121017  45.714  -16.096  32.825 0.0000000000
107180  45.485  -15.616  32.225 0.0000000000
56222  44.219  -15.739  30.762 0.0000000000
101717  42.697  -15.631  29.684 0.0000000000
41657  32.719  -31.305  46.670 0.0000000000
42668  33.191  -30.791  46.044 0.0000000000
41669  32.091  -31.467  44.926 0.0000000000
40757  31.679  -31.655  43.420 0.0000000000
41740  30.966  -30.602  42.288 0.0000000000
107155  27.605  -29.373  43.356 0.0000000000
119687  29.186  -29.668  42.392 0.0000000000
42726  29.514  -29.514  41.581 0.0000000000
43668  28.667  -28.689  40.133 0.0000000000
44635  27.486  -27.880  38.834 0.0000000000
104953  26.134  -27.435  37.255 0.0000000000
60327  50.283  -10.469  26.122 0.0000000000
59561  48.319  -11.711  24.571 0.0000000000
110192  49.788  -11.474  24.989 0.0000000000
60333  51.094  -11.015  25.561 0.0000000000
59558  51.562  -11.934  24.572 0.0000000000
58770  51.860  -12.294  23.991 0.0000000000
58798  51.838  -12.763  22.719 0.0000000000
58797  52.880  -12.831  22.674 0.0000000000
41711  22.264  -30.902  43.729 0.0000000000
41712  21.448  -31.344  43.632 0.0000000000
40745  22.288  -32.061  44.834 0.0000000000
40723  22.207  -32.574  45.402 0.0000000000
40701  21.408  -32.935  46.596 0.0000000000
39776  23.152  -33.851  47.205 0.0000000000
39758  21.135  -32.860  48.184 0.0000000000
39737  21.277  -32.782  49.057 0.0000000000
42646  33.981  -30.508  48.703 0.0000000000
40683  32.557  -31.990  48.240 0.0000000000
39769  30.794  -32.273  46.816 0.0000000000
109531  29.410  -32.072  46.051 0.0000000000
39789  28.583  -32.239  46.583 0.0000000000
40743  27.298  -31.650  45.961 0.0000000000
41687  25.428  -31.207  45.681 0.0000000000
41709  23.912  -30.655  44.565 0.0000000000
59509  48.094  -11.018  29.277 0.0000000000
60318  47.613  -10.527  27.695 0.0000000000
59551  46.381  -10.908  25.925 0.0000000000
59528  44.920  -11.680  27.227 0.0000000000
59552  45.495  -11.225  26.093 0.0000000000
59564  45.677  -11.460  25.310 0.0000000000
40762  19.792  -31.972  43.099 0.0000000000
109606  19.129  -32.121  43.089 0.0000000000
40765  17.738  -32.097  43.004 0.0000000000
41658  18.192  -31.837  45.708 0.0000000000
41714  16.853  -31.948  44.157 0.0000000000
40780  16.067  -32.704  42.990 0.0000000000
105326  15.564  -33.332  42.906 0.0000000000
38909  14.605  -34.723  43.060 0.0000000000
40664  15.778  -32.270  48.944 0.0000000000
39759  14.650  -32.805  47.638 0.0000000000
38862  13.669  -33.870  47.371 0.0000000000
38870  13.783  -34.003  46.552 0.0000000000
38880  13.619  -34.759  45.220 0.0000000000
114757  7.745  -39.244  51.471 0.0000000000
56187  39.468  -15.563  35.252 0.0000000000
53493  35.176  -18.164  37.106 0.0000000000
53479  33.872  -18.781  36.833 0.0000000000
52644  32.309  -19.424  36.397 0.0000000000
51775  31.629  -20.058  36.926 0.0000000000
51754  31.943  -20.286  39.250 0.0000000000
51767  31.306  -20.994  38.065 0.0000000000
50802  31.041  -21.558  36.806 0.0000000000
49038  31.393  -23.180  36.544 0.0000000000
49047  31.746  -23.947  36.205 0.0000000000
47335  33.059  -25.265  34.955 0.0000000000
115495  33.643  -24.651  36.649 0.0000000000
47333  34.206  -25.620  35.183 0.0000000000
47341  33.300  -26.042  33.363 0.0000000000
45605  33.341  -27.302  32.585 0.0000000000
45615  32.933  -27.837  32.175 0.0000000000
47264  36.792  -25.575  41.646 0.0000000000
43603  34.339  -29.501  45.987 0.0000000000
43623  34.925  -28.926  44.530 0.0000000000
43631  35.119  -29.000  43.361 0.0000000000
42722  33.826  -31.216  40.887 0.0000000000
43639  34.953  -30.311  41.974 0.0000000000
44598  36.362  -28.136  42.460 0.0000000000
44603  36.948  -27.597  42.033 0.0000000000
45544  37.689  -27.165  40.528 0.0000000000
46438  37.587  -26.589  39.287 0.0000000000
45560  36.886  -27.605  38.312 0.0000000000
45568  35.648  -28.149  36.907 0.0000000000
45579  34.703  -28.263  35.694 0.0000000000
43723  32.696  -29.458  36.569 0.0000000000
44675  32.568  -29.068  35.261 0.0000000000
44674  33.545  -28.522  34.912 0.0000000000
104776  32.537  -28.427  33.657 0.0000000000
55218  38.409  -16.005  34.365 0.0000000000
55238  37.285  -16.518  32.799 0.0000000000
54392  36.560  -16.948  31.497 0.0000000000
111111  34.709  -17.509  32.794 0.0000000000
115901  35.175  -17.364  31.088 0.0000000000
54409  35.414  -17.541  30.247 0.0000000000
58024  52.478  -12.916  20.352 0.0000000000
118847  41.062  -15.390  34.792 0.0000000000
56197  40.223  -15.531  34.565 0.0000000000
55215  41.910  -15.807  34.252 0.0000000000
104598  21.230  -30.529  42.066 0.0000000000
119814  22.219  -30.324  43.023 0.0000000000
42713  21.841  -30.098  42.365 0.0000000000
42731  21.522  -30.052  41.501 0.0000000000
57176  40.220  -14.724  27.084 0.0000000000
56268  40.641  -15.133  27.944 0.0000000000
57167  42.387  -14.562  28.628 0.0000000000
37105  10.876  -36.350  50.330 0.0000000000
114674  10.377  -36.805  49.877 0.0000000000
117803  9.759  -37.408  49.922 0.0000000000
48083  36.052  -24.717  41.588 0.0000000000
122054  35.789  -24.612  41.305 0.0000000000
108060  36.166  -24.829  40.866 0.0000000000
48098  36.196  -24.915  40.103 0.0000000000
47275  36.753  -25.232  40.337 0.0000000000
43569  35.104  -29.037  48.665 0.0000000000
43585  34.287  -29.491  47.074 0.0000000000
102050  27.184  -27.771  37.050 0.0000000000
44660  28.175  -28.327  36.022 0.0000000000
51783  30.964  -20.433  35.624 0.0000000000
105209  30.850  -20.269  34.783 0.0000000000
105819  41.755  -17.245  31.071 0.0000000000
53537  41.129  -17.328  30.787 0.0000000000
53552  37.441  -17.713  29.891 0.0000000000
111716  36.913  -18.133  29.136 0.0000000000
53553  36.328  -17.627  29.887 0.0000000000
54367  42.215  -16.988  32.319 0.0000000000
54386  42.292  -17.093  31.604 0.0000000000
54403  42.154  -17.075  30.869 0.0000000000
40791  17.432  -32.818  41.246 0.0000000000
39839  17.211  -33.251  40.463 0.0000000000
39826  16.850  -33.203  41.155 0.0000000000
104601  16.502  -33.749  40.755 0.0000000000
40741  28.960  -31.535  45.418 0.0000000000
40760  29.989  -31.627  44.783 0.0000000000
44606  25.729  -27.994  41.780 0.0000000000
44616  25.270  -27.717  40.528 0.0000000000
44626  24.985  -27.627  39.794 0.0000000000
113176  24.208  -27.951  39.589 0.0000000000
47349  32.385  -25.532  33.014 0.0000000000
60337  47.195  -10.613  26.191 0.0000000000
59550  47.236  -11.018  25.474 0.0000000000
58800  50.018  -12.661  22.614 0.0000000000
110197  23.798  -33.352  46.245 0.0000000000
40698  24.344  -33.360  46.570 0.0000000000
40697  24.987  -32.870  46.580 0.0000000000
40720  24.979  -32.413  46.370 0.0000000000
58745  46.217  -12.185  29.114 0.0000000000
59518  46.590  -11.620  28.713 0.0000000000
59519  45.905  -11.847  28.424 0.0000000000
40702  20.698  -32.571  46.498 0.0000000000
40706  15.220  -32.501  46.194 0.0000000000
40728  15.989  -32.050  45.769 0.0000000000
39790  14.789  -33.021  45.600 0.0000000000
38821  13.924  -33.314  50.893 0.0000000000
37138  11.802  -35.937  46.455 0.0000000000
37137  11.991  -36.080  45.562 0.0000000000
49860  32.607  -22.755  40.024 0.0000000000
102000  32.573  -22.972  39.245 0.0000000000
49867  32.108  -22.771  38.722 0.0000000000
49866  32.990  -23.482  38.790 0.0000000000
49877  33.390  -23.880  38.380 0.0000000000
45586  35.204  -27.374  35.137 0.0000000000
46469  35.051  -26.360  34.994 0.0000000000
111180  34.079  -27.780  34.297 0.0000000000
41722  31.946  -31.316  42.190 0.0000000000
41702  32.851  -31.453  42.028 0.0000000000
41738  32.133  -31.121  41.570 0.0000000000
43667  34.190  -30.523  39.316 0.0000000000
43692  33.944  -30.042  38.382 0.0000000000
43679  34.709  -30.022  38.829 0.0000000000
119598  34.057  -29.611  37.838 0.0000000000
105857  35.951  -17.440  35.879 0.0000000000
54341  36.117  -17.143  34.994 0.0000000000
54358  41.908  -16.636  33.101 0.0000000000
54359  41.197  -16.600  32.921 0.0000000000
111787  39.785  -16.719  32.198 0.0000000000
54390  38.403  -17.004  31.378 0.0000000000
54371  37.839  -16.635  32.097 0.0000000000
106007  45.056  -16.396  34.890 0.0000000000
55224  42.260  -16.315  33.652 0.0000000000
117081  42.153  -16.808  32.833 0.0000000000
40788  19.661  -31.917  41.663 0.0000000000
40789  19.004  -32.218  41.280 0.0000000000
40790  18.157  -32.504  41.295 0.0000000000
42696  25.718  -29.956  44.499 0.0000000000
42729  23.074  -29.330  42.129 0.0000000000
43643  23.840  -29.107  42.408 0.0000000000
43656  23.483  -28.889  41.570 0.0000000000
43655  24.266  -28.632  41.853 0.0000000000
43672  22.427  -29.165  40.389 0.0000000000
41750  20.723  -30.866  40.297 0.0000000000
56221  44.670  -15.048  30.704 0.0000000000
57156  44.362  -14.485  29.893 0.0000000000
57165  43.999  -14.014  29.174 0.0000000000
57977  44.376  -13.308  28.798 0.0000000000
57981  44.008  -12.889  28.062 0.0000000000
57982  43.176  -13.101  27.740 0.0000000000
57984  41.473  -13.650  26.984 0.0000000000
40673  19.688  -32.357  48.747 0.0000000000
101758  19.445  -32.255  47.879 0.0000000000
40675  17.600  -31.983  48.423 0.0000000000
40676  16.516  -32.006  48.282 0.0000000000
38823  12.647  -34.571  51.632 0.0000000000
38831  12.663  -34.496  50.704 0.0000000000
37123  10.650  -36.436  48.514 0.0000000000
37122  11.366  -35.812  48.790 0.0000000000
36239  10.442  -36.852  46.675 0.0000000000
35272  9.133  -37.972  47.222 0.0000000000
35241  8.471  -38.620  49.370 0.0000000000
48980  35.173  -24.497  40.638 0.0000000000
48968  34.671  -24.111  41.075 0.0000000000
48981  34.474  -24.125  40.336 0.0000000000
49844  33.869  -23.582  40.796 0.0000000000
49005  34.396  -24.373  38.874 0.0000000000
49004  34.922  -24.604  39.203 0.0000000000
47302  36.698  -25.824  38.163 0.0000000000
117466  35.970  -25.228  38.217 0.0000000000
47315  36.051  -26.275  36.777 0.0000000000
42760  29.462  -29.210  39.920 0.0000000000
43681  29.481  -29.168  39.272 0.0000000000
101410  29.442  -29.013  37.878 0.0000000000
42772  29.900  -29.414  38.736 0.0000000000
43695  30.675  -29.725  38.387 0.0000000000
43710  30.752  -29.543  37.448 0.0000000000
43711  29.878  -29.166  37.123 0.0000000000
107841  33.602  -18.602  35.300 0.0000000000
53504  32.841  -18.875  35.053 0.0000000000
52680  31.159  -19.619  33.352 0.0000000000
58810  54.591  -12.519  21.136 0.0000000000
109024  53.825  -12.462  20.467 0.0000000000
55267  41.486  -16.379  29.456 0.0000000000
55282  40.741  -16.624  28.927 0.0000000000
54419  40.442  -17.606  29.571 0.0000000000
54431  40.299  -17.467  28.893 0.0000000000
54432  39.671  -17.880  28.390 0.0000000000
103004  39.366  -18.124  28.714 0.0000000000
117525  38.114  -18.384  28.572 0.0000000000
53577  38.583  -18.331  28.213 0.0000000000
54347  44.852  -16.519  34.236 0.0000000000
54355  44.864  -16.599  33.461 0.0000000000
55235  44.715  -16.584  32.750 0.0000000000
56210  45.082  -16.004  31.862 0.0000000000
56211  44.630  -15.883  31.332 0.0000000000
55256  43.886  -16.367  31.210 0.0000000000
55265  42.972  -16.072  30.195 0.0000000000
55266  42.287  -16.210  29.861 0.0000000000
56239  42.043  -15.468  29.165 0.0000000000
40712  32.222  -31.593  46.097 0.0000000000
41706  30.321  -31.323  43.977 0.0000000000
40758  31.138  -31.821  43.739 0.0000000000
41705  31.013  -31.573  43.413 0.0000000000
41704  31.554  -31.566  42.937 0.0000000000
41724  30.647  -30.966  43.118 0.0000000000
42708  26.685  -29.181  43.533 0.0000000000
42694  27.867  -29.985  44.002 0.0000000000
43652  27.718  -28.423  41.504 0.0000000000
42727  28.397  -29.117  42.261 0.0000000000
42746  28.683  -28.790  41.104 0.0000000000
42745  29.367  -29.171  40.635 0.0000000000
103710  26.651  -27.623  39.415 0.0000000000
44624  27.412  -27.954  39.790 0.0000000000
44636  26.434  -27.484  38.429 0.0000000000
102489  27.063  -27.643  37.910 0.0000000000
43685  22.247  -29.336  39.377 0.0000000000
43699  22.546  -29.269  38.498 0.0000000000
42773  21.888  -29.877  38.232 0.0000000000
60305  48.876  -10.544  29.089 0.0000000000
60316  49.116  -9.979  27.313 0.0000000000
61106  49.958  -9.990  27.020 0.0000000000
60334  49.506  -10.855  25.622 0.0000000000
58774  47.696  -12.195  23.980 0.0000000000
58772  49.476  -12.210  23.860 0.0000000000
118671  50.286  -11.088  25.416 0.0000000000
112819  50.787  -11.617  24.885 0.0000000000
58771  50.921  -12.140  24.212 0.0000000000
58785  51.014  -12.446  23.568 0.0000000000
58784  51.649  -12.587  23.330 0.0000000000
41689  22.695  -31.506  44.555 0.0000000000
40724  21.321  -32.522  45.737 0.0000000000
107132  23.849  -33.902  47.513 0.0000000000
39735  22.737  -33.598  48.735 0.0000000000
39757  21.839  -33.247  47.682 0.0000000000
103800  21.700  -33.053  48.453 0.0000000000
41631  33.489  -31.058  48.996 0.0000000000
39787  30.216  -32.214  45.918 0.0000000000
40695  26.659  -32.476  46.781 0.0000000000
40718  27.653  -32.082  46.474 0.0000000000
41686  26.376  -31.398  45.832 0.0000000000
41672  23.877  -32.098  45.602 0.0000000000
41688  24.455  -31.098  45.269 0.0000000000
41710  23.207  -30.781  44.180 0.0000000000
55301  39.811  -16.360  27.724 0.0000000000
60319  46.831  -10.637  26.932 0.0000000000
59536  46.054  -10.946  26.625 0.0000000000
58754  44.162  -11.944  26.810 0.0000000000
58762  43.967  -12.052  25.263 0.0000000000
59553  44.748  -11.662  25.497 0.0000000000
118780  45.156  -11.896  24.762 0.0000000000
41691  21.088  -31.858  44.070 0.0000000000
41728  20.671  -31.570  43.160 0.0000000000
109556  20.234  -31.943  43.922 0.0000000000
40749  19.069  -31.978  44.401 0.0000000000
40763  19.437  -32.032  43.792 0.0000000000
40764  18.590  -32.037  43.588 0.0000000000
40704  18.284  -31.926  46.578 0.0000000000
41659  17.387  -31.792  46.168 0.0000000000
40750  16.232  -32.082  44.873 0.0000000000
41694  16.980  -31.853  44.878 0.0000000000
109471  16.132  -32.282  44.147 0.0000000000
40766  16.418  -32.309  43.504 0.0000000000
38898  14.433  -34.462  43.880 0.0000000000
121677  14.788  -34.279  43.335 0.0000000000
39718  14.884  -32.647  49.256 0.0000000000
39738  14.996  -32.559  48.454 0.0000000000
38855  12.846  -34.430  49.021 0.0000000000
38012  12.959  -34.968  46.535 0.0000000000
109323  13.221  -34.286  47.795 0.0000000000
38863  13.342  -34.429  46.956 0.0000000000
38879  13.929  -34.155  45.679 0.0000000000
118943  8.436  -38.671  51.645 0.0000000000
34303  7.721  -39.198  52.235 0.0000000000
34290  6.997  -39.610  52.652 0.0000000000
34304  7.127  -39.748  51.816 0.0000000000
54334  37.058  -17.144  37.163 0.0000000000
53494  34.561  -18.372  36.429 0.0000000000
53478  34.426  -18.629  37.460 0.0000000000
52622  33.314  -19.190  38.483 0.0000000000
52634  33.387  -19.056  37.549 0.0000000000
52635  32.396  -19.496  37.258 0.0000000000
51741  31.969  -20.606  40.046 0.0000000000
104774  31.232  -20.839  37.333 0.0000000000
49904  30.932  -22.384  36.298 0.0000000000
49889  31.455  -22.688  37.145 0.0000000000
48158  32.359  -24.628  35.624 0.0000000000
48142  34.669  -24.760  37.613 0.0000000000
48149  33.901  -24.476  37.400 0.0000000000
46481  34.512  -26.371  34.458 0.0000000000
47334  33.715  -25.869  34.265 0.0000000000
46492  33.549  -26.679  32.956 0.0000000000
45606  33.199  -27.876  33.126 0.0000000000
44715  32.361  -28.438  31.808 0.0000000000
42677  33.192  -30.738  44.902 0.0000000000
42676  33.774  -30.194  45.467 0.0000000000
42692  33.958  -30.373  43.325 0.0000000000
43624  34.495  -29.555  43.894 0.0000000000
121587  34.907  -28.963  43.946 0.0000000000
42691  34.682  -29.917  42.897 0.0000000000
42742  31.935  -30.793  40.323 0.0000000000
42723  32.993  -31.356  40.793 0.0000000000
42741  32.731  -31.100  40.113 0.0000000000
43666  34.773  -30.488  40.031 0.0000000000
43651  35.048  -30.557  40.979 0.0000000000
43650  35.634  -29.966  41.519 0.0000000000
43638  35.401  -29.520  42.489 0.0000000000
43649  36.149  -29.154  42.033 0.0000000000
44605  36.300  -29.507  40.963 0.0000000000
44622  36.767  -28.679  39.449 0.0000000000
44613  36.856  -28.795  40.434 0.0000000000
45545  37.359  -27.964  39.972 0.0000000000
45551  37.674  -27.187  39.718 0.0000000000
45552  37.287  -27.659  39.047 0.0000000000
44644  34.984  -28.952  37.269 0.0000000000
44656  34.844  -28.623  36.540 0.0000000000
102401  31.263  -29.526  36.822 0.0000000000
101611  31.981  -29.623  36.689 0.0000000000
43724  31.428  -29.394  36.167 0.0000000000
107064  31.931  -29.022  34.842 0.0000000000
44676  31.680  -29.194  35.467 0.0000000000
44692  32.648  -28.694  34.490 0.0000000000
56188  38.781  -15.895  36.023 0.0000000000
55203  38.762  -15.804  35.048 0.0000000000
55219  37.557  -16.318  34.608 0.0000000000
55230  36.667  -16.633  33.414 0.0000000000
55239  36.612  -16.692  32.739 0.0000000000
54372  36.980  -16.699  32.123 0.0000000000
54373  36.198  -16.858  32.290 0.0000000000
53517  33.881  -18.124  33.796 0.0000000000
54363  34.504  -17.753  33.434 0.0000000000
54375  33.991  -17.851  32.787 0.0000000000
53539  33.928  -17.799  30.854 0.0000000000
54394  34.508  -17.556  31.248 0.0000000000
54410  34.633  -17.648  30.517 0.0000000000
53554  34.798  -17.888  29.701 0.0000000000
60354  56.345  -10.716  21.257 0.0000000000
60355  55.278  -10.571  21.939 0.0000000000
58009  52.634  -12.853  21.453 0.0000000000
58025  51.880  -13.079  20.836 0.0000000000
55226  40.711  -16.185  33.376 0.0000000000
55227  39.807  -16.044  33.427 0.0000000000
103602  39.019  -15.989  33.674 0.0000000000
41751  20.283  -31.370  40.604 0.0000000000
41742  20.222  -31.519  41.483 0.0000000000
40775  20.072  -31.768  42.321 0.0000000000
42698  23.774  -30.140  43.798 0.0000000000
42710  24.362  -29.412  43.309 0.0000000000
42730  22.253  -29.566  41.840 0.0000000000
42747  21.941  -29.517  40.936 0.0000000000
57182  40.705  -14.099  26.547 0.0000000000
57157  43.636  -14.734  29.554 0.0000000000
57979  42.756  -13.785  28.182 0.0000000000
40662  19.012  -32.220  49.446 0.0000000000
109815  19.266  -32.242  50.142 0.0000000000
37114  10.778  -36.352  49.403 0.0000000000
36217  9.852  -37.213  47.365 0.0000000000
36196  9.979  -37.001  48.260 0.0000000000
35255  8.935  -38.067  48.216 0.0000000000
104364  9.058  -38.038  49.615 0.0000000000
35227  9.199  -38.012  50.460 0.0000000000
48953  35.461  -24.291  42.175 0.0000000000
48967  35.386  -24.425  41.410 0.0000000000
48099  35.567  -24.698  40.220 0.0000000000
48120  35.722  -24.800  39.492 0.0000000000
115577  36.729  -25.400  38.807 0.0000000000
43697  28.392  -28.411  38.694 0.0000000000
43712  28.662  -28.563  37.846 0.0000000000
43727  28.947  -28.754  36.831 0.0000000000
52657  32.188  -19.278  35.582 0.0000000000
52668  32.028  -19.143  34.736 0.0000000000
52658  31.429  -19.707  35.218 0.0000000000
52669  31.297  -19.635  34.314 0.0000000000
58761  53.207  -12.065  24.731 0.0000000000
58781  54.980  -12.902  23.214 0.0000000000
54405  40.903  -17.450  30.090 0.0000000000
54406  39.030  -17.555  30.595 0.0000000000
54357  43.311  -16.565  33.403 0.0000000000
54365  44.057  -16.634  33.091 0.0000000000
54384  43.883  -16.702  32.458 0.0000000000
55249  43.670  -16.715  31.848 0.0000000000
55257  42.974  -16.823  31.316 0.0000000000
40813  17.898  -32.936  40.009 0.0000000000
38924  15.818  -34.228  41.232 0.0000000000
111104  15.361  -34.380  41.955 0.0000000000
40715  30.646  -32.011  45.152 0.0000000000
40714  31.080  -31.946  45.222 0.0000000000
40759  30.683  -31.799  44.191 0.0000000000
43653  25.944  -28.301  42.516 0.0000000000
42728  27.036  -28.624  42.653 0.0000000000
43670  27.266  -28.025  40.686 0.0000000000
44625  25.927  -27.563  40.021 0.0000000000
44637  25.587  -27.471  39.037 0.0000000000
45562  24.908  -27.603  38.395 0.0000000000
44638  24.322  -27.971  38.179 0.0000000000
48167  31.204  -24.536  34.296 0.0000000000
60329  48.412  -10.389  26.319 0.0000000000
60335  48.647  -10.725  25.754 0.0000000000
58773  48.640  -12.168  23.948 0.0000000000
58787  48.925  -12.425  23.303 0.0000000000
108731  50.273  -12.312  23.755 0.0000000000
40744  22.994  -32.249  45.266 0.0000000000
40722  23.500  -32.919  45.804 0.0000000000
40699  23.094  -33.499  46.359 0.0000000000
41670  25.573  -31.879  46.248 0.0000000000
59517  47.295  -11.364  28.983 0.0000000000
117012  46.236  -11.366  28.077 0.0000000000
121177  19.316  -31.919  44.905 0.0000000000
40727  18.803  -31.889  45.126 0.0000000000
41651  16.800  -31.836  46.850 0.0000000000
40751  15.664  -32.538  44.515 0.0000000000
39798  15.041  -33.153  44.608 0.0000000000
39799  14.599  -33.893  44.421 0.0000000000
38888  14.135  -34.354  44.811 0.0000000000
117759  14.422  -32.926  50.074 0.0000000000
39719  13.990  -33.218  49.212 0.0000000000
110114  12.396  -35.139  47.854 0.0000000000
38021  13.102  -35.133  45.630 0.0000000000
52621  34.113  -18.883  38.861 0.0000000000
104709  32.552  -19.651  38.934 0.0000000000
49845  33.162  -22.851  41.427 0.0000000000
49846  32.491  -22.044  41.608 0.0000000000
49854  32.454  -22.295  40.888 0.0000000000
50761  31.928  -21.594  40.280 0.0000000000
50762  31.629  -21.164  39.400 0.0000000000
49868  31.739  -22.519  38.184 0.0000000000
49879  31.759  -22.828  37.773 0.0000000000
49022  32.312  -23.524  37.563 0.0000000000
49036  33.016  -24.141  37.197 0.0000000000
45596  34.477  -27.128  34.188 0.0000000000
41703  32.447  -31.436  42.809 0.0000000000
42684  33.244  -30.748  43.789 0.0000000000
122395  33.080  -31.319  42.496 0.0000000000
42704  33.694  -31.327  41.903 0.0000000000
42756  32.868  -30.880  39.401 0.0000000000
42755  33.507  -30.906  39.672 0.0000000000
43678  35.360  -29.957  39.426 0.0000000000
44623  36.113  -29.284  38.990 0.0000000000
109980  36.026  -28.939  38.301 0.0000000000
44634  34.678  -29.514  37.975 0.0000000000
44645  34.211  -29.289  37.209 0.0000000000
43740  30.956  -29.227  35.663 0.0000000000
44708  30.835  -29.014  33.761 0.0000000000
44717  30.834  -29.037  32.742 0.0000000000
55205  36.906  -16.668  35.194 0.0000000000
54350  35.986  -16.986  33.964 0.0000000000
54362  35.214  -17.391  33.525 0.0000000000
53526  33.251  -18.178  32.138 0.0000000000
53540  33.287  -18.147  31.216 0.0000000000
59578  56.423  -11.427  21.051 0.0000000000
54388  41.010  -17.183  31.596 0.0000000000
104794  40.217  -17.153  31.550 0.0000000000
54389  39.349  -17.090  31.467 0.0000000000
54348  43.858  -16.321  34.080 0.0000000000
55213  43.556  -16.008  34.432 0.0000000000
54349  42.982  -16.296  33.836 0.0000000000
40812  18.604  -32.627  39.700 0.0000000000
40799  19.146  -32.199  40.313 0.0000000000
40778  17.715  -32.403  42.061 0.0000000000
41685  27.263  -31.079  45.447 0.0000000000
41707  27.505  -30.502  44.727 0.0000000000
101398  26.082  -29.451  43.898 0.0000000000
43641  25.152  -28.807  42.996 0.0000000000
43654  25.042  -28.431  42.184 0.0000000000
44608  23.922  -28.415  40.991 0.0000000000
44618  23.564  -28.401  39.926 0.0000000000
59562  47.434  -11.576  24.729 0.0000000000
58775  46.775  -12.039  24.268 0.0000000000
39775  24.302  -33.723  47.060 0.0000000000
39753  25.492  -33.642  47.926 0.0000000000
57961  45.427  -13.720  30.604 0.0000000000
57976  45.087  -13.003  29.178 0.0000000000
58749  45.199  -12.044  28.035 0.0000000000
58752  42.808  -12.764  26.903 0.0000000000
58756  42.548  -12.611  26.063 0.0000000000
101757  20.142  -32.479  47.211 0.0000000000
40674  18.702  -32.109  48.584 0.0000000000
40687  16.190  -31.979  47.441 0.0000000000
40688  15.334  -32.386  47.122 0.0000000000
38822  13.200  -33.974  51.274 0.0000000000
38845  12.742  -34.430  49.782 0.0000000000
105132  12.394  -34.846  49.220 0.0000000000
37988  11.798  -35.379  49.499 0.0000000000
107873  12.107  -35.231  48.601 0.0000000000
37997  11.831  -35.546  47.883 0.0000000000
38006  11.643  -35.821  47.214 0.0000000000
36264  9.657  -37.804  45.571 0.0000000000
49833  33.660  -23.183  42.239 0.0000000000
49852  33.668  -23.518  40.114 0.0000000000
49006  33.818  -23.986  38.873 0.0000000000
48134  35.481  -24.867  38.710 0.0000000000
47303  35.343  -25.019  37.930 0.0000000000
47316  35.299  -25.464  36.945 0.0000000000
47326  35.611  -26.204  36.208 0.0000000000
42725  31.204  -30.269  41.422 0.0000000000
41749  31.851  -30.729  41.138 0.0000000000
42743  31.324  -30.236  40.547 0.0000000000
42757  31.481  -30.356  39.686 0.0000000000
42771  30.730  -29.850  39.241 0.0000000000
119883  31.874  -30.575  39.226 0.0000000000
110267  32.060  -30.074  38.120 0.0000000000
43709  31.651  -29.771  37.401 0.0000000000
43725  30.554  -29.273  36.409 0.0000000000
54343  34.908  -18.065  35.720 0.0000000000
54352  34.818  -17.978  35.003 0.0000000000
53510  34.127  -18.230  34.725 0.0000000000
117841  33.155  -18.475  33.804 0.0000000000
53512  32.657  -18.776  34.224 0.0000000000
53519  32.525  -18.696  33.378 0.0000000000
53527  32.476  -18.612  32.436 0.0000000000
58808  56.438  -12.030  22.275 0.0000000000
58817  55.700  -11.860  20.580 0.0000000000
56257  40.375  -15.985  28.233 0.0000000000
53562  40.128  -17.813  29.604 0.0000000000
102297  39.223  -17.987  29.795 0.0000000000
53563  39.639  -18.013  29.393 0.0000000000
55234  45.440  -16.463  33.122 0.0000000000
108962  45.095  -15.320  31.485 0.0000000000
116924  43.242  -16.439  30.744 0.0000000000
56223  43.644  -15.926  30.479 0.0000000000
56238  43.321  -15.443  29.884 0.0000000000
42656  33.836  -30.319  47.705 0.0000000000
41649  33.231  -30.859  47.203 0.0000000000
105246  32.626  -31.190  45.480 0.0000000000
40737  31.558  -31.710  44.493 0.0000000000
41683  32.156  -31.418  43.793 0.0000000000
41723  31.405  -31.229  42.693 0.0000000000
41726  28.608  -30.517  44.251 0.0000000000
42707  28.780  -29.898  43.233 0.0000000000
42706  29.904  -30.217  42.547 0.0000000000
108091  30.470  -30.007  41.712 0.0000000000
119495  27.925  -28.262  40.111 0.0000000000
43683  28.146  -28.337  39.472 0.0000000000
44662  26.316  -27.688  36.110 0.0000000000
43684  22.959  -28.776  39.112 0.0000000000
50821  30.741  -21.391  35.824 0.0000000000
60326  51.234  -10.495  26.281 0.0000000000
59549  48.061  -11.165  25.252 0.0000000000
59548  48.910  -11.319  25.120 0.0000000000
59547  51.775  -11.563  25.125 0.0000000000
58783  52.444  -12.617  23.457 0.0000000000
58010  51.870  -12.893  21.793 0.0000000000
41690  21.900  -31.657  44.269 0.0000000000
40746  21.590  -32.139  44.837 0.0000000000
39755  23.286  -33.874  48.129 0.0000000000
39756  22.581  -33.651  47.804 0.0000000000
39777  22.399  -33.594  47.009 0.0000000000
39778  21.765  -33.258  46.976 0.0000000000
40685  21.078  -32.907  47.327 0.0000000000
40672  20.511  -32.551  48.859 0.0000000000
40660  20.668  -32.485  49.778 0.0000000000
42629  34.448  -29.920  49.175 0.0000000000
41640  33.428  -31.041  48.236 0.0000000000
41650  32.927  -31.504  47.763 0.0000000000
40693  31.821  -31.918  46.710 0.0000000000
40684  32.033  -32.194  47.784 0.0000000000
40694  31.224  -32.087  46.192 0.0000000000
39786  30.698  -32.173  45.873 0.0000000000
110082  29.690  -31.863  45.508 0.0000000000
40742  28.162  -31.748  45.951 0.0000000000
119506  27.997  -31.406  45.611 0.0000000000
42685  25.293  -30.549  45.095 0.0000000000
59516  48.251  -10.514  28.405 0.0000000000
120675  47.624  -10.862  28.521 0.0000000000
59537  45.484  -11.258  26.876 0.0000000000
59538  44.771  -11.527  26.397 0.0000000000
40777  18.511  -32.172  42.658 0.0000000000
40703  18.989  -31.922  46.040 0.0000000000
41673  18.097  -31.814  45.025 0.0000000000
41674  17.510  -31.816  45.313 0.0000000000
41693  17.577  -31.836  44.596 0.0000000000
41713  17.691  -31.914  43.842 0.0000000000
120094  17.087  -32.052  43.408 0.0000000000
40779  16.832  -32.390  42.674 0.0000000000
39817  16.174  -33.030  42.305 0.0000000000
39828  15.682  -33.732  42.096 0.0000000000
117977  15.116  -34.145  42.749 0.0000000000
38068  14.915  -34.882  42.266 0.0000000000
39779  14.664  -32.912  46.742 0.0000000000
38843  13.613  -33.664  48.306 0.0000000000
110313  14.005  -33.318  47.719 0.0000000000
39760  14.137  -33.415  47.028 0.0000000000
39780  14.300  -33.466  46.154 0.0000000000
38031  13.847  -34.965  44.368 0.0000000000
38032  13.286  -35.331  44.762 0.0000000000
38046  13.499  -35.538  43.929 0.0000000000
116263  8.717  -38.431  50.871 0.0000000000
34317  8.092  -38.905  50.814 0.0000000000
34318  7.335  -39.700  50.808 0.0000000000
56186  40.293  -15.338  35.478 0.0000000000
54335  36.387  -17.282  36.530 0.0000000000
120691  35.882  -17.585  36.396 0.0000000000
54336  35.381  -17.864  36.263 0.0000000000
53495  33.766  -18.708  36.106 0.0000000000
52643  33.136  -19.052  36.656 0.0000000000
112255  31.106  -20.667  36.454 0.0000000000
116716  31.978  -20.013  38.577 0.0000000000
51755  31.563  -20.691  38.648 0.0000000000
51766  31.709  -20.193  37.868 0.0000000000
48159  31.417  -24.254  35.263 0.0000000000
48166  31.991  -24.970  34.699 0.0000000000
47342  32.676  -25.524  34.010 0.0000000000
48156  34.136  -25.152  36.082 0.0000000000
48157  33.360  -24.940  35.868 0.0000000000
45627  33.033  -28.097  31.276 0.0000000000
43612  34.984  -28.864  45.440 0.0000000000
42683  33.803  -30.200  44.377 0.0000000000
43613  34.388  -29.543  44.948 0.0000000000
44576  35.930  -27.701  44.239 0.0000000000
42721  34.478  -30.957  41.449 0.0000000000
42739  34.487  -30.876  40.641 0.0000000000
43637  35.754  -28.587  42.854 0.0000000000
44588  36.040  -27.764  43.291 0.0000000000
44597  36.491  -27.262  42.979 0.0000000000
45538  37.336  -27.919  40.996 0.0000000000
45537  37.405  -26.980  41.514 0.0000000000
46425  37.466  -26.373  41.041 0.0000000000
46431  37.678  -26.496  40.112 0.0000000000
47289  37.323  -25.814  39.778 0.0000000000
46439  37.236  -26.723  38.493 0.0000000000
46443  36.793  -26.975  37.759 0.0000000000
45561  36.307  -28.095  37.776 0.0000000000
46444  36.307  -27.183  37.053 0.0000000000
45578  35.390  -27.763  35.948 0.0000000000
43707  33.383  -29.395  36.847 0.0000000000
44659  32.261  -29.344  36.004 0.0000000000
44658  33.240  -29.139  35.907 0.0000000000
102664  34.018  -28.608  35.537 0.0000000000
44707  31.643  -28.712  33.222 0.0000000000
44716  31.620  -28.755  32.289 0.0000000000
55217  39.384  -15.751  34.264 0.0000000000
55228  38.372  -16.164  33.580 0.0000000000
55229  37.522  -16.346  33.643 0.0000000000
55237  38.169  -16.386  32.850 0.0000000000
54374  35.403  -17.161  32.586 0.0000000000
113710  34.833  -17.411  31.955 0.0000000000
54393  35.697  -17.109  31.717 0.0000000000
111915  36.039  -17.245  30.841 0.0000000000
40692  32.401  -31.745  47.264 0.0000000000
40716  30.062  -32.096  45.630 0.0000000000
40717  28.805  -31.914  46.077 0.0000000000
40738  31.097  -31.906  44.338 0.0000000000
41660  16.564  -31.849  46.191 0.0000000000
41682  32.811  -31.167  43.247 0.0000000000
41737  32.454  -31.415  41.548 0.0000000000
42667  33.705  -30.160  46.586 0.0000000000
42759  30.100  -29.555  39.649 0.0000000000
42769  32.413  -30.567  38.871 0.0000000000
43630  35.579  -28.230  43.527 0.0000000000
44604  36.761  -28.606  41.512 0.0000000000
45570  24.785  -27.717  37.815 0.0000000000
47274  37.157  -25.780  40.625 0.0000000000
48119  36.528  -25.102  39.300 0.0000000000
50746  32.420  -21.323  42.004 0.0000000000
55247  45.240  -16.289  32.430 0.0000000000
103697  36.860  -25.288  39.672 0.0000000000
108551  33.476  -31.148  40.283 0.0000000000
120252  34.389  -17.618  32.351 0.0000000000
120276  37.412  -16.450  35.349 0.0000000000
121106  37.953  -16.173  34.051 0.0000000000
