#!ascii label  , from subject sub-v2s17x50028_ses-1 vox2ras=TkReg
1179
38315  -7.402  -51.723  61.123 0.0000000000
152453  -34.557  -39.714  45.570 0.0000000000
137009  -33.540  -34.733  44.597 0.0000000000
49907  -26.002  -41.003  51.493 0.0000000000
64189  -40.026  -26.417  34.137 0.0000000000
63328  -35.170  -27.481  38.322 0.0000000000
49911  -35.497  -39.684  51.613 0.0000000000
48911  -30.668  -40.678  48.505 0.0000000000
65040  -45.330  -25.492  37.488 0.0000000000
134615  -48.611  -19.687  35.867 0.0000000000
72064  -51.055  -18.303  31.420 0.0000000000
149017  -35.088  -29.842  47.750 0.0000000000
60626  -31.454  -30.805  42.186 0.0000000000
136673  -37.386  -28.766  43.559 0.0000000000
61564  -40.209  -29.911  40.299 0.0000000000
47844  -20.509  -43.826  51.075 0.0000000000
36345  -5.817  -53.997  64.457 0.0000000000
54976  -37.571  -37.146  44.010 0.0000000000
57668  -35.500  -33.583  49.967 0.0000000000
50985  -21.647  -40.676  47.936 0.0000000000
51963  -25.303  -38.642  45.105 0.0000000000
72092  -47.981  -18.521  27.422 0.0000000000
75620  -48.698  -14.007  32.476 0.0000000000
132781  -38.239  -28.633  35.470 0.0000000000
131011  -44.139  -29.839  36.988 0.0000000000
132971  -8.849  -49.080  57.688 0.0000000000
30092  -4.398  -60.115  61.960 0.0000000000
145530  -46.823  -22.276  36.815 0.0000000000
136344  -36.173  -28.816  45.704 0.0000000000
45893  -17.449  -44.793  49.782 0.0000000000
37335  -6.618  -53.169  62.297 0.0000000000
52961  -36.288  -38.775  41.931 0.0000000000
51990  -37.123  -39.455  44.423 0.0000000000
51909  -23.253  -38.992  49.832 0.0000000000
51944  -23.135  -39.353  46.180 0.0000000000
141509  -25.161  -39.120  48.185 0.0000000000
49983  -33.196  -40.250  47.585 0.0000000000
51040  -30.285  -39.168  46.038 0.0000000000
135490  -32.495  -38.812  44.697 0.0000000000
148076  -25.087  -40.614  53.382 0.0000000000
128548  -22.555  -39.325  51.957 0.0000000000
70100  -43.852  -19.735  31.517 0.0000000000
71106  -48.858  -19.685  28.189 0.0000000000
74713  -51.401  -16.274  31.645 0.0000000000
61559  -33.317  -28.909  40.542 0.0000000000
62545  -36.373  -28.115  36.506 0.0000000000
60649  -41.807  -29.972  38.832 0.0000000000
44762  -14.848  -46.004  53.743 0.0000000000
43661  -12.960  -46.817  55.773 0.0000000000
42623  -11.563  -47.704  57.852 0.0000000000
42660  -10.440  -48.191  55.009 0.0000000000
32190  -5.587  -59.020  60.931 0.0000000000
49961  -35.176  -41.257  47.623 0.0000000000
51027  -36.827  -39.088  47.302 0.0000000000
50968  -37.482  -38.830  51.689 0.0000000000
47829  -28.122  -42.696  52.976 0.0000000000
49929  -27.916  -41.102  49.287 0.0000000000
47861  -30.278  -41.971  51.231 0.0000000000
48885  -33.379  -41.164  49.785 0.0000000000
65063  -42.776  -25.973  35.870 0.0000000000
67053  -43.466  -23.113  35.823 0.0000000000
70070  -44.786  -20.281  34.232 0.0000000000
129530  -46.296  -18.871  32.819 0.0000000000
71069  -48.673  -19.074  30.810 0.0000000000
72035  -49.579  -18.368  34.270 0.0000000000
58830  -33.268  -32.422  46.517 0.0000000000
58860  -31.795  -32.774  43.801 0.0000000000
60596  -33.388  -30.228  45.193 0.0000000000
61529  -34.750  -28.812  42.897 0.0000000000
62464  -36.100  -28.027  41.480 0.0000000000
62497  -38.075  -27.594  39.543 0.0000000000
61533  -38.827  -29.273  42.542 0.0000000000
45835  -19.656  -45.357  52.100 0.0000000000
145121  -17.182  -45.058  51.368 0.0000000000
77471  -47.949  -11.997  27.826 0.0000000000
35404  -4.320  -55.354  65.346 0.0000000000
55011  -36.507  -37.483  41.751 0.0000000000
128504  -34.978  -35.807  44.175 0.0000000000
53914  -36.570  -37.126  47.200 0.0000000000
55901  -35.276  -35.957  47.110 0.0000000000
57723  -34.011  -34.178  47.045 0.0000000000
59710  -34.903  -31.311  49.152 0.0000000000
51948  -28.142  -39.587  46.819 0.0000000000
49891  -20.227  -40.423  52.666 0.0000000000
48869  -21.027  -42.378  50.021 0.0000000000
72918  -50.098  -18.072  29.177 0.0000000000
73777  -47.730  -16.149  30.224 0.0000000000
76536  -46.226  -13.767  29.267 0.0000000000
78356  -48.809  -11.822  31.935 0.0000000000
38339  -7.280  -52.718  58.297 0.0000000000
36391  -6.594  -54.274  59.437 0.0000000000
62566  -39.340  -28.242  33.937 0.0000000000
128936  -39.515  -28.776  37.665 0.0000000000
61635  -40.978  -29.671  36.665 0.0000000000
136208  -41.862  -28.041  35.154 0.0000000000
63349  -44.587  -27.493  36.331 0.0000000000
39378  -8.189  -50.353  59.280 0.0000000000
35431  -5.871  -55.487  61.180 0.0000000000
33308  -4.566  -57.327  63.327 0.0000000000
33306  -3.118  -57.602  63.625 0.0000000000
38314  -6.987  -52.406  61.715 0.0000000000
132617  -34.396  -39.139  44.352 0.0000000000
52003  -35.786  -39.417  43.540 0.0000000000
51989  -35.933  -39.780  44.357 0.0000000000
50964  -24.785  -39.797  50.559 0.0000000000
51920  -24.397  -39.067  48.628 0.0000000000
50977  -25.704  -39.932  49.558 0.0000000000
51044  -34.125  -39.862  46.170 0.0000000000
145810  -32.592  -38.862  45.670 0.0000000000
51970  -33.960  -39.231  45.480 0.0000000000
52001  -33.088  -38.942  43.872 0.0000000000
49881  -26.064  -41.811  52.899 0.0000000000
49866  -25.746  -41.634  54.456 0.0000000000
50950  -25.244  -40.454  51.882 0.0000000000
130998  -24.415  -39.901  52.174 0.0000000000
71104  -47.266  -19.927  28.614 0.0000000000
55937  -33.784  -35.576  42.582 0.0000000000
56849  -32.800  -35.042  42.552 0.0000000000
62493  -33.720  -28.342  39.059 0.0000000000
62511  -33.737  -28.313  37.931 0.0000000000
62532  -35.796  -27.731  37.001 0.0000000000
44760  -13.283  -46.092  53.159 0.0000000000
142764  -13.716  -46.400  54.575 0.0000000000
44737  -12.381  -46.613  54.168 0.0000000000
43660  -11.513  -47.048  55.395 0.0000000000
43690  -11.429  -47.681  54.055 0.0000000000
48876  -35.363  -40.412  50.072 0.0000000000
49931  -36.098  -39.982  49.880 0.0000000000
50966  -36.529  -39.344  51.415 0.0000000000
47816  -29.732  -42.547  53.255 0.0000000000
47845  -29.009  -42.526  51.690 0.0000000000
154235  -30.855  -42.331  53.063 0.0000000000
49896  -34.206  -40.168  52.693 0.0000000000
48860  -33.290  -40.971  51.684 0.0000000000
48862  -34.505  -40.623  50.576 0.0000000000
154142  -34.414  -41.389  49.100 0.0000000000
65051  -43.860  -25.762  36.530 0.0000000000
66100  -42.502  -24.160  35.738 0.0000000000
67042  -43.873  -23.847  36.449 0.0000000000
150435  -47.439  -20.770  36.300 0.0000000000
70062  -45.911  -21.053  35.595 0.0000000000
70063  -46.564  -20.329  35.386 0.0000000000
70082  -45.963  -19.419  33.762 0.0000000000
71043  -47.340  -19.305  34.536 0.0000000000
71052  -48.322  -18.564  33.295 0.0000000000
71045  -49.035  -18.600  34.629 0.0000000000
154829  -34.249  -30.495  47.130 0.0000000000
60595  -33.021  -31.045  45.612 0.0000000000
60582  -34.123  -30.120  46.442 0.0000000000
61504  -36.565  -28.726  44.146 0.0000000000
143438  -35.621  -28.765  44.496 0.0000000000
61518  -36.387  -28.643  43.267 0.0000000000
61530  -35.117  -28.702  42.282 0.0000000000
135001  -37.138  -28.534  42.499 0.0000000000
61547  -37.650  -28.381  42.186 0.0000000000
61519  -38.111  -28.939  43.072 0.0000000000
154664  -19.607  -42.292  52.692 0.0000000000
47797  -19.128  -43.244  53.637 0.0000000000
46828  -20.143  -44.798  51.766 0.0000000000
136541  -17.253  -44.849  50.617 0.0000000000
78374  -49.391  -11.221  28.460 0.0000000000
78379  -50.101  -10.909  27.937 0.0000000000
35405  -4.831  -55.308  65.093 0.0000000000
52950  -37.346  -38.351  42.908 0.0000000000
53973  -36.579  -38.182  41.675 0.0000000000
54995  -36.776  -37.051  42.601 0.0000000000
54974  -36.136  -36.392  43.020 0.0000000000
54963  -36.000  -36.194  44.096 0.0000000000
52907  -37.655  -38.135  49.308 0.0000000000
52921  -36.850  -37.951  46.705 0.0000000000
54930  -36.848  -36.907  49.013 0.0000000000
57669  -36.011  -34.161  50.289 0.0000000000
55884  -36.121  -35.953  48.879 0.0000000000
56801  -35.269  -35.092  48.579 0.0000000000
154216  -34.887  -35.548  47.081 0.0000000000
57690  -34.932  -33.976  49.157 0.0000000000
146676  -34.564  -32.889  49.023 0.0000000000
58780  -35.489  -32.459  50.205 0.0000000000
52920  -24.552  -38.760  45.751 0.0000000000
49940  -29.411  -41.285  48.942 0.0000000000
129540  -28.062  -40.386  48.133 0.0000000000
49955  -28.907  -40.430  47.857 0.0000000000
128660  -28.853  -38.889  44.959 0.0000000000
142082  -22.153  -39.457  53.923 0.0000000000
130973  -21.232  -40.032  50.011 0.0000000000
50961  -21.142  -39.794  50.980 0.0000000000
49927  -21.177  -41.182  49.579 0.0000000000
48880  -20.944  -43.003  48.560 0.0000000000
71071  -50.161  -18.880  31.003 0.0000000000
71087  -49.870  -19.349  30.021 0.0000000000
72076  -50.757  -18.499  30.284 0.0000000000
74698  -50.095  -15.243  32.187 0.0000000000
74717  -49.335  -16.073  30.911 0.0000000000
74709  -48.018  -15.028  31.355 0.0000000000
75635  -46.551  -14.858  30.287 0.0000000000
76530  -47.290  -13.685  31.261 0.0000000000
77458  -47.328  -12.607  30.254 0.0000000000
77454  -49.137  -12.580  32.920 0.0000000000
59765  -31.557  -31.544  43.296 0.0000000000
57782  -31.419  -33.451  42.258 0.0000000000
62574  -38.458  -28.525  33.110 0.0000000000
61670  -38.848  -28.632  34.959 0.0000000000
61579  -39.547  -28.707  40.262 0.0000000000
62516  -38.840  -28.184  38.995 0.0000000000
61599  -40.170  -29.321  39.059 0.0000000000
60679  -42.964  -29.942  37.655 0.0000000000
61619  -41.564  -29.972  37.178 0.0000000000
61637  -42.798  -29.814  36.152 0.0000000000
141153  -41.692  -29.253  35.518 0.0000000000
62547  -43.177  -29.141  35.749 0.0000000000
63359  -43.375  -28.111  35.714 0.0000000000
62548  -44.767  -28.538  36.359 0.0000000000
42622  -10.546  -47.693  57.525 0.0000000000
41531  -10.015  -48.046  58.873 0.0000000000
40466  -8.878  -49.530  59.833 0.0000000000
40486  -8.538  -49.755  58.026 0.0000000000
40501  -8.358  -50.604  57.473 0.0000000000
40502  -8.672  -49.931  57.143 0.0000000000
35441  -6.339  -55.177  59.214 0.0000000000
35436  -6.101  -55.357  60.233 0.0000000000
130870  -5.904  -56.935  59.719 0.0000000000
151167  -5.191  -59.196  61.674 0.0000000000
32180  -5.276  -58.366  61.688 0.0000000000
31152  -4.479  -58.613  62.548 0.0000000000
33307  -4.090  -57.469  63.599 0.0000000000
31150  -3.667  -58.720  62.708 0.0000000000
47818  -32.059  -41.759  53.996 0.0000000000
152694  -46.694  -24.665  38.052 0.0000000000
67043  -45.674  -23.383  36.983 0.0000000000
67039  -47.568  -23.326  37.666 0.0000000000
61472  -35.415  -29.127  46.365 0.0000000000
133903  -20.748  -44.266  49.901 0.0000000000
46852  -20.250  -44.904  50.245 0.0000000000
37322  -6.792  -52.770  63.914 0.0000000000
37321  -6.362  -53.491  63.748 0.0000000000
52014  -34.750  -39.164  42.156 0.0000000000
52016  -36.628  -39.067  42.903 0.0000000000
53949  -37.816  -38.064  43.684 0.0000000000
135599  -36.064  -32.351  50.840 0.0000000000
50976  -21.839  -39.438  49.521 0.0000000000
51000  -22.126  -39.956  47.360 0.0000000000
51919  -23.430  -38.924  48.585 0.0000000000
51930  -24.493  -38.886  47.509 0.0000000000
51946  -25.671  -38.703  46.301 0.0000000000
49957  -31.505  -40.383  48.250 0.0000000000
130650  -30.520  -40.098  47.670 0.0000000000
51021  -31.720  -39.431  46.857 0.0000000000
51967  -31.020  -38.812  45.130 0.0000000000
52948  -31.519  -38.566  42.910 0.0000000000
50902  -24.264  -40.341  54.706 0.0000000000
50917  -23.480  -39.755  53.811 0.0000000000
50932  -23.362  -39.538  52.388 0.0000000000
51895  -22.424  -39.181  50.798 0.0000000000
70090  -43.253  -20.152  32.126 0.0000000000
71114  -48.859  -19.514  27.710 0.0000000000
72894  -53.072  -16.982  32.720 0.0000000000
73773  -51.435  -17.160  31.226 0.0000000000
61558  -32.674  -29.356  41.095 0.0000000000
61652  -36.179  -29.197  35.427 0.0000000000
61653  -37.765  -28.471  36.064 0.0000000000
130698  -41.732  -29.337  40.946 0.0000000000
61581  -41.271  -30.103  39.606 0.0000000000
61566  -42.264  -29.441  39.979 0.0000000000
44764  -16.876  -46.165  53.590 0.0000000000
43676  -15.610  -46.661  55.017 0.0000000000
42644  -13.724  -47.427  57.134 0.0000000000
42643  -12.109  -47.534  57.281 0.0000000000
42641  -10.602  -47.632  56.620 0.0000000000
138338  -9.653  -48.772  56.034 0.0000000000
41569  -9.414  -49.646  55.562 0.0000000000
41579  -9.938  -49.694  54.738 0.0000000000
51025  -35.011  -40.848  46.371 0.0000000000
145351  -36.134  -40.136  45.738 0.0000000000
51004  -36.100  -40.345  47.382 0.0000000000
50991  -37.226  -39.357  49.163 0.0000000000
49908  -26.689  -41.676  51.281 0.0000000000
49919  -26.715  -40.962  50.096 0.0000000000
48870  -27.850  -42.053  50.267 0.0000000000
48872  -29.525  -42.108  50.294 0.0000000000
129179  -30.355  -41.649  49.747 0.0000000000
47834  -31.953  -41.853  52.758 0.0000000000
137729  -31.743  -41.576  50.698 0.0000000000
47886  -31.785  -41.289  49.534 0.0000000000
48914  -33.012  -40.864  48.702 0.0000000000
49960  -34.057  -41.182  47.645 0.0000000000
48836  -27.238  -42.611  53.357 0.0000000000
64172  -41.321  -26.345  35.141 0.0000000000
141188  -39.875  -25.315  34.152 0.0000000000
66099  -41.757  -24.646  35.447 0.0000000000
67065  -41.976  -22.884  34.938 0.0000000000
68063  -42.160  -22.193  34.522 0.0000000000
68047  -45.160  -22.776  36.414 0.0000000000
69066  -44.344  -21.749  35.314 0.0000000000
69082  -43.131  -20.818  33.683 0.0000000000
70080  -44.414  -19.963  33.428 0.0000000000
71055  -45.486  -19.082  32.381 0.0000000000
71068  -46.542  -18.828  31.150 0.0000000000
71085  -48.316  -19.367  30.141 0.0000000000
130937  -48.032  -18.760  31.640 0.0000000000
71058  -49.433  -18.706  31.715 0.0000000000
72045  -50.646  -18.284  32.551 0.0000000000
72025  -50.630  -18.218  35.300 0.0000000000
72047  -52.061  -17.607  33.515 0.0000000000
57737  -33.227  -33.798  45.804 0.0000000000
57749  -32.350  -33.256  44.517 0.0000000000
58844  -32.509  -32.352  45.100 0.0000000000
155126  -32.251  -31.464  44.496 0.0000000000
60619  -32.293  -30.334  43.289 0.0000000000
61487  -34.757  -29.067  44.971 0.0000000000
61502  -33.734  -29.473  43.858 0.0000000000
60628  -32.892  -29.661  42.649 0.0000000000
141157  -33.687  -28.948  41.428 0.0000000000
61560  -34.256  -28.570  40.928 0.0000000000
62495  -35.383  -27.520  39.853 0.0000000000
63316  -35.987  -27.159  38.962 0.0000000000
62481  -36.797  -27.453  40.822 0.0000000000
62483  -38.933  -28.156  40.692 0.0000000000
61563  -39.783  -29.633  41.085 0.0000000000
131024  -40.048  -30.105  42.270 0.0000000000
61551  -41.138  -29.623  41.967 0.0000000000
137746  -18.654  -45.615  53.034 0.0000000000
45874  -19.002  -45.535  51.058 0.0000000000
45854  -18.754  -45.897  51.786 0.0000000000
44781  -17.383  -45.848  52.829 0.0000000000
45833  -15.704  -45.363  52.552 0.0000000000
55939  -35.286  -35.999  43.323 0.0000000000
56840  -34.209  -35.324  44.271 0.0000000000
140911  -37.112  -39.113  45.301 0.0000000000
52930  -37.429  -38.164  45.286 0.0000000000
54965  -37.353  -36.987  44.910 0.0000000000
54937  -36.187  -36.661  47.235 0.0000000000
55915  -36.028  -36.509  45.871 0.0000000000
55914  -35.427  -36.177  45.659 0.0000000000
56825  -34.377  -35.163  45.739 0.0000000000
56824  -33.831  -34.384  46.228 0.0000000000
58831  -33.689  -33.010  47.212 0.0000000000
58815  -34.095  -32.418  48.087 0.0000000000
60556  -35.092  -30.341  48.531 0.0000000000
135156  -35.754  -31.323  50.390 0.0000000000
60551  -35.931  -30.194  49.907 0.0000000000
50988  -26.680  -39.825  48.558 0.0000000000
51932  -26.533  -39.404  47.756 0.0000000000
51947  -26.687  -38.900  46.315 0.0000000000
51019  -28.959  -39.556  46.565 0.0000000000
51965  -27.758  -38.987  45.476 0.0000000000
49878  -19.681  -41.212  53.016 0.0000000000
48845  -19.966  -42.211  51.603 0.0000000000
50930  -21.016  -39.630  52.395 0.0000000000
49906  -20.373  -41.504  51.352 0.0000000000
131937  -20.738  -43.209  50.593 0.0000000000
47871  -20.759  -43.851  49.150 0.0000000000
131671  -49.012  -19.608  29.494 0.0000000000
71107  -49.585  -19.328  28.521 0.0000000000
72927  -48.666  -18.331  28.327 0.0000000000
73780  -50.823  -17.169  30.497 0.0000000000
73788  -48.475  -17.015  29.647 0.0000000000
72915  -47.116  -17.296  28.916 0.0000000000
73795  -45.947  -16.657  28.338 0.0000000000
75641  -45.546  -14.964  28.086 0.0000000000
76541  -46.123  -13.649  27.394 0.0000000000
77466  -47.277  -12.478  28.342 0.0000000000
77463  -47.941  -11.876  29.679 0.0000000000
38331  -7.410  -51.908  59.017 0.0000000000
136810  -6.866  -52.813  60.124 0.0000000000
37366  -6.977  -53.501  58.562 0.0000000000
57783  -31.971  -34.130  42.696 0.0000000000
63374  -39.575  -27.892  33.581 0.0000000000
150714  -37.355  -27.634  37.923 0.0000000000
62534  -37.787  -27.946  37.584 0.0000000000
137728  -39.385  -28.867  36.688 0.0000000000
61600  -40.748  -29.728  38.610 0.0000000000
61634  -40.241  -29.265  37.188 0.0000000000
61655  -40.172  -29.243  36.098 0.0000000000
61672  -40.504  -29.024  35.426 0.0000000000
63367  -41.108  -28.174  34.912 0.0000000000
63357  -41.196  -27.357  34.929 0.0000000000
64173  -42.230  -26.612  35.533 0.0000000000
64163  -43.539  -26.296  36.169 0.0000000000
132736  -44.822  -26.066  37.055 0.0000000000
39354  -8.487  -50.424  61.185 0.0000000000
39364  -8.330  -50.333  60.253 0.0000000000
39363  -7.728  -51.104  59.664 0.0000000000
39377  -7.768  -51.140  58.684 0.0000000000
38351  -7.970  -52.091  57.081 0.0000000000
37334  -6.560  -53.429  61.367 0.0000000000
36374  -6.212  -54.001  62.001 0.0000000000
35423  -5.643  -55.101  63.143 0.0000000000
33336  -5.522  -56.905  61.400 0.0000000000
34385  -5.384  -56.503  62.266 0.0000000000
35422  -5.278  -55.737  63.513 0.0000000000
34371  -4.564  -56.056  64.491 0.0000000000
34369  -3.570  -56.398  64.580 0.0000000000
30091  -3.917  -60.313  61.877 0.0000000000
31149  -3.227  -58.566  62.732 0.0000000000
141047  -7.973  -51.097  61.526 0.0000000000
51056  -34.639  -39.326  45.013 0.0000000000
51988  -35.192  -39.384  44.317 0.0000000000
51057  -35.268  -39.831  45.162 0.0000000000
129183  -25.364  -40.355  51.038 0.0000000000
131882  -25.457  -40.140  50.270 0.0000000000
154368  -34.193  -39.053  44.930 0.0000000000
49894  -25.789  -41.049  52.432 0.0000000000
71095  -46.879  -19.638  29.294 0.0000000000
56839  -33.480  -34.978  43.593 0.0000000000
62512  -34.438  -27.874  38.639 0.0000000000
62531  -34.405  -28.121  37.198 0.0000000000
132422  -35.058  -28.000  36.797 0.0000000000
63327  -35.143  -27.679  37.495 0.0000000000
44759  -12.579  -46.643  53.413 0.0000000000
131586  -12.917  -46.292  53.814 0.0000000000
44713  -11.699  -47.021  54.525 0.0000000000
49921  -35.045  -40.202  50.746 0.0000000000
153308  -35.518  -39.984  50.537 0.0000000000
131648  -35.818  -39.667  51.065 0.0000000000
46816  -30.250  -42.494  54.091 0.0000000000
47817  -30.543  -42.411  53.470 0.0000000000
46818  -31.119  -42.280  53.663 0.0000000000
135659  -34.639  -40.085  51.640 0.0000000000
49909  -33.994  -40.543  51.727 0.0000000000
49910  -34.383  -40.454  51.100 0.0000000000
48875  -34.880  -40.782  50.006 0.0000000000
46803  -30.070  -42.530  54.806 0.0000000000
145348  -44.671  -25.136  37.134 0.0000000000
136328  -43.908  -24.923  36.722 0.0000000000
66091  -44.477  -24.328  36.954 0.0000000000
70065  -48.109  -20.279  36.205 0.0000000000
70064  -47.315  -20.277  35.741 0.0000000000
154731  -47.094  -19.806  35.170 0.0000000000
71038  -47.911  -19.585  35.347 0.0000000000
71044  -48.228  -18.802  34.442 0.0000000000
128483  -48.785  -19.082  35.280 0.0000000000
60567  -34.593  -30.452  47.745 0.0000000000
61454  -34.767  -29.787  46.977 0.0000000000
61505  -37.591  -28.850  44.310 0.0000000000
61531  -36.462  -28.590  42.618 0.0000000000
130824  -37.238  -28.664  42.892 0.0000000000
61532  -37.934  -28.746  42.523 0.0000000000
47828  -19.956  -43.403  51.401 0.0000000000
47827  -19.865  -43.966  51.920 0.0000000000
154350  -20.298  -44.178  51.519 0.0000000000
78371  -49.398  -11.163  29.205 0.0000000000
78375  -50.145  -10.884  28.742 0.0000000000
36335  -5.569  -54.003  65.377 0.0000000000
36334  -5.219  -54.495  65.598 0.0000000000
35406  -5.340  -54.786  64.859 0.0000000000
53948  -37.368  -37.493  43.113 0.0000000000
53958  -37.020  -37.863  42.360 0.0000000000
54975  -36.896  -36.693  43.527 0.0000000000
54964  -36.904  -36.575  44.501 0.0000000000
150360  -37.073  -37.218  48.986 0.0000000000
53903  -37.291  -37.044  49.853 0.0000000000
57691  -35.549  -34.602  49.531 0.0000000000
57708  -34.767  -34.546  48.342 0.0000000000
58799  -35.029  -33.029  49.663 0.0000000000
49937  -21.256  -41.481  47.808 0.0000000000
49941  -30.047  -40.972  48.752 0.0000000000
151912  -29.376  -40.830  48.459 0.0000000000
49956  -29.864  -40.540  48.081 0.0000000000
50975  -21.509  -40.290  49.057 0.0000000000
49938  -21.331  -41.321  48.617 0.0000000000
155754  -47.334  -18.142  27.086 0.0000000000
72050  -50.526  -18.556  31.595 0.0000000000
72063  -50.619  -18.661  30.919 0.0000000000
72077  -51.026  -18.285  30.866 0.0000000000
75621  -49.613  -14.441  32.721 0.0000000000
75633  -49.185  -14.874  32.054 0.0000000000
75632  -48.290  -14.528  31.847 0.0000000000
75631  -47.543  -14.345  31.414 0.0000000000
154421  -47.873  -13.564  31.917 0.0000000000
76528  -49.330  -13.506  33.078 0.0000000000
60618  -31.696  -30.904  42.970 0.0000000000
59774  -31.287  -31.598  42.649 0.0000000000
59782  -31.079  -31.607  41.789 0.0000000000
135396  -37.251  -28.958  35.221 0.0000000000
141672  -37.362  -29.336  34.283 0.0000000000
61669  -37.981  -28.807  34.604 0.0000000000
62565  -38.628  -28.590  34.101 0.0000000000
145366  -39.845  -29.313  40.552 0.0000000000
61580  -40.060  -29.342  39.858 0.0000000000
132315  -43.570  -29.975  37.405 0.0000000000
61621  -43.126  -29.989  36.947 0.0000000000
61638  -43.662  -29.668  36.247 0.0000000000
145652  -43.985  -28.895  35.966 0.0000000000
61639  -44.350  -29.378  36.419 0.0000000000
41546  -9.583  -48.174  57.844 0.0000000000
40487  -9.005  -48.785  58.494 0.0000000000
34414  -6.077  -56.097  59.504 0.0000000000
31164  -4.815  -59.715  61.925 0.0000000000
133518  -4.813  -58.910  62.183 0.0000000000
31159  -4.433  -59.287  62.285 0.0000000000
31151  -4.140  -58.722  62.673 0.0000000000
31158  -4.015  -59.474  62.337 0.0000000000
62398  -36.894  -28.458  47.995 0.0000000000
46865  -19.634  -44.829  49.495 0.0000000000
38308  -6.912  -52.505  62.645 0.0000000000
38302  -7.048  -52.309  63.352 0.0000000000
37328  -6.660  -52.977  63.161 0.0000000000
52004  -36.569  -39.498  43.850 0.0000000000
52951  -37.333  -38.927  43.627 0.0000000000
51918  -22.686  -38.974  49.096 0.0000000000
51910  -23.776  -39.043  49.338 0.0000000000
51921  -25.337  -39.488  48.902 0.0000000000
51945  -24.892  -38.761  46.724 0.0000000000
51931  -25.589  -38.971  47.430 0.0000000000
49982  -32.187  -39.925  47.627 0.0000000000
49981  -31.250  -39.794  47.406 0.0000000000
51968  -31.835  -38.819  45.463 0.0000000000
51986  -31.572  -38.796  44.697 0.0000000000
51985  -30.852  -38.772  44.105 0.0000000000
52940  -31.640  -38.772  43.874 0.0000000000
52949  -32.333  -38.769  43.403 0.0000000000
52960  -33.156  -38.917  42.717 0.0000000000
49879  -25.552  -41.037  53.972 0.0000000000
49865  -25.368  -40.966  54.802 0.0000000000
50918  -24.703  -40.436  53.973 0.0000000000
50933  -24.257  -39.985  53.075 0.0000000000
50963  -24.089  -39.496  50.830 0.0000000000
50948  -23.383  -39.395  51.460 0.0000000000
51900  -23.322  -39.184  50.535 0.0000000000
51908  -22.459  -39.078  50.010 0.0000000000
60641  -31.793  -30.048  40.661 0.0000000000
61577  -32.404  -29.411  40.110 0.0000000000
62555  -36.810  -28.551  35.936 0.0000000000
62546  -37.326  -28.132  36.703 0.0000000000
140896  -41.478  -29.899  40.260 0.0000000000
61584  -44.176  -29.467  38.882 0.0000000000
44763  -15.795  -45.963  53.436 0.0000000000
44741  -16.281  -46.485  54.295 0.0000000000
44740  -15.461  -46.394  54.195 0.0000000000
44715  -13.155  -46.575  55.065 0.0000000000
43662  -13.903  -46.776  55.497 0.0000000000
146955  -12.728  -47.215  56.639 0.0000000000
43659  -10.765  -47.547  55.667 0.0000000000
43643  -11.551  -47.257  56.427 0.0000000000
42659  -10.130  -48.160  55.876 0.0000000000
41570  -9.934  -48.889  55.242 0.0000000000
49986  -35.256  -41.093  46.846 0.0000000000
49987  -35.780  -40.926  47.050 0.0000000000
49962  -35.749  -40.912  47.914 0.0000000000
50967  -36.861  -39.250  51.071 0.0000000000
49945  -36.604  -39.759  49.605 0.0000000000
50979  -37.145  -39.265  50.211 0.0000000000
48856  -27.002  -42.268  51.811 0.0000000000
48857  -27.370  -42.175  51.065 0.0000000000
149281  -27.691  -42.475  51.680 0.0000000000
47846  -29.639  -42.327  51.387 0.0000000000
48859  -29.221  -42.454  50.936 0.0000000000
47860  -29.739  -42.236  50.888 0.0000000000
47872  -30.273  -41.849  50.534 0.0000000000
47819  -32.405  -41.429  53.831 0.0000000000
143833  -32.225  -41.593  53.295 0.0000000000
48873  -33.485  -41.024  50.927 0.0000000000
47849  -32.744  -41.312  51.579 0.0000000000
47864  -32.864  -41.264  50.692 0.0000000000
47874  -31.708  -41.476  50.100 0.0000000000
148969  -32.276  -41.244  49.633 0.0000000000
130458  -32.430  -41.037  49.199 0.0000000000
48900  -33.087  -41.074  49.259 0.0000000000
153909  -34.877  -41.415  48.295 0.0000000000
146928  -34.440  -41.461  48.595 0.0000000000
49985  -34.571  -41.181  47.086 0.0000000000
47815  -28.801  -42.689  53.582 0.0000000000
48846  -26.731  -42.289  52.642 0.0000000000
65062  -41.947  -25.626  35.520 0.0000000000
65077  -41.073  -25.239  35.120 0.0000000000
66101  -43.132  -23.775  35.974 0.0000000000
67052  -41.758  -23.719  35.272 0.0000000000
68051  -42.624  -23.343  35.506 0.0000000000
68064  -42.954  -22.454  35.089 0.0000000000
67044  -46.531  -23.122  37.057 0.0000000000
68048  -46.015  -22.552  36.580 0.0000000000
69076  -45.262  -20.669  34.943 0.0000000000
69067  -45.027  -21.450  35.424 0.0000000000
69075  -44.360  -21.034  34.788 0.0000000000
142963  -43.576  -21.110  34.359 0.0000000000
70069  -43.956  -20.544  33.976 0.0000000000
70079  -43.584  -20.275  33.106 0.0000000000
130025  -45.554  -19.296  33.115 0.0000000000
131790  -46.122  -18.794  31.945 0.0000000000
71067  -45.496  -18.897  31.381 0.0000000000
129690  -46.987  -18.728  31.880 0.0000000000
129444  -47.616  -18.956  30.951 0.0000000000
72034  -49.029  -18.434  33.797 0.0000000000
71057  -48.560  -18.616  32.243 0.0000000000
72044  -49.218  -18.498  32.740 0.0000000000
72049  -50.005  -18.570  32.172 0.0000000000
149487  -49.946  -18.329  33.303 0.0000000000
58845  -32.965  -32.862  45.884 0.0000000000
59747  -32.883  -31.934  45.822 0.0000000000
153089  -32.661  -31.486  45.181 0.0000000000
151239  -32.789  -30.769  44.859 0.0000000000
60608  -32.497  -30.513  44.112 0.0000000000
60609  -33.212  -30.019  44.388 0.0000000000
129165  -36.188  -28.831  46.683 0.0000000000
61488  -35.442  -28.930  45.377 0.0000000000
61517  -35.363  -28.695  43.378 0.0000000000
61503  -34.997  -28.816  44.093 0.0000000000
61516  -34.460  -28.988  43.637 0.0000000000
61528  -33.820  -29.257  43.144 0.0000000000
61543  -33.092  -29.343  41.871 0.0000000000
128701  -34.014  -28.988  42.286 0.0000000000
61545  -35.565  -28.507  41.864 0.0000000000
61544  -34.663  -28.684  41.679 0.0000000000
61561  -35.168  -28.294  41.233 0.0000000000
62479  -34.801  -28.047  40.441 0.0000000000
62480  -35.742  -27.703  40.698 0.0000000000
134141  -36.371  -27.250  39.984 0.0000000000
61548  -38.613  -28.790  41.972 0.0000000000
62466  -38.417  -28.104  41.490 0.0000000000
61562  -39.275  -28.854  41.141 0.0000000000
144921  -39.309  -29.377  41.779 0.0000000000
60621  -40.796  -30.125  43.221 0.0000000000
61536  -41.201  -29.731  42.976 0.0000000000
61535  -40.633  -30.034  42.549 0.0000000000
46815  -19.575  -44.489  52.426 0.0000000000
46802  -19.132  -44.067  53.378 0.0000000000
46801  -18.628  -44.538  54.160 0.0000000000
45834  -19.227  -45.720  52.390 0.0000000000
46851  -19.292  -45.163  50.273 0.0000000000
45875  -19.787  -45.425  50.990 0.0000000000
45894  -18.238  -44.951  50.414 0.0000000000
45873  -18.044  -45.240  51.233 0.0000000000
45853  -17.790  -45.586  52.012 0.0000000000
45852  -16.624  -45.263  52.051 0.0000000000
44780  -16.492  -45.754  52.889 0.0000000000
35403  -3.990  -55.354  65.436 0.0000000000
52974  -36.004  -38.424  40.903 0.0000000000
54994  -36.108  -36.675  42.056 0.0000000000
55938  -34.406  -35.591  43.446 0.0000000000
55925  -34.650  -35.586  44.927 0.0000000000
51026  -36.416  -39.656  46.845 0.0000000000
51047  -36.551  -39.699  45.884 0.0000000000
51950  -36.721  -39.039  46.351 0.0000000000
53923  -36.729  -37.516  46.735 0.0000000000
53933  -36.928  -37.736  46.010 0.0000000000
53932  -37.247  -37.414  45.369 0.0000000000
54956  -36.830  -36.985  45.664 0.0000000000
137703  -35.747  -36.235  47.549 0.0000000000
154560  -36.031  -36.310  48.024 0.0000000000
55902  -35.865  -36.480  46.726 0.0000000000
54946  -36.385  -36.774  46.193 0.0000000000
130859  -35.466  -36.242  46.349 0.0000000000
56815  -34.569  -35.048  47.082 0.0000000000
56816  -34.868  -35.675  46.393 0.0000000000
129790  -34.359  -34.921  46.511 0.0000000000
57722  -33.449  -33.461  46.503 0.0000000000
155659  -34.518  -31.983  48.865 0.0000000000
59709  -34.486  -31.263  48.369 0.0000000000
59690  -36.233  -31.536  51.122 0.0000000000
61432  -35.744  -29.794  48.989 0.0000000000
51928  -22.694  -39.557  46.748 0.0000000000
51018  -22.118  -40.142  46.321 0.0000000000
130804  -27.447  -41.366  49.862 0.0000000000
50978  -26.556  -40.333  49.339 0.0000000000
49928  -27.227  -40.905  49.459 0.0000000000
49954  -28.095  -39.927  47.544 0.0000000000
51001  -27.378  -39.864  48.018 0.0000000000
51933  -27.262  -39.406  47.122 0.0000000000
142112  -27.539  -39.179  46.232 0.0000000000
49980  -30.038  -39.543  46.800 0.0000000000
51039  -29.409  -39.204  45.892 0.0000000000
50914  -20.198  -40.081  53.468 0.0000000000
48844  -19.845  -41.663  52.275 0.0000000000
50931  -22.328  -39.359  52.501 0.0000000000
50916  -22.236  -39.390  53.161 0.0000000000
128332  -21.551  -39.463  51.845 0.0000000000
49917  -20.914  -41.019  50.451 0.0000000000
148405  -20.702  -40.894  51.082 0.0000000000
131297  -20.629  -41.998  50.764 0.0000000000
47859  -21.029  -43.583  49.975 0.0000000000
48881  -21.087  -43.062  49.359 0.0000000000
71086  -49.244  -19.371  30.140 0.0000000000
72075  -50.348  -19.003  29.767 0.0000000000
71098  -49.955  -19.378  29.333 0.0000000000
72084  -50.219  -18.851  29.090 0.0000000000
72928  -49.616  -18.649  28.650 0.0000000000
148565  -50.931  -16.603  31.172 0.0000000000
73778  -48.935  -16.471  30.260 0.0000000000
72916  -48.040  -17.567  28.993 0.0000000000
73787  -47.399  -16.830  29.515 0.0000000000
73776  -46.884  -16.195  29.818 0.0000000000
75638  -46.062  -14.628  29.545 0.0000000000
74720  -45.710  -15.261  28.897 0.0000000000
75642  -45.809  -14.384  28.701 0.0000000000
75647  -45.747  -14.215  27.946 0.0000000000
76539  -46.128  -13.640  28.359 0.0000000000
77465  -46.627  -13.017  27.931 0.0000000000
77461  -46.636  -13.032  28.851 0.0000000000
77456  -48.209  -12.428  31.768 0.0000000000
77459  -47.995  -12.041  30.717 0.0000000000
78364  -48.698  -11.591  31.174 0.0000000000
78368  -48.810  -11.359  30.060 0.0000000000
78365  -49.306  -11.297  31.663 0.0000000000
38330  -7.073  -52.700  59.262 0.0000000000
57765  -32.096  -33.702  43.641 0.0000000000
57764  -31.542  -33.158  43.025 0.0000000000
136537  -40.222  -28.163  34.432 0.0000000000
62496  -37.124  -27.287  39.226 0.0000000000
62514  -36.877  -27.382  38.299 0.0000000000
62515  -37.890  -27.712  38.522 0.0000000000
61616  -39.596  -28.743  38.595 0.0000000000
62535  -38.732  -28.297  38.083 0.0000000000
61633  -38.455  -28.445  37.018 0.0000000000
60648  -41.130  -30.073  38.956 0.0000000000
61618  -40.895  -29.703  37.673 0.0000000000
61671  -39.771  -28.844  35.278 0.0000000000
61656  -41.078  -29.391  35.779 0.0000000000
62557  -41.819  -28.732  35.305 0.0000000000
151362  -41.818  -27.212  35.254 0.0000000000
63358  -42.496  -27.620  35.469 0.0000000000
142714  -44.176  -28.066  35.984 0.0000000000
63348  -43.874  -27.232  36.046 0.0000000000
64164  -44.294  -26.502  36.526 0.0000000000
64165  -45.020  -26.948  36.784 0.0000000000
145059  -8.305  -51.397  56.858 0.0000000000
39390  -7.967  -51.247  57.745 0.0000000000
37356  -6.795  -53.516  59.425 0.0000000000
37345  -6.760  -52.922  60.868 0.0000000000
37344  -6.593  -53.728  60.310 0.0000000000
36383  -6.208  -54.476  60.981 0.0000000000
145158  -5.913  -54.889  61.875 0.0000000000
36364  -5.948  -54.529  62.644 0.0000000000
151443  -5.734  -55.212  62.488 0.0000000000
32202  -5.928  -58.772  59.797 0.0000000000
33348  -5.688  -57.281  60.576 0.0000000000
32191  -5.657  -58.150  60.699 0.0000000000
132256  -4.966  -57.039  62.863 0.0000000000
33335  -5.232  -57.438  62.053 0.0000000000
134677  -5.196  -56.320  63.035 0.0000000000
34376  -4.837  -56.435  63.695 0.0000000000
32159  -3.529  -57.527  63.682 0.0000000000
33289  -3.801  -56.955  64.148 0.0000000000
33288  -3.265  -56.980  64.173 0.0000000000
136391  -3.318  -56.429  64.482 0.0000000000
30090  -3.445  -59.881  61.796 0.0000000000
31157  -3.539  -59.335  62.258 0.0000000000
133636  -34.826  -39.245  43.348 0.0000000000
150848  -36.554  -39.787  44.533 0.0000000000
51901  -24.065  -39.314  50.149 0.0000000000
51911  -24.816  -39.543  49.659 0.0000000000
51023  -33.657  -40.053  46.882 0.0000000000
51022  -32.702  -39.597  46.973 0.0000000000
51043  -33.218  -39.276  46.200 0.0000000000
51969  -33.200  -38.895  45.406 0.0000000000
51987  -33.616  -38.935  44.679 0.0000000000
52002  -33.854  -39.087  43.656 0.0000000000
151099  -26.710  -42.467  53.954 0.0000000000
49880  -25.885  -41.702  53.703 0.0000000000
49893  -25.651  -41.089  53.222 0.0000000000
50934  -25.099  -40.528  52.700 0.0000000000
50949  -24.631  -39.851  51.361 0.0000000000
71082  -44.577  -19.315  30.973 0.0000000000
71105  -48.224  -19.933  28.373 0.0000000000
61578  -33.058  -28.888  39.570 0.0000000000
61597  -32.952  -28.913  38.533 0.0000000000
62544  -35.515  -28.294  36.350 0.0000000000
45831  -14.126  -45.790  53.262 0.0000000000
153731  -14.157  -46.134  54.000 0.0000000000
44761  -13.506  -46.161  53.847 0.0000000000
44738  -12.972  -46.403  54.408 0.0000000000
44714  -12.359  -46.685  55.044 0.0000000000
145168  -12.181  -46.931  55.872 0.0000000000
43675  -11.034  -47.550  54.793 0.0000000000
42674  -10.928  -48.324  54.291 0.0000000000
48888  -35.176  -40.908  49.299 0.0000000000
49943  -35.669  -40.729  48.793 0.0000000000
49930  -35.676  -40.405  49.630 0.0000000000
155850  -35.968  -39.788  50.508 0.0000000000
131300  -37.077  -39.066  51.785 0.0000000000
47830  -28.919  -42.575  52.594 0.0000000000
48848  -28.266  -42.635  52.066 0.0000000000
47832  -30.342  -42.375  52.725 0.0000000000
47833  -30.892  -42.216  52.474 0.0000000000
48849  -33.334  -40.749  52.365 0.0000000000
148115  -33.635  -40.761  51.690 0.0000000000
48861  -33.943  -40.752  51.126 0.0000000000
48874  -34.201  -40.909  50.218 0.0000000000
48886  -34.070  -41.183  49.580 0.0000000000
48887  -34.613  -41.092  49.453 0.0000000000
48902  -34.837  -41.333  48.842 0.0000000000
47800  -29.484  -42.600  54.221 0.0000000000
65064  -43.304  -25.398  36.244 0.0000000000
144924  -42.574  -25.039  35.864 0.0000000000
149694  -43.209  -24.508  36.192 0.0000000000
69061  -47.153  -21.445  36.578 0.0000000000
69068  -46.349  -21.686  36.286 0.0000000000
69069  -46.766  -20.901  36.018 0.0000000000
145571  -45.938  -20.335  35.022 0.0000000000
70071  -45.585  -19.996  34.410 0.0000000000
70072  -46.452  -19.728  34.621 0.0000000000
141460  -46.818  -19.058  33.749 0.0000000000
71056  -47.477  -18.643  32.774 0.0000000000
71051  -47.595  -18.793  33.776 0.0000000000
58814  -33.644  -31.891  47.126 0.0000000000
142580  -33.318  -31.468  46.354 0.0000000000
59735  -33.793  -30.936  46.801 0.0000000000
60581  -33.553  -30.566  46.034 0.0000000000
60597  -34.015  -29.747  45.553 0.0000000000
61489  -36.900  -28.812  44.993 0.0000000000
147281  -35.811  -28.655  43.822 0.0000000000
130087  -35.687  -28.651  42.757 0.0000000000
129296  -35.869  -28.599  42.303 0.0000000000
61546  -36.517  -28.379  42.137 0.0000000000
62465  -37.252  -27.825  41.597 0.0000000000
152092  -19.332  -42.216  53.503 0.0000000000
47812  -19.532  -43.327  52.810 0.0000000000
45851  -15.555  -45.008  51.712 0.0000000000
78373  -48.650  -11.574  28.193 0.0000000000
77474  -47.992  -12.072  26.819 0.0000000000
78378  -49.300  -11.297  27.672 0.0000000000
78383  -49.047  -11.454  26.760 0.0000000000
145681  -49.788  -10.996  26.405 0.0000000000
35394  -5.110  -54.843  65.597 0.0000000000
150865  -36.861  -38.471  42.347 0.0000000000
51934  -37.201  -38.621  47.826 0.0000000000
51951  -36.841  -38.473  46.940 0.0000000000
52913  -37.002  -38.011  47.515 0.0000000000
53915  -36.782  -37.525  47.491 0.0000000000
55875  -36.409  -35.867  49.669 0.0000000000
56787  -36.083  -35.200  49.837 0.0000000000
56802  -35.716  -35.385  49.047 0.0000000000
55892  -35.372  -35.731  47.857 0.0000000000
56810  -34.921  -35.255  47.698 0.0000000000
57707  -34.435  -34.425  47.731 0.0000000000
141146  -34.062  -33.576  47.735 0.0000000000
57689  -34.410  -33.670  48.390 0.0000000000
143420  -34.906  -32.206  49.532 0.0000000000
60535  -36.489  -30.676  51.493 0.0000000000
52929  -23.726  -39.081  45.964 0.0000000000
48882  -28.693  -41.519  49.224 0.0000000000
50989  -27.470  -40.527  48.756 0.0000000000
49939  -28.563  -40.881  48.648 0.0000000000
51002  -28.749  -39.907  47.241 0.0000000000
51966  -29.739  -38.976  45.264 0.0000000000
50915  -21.058  -39.508  53.229 0.0000000000
155711  -21.760  -39.342  50.906 0.0000000000
48896  -21.165  -42.182  49.073 0.0000000000
48895  -21.054  -42.150  48.125 0.0000000000
71070  -49.610  -19.069  30.817 0.0000000000
71088  -50.225  -19.027  30.471 0.0000000000
72085  -50.634  -18.339  29.559 0.0000000000
73772  -50.235  -16.392  30.998 0.0000000000
74711  -49.708  -15.661  31.539 0.0000000000
74710  -48.806  -15.329  31.456 0.0000000000
74716  -48.349  -15.720  30.884 0.0000000000
74715  -46.894  -15.597  30.218 0.0000000000
142947  -47.352  -15.144  30.835 0.0000000000
75636  -46.895  -14.223  30.872 0.0000000000
76533  -46.960  -13.426  30.650 0.0000000000
76537  -46.738  -13.177  29.782 0.0000000000
77455  -47.477  -12.920  31.198 0.0000000000
77453  -48.770  -12.306  32.368 0.0000000000
38350  -7.627  -52.831  57.299 0.0000000000
37377  -7.246  -53.617  57.546 0.0000000000
58859  -31.420  -32.267  43.185 0.0000000000
58871  -31.165  -32.533  42.277 0.0000000000
58884  -31.038  -32.353  41.392 0.0000000000
62564  -37.903  -28.959  33.722 0.0000000000
150722  -39.398  -28.549  34.622 0.0000000000
62498  -38.924  -28.061  39.897 0.0000000000
61598  -39.617  -28.713  39.434 0.0000000000
60662  -42.366  -29.933  38.153 0.0000000000
60661  -41.792  -30.035  38.185 0.0000000000
60678  -42.379  -30.046  37.561 0.0000000000
61620  -42.274  -30.060  36.907 0.0000000000
61636  -41.849  -29.795  36.163 0.0000000000
61657  -42.376  -29.280  35.614 0.0000000000
62558  -42.549  -28.575  35.444 0.0000000000
42607  -10.821  -47.737  58.352 0.0000000000
40467  -9.403  -48.732  59.371 0.0000000000
135282  -8.608  -49.576  58.905 0.0000000000
40485  -8.171  -50.440  58.353 0.0000000000
40513  -8.631  -50.778  56.612 0.0000000000
141407  -6.390  -54.591  60.033 0.0000000000
34404  -5.795  -56.316  60.575 0.0000000000
32172  -4.818  -58.028  62.607 0.0000000000
32166  -4.328  -58.053  62.994 0.0000000000
32165  -3.853  -58.115  63.156 0.0000000000
32164  -3.353  -58.116  63.196 0.0000000000
130480  -31.582  -42.119  54.175 0.0000000000
66083  -45.978  -24.947  37.871 0.0000000000
66082  -45.289  -24.364  37.343 0.0000000000
67038  -46.325  -23.991  37.582 0.0000000000
132317  -46.992  -23.482  37.469 0.0000000000
67045  -47.250  -22.859  37.230 0.0000000000
70058  -48.697  -20.616  36.885 0.0000000000
70066  -48.860  -20.022  36.410 0.0000000000
143983  -49.390  -19.421  36.074 0.0000000000
61442  -35.605  -29.472  48.132 0.0000000000
61455  -35.502  -29.285  47.281 0.0000000000
61456  -36.203  -28.881  47.611 0.0000000000
61473  -37.114  -28.725  46.000 0.0000000000
136672  -38.272  -29.058  43.755 0.0000000000
47858  -20.724  -44.225  50.654 0.0000000000
46829  -20.508  -44.539  51.329 0.0000000000
37313  -6.361  -53.164  64.523 0.0000000000
52015  -35.647  -39.187  42.535 0.0000000000
58781  -35.991  -33.213  50.591 0.0000000000
50986  -22.065  -39.661  48.510 0.0000000000
128634  -22.854  -39.249  47.908 0.0000000000
147412  -23.713  -38.940  47.915 0.0000000000
51929  -23.515  -39.106  46.966 0.0000000000
52919  -24.218  -38.885  46.577 0.0000000000
51020  -30.870  -39.410  46.706 0.0000000000
51042  -32.195  -39.065  46.272 0.0000000000
51041  -31.179  -38.996  46.041 0.0000000000
145557  -30.464  -38.967  45.471 0.0000000000
134995  -30.210  -38.832  44.696 0.0000000000
50901  -23.118  -39.803  54.702 0.0000000000
143163  -23.168  -39.560  53.004 0.0000000000
50947  -22.077  -39.263  51.376 0.0000000000
50962  -21.716  -39.410  50.382 0.0000000000
70078  -42.735  -20.607  32.771 0.0000000000
72093  -49.013  -19.040  27.836 0.0000000000
72065  -51.545  -17.805  31.911 0.0000000000
72903  -51.335  -17.826  31.274 0.0000000000
72904  -51.892  -17.326  31.780 0.0000000000
73774  -52.050  -16.681  31.870 0.0000000000
76515  -49.964  -13.348  33.518 0.0000000000
60636  -32.093  -29.986  41.762 0.0000000000
60635  -31.268  -30.787  41.231 0.0000000000
128727  -40.765  -30.132  40.352 0.0000000000
61582  -42.035  -29.805  39.428 0.0000000000
60650  -42.561  -29.758  38.699 0.0000000000
60663  -42.926  -29.809  38.131 0.0000000000
60664  -43.518  -29.851  37.881 0.0000000000
61622  -44.077  -29.909  37.622 0.0000000000
150369  -44.894  -29.777  37.746 0.0000000000
44739  -14.663  -46.515  54.645 0.0000000000
43663  -14.916  -46.883  55.692 0.0000000000
42642  -11.271  -47.537  57.177 0.0000000000
42621  -9.839  -48.154  56.815 0.0000000000
41560  -9.157  -49.087  56.768 0.0000000000
153607  -4.941  -60.690  61.759 0.0000000000
51045  -34.800  -40.248  45.955 0.0000000000
51046  -35.497  -40.356  45.761 0.0000000000
137945  -35.627  -40.649  46.369 0.0000000000
142035  -36.107  -40.290  46.490 0.0000000000
51005  -36.494  -39.704  47.789 0.0000000000
49963  -36.107  -40.331  48.290 0.0000000000
50990  -36.645  -39.814  48.696 0.0000000000
51006  -37.123  -39.246  48.234 0.0000000000
51923  -37.607  -38.797  48.816 0.0000000000
50951  -37.027  -39.172  52.088 0.0000000000
49918  -25.979  -40.718  50.619 0.0000000000
140012  -26.508  -41.176  50.836 0.0000000000
49920  -27.066  -41.569  50.542 0.0000000000
48858  -28.292  -42.502  51.139 0.0000000000
48871  -28.722  -42.318  50.453 0.0000000000
138066  -28.736  -42.006  49.827 0.0000000000
48883  -29.497  -41.750  49.516 0.0000000000
48897  -30.009  -41.433  49.221 0.0000000000
48898  -30.614  -41.207  49.119 0.0000000000
131712  -31.715  -41.999  53.476 0.0000000000
150775  -31.348  -42.160  52.957 0.0000000000
131698  -31.561  -41.964  52.260 0.0000000000
47835  -32.591  -41.318  52.427 0.0000000000
47863  -31.956  -41.653  51.404 0.0000000000
47862  -31.155  -41.781  51.169 0.0000000000
47873  -31.017  -41.702  50.633 0.0000000000
48899  -31.209  -41.305  49.396 0.0000000000
48912  -31.227  -40.921  48.906 0.0000000000
48913  -32.001  -40.920  48.946 0.0000000000
49958  -32.642  -40.493  48.272 0.0000000000
49959  -33.547  -40.845  47.978 0.0000000000
48915  -33.847  -41.223  48.403 0.0000000000
49984  -33.908  -40.830  47.256 0.0000000000
51024  -34.366  -40.608  46.636 0.0000000000
48825  -27.253  -42.640  54.270 0.0000000000
48835  -26.402  -42.247  53.430 0.0000000000
49895  -26.334  -41.764  52.089 0.0000000000
64182  -40.670  -26.660  34.676 0.0000000000
64181  -40.493  -25.795  34.690 0.0000000000
137951  -40.376  -24.939  34.632 0.0000000000
67064  -41.094  -23.241  34.674 0.0000000000
133487  -44.776  -23.580  36.781 0.0000000000
67054  -44.309  -22.969  36.176 0.0000000000
68054  -45.515  -21.941  36.052 0.0000000000
68053  -44.705  -22.210  35.843 0.0000000000
68052  -43.915  -22.369  35.537 0.0000000000
69074  -43.662  -21.700  34.917 0.0000000000
129638  -42.766  -21.535  34.307 0.0000000000
69081  -42.211  -21.097  33.405 0.0000000000
70091  -44.081  -19.770  32.526 0.0000000000
70081  -45.189  -19.702  33.662 0.0000000000
71050  -44.907  -19.496  32.864 0.0000000000
71066  -44.709  -19.290  31.981 0.0000000000
151935  -46.011  -18.934  30.525 0.0000000000
71084  -47.038  -19.261  30.160 0.0000000000
145304  -48.911  -18.828  31.374 0.0000000000
72051  -51.156  -18.155  32.122 0.0000000000
72024  -49.655  -18.562  35.198 0.0000000000
72036  -50.274  -18.164  34.295 0.0000000000
141214  -50.690  -18.085  33.440 0.0000000000
72046  -51.273  -17.921  33.021 0.0000000000
72052  -51.807  -17.679  32.616 0.0000000000
72888  -52.680  -17.359  32.965 0.0000000000
57750  -32.986  -34.031  45.007 0.0000000000
57766  -32.793  -34.233  44.138 0.0000000000
57736  -32.790  -33.261  45.303 0.0000000000
58853  -32.069  -32.339  44.384 0.0000000000
143000  -31.749  -31.904  43.859 0.0000000000
59766  -31.930  -31.078  43.716 0.0000000000
60627  -32.028  -30.292  42.587 0.0000000000
61471  -34.713  -29.398  45.945 0.0000000000
60610  -34.061  -29.429  44.518 0.0000000000
60620  -33.034  -29.817  43.594 0.0000000000
62478  -33.912  -28.432  40.040 0.0000000000
62494  -34.540  -27.931  39.562 0.0000000000
62513  -35.082  -27.508  39.118 0.0000000000
138072  -37.316  -27.278  40.069 0.0000000000
62482  -38.038  -27.574  40.627 0.0000000000
61520  -38.838  -29.426  43.240 0.0000000000
131753  -39.267  -29.755  42.887 0.0000000000
60611  -40.627  -30.164  43.874 0.0000000000
61522  -39.952  -30.097  43.056 0.0000000000
61534  -39.517  -29.801  42.354 0.0000000000
61549  -39.847  -29.935  41.713 0.0000000000
61550  -40.479  -30.050  41.784 0.0000000000
131884  -40.274  -30.096  41.058 0.0000000000
61565  -40.972  -29.955  41.086 0.0000000000
134733  -41.689  -28.950  41.785 0.0000000000
46839  -20.377  -45.010  51.085 0.0000000000
45856  -20.069  -45.487  51.624 0.0000000000
45855  -19.483  -45.828  51.634 0.0000000000
145279  -19.663  -45.834  52.016 0.0000000000
44783  -19.244  -45.976  52.252 0.0000000000
44782  -18.314  -46.092  52.692 0.0000000000
45832  -14.951  -45.513  52.954 0.0000000000
151595  -15.029  -45.150  52.280 0.0000000000
79313  -50.926  -10.598  28.172 0.0000000000
79318  -50.665  -10.636  27.417 0.0000000000
55957  -35.496  -36.236  42.511 0.0000000000
55956  -34.695  -35.972  42.487 0.0000000000
51058  -36.093  -40.027  45.068 0.0000000000
51971  -36.763  -39.889  45.067 0.0000000000
52931  -36.920  -38.386  46.071 0.0000000000
52941  -37.651  -38.636  44.451 0.0000000000
53941  -37.743  -37.705  44.601 0.0000000000
149423  -36.387  -36.842  47.438 0.0000000000
55894  -36.340  -36.543  48.245 0.0000000000
54947  -36.481  -36.947  46.577 0.0000000000
54955  -36.688  -36.694  45.333 0.0000000000
55927  -36.129  -36.368  45.032 0.0000000000
55926  -35.362  -36.018  44.876 0.0000000000
55913  -34.898  -35.782  45.520 0.0000000000
56833  -34.081  -35.161  45.005 0.0000000000
56832  -33.665  -34.564  45.424 0.0000000000
59724  -34.092  -31.195  47.568 0.0000000000
59701  -35.293  -31.578  49.831 0.0000000000
60543  -36.142  -30.548  50.712 0.0000000000
60550  -35.434  -30.713  49.505 0.0000000000
50965  -26.065  -40.441  49.980 0.0000000000
50987  -26.040  -39.774  48.955 0.0000000000
51922  -25.893  -39.417  48.312 0.0000000000
129799  -26.371  -39.012  47.017 0.0000000000
146611  -26.158  -38.665  45.576 0.0000000000
51003  -29.521  -40.007  47.384 0.0000000000
51949  -28.206  -39.311  46.151 0.0000000000
51038  -28.533  -39.120  45.658 0.0000000000
51964  -26.936  -38.806  45.469 0.0000000000
49863  -19.502  -40.834  53.863 0.0000000000
50946  -20.713  -40.259  51.629 0.0000000000
49892  -20.286  -40.914  51.971 0.0000000000
48855  -20.243  -42.746  51.032 0.0000000000
71096  -48.011  -19.703  29.284 0.0000000000
143390  -48.846  -19.768  28.871 0.0000000000
154109  -49.577  -19.503  29.591 0.0000000000
71097  -49.393  -19.583  29.037 0.0000000000
72910  -51.197  -17.857  30.598 0.0000000000
72909  -50.971  -17.872  30.000 0.0000000000
72908  -50.417  -17.531  29.782 0.0000000000
73779  -49.954  -16.761  30.274 0.0000000000
73789  -49.565  -17.250  29.662 0.0000000000
72917  -49.185  -17.825  29.029 0.0000000000
72926  -47.517  -17.860  28.264 0.0000000000
72936  -47.031  -17.843  27.554 0.0000000000
72935  -46.357  -17.238  27.588 0.0000000000
73801  -45.877  -16.380  27.478 0.0000000000
74721  -46.227  -15.634  29.630 0.0000000000
73794  -45.585  -15.849  28.241 0.0000000000
155809  -45.850  -15.873  27.109 0.0000000000
77469  -46.667  -13.049  27.179 0.0000000000
77462  -47.279  -12.479  29.280 0.0000000000
77467  -47.936  -11.910  28.721 0.0000000000
78370  -48.681  -11.491  29.046 0.0000000000
152248  -50.150  -10.692  30.555 0.0000000000
38323  -7.295  -51.932  60.101 0.0000000000
38322  -7.026  -52.329  60.796 0.0000000000
36398  -6.770  -54.062  58.842 0.0000000000
36397  -6.622  -54.642  58.728 0.0000000000
56838  -32.610  -34.454  43.369 0.0000000000
133539  -31.028  -31.697  40.848 0.0000000000
143999  -39.888  -27.436  33.798 0.0000000000
63341  -35.953  -27.379  37.870 0.0000000000
62533  -36.783  -27.669  37.360 0.0000000000
140079  -38.599  -28.621  36.218 0.0000000000
130549  -40.480  -29.847  39.457 0.0000000000
61617  -40.265  -29.248  38.178 0.0000000000
60660  -41.348  -30.001  38.049 0.0000000000
61654  -39.181  -28.794  35.785 0.0000000000
62567  -40.132  -28.623  34.838 0.0000000000
62556  -41.014  -28.802  35.146 0.0000000000
63366  -40.513  -27.439  34.422 0.0000000000
64174  -43.061  -26.969  35.800 0.0000000000
65052  -44.293  -25.688  36.837 0.0000000000
62536  -45.029  -29.432  36.896 0.0000000000
39353  -7.806  -51.089  60.653 0.0000000000
38340  -7.623  -51.973  58.035 0.0000000000
40514  -8.942  -50.186  56.222 0.0000000000
39405  -8.876  -50.907  55.911 0.0000000000
37327  -6.309  -53.732  62.901 0.0000000000
36354  -5.927  -54.286  63.482 0.0000000000
35416  -5.482  -54.941  63.988 0.0000000000
34395  -5.633  -56.193  61.508 0.0000000000
32181  -5.485  -57.636  61.306 0.0000000000
34386  -5.686  -55.699  62.027 0.0000000000
35428  -5.491  -55.792  62.756 0.0000000000
35415  -5.045  -55.590  64.317 0.0000000000
34357  -4.317  -55.819  64.970 0.0000000000
33290  -4.338  -56.781  64.034 0.0000000000
34370  -4.066  -56.336  64.625 0.0000000000
34356  -3.884  -55.877  65.056 0.0000000000
145137  -3.759  -55.642  65.105 0.0000000000
29064  -4.358  -60.972  61.769 0.0000000000
149726  -3.048  -58.069  63.188 0.0000000000
34355  -3.557  -56.022  64.776 0.0000000000
44766  -18.787  -45.751  52.905 0.0000000000
45815  -19.055  -44.817  52.897 0.0000000000
46804  -30.627  -42.451  54.622 0.0000000000
46817  -30.744  -42.386  54.060 0.0000000000
46866  -20.306  -44.469  49.512 0.0000000000
47813  -19.774  -42.855  52.078 0.0000000000
47831  -29.674  -42.424  52.238 0.0000000000
47847  -30.255  -42.214  51.970 0.0000000000
47848  -32.183  -41.684  52.107 0.0000000000
47875  -32.464  -41.338  50.124 0.0000000000
48837  -32.753  -41.141  54.044 0.0000000000
48847  -27.520  -42.562  52.406 0.0000000000
48884  -31.069  -41.582  49.992 0.0000000000
48901  -33.931  -41.306  49.088 0.0000000000
48916  -34.486  -41.369  47.898 0.0000000000
49912  -36.352  -39.399  51.799 0.0000000000
49932  -36.470  -39.602  50.320 0.0000000000
49942  -35.272  -41.168  48.476 0.0000000000
49944  -36.131  -40.249  49.160 0.0000000000
50937  -37.511  -39.163  52.694 0.0000000000
51902  -37.450  -38.904  50.949 0.0000000000
52906  -37.166  -37.657  48.447 0.0000000000
53922  -36.740  -37.219  46.165 0.0000000000
54939  -36.759  -37.191  48.180 0.0000000000
55893  -35.710  -35.830  48.314 0.0000000000
60651  -43.402  -29.641  38.475 0.0000000000
60677  -41.875  -30.082  37.583 0.0000000000
63350  -45.173  -27.755  36.644 0.0000000000
71059  -49.978  -18.777  31.369 0.0000000000
72893  -52.257  -17.354  32.327 0.0000000000
72925  -46.604  -17.341  28.347 0.0000000000
73785  -45.812  -16.062  28.921 0.0000000000
73786  -46.441  -16.632  29.144 0.0000000000
75646  -45.747  -14.602  27.187 0.0000000000
76527  -48.568  -13.075  32.521 0.0000000000
76532  -46.461  -13.984  30.144 0.0000000000
77470  -47.255  -12.551  27.426 0.0000000000
78377  -48.594  -11.654  27.459 0.0000000000
78384  -49.935  -10.962  27.158 0.0000000000
129498  -37.375  -38.239  48.345 0.0000000000
131345  -37.598  -39.020  49.602 0.0000000000
134314  -31.003  -42.013  51.775 0.0000000000
137583  -28.057  -41.648  49.620 0.0000000000
139938  -36.776  -37.751  47.085 0.0000000000
143153  -49.945  -10.909  29.764 0.0000000000
148886  -32.263  -41.476  50.736 0.0000000000
150042  -40.688  -30.173  39.736 0.0000000000
150481  -36.139  -28.799  44.887 0.0000000000
152100  -34.551  -27.849  37.904 0.0000000000
152572  -33.638  -41.072  50.196 0.0000000000
153183  -30.681  -39.681  47.158 0.0000000000
155918  -20.395  -45.017  51.513 0.0000000000
