#!ascii label  , from subject sub-v2s17x50028_ses-1 vox2ras=TkReg
984
155180  -26.605  -21.990  -18.959 0.4285714328
70636  -26.888  -20.712  -19.673 0.2857142985
70637  -27.571  -20.045  -19.705 0.4285714328
71618  -28.202  -19.457  -19.699 0.4285714328
71647  -26.748  -19.084  -21.039 0.2857142985
71617  -27.398  -19.299  -20.377 0.4285714328
71636  -28.203  -18.882  -20.127 0.4285714328
72594  -27.297  -17.947  -21.957 0.4285714328
72586  -27.586  -18.264  -21.312 0.4285714328
73469  -27.171  -17.433  -22.498 0.4285714328
74366  -28.211  -16.469  -22.624 0.4285714328
74376  -27.278  -16.271  -23.352 0.5714285970
74377  -27.933  -16.125  -23.310 0.5714285970
75263  -28.799  -14.999  -23.192 0.2857142985
75262  -28.244  -15.467  -23.704 0.7142857313
77086  -29.457  -13.487  -23.789 0.7142857313
152198  -29.851  -13.405  -23.211 0.4285714328
76188  -28.564  -14.807  -24.023 0.7142857313
76189  -29.145  -14.309  -23.534 0.5714285970
77972  -30.129  -12.069  -23.473 0.5714285970
77979  -28.931  -13.250  -24.709 0.5714285970
77971  -29.583  -12.551  -24.243 0.5714285970
78877  -29.428  -11.920  -24.993 0.5714285970
78869  -29.867  -11.608  -24.241 0.5714285970
78870  -30.357  -11.244  -23.546 0.4285714328
79802  -30.120  -10.793  -24.250 0.5714285970
80663  -30.663  -9.738  -23.701 0.5714285970
78885  -29.221  -11.429  -25.693 0.7142857313
80674  -30.350  -9.487  -24.417 0.7142857313
81564  -30.731  -8.981  -23.848 0.5714285970
135319  -29.705  -11.113  -24.994 0.5714285970
78884  -28.403  -11.487  -26.137 0.5714285970
80681  -29.695  -9.972  -25.804 0.8571428657
82455  -30.830  -8.274  -23.975 0.7142857313
79825  -29.248  -10.247  -26.548 0.7142857313
79824  -28.383  -10.634  -26.726 0.5714285970
83421  -30.635  -6.796  -24.877 0.7142857313
82456  -31.365  -7.650  -23.744 0.5714285970
81575  -30.039  -9.258  -25.361 0.7142857313
82467  -30.617  -7.691  -24.543 0.7142857313
83422  -31.245  -6.164  -24.475 0.5714285970
81586  -30.137  -8.275  -25.328 0.7142857313
81585  -29.872  -8.746  -26.062 0.5714285970
82477  -29.904  -8.000  -26.198 0.7142857313
153365  -31.050  -5.605  -24.802 0.7142857313
82488  -30.033  -7.146  -26.238 0.7142857313
150186  -30.337  -6.710  -25.563 0.7142857313
84397  -30.649  -5.994  -25.254 0.7142857313
85298  -31.385  -4.203  -24.784 0.7142857313
83431  -30.267  -6.310  -26.143 0.7142857313
81593  -29.552  -8.731  -27.019 0.5714285970
86164  -31.532  -3.292  -24.731 0.5714285970
86980  -31.297  -2.637  -25.004 0.5714285970
84415  -30.253  -5.877  -26.898 0.8571428657
83442  -30.004  -6.801  -27.081 0.8571428657
86179  -31.030  -3.436  -25.294 0.7142857313
86178  -30.713  -3.487  -25.979 0.7142857313
139124  -30.441  -4.935  -26.674 0.8571428657
86189  -30.594  -4.036  -26.623 0.7142857313
141440  -30.674  -1.948  -26.966 0.8571428657
136062  -31.156  -1.931  -25.391 0.5714285970
138930  -30.605  -2.981  -26.768 0.8571428657
86197  -30.634  -3.976  -27.589 0.8571428657
135903  -30.509  -4.619  -27.351 0.8571428657
136576  -30.603  -1.234  -28.293 0.8571428657
151082  -30.562  -0.320  -27.765 0.8571428657
140664  -30.554  -0.016  -28.724 0.8571428657
88789  -30.575  -0.692  -28.690 0.8571428657
87936  -30.624  -1.360  -30.259 1.0000000000
88794  -30.587  -0.600  -29.501 1.0000000000
137428  -30.649  -1.913  -27.918 0.8571428657
140385  -30.527  0.098  -29.540 1.0000000000
136575  -30.671  -1.359  -29.309 1.0000000000
89647  -30.123  0.436  -30.951 1.0000000000
90508  -28.718  1.020  -31.487 0.7142857313
89645  -30.445  0.650  -30.023 1.0000000000
88800  -29.968  -0.479  -31.339 1.0000000000
90511  -29.813  1.089  -31.240 1.0000000000
92216  -27.656  3.154  -30.658 1.0000000000
92215  -27.361  3.159  -29.408 0.8571428657
93059  -27.112  4.690  -29.058 0.8571428657
142686  -27.359  4.017  -29.480 1.0000000000
95669  -26.352  6.985  -29.043 0.8571428657
94787  -26.543  6.223  -28.808 0.8571428657
93947  -26.763  5.471  -29.678 1.0000000000
96550  -25.731  8.450  -28.772 0.8571428657
132174  -25.981  7.647  -29.422 0.8571428657
97411  -25.386  9.347  -28.684 0.7142857313
96540  -25.096  8.351  -27.156 0.5714285970
98155  -25.241  9.749  -27.909 0.7142857313
150356  -25.113  10.046  -28.636 0.5714285970
98150  -24.410  10.300  -26.519 0.5714285970
97405  -24.973  9.371  -27.196 0.5714285970
98149  -24.016  10.564  -25.997 0.4285714328
144836  -24.059  12.125  -27.077 0.4285714328
151190  -23.031  10.828  -24.269 0.2857142985
98864  -22.737  11.010  -23.983 0.2857142985
143576  -23.399  11.027  -24.797 0.2857142985
145613  -22.757  11.815  -23.998 0.2857142985
70655  -26.901  -20.006  -20.155 0.2857142985
85307  -30.727  -4.350  -25.739 0.7142857313
143180  -30.831  -2.013  -26.134 0.8571428657
87897  -30.770  -1.227  -26.379 0.8571428657
87915  -30.634  -1.146  -27.272 0.8571428657
142375  -28.903  1.711  -31.497 0.8571428657
147421  -22.607  12.417  -22.226 0.1428571492
70654  -26.227  -20.319  -20.278 0.2857142985
71646  -26.071  -19.100  -21.317 0.2857142985
73460  -28.096  -17.589  -21.599 0.4285714328
72593  -26.603  -18.020  -22.192 0.2857142985
132505  -27.558  -16.750  -22.890 0.4285714328
72585  -26.802  -18.575  -21.608 0.4285714328
74353  -28.548  -16.800  -21.892 0.4285714328
74365  -26.910  -16.893  -22.956 0.5714285970
75268  -27.312  -15.103  -24.304 0.2857142985
75269  -28.023  -15.125  -24.326 0.7142857313
76198  -28.796  -14.057  -24.280 0.7142857313
152181  -28.426  -13.277  -25.127 0.5714285970
80652  -31.061  -10.096  -23.085 0.4285714328
77986  -28.574  -12.794  -25.291 0.7142857313
77987  -28.839  -12.124  -25.548 0.7142857313
141084  -30.325  -10.137  -24.179 0.5714285970
81576  -30.431  -8.646  -24.549 0.7142857313
150222  -29.020  -10.947  -26.254 0.5714285970
84383  -32.397  -5.175  -23.946 0.5714285970
83411  -31.753  -6.745  -23.836 0.5714285970
82478  -30.229  -7.411  -25.422 0.7142857313
84398  -31.612  -5.236  -24.488 0.5714285970
84406  -30.487  -5.408  -25.943 0.7142857313
153568  -30.974  -1.361  -25.729 0.5714285970
137465  -30.693  -3.319  -28.054 1.0000000000
89639  -30.523  0.722  -29.006 1.0000000000
87939  -30.602  -2.205  -30.669 1.0000000000
89649  -29.083  0.207  -31.728 0.8571428657
135378  -27.795  1.680  -30.431 0.7142857313
91348  -28.374  1.936  -31.196 1.0000000000
91350  -29.153  2.263  -31.343 1.0000000000
91339  -27.570  2.351  -29.947 0.7142857313
91349  -28.611  2.514  -31.423 1.0000000000
144225  -27.388  1.576  -29.528 0.7142857313
143533  -27.495  3.750  -30.280 0.8571428657
133598  -27.215  4.508  -30.329 1.0000000000
98883  -24.289  11.212  -26.547 0.7142857313
152085  -24.965  10.054  -27.392 0.7142857313
142751  -24.908  10.578  -28.000 0.7142857313
97399  -23.847  9.830  -26.097 0.4285714328
98870  -23.483  12.065  -25.175 0.2857142985
98871  -23.839  12.143  -26.124 0.4285714328
98895  -24.406  11.395  -28.571 0.4285714328
99617  -23.547  12.957  -26.683 0.4285714328
153550  -22.973  12.410  -24.284 0.2857142985
99598  -23.407  13.081  -25.740 0.4285714328
77095  -27.415  -13.771  -25.079 0.4285714328
77100  -27.894  -13.112  -25.401 0.4285714328
142741  -23.822  11.217  -25.622 0.4285714328
98865  -23.074  11.746  -24.375 0.2857142985
138679  -26.528  -21.532  -19.320 0.4285714328
69652  -26.024  -21.010  -19.861 0.2857142985
71635  -26.483  -19.637  -20.695 0.2857142985
71648  -27.268  -18.755  -20.999 0.4285714328
154454  -27.595  -17.527  -22.112 0.4285714328
73470  -27.870  -17.129  -22.325 0.4285714328
75261  -27.642  -15.689  -23.864 0.2857142985
76197  -28.295  -14.517  -24.506 0.5714285970
77096  -28.244  -13.845  -24.922 0.5714285970
77980  -29.115  -12.550  -24.993 0.5714285970
146938  -30.552  -10.473  -23.591 0.4285714328
131825  -29.981  -10.209  -24.971 0.7142857313
80664  -31.227  -9.338  -23.311 0.5714285970
79817  -29.490  -10.673  -25.739 0.7142857313
77985  -28.101  -12.319  -25.749 0.7142857313
139586  -29.628  -9.442  -26.358 0.5714285970
82468  -31.108  -6.990  -24.272 0.5714285970
85297  -30.907  -5.111  -25.139 0.7142857313
82487  -29.744  -7.740  -27.175 0.8571428657
86996  -30.876  -2.728  -25.720 0.8571428657
87008  -30.637  -2.548  -27.604 0.8571428657
136577  -30.599  -4.773  -28.300 0.8571428657
136664  -30.765  -2.047  -29.026 1.0000000000
89651  -29.739  0.228  -31.476 1.0000000000
90506  -28.061  0.917  -30.884 0.8571428657
145439  -26.092  7.621  -28.388 0.8571428657
97406  -25.491  8.938  -27.843 0.7142857313
98154  -24.718  10.588  -27.111 0.5714285970
97400  -24.421  9.574  -26.617 0.5714285970
98139  -23.489  10.195  -25.315 0.4285714328
98855  -22.640  11.917  -23.569 0.2857142985
98844  -22.552  12.111  -22.945 0.1428571492
76196  -27.748  -14.508  -24.687 0.2857142985
91344  -27.926  2.546  -30.955 1.0000000000
98890  -24.487  11.355  -27.539 0.5714285970
101265  -21.697  15.643  -27.970 0.2857142985
102056  -21.772  16.338  -26.858 0.1428571492
100427  -22.602  14.112  -28.000 0.2857142985
101266  -22.093  14.819  -28.549 0.2857142985
101239  -22.275  15.223  -26.633 0.1428571492
102044  -22.010  16.291  -26.336 0.1428571492
100402  -22.917  14.028  -25.621 0.1428571492
100414  -23.017  13.825  -26.386 0.2857142985
100439  -22.569  13.428  -29.773 0.2857142985
98197  -24.318  10.821  -33.171 0.2857142985
98902  -23.466  11.555  -31.253 0.2857142985
101214  -22.352  15.740  -25.903 0.1428571492
99637  -23.566  12.799  -27.601 0.2857142985
139248  -24.540  9.800  -30.767 0.2857142985
139252  -23.149  12.918  -29.283 0.2857142985
155971  -23.161  13.364  -28.034 0.2857142985
96600  -25.081  8.678  -32.969 0.1428571492
140213  -24.081  10.636  -31.010 0.2857142985
98898  -23.483  11.900  -30.286 0.2857142985
101227  -22.576  14.983  -25.962 0.1428571492
98894  -23.700  12.177  -29.207 0.2857142985
99647  -23.440  12.788  -28.501 0.2857142985
98179  -27.600  10.516  -31.687 0.1428571492
97450  -26.577  9.422  -32.722 0.1428571492
97437  -24.467  9.236  -32.234 0.4285714328
98159  -24.723  10.648  -29.079 0.2857142985
95709  -27.366  6.911  -32.371 0.2857142985
95696  -24.968  7.901  -31.730 0.4285714328
95677  -28.597  7.731  -30.446 0.1428571492
131327  -26.821  7.712  -32.547 0.2857142985
96562  -24.943  8.874  -30.570 0.4285714328
94825  -25.809  6.694  -31.733 0.5714285970
96563  -25.483  8.236  -29.972 0.7142857313
94816  -28.955  6.162  -30.961 0.1428571492
135841  -28.094  6.730  -32.030 0.1428571492
96577  -25.094  7.973  -30.966 0.7142857313
97418  -24.994  9.789  -29.635 0.4285714328
94836  -26.563  6.322  -32.309 0.4285714328
94788  -29.459  6.442  -28.728 0.2857142985
93956  -29.180  5.655  -30.700 0.7142857313
94813  -25.891  6.597  -30.831 0.7142857313
93074  -27.574  3.916  -31.289 0.8571428657
93089  -27.908  4.969  -32.380 0.8571428657
94814  -26.296  5.972  -31.410 0.5714285970
93051  -29.672  5.169  -27.835 0.2857142985
93928  -29.575  5.778  -28.218 0.2857142985
93963  -26.774  5.409  -31.778 0.7142857313
94776  -26.326  6.060  -27.884 0.5714285970
93955  -26.699  5.253  -30.999 0.8571428657
93052  -29.875  4.922  -27.095 0.1428571492
93075  -29.312  5.031  -30.784 0.7142857313
86210  -27.995  -3.617  -30.549 0.5714285970
142900  -29.809  -1.169  -31.432 0.8571428657
139322  -29.347  -1.060  -31.663 0.8571428657
87941  -29.322  -1.817  -31.451 0.4285714328
88797  -28.902  -0.588  -31.649 0.5714285970
147331  -28.238  2.750  -31.337 0.8571428657
92226  -29.886  2.778  -30.486 0.8571428657
134028  -28.035  3.817  -31.771 0.8571428657
139246  -30.028  3.936  -27.013 0.2857142985
92225  -29.665  3.445  -30.543 0.8571428657
93085  -29.035  4.537  -31.556 0.8571428657
93073  -27.172  4.696  -31.547 0.8571428657
93022  -30.688  4.378  -25.598 0.4285714328
92205  -29.642  4.315  -29.000 0.7142857313
93069  -29.461  4.793  -29.750 0.7142857313
85338  -27.998  -4.245  -29.974 0.2857142985
87038  -30.132  -2.633  -31.135 0.5714285970
87036  -29.154  -2.897  -31.294 0.5714285970
88796  -30.402  -0.355  -30.467 0.8571428657
91345  -29.813  2.044  -30.956 0.8571428657
134842  -29.397  2.860  -31.014 0.8571428657
143041  -28.814  3.045  -31.385 0.8571428657
92192  -30.215  2.928  -27.251 0.4285714328
150950  -30.174  2.827  -29.117 0.8571428657
92217  -29.723  3.925  -29.783 0.8571428657
92164  -30.649  3.345  -25.794 0.4285714328
82495  -28.333  -8.191  -28.332 0.7142857313
83458  -27.986  -6.606  -28.656 0.4285714328
83452  -29.534  -7.182  -27.977 0.7142857313
84426  -30.070  -5.882  -28.652 0.8571428657
84435  -29.256  -5.741  -29.418 0.5714285970
138036  -28.886  -4.752  -30.007 0.5714285970
85334  -27.623  -4.678  -29.392 0.4285714328
154435  -30.724  -4.866  -29.300 0.8571428657
85339  -29.532  -4.767  -30.249 0.5714285970
85342  -28.842  -4.242  -30.440 0.5714285970
145328  -30.888  -3.573  -29.301 0.8571428657
86213  -30.913  -3.659  -30.845 0.7142857313
85344  -30.384  -4.026  -30.994 0.5714285970
89619  -30.522  0.510  -27.061 0.7142857313
89629  -30.456  0.606  -28.021 0.7142857313
90499  -30.392  1.409  -28.395 0.7142857313
142631  -30.299  2.173  -28.809 0.8571428657
90458  -31.318  1.347  -25.112 0.2857142985
91292  -31.029  1.999  -25.466 0.4285714328
91291  -30.659  1.946  -26.153 0.5714285970
80690  -29.179  -9.565  -27.159 0.4285714328
81600  -28.477  -8.944  -28.064 0.4285714328
82494  -27.646  -8.106  -28.327 0.4285714328
83453  -30.061  -6.358  -27.941 0.7142857313
85325  -30.381  -5.445  -27.826 0.7142857313
134114  -31.018  -4.474  -29.922 0.8571428657
151205  -30.923  0.013  -25.840 0.7142857313
89599  -31.116  0.603  -25.491 0.2857142985
88774  -30.697  -0.321  -26.583 0.5714285970
80689  -28.696  -10.051  -27.161 0.4285714328
80687  -27.217  -9.844  -27.169 0.5714285970
81601  -29.019  -9.073  -27.703 0.5714285970
82496  -29.090  -8.243  -27.954 0.5714285970
87882  -31.594  -1.860  -24.730 0.4285714328
88738  -31.707  -0.314  -24.658 0.4285714328
89582  -31.607  0.574  -24.742 0.4285714328
88756  -31.285  -0.131  -25.275 0.4285714328
147013  -27.406  -12.450  -25.661 0.5714285970
82457  -32.253  -7.357  -23.347 0.4285714328
84382  -32.069  -5.911  -23.941 0.4285714328
86964  -32.637  -2.669  -23.947 0.4285714328
74367  -28.870  -16.051  -22.154 0.1428571492
154042  -32.631  -4.725  -23.883 0.4285714328
85278  -32.922  -4.228  -23.781 0.4285714328
86145  -33.104  -3.373  -23.759 0.4285714328
75252  -29.174  -15.317  -22.447 0.1428571492
76178  -30.124  -14.212  -22.350 0.1428571492
78860  -30.671  -11.672  -22.843 0.2857142985
82448  -33.695  -7.854  -22.936 0.2857142985
83414  -34.883  -6.654  -23.745 0.2857142985
151783  -34.188  -6.694  -23.338 0.2857142985
81556  -31.889  -8.949  -23.027 0.4285714328
84386  -34.952  -5.597  -23.915 0.2857142985
83413  -33.478  -6.368  -23.320 0.2857142985
84385  -34.275  -5.273  -23.588 0.2857142985
139049  -33.029  -4.982  -23.663 0.4285714328
75240  -29.653  -15.743  -21.829 0.1428571492
75253  -29.902  -14.981  -22.082 0.1428571492
75251  -28.500  -15.722  -22.889 0.1428571492
77075  -30.255  -13.376  -22.645 0.2857142985
79793  -32.517  -10.222  -22.310 0.2857142985
144997  -33.295  -8.728  -22.635 0.2857142985
138892  -32.551  -9.314  -22.618 0.2857142985
80653  -31.791  -9.739  -22.788 0.2857142985
76168  -30.580  -14.637  -21.709 0.1428571492
77952  -31.660  -12.613  -21.684 0.2857142985
77063  -30.732  -13.807  -21.897 0.2857142985
78848  -31.872  -11.791  -21.878 0.2857142985
77951  -30.883  -12.947  -22.028 0.2857142985
77074  -29.725  -13.890  -23.053 0.2857142985
78861  -31.365  -11.344  -22.434 0.2857142985
73461  -28.997  -17.181  -21.225 0.1428571492
72587  -28.172  -18.077  -20.962 0.2857142985
74354  -29.359  -16.479  -21.548 0.1428571492
69617  -27.109  -21.843  -18.806 0.2857142985
68635  -27.578  -22.332  -18.328 0.2857142985
68634  -26.676  -22.464  -18.579 0.2857142985
72571  -28.660  -18.277  -20.378 0.2857142985
69618  -27.951  -21.531  -18.643 0.1428571492
67641  -26.332  -23.169  -18.142 0.1428571492
77064  -31.444  -13.462  -21.529 0.2857142985
78862  -32.143  -11.058  -22.146 0.2857142985
151231  -34.049  -8.537  -22.695 0.2857142985
82458  -33.782  -7.092  -23.162 0.2857142985
83412  -32.576  -6.529  -23.463 0.4285714328
84384  -33.613  -5.482  -23.503 0.2857142985
85280  -34.680  -4.711  -23.771 0.2857142985
155085  -28.512  -6.697  -28.674 0.7142857313
86146  -33.618  -3.863  -23.623 0.4285714328
85341  -30.808  -4.367  -30.591 0.5714285970
87898  -31.334  -1.040  -25.116 0.4285714328
153499  -32.058  0.189  -24.288 0.2857142985
90439  -31.835  1.488  -24.385 0.2857142985
91317  -30.291  2.122  -27.833 0.7142857313
96541  -25.743  8.179  -27.831 0.4285714328
94800  -26.369  6.342  -29.802 0.7142857313
144223  -30.755  2.534  -25.787 0.2857142985
93084  -28.314  4.418  -32.049 0.8571428657
138151  -26.390  5.892  -30.618 0.8571428657
93939  -29.416  5.607  -29.220 0.5714285970
128997  -26.612  6.926  -32.508 0.4285714328
102033  -22.573  15.588  -25.404 0.1428571492
96594  -24.832  8.590  -32.501 0.2857142985
96601  -25.643  8.512  -33.065 0.1428571492
99654  -22.344  13.186  -30.796 0.2857142985
73445  -28.653  -17.719  -20.899 0.1428571492
75241  -30.403  -15.448  -21.529 0.1428571492
76169  -31.281  -14.299  -21.378 0.1428571492
77087  -29.960  -12.896  -23.350 0.2857142985
77964  -31.125  -12.124  -22.225 0.2857142985
79792  -31.600  -10.557  -22.599 0.2857142985
142673  -34.074  -9.236  -22.417 0.2857142985
79791  -30.858  -10.868  -22.931 0.2857142985
152069  -34.390  -8.149  -23.012 0.2857142985
80688  -28.025  -10.048  -27.328 0.5714285970
128532  -27.200  -8.540  -27.966 0.2857142985
85281  -35.268  -4.840  -24.209 0.2857142985
86148  -35.160  -4.088  -23.999 0.2857142985
82501  -28.808  -7.217  -28.421 0.7142857313
84433  -27.713  -5.550  -28.913 0.4285714328
83459  -28.920  -6.355  -28.899 0.5714285970
86147  -34.430  -3.848  -23.637 0.4285714328
86209  -27.234  -3.535  -30.061 0.2857142985
139742  -33.885  -3.250  -23.568 0.2857142985
85299  -32.191  -4.521  -24.175 0.4285714328
84439  -29.757  -5.172  -30.015 0.7142857313
87034  -28.068  -3.069  -31.032 0.2857142985
141065  -33.816  -2.141  -23.451 0.1428571492
143182  -32.584  -1.130  -23.859 0.4285714328
143694  -31.914  -1.096  -24.433 0.4285714328
88722  -32.974  -0.437  -23.580 0.1428571492
90507  -30.219  1.365  -30.501 0.8571428657
89570  -32.622  0.241  -23.785 0.1428571492
89598  -30.757  0.553  -26.209 0.5714285970
134524  -30.484  2.683  -26.403 0.5714285970
92206  -29.923  3.562  -28.829 0.7142857313
93083  -27.666  4.412  -32.006 0.8571428657
148883  -30.960  5.106  -25.380 0.2857142985
155086  -30.557  5.118  -25.800 0.1428571492
93061  -29.755  4.334  -28.023 0.4285714328
93035  -30.229  4.649  -26.314 0.4285714328
93929  -29.808  5.812  -27.275 0.1428571492
145430  -28.644  6.002  -31.803 0.5714285970
94777  -29.721  6.605  -27.695 0.1428571492
94801  -29.227  6.195  -29.888 0.1428571492
95687  -28.926  6.958  -30.222 0.1428571492
94837  -27.242  6.155  -32.359 0.5714285970
129864  -29.258  7.110  -29.209 0.1428571492
95686  -28.155  7.682  -31.324 0.1428571492
97429  -24.537  9.044  -31.493 0.2857142985
95706  -25.006  8.025  -32.275 0.2857142985
96590  -27.767  8.629  -31.384 0.1428571492
97438  -27.580  9.575  -31.486 0.1428571492
148840  -27.145  9.745  -32.112 0.1428571492
98186  -24.383  9.950  -32.717 0.2857142985
98198  -24.654  10.000  -33.262 0.2857142985
98199  -25.051  10.231  -33.611 0.1428571492
98200  -25.565  10.041  -33.521 0.1428571492
70639  -29.142  -20.204  -18.864 0.1428571492
74355  -30.174  -16.222  -21.313 0.1428571492
82459  -34.445  -7.429  -23.309 0.2857142985
91272  -32.132  2.372  -24.021 0.2857142985
98917  -27.455  11.291  -32.405 0.1428571492
98209  -24.613  10.927  -33.733 0.2857142985
68653  -26.078  -22.150  -19.093 0.2857142985
69639  -27.258  -21.270  -19.118 0.2857142985
69640  -27.766  -20.753  -19.188 0.1428571492
70638  -28.348  -20.145  -19.239 0.1428571492
72553  -28.961  -18.921  -19.680 0.1428571492
76177  -29.460  -14.589  -22.750 0.1428571492
81565  -31.312  -8.550  -23.499 0.4285714328
86981  -31.890  -2.643  -24.454 0.4285714328
86208  -30.734  -4.197  -28.768 0.7142857313
87943  -30.108  -2.004  -31.040 0.8571428657
87028  -31.110  -2.895  -29.831 0.8571428657
87033  -31.092  -3.023  -30.598 0.8571428657
90504  -30.410  1.459  -29.440 0.8571428657
90510  -29.401  1.476  -31.438 0.8571428657
94786  -26.250  6.831  -28.114 0.5714285970
135623  -25.607  7.432  -30.460 0.7142857313
97419  -25.357  8.963  -29.513 0.5714285970
98162  -24.400  10.580  -30.100 0.2857142985
98889  -24.012  12.124  -28.079 0.2857142985
88755  -30.942  -0.665  -25.781 0.4285714328
86215  -30.484  -3.347  -31.064 0.5714285970
92233  -28.343  3.219  -31.516 0.8571428657
100428  -23.108  13.605  -27.267 0.2857142985
85335  -30.410  -5.348  -28.979 0.8571428657
101253  -22.139  15.069  -27.458 0.2857142985
101252  -21.848  15.801  -27.083 0.1428571492
101238  -22.116  15.810  -26.444 0.1428571492
134478  -22.583  14.443  -26.958 0.2857142985
148242  -22.390  14.036  -29.117 0.2857142985
100432  -22.899  13.436  -28.787 0.2857142985
98185  -24.036  10.811  -32.503 0.2857142985
99662  -22.771  12.409  -31.043 0.2857142985
98903  -23.895  11.206  -30.456 0.2857142985
137112  -22.654  15.155  -25.436 0.1428571492
98178  -24.288  9.897  -31.616 0.2857142985
99655  -23.004  12.683  -30.083 0.2857142985
145127  -24.674  8.463  -31.989 0.2857142985
97461  -25.338  9.262  -33.293 0.1428571492
97462  -25.912  9.220  -33.207 0.1428571492
98899  -24.116  11.329  -29.616 0.2857142985
98188  -26.902  10.424  -32.470 0.1428571492
96596  -26.325  8.493  -32.853 0.1428571492
98187  -26.183  10.123  -33.133 0.1428571492
97449  -24.699  9.215  -32.845 0.1428571492
95698  -27.566  7.706  -32.046 0.1428571492
95685  -25.382  7.307  -31.356 0.5714285970
95697  -25.387  7.426  -32.048 0.4285714328
96576  -24.775  8.401  -31.423 0.5714285970
96578  -28.276  8.591  -30.577 0.1428571492
94815  -28.614  6.851  -31.230 0.1428571492
95708  -25.987  7.702  -32.841 0.2857142985
96589  -27.172  8.736  -32.277 0.2857142985
94835  -25.940  6.921  -32.385 0.4285714328
94826  -26.350  6.138  -32.003 0.5714285970
93973  -28.029  5.792  -32.297 0.5714285970
93948  -29.313  5.458  -30.083 0.5714285970
93965  -29.034  5.434  -31.442 0.7142857313
93964  -28.551  5.179  -32.029 0.7142857313
93082  -27.269  5.001  -32.144 0.7142857313
93060  -29.525  4.991  -28.659 0.5714285970
135618  -29.449  4.237  -30.684 0.8571428657
86212  -29.647  -3.669  -31.061 0.5714285970
87942  -29.779  -1.792  -31.287 0.5714285970
87940  -28.658  -1.397  -31.396 0.4285714328
87938  -28.373  -2.264  -31.196 0.4285714328
91340  -30.209  2.289  -29.904 0.8571428657
143193  -30.005  3.525  -27.863 0.4285714328
92176  -30.328  3.357  -26.530 0.5714285970
132880  -30.175  2.866  -28.272 0.7142857313
81599  -27.779  -8.786  -28.130 0.5714285970
82500  -28.136  -7.436  -28.534 0.4285714328
83460  -29.455  -6.340  -28.755 0.7142857313
84436  -29.833  -5.541  -29.391 0.7142857313
84434  -28.623  -5.922  -29.160 0.4285714328
84438  -29.169  -5.247  -29.751 0.5714285970
84437  -28.424  -5.073  -29.535 0.4285714328
84432  -26.891  -5.522  -28.462 0.2857142985
139448  -31.179  -3.750  -30.393 0.8571428657
90475  -30.576  1.264  -26.585 0.5714285970
91305  -30.394  2.035  -26.935 0.7142857313
80696  -28.560  -9.552  -27.615 0.5714285970
80695  -27.853  -9.439  -27.762 0.5714285970
144449  -32.232  0.847  -24.064 0.2857142985
143389  -33.092  -7.174  -23.125 0.2857142985
128896  -32.852  -5.721  -23.566 0.4285714328
86165  -32.223  -3.562  -24.212 0.4285714328
86965  -33.438  -2.662  -23.617 0.4285714328
87883  -32.246  -1.874  -24.156 0.4285714328
77963  -30.481  -12.500  -22.726 0.2857142985
82447  -32.804  -7.969  -22.966 0.2857142985
133058  -34.255  -5.996  -23.484 0.2857142985
81566  -32.005  -8.170  -23.208 0.2857142985
81557  -32.502  -8.616  -22.854 0.2857142985
85279  -33.794  -4.619  -23.587 0.4285714328
80654  -33.330  -9.649  -22.293 0.2857142985
67642  -27.179  -22.989  -18.027 0.1428571492
68636  -28.551  -22.261  -18.109 0.1428571492
88739  -32.286  -0.418  -24.111 0.2857142985
131970  -28.875  -21.551  -18.399 0.1428571492
134936  -28.858  -19.625  -19.288 0.1428571492
100388  -22.916  14.138  -24.958 0.1428571492
93927  -26.172  5.240  -27.600 0.5714285970
151150  -26.373  3.301  -28.175 0.4285714328
92190  -24.845  3.430  -27.588 0.4285714328
93050  -26.595  4.570  -28.115 0.5714285970
139045  -26.645  2.842  -28.438 0.4285714328
92191  -26.084  3.682  -27.849 0.5714285970
93938  -26.677  5.425  -28.515 0.4285714328
90503  -26.915  1.123  -29.067 0.4285714328
91338  -26.987  2.003  -28.879 0.4285714328
91331  -25.814  1.934  -28.279 0.4285714328
92204  -26.993  3.809  -28.581 0.5714285970
89648  -28.439  0.123  -31.299 0.5714285970
83432  -36.189  -6.472  -25.762 0.1428571492
84399  -35.516  -5.453  -24.486 0.1428571492
85300  -35.772  -4.907  -24.817 0.1428571492
75260  -26.757  -15.702  -23.716 0.2857142985
131134  -36.938  -7.514  -28.328 0.1428571492
138738  -36.340  -7.197  -26.283 0.1428571492
83455  -37.450  -7.041  -28.592 0.1428571492
83443  -36.619  -6.803  -27.273 0.1428571492
140020  -37.520  -6.271  -29.011 0.1428571492
74375  -26.645  -16.353  -23.221 0.2857142985
81567  -34.960  -8.129  -23.433 0.1428571492
81578  -36.116  -8.359  -25.403 0.1428571492
82479  -36.242  -7.774  -25.942 0.1428571492
82499  -37.591  -7.803  -28.377 0.1428571492
82489  -36.618  -7.887  -27.287 0.1428571492
83424  -38.589  -6.456  -24.602 0.1428571492
83444  -38.404  -6.822  -27.323 0.1428571492
139552  -38.620  -5.952  -26.618 0.1428571492
74364  -26.225  -16.756  -22.813 0.2857142985
74363  -25.585  -16.546  -22.579 0.2857142985
79782  -33.752  -10.880  -21.673 0.1428571492
145342  -34.132  -10.119  -21.981 0.1428571492
141943  -33.336  -10.327  -21.960 0.1428571492
81558  -34.733  -8.860  -22.927 0.1428571492
130820  -36.441  -9.158  -26.094 0.1428571492
149265  -35.808  -9.496  -23.932 0.1428571492
81602  -36.985  -9.028  -27.985 0.1428571492
80665  -36.037  -9.087  -24.790 0.1428571492
81595  -37.793  -8.466  -27.883 0.1428571492
82480  -38.541  -7.723  -25.426 0.1428571492
82471  -38.573  -7.284  -24.488 0.1428571492
134343  -38.490  -7.355  -26.374 0.1428571492
73468  -26.442  -17.422  -22.535 0.2857142985
73459  -25.259  -17.577  -21.868 0.2857142985
72583  -25.481  -18.428  -21.564 0.2857142985
77953  -32.593  -12.275  -21.413 0.1428571492
78851  -34.268  -11.619  -21.412 0.1428571492
79783  -34.526  -10.910  -21.736 0.1428571492
79794  -34.927  -10.448  -22.078 0.1428571492
80675  -36.496  -9.902  -25.844 0.1428571492
80656  -35.366  -9.536  -23.156 0.1428571492
80692  -37.350  -9.825  -27.490 0.1428571492
131779  -38.360  -8.298  -26.681 0.1428571492
81596  -37.969  -9.154  -27.290 0.1428571492
151490  -38.478  -6.185  -23.703 0.1428571492
77065  -32.216  -13.172  -21.249 0.1428571492
78850  -33.289  -11.562  -21.480 0.1428571492
77942  -33.062  -13.060  -20.993 0.1428571492
79784  -35.170  -11.145  -21.936 0.1428571492
79811  -36.567  -10.702  -25.694 0.1428571492
79818  -36.738  -10.567  -26.806 0.1428571492
79803  -35.905  -10.149  -23.663 0.1428571492
149510  -36.940  -9.932  -27.542 0.1428571492
131076  -38.559  -8.068  -24.566 0.1428571492
142972  -38.372  -9.070  -26.155 0.1428571492
82461  -38.527  -7.666  -23.688 0.1428571492
77052  -32.644  -13.679  -20.899 0.1428571492
77067  -35.391  -13.147  -21.494 0.1428571492
77955  -34.659  -12.563  -21.154 0.1428571492
77954  -33.639  -12.334  -21.116 0.1428571492
78863  -35.707  -11.782  -22.252 0.1428571492
78852  -35.106  -11.905  -21.595 0.1428571492
78886  -36.832  -11.425  -26.652 0.1428571492
78878  -36.597  -11.500  -25.474 0.1428571492
79827  -37.067  -10.507  -27.266 0.1428571492
79820  -38.175  -10.466  -26.090 0.1428571492
79826  -36.900  -10.248  -27.351 0.1428571492
81588  -38.500  -8.416  -25.498 0.1428571492
76171  -35.411  -13.998  -21.262 0.1428571492
77066  -34.806  -13.476  -20.897 0.1428571492
77943  -33.974  -13.154  -20.757 0.1428571492
77077  -36.322  -13.375  -23.127 0.1428571492
77076  -35.988  -13.237  -22.294 0.1428571492
77981  -36.578  -12.216  -25.140 0.1428571492
77973  -36.417  -12.295  -23.980 0.1428571492
80683  -38.376  -9.655  -25.741 0.1428571492
79819  -37.488  -11.067  -26.774 0.1428571492
77956  -35.638  -12.509  -21.925 0.1428571492
147760  -34.791  -11.380  -21.633 0.1428571492
79796  -36.054  -10.891  -23.385 0.1428571492
80666  -36.248  -9.996  -24.677 0.1428571492
83415  -38.498  -6.880  -23.679 0.1428571492
84369  -38.238  -5.559  -23.159 0.1428571492
130436  -38.576  -7.046  -25.285 0.1428571492
148263  -37.187  -8.414  -28.164 0.1428571492
84407  -36.428  -5.817  -26.316 0.1428571492
72592  -25.934  -17.945  -22.187 0.2857142985
81579  -38.529  -8.967  -24.868 0.1428571492
81569  -38.552  -8.466  -23.772 0.1428571492
83400  -38.279  -6.456  -22.980 0.1428571492
144196  -27.424  0.702  -29.712 0.4285714328
84387  -38.578  -5.612  -24.213 0.1428571492
83433  -38.593  -6.551  -25.864 0.1428571492
136582  -38.664  -5.772  -25.305 0.1428571492
85301  -36.245  -4.992  -25.683 0.1428571492
141428  -35.560  -4.313  -24.509 0.1428571492
142953  -25.037  5.018  -27.096 0.4285714328
94775  -25.908  6.566  -27.446 0.4285714328
98210  -24.899  11.376  -34.236 0.1428571492
98926  -24.144  11.642  -33.727 0.1428571492
83423  -35.594  -6.296  -24.591 0.1428571492
79781  -32.923  -10.896  -21.816 0.1428571492
77051  -31.991  -13.960  -21.056 0.1428571492
78849  -32.555  -11.497  -21.712 0.1428571492
137479  -35.099  -3.271  -23.815 0.1428571492
86966  -34.185  -2.616  -23.486 0.1428571492
82460  -35.078  -7.484  -23.770 0.1428571492
82470  -35.942  -7.094  -25.284 0.1428571492
84400  -35.985  -5.650  -25.202 0.1428571492
82498  -37.192  -7.837  -28.370 0.1428571492
82497  -36.963  -8.320  -28.160 0.1428571492
154436  -35.850  -7.685  -25.012 0.1428571492
84416  -36.771  -5.887  -27.705 0.1428571492
83456  -37.978  -7.059  -28.501 0.1428571492
81568  -35.425  -8.835  -23.676 0.1428571492
81577  -35.536  -8.095  -24.292 0.1428571492
81587  -36.479  -8.542  -26.585 0.1428571492
82490  -38.189  -7.707  -27.711 0.1428571492
81594  -36.778  -8.852  -27.649 0.1428571492
80655  -34.803  -9.714  -22.452 0.1428571492
137979  -36.629  -9.248  -27.082 0.1428571492
145421  -37.282  -9.100  -27.886 0.1428571492
79829  -36.996  -9.524  -27.802 0.1428571492
79795  -35.445  -10.333  -22.720 0.1428571492
148206  -35.290  -10.735  -22.275 0.1428571492
80682  -36.668  -9.870  -26.961 0.1428571492
80693  -38.060  -9.810  -26.721 0.1428571492
77053  -33.372  -13.801  -20.679 0.1428571492
79804  -36.361  -10.773  -24.465 0.1428571492
78871  -36.406  -11.539  -24.216 0.1428571492
132986  -35.649  -11.075  -22.561 0.1428571492
78864  -36.146  -11.664  -23.136 0.1428571492
78891  -36.973  -11.355  -26.888 0.1428571492
79828  -37.583  -10.393  -26.986 0.1428571492
77965  -36.207  -12.544  -22.872 0.1428571492
67640  -25.441  -23.345  -18.162 0.1428571492
68633  -25.771  -22.746  -18.677 0.1428571492
68632  -24.866  -22.890  -18.662 0.1428571492
68652  -25.237  -22.242  -19.152 0.1428571492
69651  -25.322  -21.121  -19.813 0.1428571492
70653  -25.471  -20.497  -20.166 0.1428571492
71633  -24.901  -19.869  -20.336 0.1428571492
71645  -25.291  -19.172  -20.944 0.1428571492
71634  -25.721  -19.816  -20.705 0.1428571492
71616  -24.267  -20.080  -19.788 0.1428571492
132285  -24.624  -19.119  -20.542 0.1428571492
73444  -24.026  -17.801  -20.854 0.1428571492
73458  -24.403  -17.129  -21.559 0.1428571492
74352  -25.082  -16.797  -22.122 0.1428571492
74362  -24.954  -15.981  -22.488 0.2857142985
74374  -25.886  -15.971  -23.083 0.1428571492
76195  -26.928  -14.358  -24.664 0.2857142985
78889  -26.856  -10.910  -26.373 0.4285714328
79823  -27.438  -10.468  -26.833 0.4285714328
88795  -28.110  -0.797  -30.978 0.2857142985
89644  -27.032  -0.360  -29.540 0.2857142985
89646  -27.723  -0.093  -30.411 0.2857142985
92201  -23.144  2.799  -28.253 0.2857142985
92189  -23.583  3.421  -27.786 0.2857142985
93049  -25.575  4.316  -27.445 0.2857142985
73467  -25.765  -17.221  -22.396 0.1428571492
75249  -24.458  -15.295  -22.528 0.1428571492
75250  -25.124  -15.110  -23.071 0.2857142985
76187  -26.429  -14.876  -24.127 0.1428571492
70635  -24.684  -20.769  -19.833 0.1428571492
74351  -24.468  -16.383  -21.935 0.1428571492
75239  -24.161  -15.727  -22.037 0.1428571492
76176  -24.249  -14.610  -22.808 0.2857142985
76186  -25.570  -14.539  -23.790 0.2857142985
76194  -26.035  -14.061  -24.436 0.2857142985
77099  -27.005  -12.965  -25.390 0.4285714328
77984  -26.642  -12.151  -25.641 0.4285714328
78882  -26.303  -11.380  -25.950 0.2857142985
88792  -26.731  -1.037  -29.474 0.2857142985
88793  -27.351  -1.001  -30.115 0.2857142985
89642  -25.621  -0.380  -28.705 0.2857142985
89643  -26.423  0.233  -28.937 0.2857142985
90498  -26.097  1.105  -28.593 0.2857142985
91329  -23.581  2.108  -28.487 0.2857142985
91328  -22.932  2.266  -28.487 0.2857142985
87937  -27.752  -1.655  -30.709 0.2857142985
88791  -26.223  -1.137  -29.041 0.2857142985
87934  -26.224  -1.669  -29.072 0.2857142985
150124  -25.018  0.134  -28.561 0.2857142985
90496  -23.995  1.370  -28.565 0.2857142985
89638  -25.349  0.417  -28.588 0.2857142985
90497  -24.961  1.175  -28.448 0.2857142985
90495  -23.328  1.611  -28.576 0.2857142985
91330  -24.560  1.972  -28.294 0.2857142985
89636  -24.155  0.109  -28.567 0.2857142985
141471  -23.542  0.427  -28.513 0.2857142985
89637  -24.465  0.528  -28.558 0.2857142985
78883  -27.338  -11.701  -26.055 0.4285714328
78890  -27.691  -11.065  -26.484 0.4285714328
72584  -26.158  -18.456  -21.852 0.1428571492
135763  -25.663  -21.636  -19.505 0.1428571492
92203  -25.488  2.792  -28.003 0.2857142985
75259  -25.943  -15.257  -23.571 0.1428571492
143557  -24.777  -17.903  -21.386 0.1428571492
69638  -24.852  -21.584  -19.523 0.1428571492
72569  -24.718  -18.530  -20.984 0.1428571492
72568  -24.072  -18.583  -20.383 0.1428571492
92202  -24.121  2.715  -28.101 0.2857142985
77978  -26.126  -12.657  -25.246 0.4285714328
143027  -23.163  1.151  -28.566 0.2857142985
137513  -26.417  -9.684  -26.777 0.2857142985
79822  -26.606  -10.250  -26.584 0.2857142985
151532  -22.497  15.480  -32.477 0.1428571492
101284  -23.490  14.316  -33.032 0.1428571492
100466  -22.479  13.928  -33.199 0.1428571492
99672  -23.028  12.428  -32.834 0.1428571492
98915  -23.757  11.675  -33.013 0.1428571492
152884  -23.203  15.604  -31.897 0.1428571492
99671  -22.402  13.141  -32.677 0.1428571492
100438  -22.036  13.872  -30.485 0.1428571492
144215  -21.124  16.866  -29.688 0.1428571492
80694  -27.007  -9.157  -27.507 0.2857142985
98935  -24.216  12.278  -34.244 0.1428571492
100467  -23.121  13.961  -33.505 0.1428571492
99675  -22.776  13.129  -33.311 0.1428571492
99676  -23.511  12.546  -33.620 0.1428571492
98907  -23.487  11.610  -32.208 0.1428571492
100448  -21.864  13.826  -31.517 0.1428571492
101281  -21.636  15.411  -31.719 0.1428571492
102077  -21.441  16.271  -30.609 0.1428571492
101274  -21.663  14.564  -31.093 0.1428571492
101269  -21.696  15.436  -29.161 0.1428571492
102072  -21.348  16.213  -28.665 0.1428571492
101270  -21.910  14.541  -29.812 0.1428571492
99668  -22.778  12.346  -31.974 0.1428571492
99667  -22.236  13.101  -31.782 0.1428571492
101291  -22.595  14.723  -32.932 0.1428571492
102084  -22.761  15.892  -32.062 0.1428571492
100457  -21.982  13.897  -32.482 0.1428571492
101290  -22.033  14.696  -32.788 0.1428571492
101275  -23.206  16.096  -31.364 0.1428571492
100474  -23.180  13.381  -33.654 0.1428571492
138663  -24.155  -0.943  -28.465 0.1428571492
88788  -25.513  -0.991  -28.696 0.1428571492
88787  -24.682  -0.740  -28.542 0.1428571492
144099  -22.700  1.355  -28.457 0.1428571492
90469  -20.377  1.697  -27.154 0.1428571492
144395  -21.376  2.305  -27.850 0.1428571492
137502  -26.753  -2.270  -29.648 0.1428571492
90493  -22.337  1.843  -28.318 0.1428571492
91313  -19.985  3.363  -27.077 0.1428571492
92186  -21.355  3.741  -27.558 0.1428571492
140892  -20.746  4.626  -27.159 0.2857142985
83457  -27.199  -6.388  -28.365 0.1428571492
86206  -25.945  -3.309  -28.935 0.1428571492
87031  -26.751  -2.820  -29.702 0.1428571492
87026  -25.486  -2.015  -28.788 0.1428571492
92165  -31.164  3.798  -25.001 0.1428571492
137508  -23.754  -0.653  -28.410 0.1428571492
92200  -22.482  2.911  -28.156 0.1428571492
93047  -23.022  4.204  -27.464 0.1428571492
93045  -21.404  4.502  -27.313 0.1428571492
93907  -23.226  5.743  -26.718 0.2857142985
96533  -22.479  8.578  -26.002 0.2857142985
95646  -21.328  8.285  -25.577 0.2857142985
96529  -23.049  9.288  -25.689 0.2857142985
99597  -23.134  13.050  -24.792 0.1428571492
98123  -21.834  10.826  -23.208 0.1428571492
93925  -23.701  4.911  -26.955 0.2857142985
93923  -21.568  5.222  -27.086 0.2857142985
94762  -24.020  6.537  -26.613 0.2857142985
95652  -24.651  7.405  -26.780 0.2857142985
95651  -23.314  7.330  -26.526 0.2857142985
95650  -22.054  7.628  -26.245 0.2857142985
96535  -24.096  8.213  -26.622 0.2857142985
142643  -23.091  8.161  -26.338 0.2857142985
96534  -23.630  8.969  -26.346 0.2857142985
98138  -23.034  10.199  -24.541 0.1428571492
151598  -21.397  8.794  -24.913 0.2857142985
99576  -22.958  12.753  -23.675 0.1428571492
95649  -20.907  7.447  -26.111 0.1428571492
96528  -22.128  8.889  -25.290 0.2857142985
97396  -22.712  9.498  -24.935 0.1428571492
98127  -22.609  10.333  -24.129 0.1428571492
97382  -22.060  9.932  -23.970 0.1428571492
92175  -19.628  3.897  -26.656 0.2857142985
96514  -21.487  8.998  -24.329 0.1428571492
138716  -21.470  10.641  -22.882 0.1428571492
140557  -21.605  9.558  -23.798 0.1428571492
91265  -18.802  3.239  -24.404 0.1428571492
93023  -31.332  4.725  -24.963 0.1428571492
90440  -32.530  1.648  -23.753 0.1428571492
135731  -26.450  -3.870  -29.186 0.1428571492
87025  -24.641  -1.977  -28.527 0.1428571492
93001  -31.867  4.289  -24.452 0.1428571492
88779  -21.932  -0.478  -27.633 0.1428571492
89628  -22.066  0.352  -27.989 0.1428571492
89612  -20.312  0.865  -26.618 0.1428571492
91326  -21.897  2.399  -28.090 0.1428571492
91300  -19.316  3.172  -26.409 0.1428571492
93044  -20.117  4.228  -26.997 0.2857142985
93906  -22.008  5.990  -26.746 0.1428571492
94761  -22.264  6.827  -26.537 0.2857142985
94760  -21.393  6.789  -26.577 0.1428571492
96511  -21.526  9.240  -23.833 0.1428571492
141221  -21.871  9.442  -24.205 0.1428571492
98126  -22.239  10.533  -23.759 0.1428571492
91271  -31.498  2.201  -24.732 0.1428571492
144448  -31.121  2.832  -25.180 0.1428571492
92141  -31.757  3.239  -24.378 0.1428571492
141900  -24.499  8.914  -26.772 0.2857142985
98854  -22.409  11.155  -23.598 0.1428571492
93926  -25.665  5.892  -27.171 0.2857142985
85337  -27.030  -4.064  -29.638 0.1428571492
85333  -26.842  -4.664  -28.920 0.1428571492
95660  -25.667  7.379  -27.422 0.2857142985
152797  -27.055  -2.680  -30.031 0.1428571492
144228  -32.970  0.977  -23.524 0.1428571492
94763  -25.192  6.601  -26.899 0.2857142985
92188  -22.642  3.519  -27.851 0.1428571492
93048  -24.245  4.156  -27.318 0.1428571492
87931  -24.753  -1.381  -28.563 0.1428571492
88780  -22.642  -0.220  -28.095 0.1428571492
89627  -21.527  0.992  -27.844 0.1428571492
87922  -22.472  -0.962  -27.741 0.1428571492
87930  -23.923  -1.303  -28.355 0.1428571492
90485  -21.075  1.712  -27.686 0.1428571492
91314  -20.656  2.604  -27.469 0.1428571492
91315  -21.353  2.967  -27.754 0.1428571492
87027  -26.108  -2.660  -29.112 0.1428571492
92185  -20.707  3.625  -27.384 0.1428571492
92187  -21.951  3.643  -27.712 0.1428571492
138603  -25.325  -2.651  -28.702 0.1428571492
93046  -22.088  4.323  -27.403 0.2857142985
93922  -20.983  5.380  -27.048 0.2857142985
93908  -24.531  5.760  -26.757 0.2857142985
93924  -22.478  5.036  -27.075 0.2857142985
140507  -21.519  11.217  -22.356 0.1428571492
145920  -22.933  6.467  -26.600 0.2857142985
96515  -21.953  9.200  -24.660 0.2857142985
97383  -22.385  9.720  -24.376 0.2857142985
93905  -21.127  6.065  -26.855 0.1428571492
97379  -21.696  10.180  -23.461 0.1428571492
76175  -23.461  -14.203  -22.477 0.1428571492
76185  -24.743  -14.170  -23.420 0.1428571492
77085  -25.184  -13.680  -24.111 0.1428571492
77073  -23.071  -13.344  -22.728 0.1428571492
77082  -22.804  -12.536  -22.922 0.1428571492
77969  -23.392  -12.064  -23.519 0.1428571492
77084  -24.382  -13.278  -23.752 0.1428571492
77975  -23.899  -11.605  -24.228 0.1428571492
77970  -24.110  -12.380  -24.007 0.1428571492
77093  -25.649  -13.175  -24.723 0.1428571492
78875  -24.371  -11.237  -24.942 0.1428571492
78876  -24.988  -11.543  -25.330 0.1428571492
77983  -25.760  -11.828  -25.528 0.1428571492
78881  -25.489  -11.120  -25.760 0.1428571492
78868  -23.211  -11.374  -23.663 0.1428571492
79810  -24.323  -10.647  -25.138 0.1428571492
79816  -26.029  -10.698  -26.148 0.1428571492
79821  -25.876  -10.129  -26.244 0.1428571492
81598  -26.563  -8.551  -27.545 0.1428571492
82493  -26.931  -7.974  -28.009 0.1428571492
93034  -20.060  5.097  -26.724 0.1428571492
77092  -24.821  -12.799  -24.444 0.1428571492
77094  -26.522  -13.524  -24.971 0.1428571492
75248  -23.804  -15.011  -22.251 0.1428571492
76174  -22.656  -13.820  -22.122 0.1428571492
77083  -23.587  -12.882  -23.352 0.1428571492
83451  -27.443  -7.338  -28.327 0.1428571492
76184  -23.913  -13.758  -23.087 0.1428571492
77976  -24.541  -11.947  -24.726 0.1428571492
78874  -23.677  -10.877  -24.395 0.1428571492
77977  -25.275  -12.305  -25.046 0.1428571492
78880  -24.856  -10.921  -25.492 0.1428571492
76167  -23.093  -14.639  -21.857 0.1428571492
67618  -26.847  -23.569  -17.573 0.1428571492
72570  -27.875  -18.580  -20.674 0.4285714328
80691  -36.867  -9.598  -27.628 0.1428571492
82469  -35.451  -7.200  -24.392 0.1428571492
84440  -30.452  -4.987  -30.012 0.8571428657
85340  -30.210  -4.695  -30.528 0.5714285970
85343  -29.656  -4.269  -30.734 0.5714285970
86207  -26.579  -3.355  -29.497 0.1428571492
86211  -28.861  -3.668  -30.917 0.5714285970
86214  -29.993  -3.205  -31.222 0.5714285970
87017  -30.717  -2.697  -28.624 0.8571428657
87030  -26.191  -2.153  -29.132 0.1428571492
87032  -27.378  -3.084  -30.383 0.2857142985
87035  -30.663  -2.893  -30.966 0.5714285970
87037  -29.717  -2.437  -31.248 0.5714285970
87923  -23.020  -1.585  -27.841 0.1428571492
87929  -23.215  -0.779  -28.164 0.1428571492
87932  -25.515  -1.499  -28.740 0.1428571492
87935  -26.916  -1.672  -29.724 0.2857142985
88785  -23.345  -0.123  -28.378 0.1428571492
88786  -23.949  -0.294  -28.519 0.2857142985
88798  -29.442  -0.528  -31.736 0.8571428657
88799  -29.653  -0.549  -31.612 1.0000000000
89634  -22.215  1.170  -28.220 0.1428571492
89635  -22.821  0.611  -28.379 0.1428571492
89650  -29.450  0.158  -31.652 1.0000000000
90457  -30.869  1.271  -25.814 0.5714285970
90468  -19.781  1.668  -26.518 0.1428571492
90486  -21.760  1.762  -28.051 0.1428571492
90487  -30.404  1.321  -27.450 0.7142857313
90494  -22.828  1.798  -28.526 0.2857142985
90509  -29.185  0.927  -31.642 0.8571428657
91316  -21.917  3.015  -28.005 0.1428571492
91327  -22.426  2.374  -28.293 0.1428571492
92218  -30.023  3.161  -29.793 0.8571428657
92232  -27.939  3.247  -31.375 1.0000000000
92234  -29.176  3.658  -31.227 0.8571428657
93971  -26.912  5.669  -32.180 0.5714285970
93972  -27.482  5.432  -32.325 0.7142857313
94778  -30.212  6.619  -26.772 0.1428571492
94799  -26.113  7.009  -29.914 0.8571428657
95707  -25.463  7.738  -32.535 0.2857142985
95720  -25.432  8.145  -32.833 0.1428571492
96595  -25.150  8.221  -32.638 0.1428571492
97460  -24.928  9.377  -33.238 0.1428571492
98177  -23.922  10.754  -31.790 0.2857142985
100413  -22.625  14.606  -26.271 0.1428571492
101282  -21.706  14.609  -32.156 0.1428571492
101283  -23.166  15.130  -32.425 0.1428571492
101289  -21.807  15.224  -32.450 0.1428571492
102083  -22.239  16.181  -32.084 0.1428571492
136663  -30.919  -2.214  -30.050 0.8571428657
139739  -29.631  -1.099  -31.596 0.8571428657
141795  -30.184  -1.287  -30.990 0.8571428657
141797  -34.536  -3.092  -23.578 0.1428571492
142123  -24.833  -0.245  -28.564 0.2857142985
142172  -30.336  3.921  -26.230 0.5714285970
142251  -28.587  3.795  -31.647 0.8571428657
142339  -23.731  0.888  -28.582 0.2857142985
143335  -29.507  0.799  -31.544 1.0000000000
143454  -26.381  -0.608  -29.073 0.2857142985
151174  -24.210  10.082  -32.190 0.2857142985
152104  -24.762  9.985  -26.932 0.5714285970
153096  -27.725  6.369  -32.308 0.4285714328
153701  -27.414  -2.440  -30.444 0.1428571492
153738  -36.898  -10.770  -27.077 0.1428571492
154719  -35.213  -12.525  -21.495 0.1428571492
155313  -22.209  13.937  -29.800 0.2857142985
