#!ascii label  , from subject sub-v2s17x50028_ses-1 vox2ras=TkReg
1813
41121  13.817  -49.838  60.829 0.0000000000
65653  47.388  -26.074  31.980 0.0000000000
48766  31.629  -42.536  48.280 0.0000000000
152646  41.248  -41.619  50.654 0.0000000000
45451  24.218  -45.120  50.550 0.0000000000
133392  21.367  -46.489  60.537 0.0000000000
74675  54.864  -17.124  25.792 0.0000000000
70597  57.639  -21.678  33.900 0.0000000000
58357  41.256  -33.411  41.066 0.0000000000
78520  58.743  -14.115  19.462 0.0000000000
41198  32.258  -49.214  54.730 0.0000000000
44281  17.015  -46.695  61.020 0.0000000000
73688  56.024  -18.556  29.117 0.0000000000
71757  50.901  -20.267  28.659 0.0000000000
144245  49.081  -28.589  36.075 0.0000000000
63519  54.606  -28.543  34.509 0.0000000000
61444  44.371  -30.383  36.410 0.0000000000
51975  36.157  -39.178  43.591 0.0000000000
51875  35.205  -39.327  49.583 0.0000000000
43279  28.324  -47.657  56.585 0.0000000000
155913  27.941  -46.906  61.874 0.0000000000
43300  22.995  -47.227  56.009 0.0000000000
45362  17.889  -45.790  55.155 0.0000000000
44433  28.261  -46.314  49.326 0.0000000000
148619  61.571  -18.532  25.725 0.0000000000
74610  61.624  -17.280  30.289 0.0000000000
67593  52.304  -24.387  32.567 0.0000000000
62324  44.603  -28.955  42.759 0.0000000000
51934  43.730  -39.711  45.516 0.0000000000
73786  57.842  -17.891  21.721 0.0000000000
75643  63.203  -15.819  21.747 0.0000000000
77581  63.811  -14.080  19.277 0.0000000000
41144  31.470  -50.144  58.390 0.0000000000
42188  14.705  -48.589  61.026 0.0000000000
43172  16.514  -47.021  64.739 0.0000000000
155926  14.182  -48.585  64.812 0.0000000000
72771  50.120  -19.113  26.899 0.0000000000
62366  49.957  -29.311  39.282 0.0000000000
64524  52.799  -27.809  38.407 0.0000000000
35883  9.907  -54.499  66.469 0.0000000000
62465  43.520  -29.619  33.228 0.0000000000
51943  30.848  -39.426  45.636 0.0000000000
132380  32.696  -38.414  46.202 0.0000000000
50719  32.882  -40.411  48.867 0.0000000000
43327  26.657  -46.847  53.479 0.0000000000
43297  25.562  -47.428  55.546 0.0000000000
44369  23.813  -46.323  53.600 0.0000000000
44417  26.282  -46.220  50.301 0.0000000000
43325  28.294  -47.492  52.892 0.0000000000
43217  24.683  -46.985  61.006 0.0000000000
73720  58.101  -17.944  26.333 0.0000000000
74651  61.709  -17.428  27.842 0.0000000000
75603  58.487  -15.974  27.869 0.0000000000
71708  56.689  -20.253  31.745 0.0000000000
72711  59.263  -18.767  32.508 0.0000000000
139349  46.758  -23.845  30.593 0.0000000000
68612  49.124  -22.963  30.863 0.0000000000
67596  50.020  -24.943  32.144 0.0000000000
61407  39.461  -30.262  39.287 0.0000000000
63427  41.600  -29.375  39.624 0.0000000000
60434  42.507  -31.087  41.760 0.0000000000
50760  39.575  -40.860  47.429 0.0000000000
140678  40.125  -39.904  44.358 0.0000000000
144167  42.920  -42.050  48.035 0.0000000000
74701  53.409  -17.640  23.509 0.0000000000
158611  54.645  -16.612  21.742 0.0000000000
73765  56.646  -18.336  23.459 0.0000000000
158338  59.824  -19.046  23.610 0.0000000000
80425  62.560  -11.183  18.024 0.0000000000
133813  61.499  -13.772  18.495 0.0000000000
76570  63.764  -14.581  20.895 0.0000000000
75664  60.965  -16.360  19.310 0.0000000000
45412  31.670  -45.927  52.136 0.0000000000
46533  33.272  -44.029  52.038 0.0000000000
43293  33.734  -47.902  55.678 0.0000000000
133774  19.317  -46.456  61.198 0.0000000000
44224  21.538  -45.724  64.713 0.0000000000
139147  19.172  -46.447  64.063 0.0000000000
74678  52.392  -17.468  25.630 0.0000000000
74645  56.070  -16.723  27.547 0.0000000000
73708  52.632  -18.184  27.297 0.0000000000
72737  53.912  -19.721  29.345 0.0000000000
70634  54.191  -21.020  30.898 0.0000000000
64575  47.956  -28.064  33.156 0.0000000000
64572  50.808  -27.779  33.278 0.0000000000
63503  51.496  -28.653  35.468 0.0000000000
56250  39.371  -35.271  39.625 0.0000000000
50675  44.970  -41.093  51.651 0.0000000000
38971  12.702  -51.870  61.202 0.0000000000
40008  13.016  -50.298  65.551 0.0000000000
37961  11.712  -52.647  65.899 0.0000000000
65655  45.382  -26.860  31.668 0.0000000000
63542  46.183  -28.678  33.288 0.0000000000
133326  46.999  -29.567  36.150 0.0000000000
62369  47.314  -30.210  39.806 0.0000000000
52962  33.382  -38.173  43.132 0.0000000000
51925  35.795  -39.196  46.016 0.0000000000
50715  38.367  -40.200  49.689 0.0000000000
48702  35.075  -42.473  52.112 0.0000000000
137802  37.079  -40.340  52.959 0.0000000000
42214  29.945  -48.211  59.015 0.0000000000
42185  29.536  -48.684  61.218 0.0000000000
43247  27.727  -47.522  58.642 0.0000000000
43249  25.328  -47.896  58.773 0.0000000000
43252  22.588  -47.193  58.333 0.0000000000
134221  21.129  -45.879  53.072 0.0000000000
44338  20.514  -46.288  55.682 0.0000000000
44318  19.943  -46.184  58.044 0.0000000000
44307  17.553  -46.347  58.211 0.0000000000
146221  15.779  -47.831  58.362 0.0000000000
41151  14.392  -49.556  58.410 0.0000000000
48805  29.996  -42.084  45.723 0.0000000000
47703  28.569  -43.778  46.122 0.0000000000
46569  29.836  -44.913  49.176 0.0000000000
147738  30.165  -48.050  52.538 0.0000000000
42245  30.397  -48.931  55.950 0.0000000000
71750  63.411  -20.713  28.724 0.0000000000
138157  58.376  -16.796  29.676 0.0000000000
70671  48.118  -21.148  28.772 0.0000000000
69598  51.271  -22.313  30.905 0.0000000000
68591  54.915  -23.267  33.148 0.0000000000
147872  53.647  -26.313  33.526 0.0000000000
67577  55.409  -24.642  34.132 0.0000000000
62426  41.211  -29.820  36.371 0.0000000000
62372  44.505  -29.446  39.662 0.0000000000
63388  47.206  -28.556  42.070 0.0000000000
54048  39.960  -37.879  42.197 0.0000000000
56216  42.400  -35.680  42.998 0.0000000000
50731  45.418  -40.226  48.652 0.0000000000
54003  45.480  -37.428  45.720 0.0000000000
57210  44.565  -34.364  44.255 0.0000000000
60403  45.538  -31.768  44.578 0.0000000000
142099  47.409  -28.773  45.587 0.0000000000
140354  57.992  -16.253  20.227 0.0000000000
148110  60.020  -17.869  20.668 0.0000000000
73760  62.333  -18.396  23.442 0.0000000000
40077  32.218  -50.721  58.873 0.0000000000
41107  14.168  -49.209  61.206 0.0000000000
42182  14.547  -48.595  62.837 0.0000000000
41090  13.965  -49.273  62.756 0.0000000000
62347  50.371  -29.750  40.800 0.0000000000
63405  51.740  -28.890  40.752 0.0000000000
34905  8.960  -55.459  63.882 0.0000000000
49784  31.219  -40.992  46.548 0.0000000000
50764  32.016  -39.827  47.470 0.0000000000
48765  32.302  -42.110  48.646 0.0000000000
44383  25.153  -46.035  52.296 0.0000000000
44368  24.852  -46.484  53.510 0.0000000000
45413  23.974  -45.610  52.153 0.0000000000
45469  25.241  -45.494  49.084 0.0000000000
132478  25.659  -45.902  50.660 0.0000000000
44382  26.387  -46.464  51.911 0.0000000000
44266  22.986  -46.547  61.356 0.0000000000
44250  23.566  -45.958  63.050 0.0000000000
74666  57.120  -17.379  26.144 0.0000000000
74665  58.621  -17.157  26.908 0.0000000000
74655  57.085  -16.547  26.865 0.0000000000
71695  57.198  -20.579  32.526 0.0000000000
71694  58.187  -20.141  33.065 0.0000000000
67606  47.178  -24.941  31.375 0.0000000000
67605  48.001  -24.646  31.442 0.0000000000
66628  48.527  -25.172  31.843 0.0000000000
58374  39.837  -33.168  39.587 0.0000000000
60449  40.297  -31.557  39.945 0.0000000000
61396  41.265  -30.444  40.339 0.0000000000
140403  42.288  -31.998  41.698 0.0000000000
49731  39.948  -41.213  49.021 0.0000000000
49763  40.960  -41.481  47.595 0.0000000000
48731  41.949  -42.331  49.893 0.0000000000
74686  54.783  -17.745  24.917 0.0000000000
73754  54.904  -18.052  23.950 0.0000000000
73753  55.592  -18.055  24.597 0.0000000000
73752  57.295  -18.542  24.814 0.0000000000
78529  60.813  -13.393  18.085 0.0000000000
135132  59.980  -14.051  18.434 0.0000000000
77583  61.615  -14.436  18.883 0.0000000000
76582  59.724  -15.324  18.999 0.0000000000
42259  32.075  -48.247  53.703 0.0000000000
44348  32.808  -46.665  54.136 0.0000000000
42243  33.408  -48.656  55.254 0.0000000000
44280  17.751  -46.493  60.760 0.0000000000
155333  18.735  -46.539  62.521 0.0000000000
148033  17.966  -46.662  62.736 0.0000000000
44210  16.098  -46.911  66.449 0.0000000000
135381  17.666  -46.631  66.382 0.0000000000
74679  51.676  -17.592  25.460 0.0000000000
137821  52.590  -17.543  26.247 0.0000000000
73722  51.453  -18.187  26.491 0.0000000000
72753  50.417  -19.917  28.055 0.0000000000
72751  51.769  -19.707  28.384 0.0000000000
159520  52.395  -19.999  28.891 0.0000000000
71721  53.728  -20.644  30.323 0.0000000000
71722  52.913  -20.828  30.152 0.0000000000
63525  48.436  -28.642  34.482 0.0000000000
63524  49.898  -28.553  34.302 0.0000000000
63504  50.722  -28.558  35.693 0.0000000000
74690  51.750  -17.405  24.084 0.0000000000
37970  12.392  -52.441  63.618 0.0000000000
37971  11.890  -53.108  64.041 0.0000000000
64607  44.208  -27.663  31.618 0.0000000000
64590  45.641  -27.568  32.229 0.0000000000
139413  44.057  -28.423  32.194 0.0000000000
61473  43.989  -30.362  34.945 0.0000000000
62451  45.316  -29.829  34.506 0.0000000000
132374  45.814  -30.145  36.030 0.0000000000
135059  47.254  -30.072  38.317 0.0000000000
156633  46.129  -30.258  37.914 0.0000000000
54050  32.042  -37.490  42.986 0.0000000000
52904  33.817  -38.781  48.296 0.0000000000
52918  34.205  -38.687  46.636 0.0000000000
51908  35.658  -39.076  47.641 0.0000000000
51890  37.226  -39.759  47.890 0.0000000000
51874  36.048  -39.339  49.230 0.0000000000
46482  33.884  -44.554  54.403 0.0000000000
47641  34.477  -42.911  51.771 0.0000000000
47612  34.708  -43.730  53.741 0.0000000000
49643  36.809  -41.301  54.386 0.0000000000
51815  38.421  -39.529  53.375 0.0000000000
43262  29.168  -47.851  57.634 0.0000000000
43245  29.311  -47.787  58.581 0.0000000000
140324  27.864  -47.614  57.255 0.0000000000
43283  24.365  -47.576  56.408 0.0000000000
43266  25.464  -47.813  57.416 0.0000000000
43284  23.534  -47.503  56.755 0.0000000000
138176  23.738  -47.603  58.857 0.0000000000
154004  22.683  -47.236  56.704 0.0000000000
45433  21.294  -45.237  51.831 0.0000000000
45378  18.513  -45.399  54.166 0.0000000000
45377  19.334  -45.622  54.499 0.0000000000
45360  19.190  -45.778  55.451 0.0000000000
45349  19.659  -46.084  56.701 0.0000000000
149003  19.053  -45.980  56.859 0.0000000000
45336  18.372  -46.112  58.073 0.0000000000
45343  17.918  -46.087  57.187 0.0000000000
42215  15.323  -48.431  58.192 0.0000000000
50814  29.754  -40.347  44.194 0.0000000000
49807  29.394  -41.254  44.206 0.0000000000
45485  27.187  -45.656  48.037 0.0000000000
46591  28.259  -44.781  47.355 0.0000000000
46590  29.152  -44.371  47.625 0.0000000000
45468  28.865  -45.880  49.194 0.0000000000
44413  30.116  -46.505  50.643 0.0000000000
43354  28.952  -47.149  50.657 0.0000000000
43295  28.322  -47.585  55.016 0.0000000000
43294  29.261  -48.118  54.666 0.0000000000
42235  29.660  -48.378  56.323 0.0000000000
152295  30.098  -48.681  57.546 0.0000000000
43213  28.670  -47.363  61.066 0.0000000000
39999  12.371  -50.235  67.567 0.0000000000
41045  13.145  -48.722  67.714 0.0000000000
73715  62.536  -18.220  26.547 0.0000000000
73694  62.073  -17.354  28.820 0.0000000000
73704  63.037  -18.671  28.188 0.0000000000
151868  62.732  -18.711  29.437 0.0000000000
73683  62.330  -18.696  30.291 0.0000000000
141950  55.753  -17.373  28.176 0.0000000000
74643  57.263  -16.536  28.473 0.0000000000
73686  57.782  -17.648  29.762 0.0000000000
73651  61.011  -18.068  32.493 0.0000000000
68604  50.478  -23.604  31.580 0.0000000000
69599  50.397  -22.421  30.759 0.0000000000
68602  51.752  -22.891  31.489 0.0000000000
69586  53.419  -22.421  31.708 0.0000000000
68593  53.460  -23.552  32.547 0.0000000000
151327  52.804  -28.136  33.664 0.0000000000
65619  52.132  -26.840  33.166 0.0000000000
63535  53.932  -28.278  33.974 0.0000000000
62428  39.439  -29.109  36.390 0.0000000000
63393  43.203  -29.298  41.134 0.0000000000
63441  42.849  -29.085  39.308 0.0000000000
63409  44.139  -28.746  41.036 0.0000000000
63407  45.622  -28.718  41.306 0.0000000000
63378  45.680  -28.423  42.545 0.0000000000
52975  35.471  -38.679  42.186 0.0000000000
52974  36.420  -38.750  42.154 0.0000000000
51936  41.940  -40.035  45.078 0.0000000000
51971  40.029  -39.058  43.167 0.0000000000
52957  41.509  -38.422  43.552 0.0000000000
55132  40.990  -36.839  42.300 0.0000000000
151447  43.073  -37.923  44.401 0.0000000000
50696  45.030  -41.020  50.048 0.0000000000
134406  46.611  -36.563  46.922 0.0000000000
56169  44.823  -35.837  44.842 0.0000000000
57198  45.503  -34.489  45.058 0.0000000000
137825  45.048  -32.948  44.352 0.0000000000
144719  46.695  -33.644  45.977 0.0000000000
74725  55.665  -17.133  21.767 0.0000000000
156016  57.649  -16.965  20.698 0.0000000000
74730  59.383  -17.232  20.212 0.0000000000
73785  58.636  -18.002  21.579 0.0000000000
72779  61.101  -19.026  24.886 0.0000000000
72791  61.426  -18.915  23.178 0.0000000000
72784  61.861  -18.890  24.073 0.0000000000
73759  63.251  -18.047  23.975 0.0000000000
79468  63.277  -12.513  18.745 0.0000000000
76564  63.594  -15.176  21.357 0.0000000000
75641  64.178  -16.138  21.812 0.0000000000
75636  63.512  -16.338  22.250 0.0000000000
41175  31.798  -49.782  56.297 0.0000000000
41174  32.858  -49.877  56.097 0.0000000000
40091  32.680  -50.527  57.897 0.0000000000
137166  15.884  -47.410  60.888 0.0000000000
43195  16.277  -47.233  62.582 0.0000000000
43196  15.555  -47.720  62.393 0.0000000000
43174  15.145  -47.737  64.851 0.0000000000
43161  15.500  -47.006  67.045 0.0000000000
72772  49.191  -19.331  26.740 0.0000000000
157067  49.269  -20.355  28.218 0.0000000000
63462  49.622  -28.780  37.592 0.0000000000
147142  50.824  -28.307  37.062 0.0000000000
63439  51.359  -28.397  38.847 0.0000000000
64495  53.046  -27.841  40.140 0.0000000000
36903  10.934  -54.326  64.214 0.0000000000
34897  9.764  -55.208  63.679 0.0000000000
35890  9.353  -55.186  66.025 0.0000000000
63558  43.300  -28.794  32.232 0.0000000000
61475  42.496  -30.290  34.469 0.0000000000
54015  31.510  -37.823  44.798 0.0000000000
52921  31.733  -38.592  46.282 0.0000000000
51911  32.546  -39.280  47.965 0.0000000000
51877  33.930  -39.471  49.306 0.0000000000
138644  27.373  -47.419  55.153 0.0000000000
145633  27.015  -47.463  55.951 0.0000000000
43315  25.853  -47.186  54.724 0.0000000000
44351  24.440  -46.775  54.277 0.0000000000
44352  23.565  -46.727  54.486 0.0000000000
44339  17.373  -46.304  55.450 0.0000000000
45380  16.371  -46.092  53.951 0.0000000000
45486  26.394  -45.709  48.089 0.0000000000
44416  27.691  -46.683  50.019 0.0000000000
43355  28.306  -47.091  50.705 0.0000000000
44396  27.281  -46.861  51.734 0.0000000000
152953  27.339  -47.155  53.822 0.0000000000
43205  26.299  -46.848  61.565 0.0000000000
73718  60.141  -18.388  26.589 0.0000000000
73716  61.868  -17.879  27.048 0.0000000000
74664  59.647  -17.542  27.117 0.0000000000
74642  60.081  -16.215  28.100 0.0000000000
75593  59.838  -15.906  28.602 0.0000000000
72722  56.730  -19.175  30.435 0.0000000000
72721  57.696  -18.895  30.975 0.0000000000
72712  58.123  -19.195  31.865 0.0000000000
72691  60.031  -19.052  33.470 0.0000000000
69611  47.381  -22.337  29.761 0.0000000000
68614  47.613  -23.493  30.666 0.0000000000
139350  49.707  -23.877  31.538 0.0000000000
67594  51.522  -24.535  32.388 0.0000000000
63518  55.583  -28.324  34.529 0.0000000000
63446  38.727  -28.798  38.183 0.0000000000
63465  39.983  -28.865  38.129 0.0000000000
62374  40.384  -29.558  39.356 0.0000000000
62339  42.367  -29.915  40.897 0.0000000000
159615  43.759  -29.904  42.733 0.0000000000
51940  37.459  -39.704  45.469 0.0000000000
51953  38.749  -39.735  44.102 0.0000000000
50799  40.030  -40.583  45.770 0.0000000000
148534  41.452  -40.826  46.106 0.0000000000
50757  43.182  -41.117  46.802 0.0000000000
153965  52.508  -16.520  22.385 0.0000000000
76559  53.643  -15.890  21.809 0.0000000000
74715  53.694  -17.340  22.640 0.0000000000
74713  55.381  -17.579  22.340 0.0000000000
73777  56.820  -18.085  22.650 0.0000000000
73775  58.386  -18.316  22.264 0.0000000000
73763  58.219  -18.744  23.595 0.0000000000
73750  59.285  -19.023  24.942 0.0000000000
80426  60.149  -11.611  18.125 0.0000000000
78528  62.171  -12.748  18.568 0.0000000000
78527  62.944  -12.853  19.531 0.0000000000
77575  64.073  -14.439  19.982 0.0000000000
77576  62.919  -13.535  20.059 0.0000000000
76572  62.314  -15.300  20.529 0.0000000000
75663  61.671  -16.396  20.032 0.0000000000
46553  31.499  -44.427  50.529 0.0000000000
47658  32.710  -43.463  50.365 0.0000000000
46534  32.500  -44.388  51.640 0.0000000000
45392  33.003  -45.279  53.859 0.0000000000
155961  33.680  -45.946  56.055 0.0000000000
154198  20.795  -46.473  60.753 0.0000000000
149482  21.746  -46.332  62.263 0.0000000000
44253  20.424  -46.439  62.126 0.0000000000
132966  20.001  -46.308  63.981 0.0000000000
155817  17.787  -46.690  64.365 0.0000000000
44217  19.184  -46.324  65.918 0.0000000000
75619  53.728  -17.144  25.957 0.0000000000
75612  55.524  -16.759  26.641 0.0000000000
74668  53.953  -17.118  26.501 0.0000000000
139924  53.825  -17.292  27.069 0.0000000000
73697  54.916  -18.123  28.250 0.0000000000
73709  51.819  -18.494  27.162 0.0000000000
73699  53.091  -18.742  27.909 0.0000000000
139346  54.639  -19.495  29.378 0.0000000000
71719  55.448  -20.172  30.684 0.0000000000
71709  55.819  -20.563  31.411 0.0000000000
140149  55.999  -21.650  32.520 0.0000000000
64587  48.332  -27.375  32.680 0.0000000000
65638  48.675  -26.607  32.413 0.0000000000
64573  49.944  -27.827  33.219 0.0000000000
63538  51.277  -28.336  33.760 0.0000000000
63501  53.453  -28.837  35.060 0.0000000000
151950  52.562  -28.123  36.792 0.0000000000
158436  53.855  -28.172  36.504 0.0000000000
63482  54.597  -28.552  35.886 0.0000000000
57270  40.522  -34.448  40.591 0.0000000000
49697  42.914  -41.893  51.779 0.0000000000
76553  51.178  -15.774  22.850 0.0000000000
154897  52.100  -17.260  23.323 0.0000000000
74688  53.221  -17.615  24.538 0.0000000000
79461  58.755  -12.294  19.933 0.0000000000
159580  58.624  -12.939  20.436 0.0000000000
40043  13.133  -51.168  61.713 0.0000000000
40024  13.395  -50.121  63.805 0.0000000000
38960  12.855  -51.618  63.181 0.0000000000
38948  12.526  -51.799  65.080 0.0000000000
38942  11.426  -51.440  67.715 0.0000000000
36893  11.040  -53.219  66.327 0.0000000000
66641  45.462  -25.544  30.971 0.0000000000
65670  44.578  -25.723  30.568 0.0000000000
66631  45.834  -26.158  31.481 0.0000000000
64589  46.536  -27.459  32.467 0.0000000000
141363  47.204  -28.638  33.649 0.0000000000
132539  47.745  -28.967  34.972 0.0000000000
134008  44.959  -29.628  33.800 0.0000000000
62450  46.263  -29.547  34.699 0.0000000000
153467  48.374  -28.967  36.394 0.0000000000
62404  48.276  -29.306  37.279 0.0000000000
62367  49.161  -29.865  39.563 0.0000000000
62348  49.519  -29.992  41.062 0.0000000000
137732  34.146  -38.458  43.061 0.0000000000
52941  32.616  -38.072  44.702 0.0000000000
52939  34.474  -38.770  44.934 0.0000000000
51942  35.907  -39.244  45.183 0.0000000000
51906  37.157  -39.667  46.977 0.0000000000
139842  38.280  -40.323  48.812 0.0000000000
50697  40.007  -40.809  50.730 0.0000000000
48748  33.204  -42.178  49.679 0.0000000000
49717  34.255  -41.355  50.378 0.0000000000
50702  34.665  -40.479  50.337 0.0000000000
48670  35.831  -42.739  54.180 0.0000000000
49682  35.942  -41.284  52.351 0.0000000000
51844  35.958  -39.901  51.008 0.0000000000
51842  37.251  -39.616  51.587 0.0000000000
51840  38.885  -39.651  51.907 0.0000000000
50659  40.524  -40.156  52.436 0.0000000000
41129  30.772  -49.729  60.105 0.0000000000
42203  29.999  -48.360  59.903 0.0000000000
43212  29.209  -47.718  60.602 0.0000000000
136176  28.254  -47.268  60.463 0.0000000000
140912  26.920  -47.644  57.296 0.0000000000
43248  26.157  -47.817  58.946 0.0000000000
43231  26.509  -47.559  59.855 0.0000000000
138177  24.943  -47.573  60.171 0.0000000000
43234  23.381  -47.268  59.633 0.0000000000
44289  22.509  -46.828  59.756 0.0000000000
133306  22.157  -45.390  52.050 0.0000000000
45394  21.957  -46.020  53.231 0.0000000000
44371  22.192  -46.374  54.074 0.0000000000
154978  19.555  -45.344  52.996 0.0000000000
45375  20.796  -46.173  54.417 0.0000000000
44337  21.695  -46.696  55.636 0.0000000000
44326  21.418  -46.670  56.373 0.0000000000
44303  21.283  -46.564  58.441 0.0000000000
154842  20.887  -46.458  60.071 0.0000000000
143998  19.209  -46.250  59.563 0.0000000000
44293  18.345  -46.240  59.439 0.0000000000
44295  17.011  -46.562  59.716 0.0000000000
44328  16.655  -46.980  57.029 0.0000000000
44320  16.773  -46.807  57.964 0.0000000000
43236  16.379  -47.004  59.469 0.0000000000
42204  15.333  -48.072  59.580 0.0000000000
42194  14.822  -48.675  59.981 0.0000000000
41137  13.873  -49.990  59.871 0.0000000000
40068  13.404  -50.717  59.322 0.0000000000
38983  12.536  -51.897  60.240 0.0000000000
51957  29.877  -39.119  44.166 0.0000000000
50801  30.575  -40.387  45.446 0.0000000000
48778  30.629  -42.669  47.174 0.0000000000
47720  29.059  -43.234  45.814 0.0000000000
47690  30.251  -43.384  47.522 0.0000000000
47673  30.897  -43.924  49.100 0.0000000000
45447  31.097  -45.168  50.850 0.0000000000
44380  30.865  -47.119  51.800 0.0000000000
42260  31.265  -48.522  53.546 0.0000000000
43324  29.185  -47.895  52.780 0.0000000000
42255  29.943  -48.447  53.918 0.0000000000
41189  31.215  -49.392  55.641 0.0000000000
41176  30.912  -49.396  56.542 0.0000000000
41145  30.847  -49.694  58.996 0.0000000000
41067  13.593  -49.556  64.448 0.0000000000
42141  14.144  -48.051  66.348 0.0000000000
142644  62.801  -18.366  27.364 0.0000000000
75605  56.672  -16.512  27.216 0.0000000000
75582  58.583  -16.088  29.105 0.0000000000
74631  60.238  -16.382  30.037 0.0000000000
73670  59.220  -17.804  31.244 0.0000000000
74593  61.074  -17.599  31.698 0.0000000000
73668  61.515  -17.897  31.305 0.0000000000
71774  48.060  -20.306  27.697 0.0000000000
71739  49.387  -20.790  28.789 0.0000000000
69610  48.250  -22.081  29.859 0.0000000000
70650  49.547  -21.374  29.528 0.0000000000
70648  51.221  -21.347  30.004 0.0000000000
70624  52.996  -21.944  31.159 0.0000000000
70610  54.657  -21.895  31.901 0.0000000000
69572  56.472  -22.152  33.257 0.0000000000
65636  50.558  -26.482  32.749 0.0000000000
66596  51.941  -25.825  32.978 0.0000000000
66595  52.698  -25.117  33.057 0.0000000000
64567  55.172  -27.346  33.919 0.0000000000
66593  54.065  -25.488  33.659 0.0000000000
67578  54.479  -24.580  33.628 0.0000000000
141534  55.147  -23.917  33.655 0.0000000000
68568  57.074  -23.374  34.712 0.0000000000
61463  40.950  -30.176  35.122 0.0000000000
61446  42.700  -30.181  36.303 0.0000000000
62390  41.889  -29.340  38.200 0.0000000000
132332  42.870  -29.673  37.834 0.0000000000
62408  44.392  -30.123  37.862 0.0000000000
142443  45.974  -30.086  39.223 0.0000000000
62350  47.368  -29.893  40.692 0.0000000000
62323  49.101  -29.087  42.206 0.0000000000
51984  38.544  -39.039  42.923 0.0000000000
55155  39.511  -36.355  40.565 0.0000000000
56231  40.748  -35.479  41.261 0.0000000000
57253  41.722  -34.451  41.803 0.0000000000
48729  43.887  -42.090  50.243 0.0000000000
49743  44.367  -41.646  48.709 0.0000000000
50777  44.765  -40.530  46.856 0.0000000000
52911  45.986  -38.932  47.095 0.0000000000
160111  44.423  -38.301  45.218 0.0000000000
55107  44.369  -36.527  44.709 0.0000000000
56204  43.580  -35.549  43.853 0.0000000000
57240  42.891  -33.972  42.908 0.0000000000
59339  43.858  -32.457  43.341 0.0000000000
60414  44.594  -31.316  43.713 0.0000000000
61373  45.230  -29.863  44.048 0.0000000000
60386  47.149  -31.752  46.249 0.0000000000
61358  46.378  -30.242  45.201 0.0000000000
62305  45.712  -28.999  44.033 0.0000000000
64440  46.806  -28.204  44.008 0.0000000000
78517  57.913  -13.876  20.776 0.0000000000
77579  58.784  -15.092  19.457 0.0000000000
75666  59.293  -15.932  19.450 0.0000000000
74743  60.913  -17.075  19.794 0.0000000000
74720  61.993  -17.204  21.515 0.0000000000
73774  59.862  -18.613  22.202 0.0000000000
73782  61.542  -18.118  21.822 0.0000000000
74710  62.371  -17.442  22.385 0.0000000000
74698  63.487  -17.491  23.231 0.0000000000
40046  31.156  -50.636  60.601 0.0000000000
38989  32.072  -51.318  60.099 0.0000000000
41108  13.829  -49.671  61.829 0.0000000000
62332  50.419  -29.606  41.653 0.0000000000
62346  51.118  -29.397  41.212 0.0000000000
48777  31.299  -42.236  47.549 0.0000000000
49748  31.897  -41.767  47.952 0.0000000000
48750  32.008  -42.862  48.973 0.0000000000
44398  24.699  -45.719  51.910 0.0000000000
45430  24.090  -45.337  51.465 0.0000000000
45429  24.900  -45.551  51.070 0.0000000000
136431  25.534  -46.020  51.609 0.0000000000
44277  22.165  -46.533  60.688 0.0000000000
139026  23.018  -46.329  62.179 0.0000000000
44267  22.299  -46.388  61.710 0.0000000000
74674  56.276  -17.442  25.777 0.0000000000
139107  56.450  -16.838  26.375 0.0000000000
74667  55.679  -16.905  26.192 0.0000000000
70608  56.864  -21.320  32.903 0.0000000000
70607  57.776  -20.842  33.395 0.0000000000
70596  58.401  -21.018  34.187 0.0000000000
153869  47.049  -25.567  31.636 0.0000000000
66629  47.719  -25.386  31.719 0.0000000000
66619  48.181  -25.950  32.104 0.0000000000
58373  40.428  -33.045  40.145 0.0000000000
59401  40.082  -32.404  39.789 0.0000000000
59390  40.683  -32.239  40.266 0.0000000000
148668  41.287  -32.060  40.725 0.0000000000
59378  41.667  -32.711  41.250 0.0000000000
49715  40.621  -41.396  50.274 0.0000000000
49730  40.703  -41.633  49.323 0.0000000000
49713  41.865  -42.066  50.518 0.0000000000
73738  55.526  -17.577  25.423 0.0000000000
160209  56.132  -17.979  25.139 0.0000000000
153521  59.198  -13.713  18.804 0.0000000000
77585  60.139  -14.785  18.655 0.0000000000
77578  59.356  -14.547  18.903 0.0000000000
42252  32.466  -48.687  54.287 0.0000000000
154451  32.675  -48.079  54.098 0.0000000000
42244  32.881  -48.941  54.738 0.0000000000
160189  17.186  -46.562  60.376 0.0000000000
44271  17.603  -46.642  61.522 0.0000000000
44255  17.521  -46.729  62.195 0.0000000000
74680  50.321  -17.694  25.105 0.0000000000
158450  51.024  -17.841  25.747 0.0000000000
72752  51.010  -19.696  28.068 0.0000000000
142329  51.791  -20.384  29.134 0.0000000000
71736  52.590  -20.415  29.477 0.0000000000
70647  51.974  -21.009  29.893 0.0000000000
63505  49.306  -28.639  35.073 0.0000000000
140207  49.894  -28.515  35.957 0.0000000000
37977  11.876  -53.160  63.043 0.0000000000
64620  43.108  -27.181  30.747 0.0000000000
64608  43.476  -27.580  31.240 0.0000000000
63572  43.415  -28.166  31.696 0.0000000000
61459  44.226  -30.400  35.721 0.0000000000
62440  44.795  -30.239  35.130 0.0000000000
61458  45.062  -30.343  36.027 0.0000000000
139367  46.220  -30.177  37.230 0.0000000000
61429  44.837  -30.378  36.951 0.0000000000
51893  34.387  -38.982  48.993 0.0000000000
51909  34.665  -38.814  48.096 0.0000000000
51892  35.349  -39.057  48.688 0.0000000000
46465  34.241  -44.479  55.232 0.0000000000
47597  34.502  -44.037  54.439 0.0000000000
47584  34.840  -43.898  55.083 0.0000000000
134408  29.075  -47.903  56.789 0.0000000000
152007  28.602  -47.694  57.240 0.0000000000
43299  23.820  -47.379  55.850 0.0000000000
43268  23.683  -47.619  57.565 0.0000000000
149167  17.998  -45.503  54.483 0.0000000000
45361  18.539  -45.603  54.966 0.0000000000
149517  18.484  -45.785  55.789 0.0000000000
45350  19.077  -45.895  56.244 0.0000000000
45351  18.515  -45.928  56.596 0.0000000000
45352  17.923  -45.949  56.131 0.0000000000
44448  27.708  -45.947  48.655 0.0000000000
45503  27.966  -45.414  48.039 0.0000000000
45484  28.442  -45.679  48.694 0.0000000000
44432  29.061  -46.309  49.715 0.0000000000
44414  29.362  -46.743  50.341 0.0000000000
44415  28.596  -46.773  50.118 0.0000000000
43278  28.941  -47.884  55.805 0.0000000000
135399  28.282  -47.145  61.643 0.0000000000
41042  11.987  -49.847  68.543 0.0000000000
41041  12.290  -49.120  69.221 0.0000000000
137174  62.043  -18.159  26.073 0.0000000000
73732  62.586  -18.274  25.563 0.0000000000
74629  61.652  -16.955  29.299 0.0000000000
73684  62.202  -17.763  29.656 0.0000000000
72733  62.722  -19.661  29.843 0.0000000000
73696  55.688  -18.227  28.625 0.0000000000
73695  56.335  -17.832  28.740 0.0000000000
73687  56.779  -18.360  29.540 0.0000000000
68594  51.850  -23.749  32.014 0.0000000000
68603  51.183  -23.437  31.664 0.0000000000
138940  52.701  -23.697  32.303 0.0000000000
69576  53.073  -23.056  32.038 0.0000000000
63520  53.682  -28.659  34.506 0.0000000000
64569  53.258  -27.901  33.608 0.0000000000
63487  39.072  -28.649  37.196 0.0000000000
63380  44.169  -28.865  42.142 0.0000000000
63392  43.803  -28.927  41.478 0.0000000000
63391  44.497  -28.675  41.729 0.0000000000
63390  45.232  -28.483  41.890 0.0000000000
63379  44.941  -28.646  42.376 0.0000000000
52959  35.946  -38.976  42.912 0.0000000000
51974  36.633  -39.161  43.165 0.0000000000
51935  42.709  -39.922  45.268 0.0000000000
151981  42.291  -39.526  44.739 0.0000000000
136490  42.965  -39.099  44.853 0.0000000000
54031  42.134  -37.839  43.764 0.0000000000
52926  43.804  -38.680  45.041 0.0000000000
55065  46.958  -36.401  47.810 0.0000000000
133568  46.318  -35.088  46.034 0.0000000000
56152  46.816  -35.009  46.669 0.0000000000
57197  46.114  -34.323  45.585 0.0000000000
57185  47.152  -34.221  46.700 0.0000000000
74711  57.036  -17.765  21.908 0.0000000000
74724  56.489  -17.176  21.441 0.0000000000
74723  57.336  -17.406  21.248 0.0000000000
75645  56.995  -16.891  20.974 0.0000000000
74722  58.131  -17.544  21.044 0.0000000000
73749  62.181  -18.443  25.038 0.0000000000
78526  63.524  -13.215  19.230 0.0000000000
78539  63.441  -12.839  18.539 0.0000000000
143457  63.603  -13.454  18.788 0.0000000000
77595  63.461  -14.099  18.351 0.0000000000
75642  63.815  -15.820  21.803 0.0000000000
75635  63.870  -16.296  22.199 0.0000000000
41160  31.415  -49.849  57.334 0.0000000000
40103  32.326  -50.155  57.039 0.0000000000
40092  31.988  -50.315  57.857 0.0000000000
42193  15.275  -47.981  60.496 0.0000000000
43207  16.019  -47.331  61.736 0.0000000000
42187  15.289  -47.921  61.488 0.0000000000
42174  14.691  -48.344  63.523 0.0000000000
43182  15.136  -47.903  63.883 0.0000000000
132624  15.299  -47.427  65.932 0.0000000000
134628  14.463  -48.129  65.452 0.0000000000
72763  48.615  -19.806  27.255 0.0000000000
72762  49.629  -19.829  27.611 0.0000000000
62384  49.779  -28.981  38.339 0.0000000000
63440  50.547  -28.715  38.611 0.0000000000
142892  10.060  -54.788  62.916 0.0000000000
34890  8.810  -55.569  65.451 0.0000000000
34885  8.337  -55.449  66.625 0.0000000000
141976  30.735  -38.705  45.279 0.0000000000
136842  30.975  -38.074  45.262 0.0000000000
52931  31.209  -38.584  45.761 0.0000000000
50763  32.448  -40.179  48.187 0.0000000000
140673  32.266  -39.042  47.409 0.0000000000
50738  32.947  -39.495  48.569 0.0000000000
50737  33.339  -39.703  49.043 0.0000000000
43314  26.780  -47.195  54.414 0.0000000000
43296  26.453  -47.397  55.320 0.0000000000
44349  26.064  -46.946  54.045 0.0000000000
44418  25.856  -45.928  49.759 0.0000000000
44435  26.129  -45.898  48.878 0.0000000000
138604  26.757  -46.287  49.605 0.0000000000
132849  26.908  -46.519  50.497 0.0000000000
137282  27.540  -46.892  50.905 0.0000000000
157987  26.884  -46.589  51.233 0.0000000000
148326  26.139  -46.492  52.786 0.0000000000
44381  26.972  -46.767  52.581 0.0000000000
43206  25.400  -46.706  61.764 0.0000000000
73719  59.105  -18.269  26.503 0.0000000000
74654  58.057  -16.403  27.301 0.0000000000
74653  59.185  -16.404  27.629 0.0000000000
75602  59.288  -15.861  28.077 0.0000000000
71718  56.263  -19.902  30.992 0.0000000000
72713  57.152  -19.576  31.344 0.0000000000
71707  57.606  -19.858  32.207 0.0000000000
71693  59.367  -19.695  33.745 0.0000000000
68615  46.042  -23.533  30.178 0.0000000000
69603  46.902  -23.025  30.160 0.0000000000
67604  48.924  -24.359  31.569 0.0000000000
67603  49.654  -24.486  31.807 0.0000000000
67602  50.276  -24.285  31.869 0.0000000000
67595  50.756  -24.775  32.278 0.0000000000
62392  38.336  -29.161  38.309 0.0000000000
62391  39.124  -29.067  38.721 0.0000000000
63429  39.899  -29.143  39.005 0.0000000000
62375  39.640  -29.500  39.165 0.0000000000
60435  42.069  -31.142  41.287 0.0000000000
61390  41.918  -30.401  40.809 0.0000000000
61389  42.439  -30.393  41.382 0.0000000000
62338  42.920  -29.701  41.420 0.0000000000
61381  43.384  -30.638  42.606 0.0000000000
50782  38.550  -40.238  46.429 0.0000000000
50800  39.131  -40.268  45.750 0.0000000000
50781  39.315  -40.580  46.544 0.0000000000
49762  42.061  -41.802  47.678 0.0000000000
49783  41.674  -41.270  46.921 0.0000000000
146956  42.419  -41.363  47.029 0.0000000000
50779  42.334  -40.943  46.395 0.0000000000
49761  43.509  -41.623  47.552 0.0000000000
74716  52.755  -17.226  22.863 0.0000000000
75638  53.213  -16.650  22.194 0.0000000000
73766  55.771  -18.214  23.709 0.0000000000
74699  55.115  -17.940  23.059 0.0000000000
73778  55.968  -18.037  22.856 0.0000000000
73764  57.473  -18.415  23.173 0.0000000000
139730  57.378  -18.620  24.019 0.0000000000
73736  57.651  -18.375  25.561 0.0000000000
73751  58.197  -18.822  24.653 0.0000000000
73735  58.631  -18.664  25.677 0.0000000000
73734  59.665  -18.835  25.819 0.0000000000
78540  61.259  -12.499  17.931 0.0000000000
77582  62.284  -13.555  19.175 0.0000000000
76591  60.928  -15.386  18.829 0.0000000000
77577  61.939  -14.928  19.566 0.0000000000
76580  61.601  -15.770  19.539 0.0000000000
45427  31.414  -45.551  51.486 0.0000000000
46535  31.785  -44.754  51.235 0.0000000000
45426  32.014  -45.110  51.957 0.0000000000
44347  33.176  -46.720  54.862 0.0000000000
45374  32.711  -45.954  53.858 0.0000000000
45358  33.381  -45.917  55.338 0.0000000000
44334  33.614  -46.846  55.721 0.0000000000
134558  20.128  -46.473  60.920 0.0000000000
44269  20.633  -46.461  61.412 0.0000000000
147355  20.016  -46.471  61.547 0.0000000000
44238  19.365  -46.455  63.155 0.0000000000
44216  20.345  -45.995  65.734 0.0000000000
44226  19.731  -46.211  64.945 0.0000000000
43188  16.480  -47.133  63.325 0.0000000000
44241  17.039  -46.906  63.972 0.0000000000
74677  53.128  -17.370  25.464 0.0000000000
74669  53.162  -17.310  26.123 0.0000000000
74658  53.108  -17.484  26.762 0.0000000000
73707  53.454  -17.899  27.446 0.0000000000
73706  54.279  -17.599  27.576 0.0000000000
73724  49.680  -18.727  26.205 0.0000000000
73723  50.582  -18.466  26.331 0.0000000000
73710  50.993  -18.788  27.024 0.0000000000
72750  52.689  -19.437  28.440 0.0000000000
72759  52.221  -18.943  27.811 0.0000000000
72749  53.531  -19.268  28.568 0.0000000000
72748  54.397  -19.089  28.722 0.0000000000
72723  55.177  -19.682  29.910 0.0000000000
72724  54.452  -19.896  29.801 0.0000000000
71720  54.563  -20.344  30.387 0.0000000000
71710  54.976  -20.763  31.135 0.0000000000
70622  55.372  -21.314  31.833 0.0000000000
64574  49.028  -27.827  33.082 0.0000000000
155034  50.977  -28.731  34.991 0.0000000000
63523  50.746  -28.616  34.335 0.0000000000
63522  51.677  -28.684  34.537 0.0000000000
63521  52.752  -28.732  34.608 0.0000000000
136012  52.189  -28.739  35.215 0.0000000000
63438  51.981  -28.111  38.135 0.0000000000
141687  51.788  -28.156  37.102 0.0000000000
64539  52.628  -27.935  37.529 0.0000000000
159108  53.989  -27.623  37.266 0.0000000000
63458  54.732  -27.855  36.771 0.0000000000
63481  55.741  -28.338  36.187 0.0000000000
57283  39.530  -34.457  39.482 0.0000000000
157355  39.588  -33.778  39.383 0.0000000000
56249  39.933  -34.824  40.117 0.0000000000
75629  50.880  -16.531  23.215 0.0000000000
149988  51.449  -16.444  22.804 0.0000000000
74703  51.478  -17.059  23.278 0.0000000000
155095  51.846  -17.458  24.998 0.0000000000
74689  52.430  -17.482  24.774 0.0000000000
74676  53.990  -17.358  25.366 0.0000000000
155550  13.100  -51.136  62.499 0.0000000000
38963  12.807  -51.820  62.148 0.0000000000
37963  12.289  -52.414  64.542 0.0000000000
38949  12.224  -51.896  65.838 0.0000000000
38946  12.320  -51.355  66.381 0.0000000000
145802  11.750  -51.888  66.704 0.0000000000
36899  10.872  -54.243  65.031 0.0000000000
138144  10.661  -53.993  65.936 0.0000000000
66640  45.891  -24.915  30.848 0.0000000000
67617  45.110  -24.845  30.416 0.0000000000
152476  44.311  -26.431  30.831 0.0000000000
157478  44.073  -26.096  30.502 0.0000000000
65669  45.034  -26.272  31.152 0.0000000000
65641  46.153  -26.799  32.007 0.0000000000
63556  45.463  -28.403  32.695 0.0000000000
63555  46.155  -28.061  32.702 0.0000000000
144563  47.697  -28.755  34.254 0.0000000000
62449  47.093  -29.082  34.463 0.0000000000
135478  43.183  -29.315  32.691 0.0000000000
62480  43.863  -29.091  32.709 0.0000000000
62464  44.400  -29.459  33.288 0.0000000000
62438  46.355  -29.790  35.657 0.0000000000
62437  47.031  -29.337  35.303 0.0000000000
152183  47.638  -29.426  36.683 0.0000000000
134308  48.073  -29.756  38.139 0.0000000000
141031  47.737  -30.117  39.018 0.0000000000
144203  49.033  -30.104  40.379 0.0000000000
62368  48.265  -30.213  39.883 0.0000000000
52977  33.654  -38.218  42.344 0.0000000000
54006  32.198  -38.125  45.554 0.0000000000
52929  33.092  -38.343  45.407 0.0000000000
52917  35.050  -38.896  46.295 0.0000000000
52928  34.405  -38.731  45.772 0.0000000000
52927  35.151  -38.998  45.463 0.0000000000
52938  35.249  -39.042  44.598 0.0000000000
51924  36.554  -39.442  45.747 0.0000000000
51907  36.410  -39.384  46.619 0.0000000000
50716  37.620  -39.893  49.309 0.0000000000
157133  37.646  -39.970  48.562 0.0000000000
50714  39.145  -40.735  49.170 0.0000000000
50698  39.121  -40.415  50.314 0.0000000000
47643  32.994  -43.753  51.159 0.0000000000
48734  33.070  -42.841  49.939 0.0000000000
47657  33.432  -43.120  50.658 0.0000000000
48717  34.130  -42.645  51.047 0.0000000000
48716  34.792  -42.176  51.402 0.0000000000
49701  35.011  -41.118  51.089 0.0000000000
145082  37.015  -40.615  53.499 0.0000000000
49661  36.641  -41.217  53.597 0.0000000000
49681  36.589  -40.829  52.818 0.0000000000
50681  35.782  -40.427  51.333 0.0000000000
50680  36.391  -40.142  51.645 0.0000000000
51843  36.563  -39.799  51.316 0.0000000000
51827  36.878  -39.869  52.035 0.0000000000
51825  38.242  -39.472  52.570 0.0000000000
50660  39.718  -39.883  52.119 0.0000000000
42213  30.353  -48.963  59.501 0.0000000000
42202  30.218  -48.985  60.394 0.0000000000
43246  28.671  -47.493  59.096 0.0000000000
144013  29.465  -47.807  59.736 0.0000000000
43229  28.803  -47.414  60.125 0.0000000000
153986  28.020  -47.375  59.596 0.0000000000
43281  26.176  -47.568  56.139 0.0000000000
140911  26.109  -47.692  56.927 0.0000000000
134736  24.963  -47.903  58.058 0.0000000000
134401  25.792  -47.897  58.160 0.0000000000
43232  25.615  -47.747  59.568 0.0000000000
43216  25.930  -47.427  60.482 0.0000000000
159891  24.913  -47.813  59.341 0.0000000000
43251  23.305  -47.506  58.220 0.0000000000
43235  22.902  -47.230  58.956 0.0000000000
44290  21.999  -46.773  58.954 0.0000000000
144809  20.923  -45.592  52.459 0.0000000000
45415  21.654  -45.678  52.524 0.0000000000
45395  21.363  -46.167  53.822 0.0000000000
46520  19.378  -44.945  52.299 0.0000000000
45416  18.844  -45.072  52.954 0.0000000000
45376  20.109  -46.052  55.067 0.0000000000
158723  20.142  -45.894  54.276 0.0000000000
44355  21.081  -46.422  55.140 0.0000000000
154585  21.053  -46.509  55.843 0.0000000000
44317  20.216  -46.262  57.277 0.0000000000
44304  20.474  -46.333  58.699 0.0000000000
44291  21.078  -46.455  59.289 0.0000000000
44292  20.180  -46.351  59.600 0.0000000000
44305  19.635  -46.198  58.808 0.0000000000
134570  18.121  -46.193  58.744 0.0000000000
44294  17.595  -46.362  59.164 0.0000000000
44340  16.695  -46.883  55.511 0.0000000000
139337  17.208  -46.506  56.422 0.0000000000
43270  16.113  -47.505  57.607 0.0000000000
43253  16.299  -47.204  58.591 0.0000000000
43237  15.856  -47.612  59.158 0.0000000000
139643  15.445  -48.136  58.852 0.0000000000
42216  14.802  -49.021  57.888 0.0000000000
42205  14.924  -48.746  58.912 0.0000000000
41136  14.407  -49.426  59.417 0.0000000000
144629  12.678  -51.244  58.810 0.0000000000
140249  12.943  -51.316  59.775 0.0000000000
50802  30.076  -40.801  44.806 0.0000000000
49798  30.319  -41.270  45.490 0.0000000000
49785  30.599  -41.602  46.161 0.0000000000
48791  30.317  -42.382  46.451 0.0000000000
47721  28.358  -43.347  45.243 0.0000000000
48806  29.245  -42.579  45.251 0.0000000000
46580  29.632  -44.526  48.410 0.0000000000
47691  29.566  -43.735  47.179 0.0000000000
47683  29.839  -43.979  47.794 0.0000000000
47682  30.455  -43.774  48.324 0.0000000000
46579  30.280  -44.346  48.898 0.0000000000
46554  30.790  -44.833  50.188 0.0000000000
45466  30.116  -45.248  49.819 0.0000000000
43341  30.266  -47.533  51.745 0.0000000000
44395  30.502  -46.874  51.267 0.0000000000
43333  30.890  -47.652  52.267 0.0000000000
42266  30.996  -48.169  52.876 0.0000000000
43335  28.630  -47.564  52.046 0.0000000000
42246  29.834  -48.478  55.404 0.0000000000
138294  30.093  -48.591  54.623 0.0000000000
137552  30.624  -48.987  55.066 0.0000000000
42223  30.328  -48.959  58.350 0.0000000000
41112  30.004  -49.033  60.857 0.0000000000
152015  21.577  -46.002  63.798 0.0000000000
44236  22.054  -46.114  63.254 0.0000000000
45307  22.300  -45.717  64.160 0.0000000000
40017  13.232  -50.281  64.623 0.0000000000
158348  13.411  -49.706  65.123 0.0000000000
42130  13.640  -47.892  68.469 0.0000000000
42142  13.763  -48.126  67.213 0.0000000000
43150  14.383  -47.360  68.211 0.0000000000
43138  14.727  -47.275  69.023 0.0000000000
74663  61.213  -17.464  27.487 0.0000000000
73705  62.215  -17.877  27.501 0.0000000000
72747  63.131  -19.586  29.010 0.0000000000
74656  55.337  -16.771  27.061 0.0000000000
75606  55.974  -16.599  27.013 0.0000000000
74633  57.784  -16.604  29.081 0.0000000000
75581  59.493  -15.990  29.238 0.0000000000
74632  59.192  -16.477  29.956 0.0000000000
73653  58.657  -18.500  31.552 0.0000000000
73671  58.250  -18.191  30.626 0.0000000000
73669  60.258  -17.692  31.746 0.0000000000
157622  61.608  -18.421  31.711 0.0000000000
73667  61.799  -18.575  31.121 0.0000000000
71759  47.526  -20.869  28.274 0.0000000000
71758  48.566  -20.703  28.367 0.0000000000
71740  48.764  -21.192  29.050 0.0000000000
69602  47.885  -22.770  30.302 0.0000000000
69601  48.739  -22.581  30.418 0.0000000000
70638  49.998  -21.889  30.214 0.0000000000
70637  50.840  -21.814  30.386 0.0000000000
70649  50.498  -21.353  29.792 0.0000000000
70636  51.657  -21.672  30.482 0.0000000000
141607  52.508  -21.479  30.578 0.0000000000
69597  52.134  -22.143  31.032 0.0000000000
69575  53.813  -22.887  32.250 0.0000000000
69585  54.088  -22.312  31.934 0.0000000000
69574  54.643  -22.629  32.490 0.0000000000
70609  55.332  -22.046  32.401 0.0000000000
69573  55.558  -22.643  33.042 0.0000000000
64585  50.303  -27.194  32.892 0.0000000000
65637  49.677  -26.487  32.557 0.0000000000
65618  53.075  -27.060  33.408 0.0000000000
158577  51.607  -26.424  32.994 0.0000000000
66594  52.798  -26.113  33.249 0.0000000000
66615  51.937  -25.007  32.780 0.0000000000
151861  53.353  -25.548  33.375 0.0000000000
66575  55.864  -25.450  34.410 0.0000000000
65616  55.534  -26.386  34.153 0.0000000000
66592  54.935  -25.461  34.017 0.0000000000
62441  40.712  -29.908  35.743 0.0000000000
61462  41.477  -30.166  35.542 0.0000000000
61447  41.945  -30.160  36.040 0.0000000000
63444  40.277  -29.019  38.802 0.0000000000
63464  40.858  -29.101  38.219 0.0000000000
63443  41.176  -29.136  38.989 0.0000000000
62373  43.659  -29.221  39.442 0.0000000000
139577  42.618  -29.311  38.601 0.0000000000
62389  43.476  -29.583  38.493 0.0000000000
62409  43.607  -29.972  37.634 0.0000000000
62388  44.365  -29.762  38.817 0.0000000000
144114  45.155  -29.934  39.080 0.0000000000
62371  45.368  -29.669  39.877 0.0000000000
63389  46.192  -28.571  41.807 0.0000000000
62351  46.361  -29.221  40.962 0.0000000000
62336  47.013  -29.161  41.372 0.0000000000
62335  47.860  -29.502  41.457 0.0000000000
63387  48.229  -28.896  42.040 0.0000000000
153536  39.445  -39.900  44.439 0.0000000000
51972  38.238  -39.367  43.421 0.0000000000
51952  39.680  -39.614  43.773 0.0000000000
52970  40.369  -38.372  42.751 0.0000000000
52971  39.600  -38.584  42.545 0.0000000000
54061  38.934  -37.664  41.273 0.0000000000
54073  39.230  -37.041  40.902 0.0000000000
55145  39.904  -36.707  41.250 0.0000000000
55131  41.725  -36.471  42.744 0.0000000000
55143  41.290  -36.180  42.151 0.0000000000
56217  41.758  -35.651  42.335 0.0000000000
57242  41.639  -35.104  41.960 0.0000000000
49696  44.028  -41.864  51.465 0.0000000000
48715  43.190  -42.323  50.743 0.0000000000
50712  45.449  -40.280  49.800 0.0000000000
50713  44.940  -41.003  49.169 0.0000000000
50755  44.666  -40.961  47.476 0.0000000000
50754  45.208  -40.437  47.598 0.0000000000
52910  46.329  -37.852  47.111 0.0000000000
140527  46.178  -38.270  47.794 0.0000000000
135904  45.830  -38.203  46.323 0.0000000000
52916  45.381  -39.095  46.213 0.0000000000
52925  45.102  -38.297  45.648 0.0000000000
54004  44.596  -37.465  45.142 0.0000000000
56185  44.635  -35.100  44.506 0.0000000000
140760  44.201  -35.718  44.335 0.0000000000
56203  44.082  -34.939  44.015 0.0000000000
157563  43.135  -34.360  43.222 0.0000000000
139676  43.463  -33.974  43.350 0.0000000000
58306  43.332  -33.230  43.105 0.0000000000
58305  43.965  -33.366  43.559 0.0000000000
59327  45.458  -32.404  44.589 0.0000000000
60404  44.979  -32.044  44.133 0.0000000000
61374  44.710  -30.275  43.646 0.0000000000
146794  45.247  -30.951  44.252 0.0000000000
58254  48.186  -33.011  47.391 0.0000000000
59303  48.301  -32.116  47.500 0.0000000000
61357  46.921  -30.279  45.828 0.0000000000
62298  46.850  -29.415  45.420 0.0000000000
149432  46.320  -29.261  44.763 0.0000000000
63339  46.910  -28.650  44.941 0.0000000000
63363  46.231  -28.446  43.666 0.0000000000
156610  47.033  -28.267  44.494 0.0000000000
78511  58.341  -13.043  21.163 0.0000000000
75637  54.114  -16.791  21.951 0.0000000000
75649  54.447  -16.100  21.608 0.0000000000
76573  58.075  -15.301  20.085 0.0000000000
152494  58.580  -15.827  19.799 0.0000000000
74744  60.175  -17.360  20.037 0.0000000000
74729  60.760  -17.566  20.301 0.0000000000
74728  61.522  -17.124  20.550 0.0000000000
137830  61.143  -17.885  20.935 0.0000000000
133487  59.084  -18.780  22.926 0.0000000000
156690  59.066  -18.399  22.090 0.0000000000
73761  60.306  -18.950  22.987 0.0000000000
73773  60.944  -18.701  22.330 0.0000000000
73772  61.943  -18.368  22.649 0.0000000000
158415  62.623  -17.766  23.000 0.0000000000
74709  63.106  -17.041  22.826 0.0000000000
73771  62.982  -17.751  23.494 0.0000000000
80440  61.891  -10.424  17.547 0.0000000000
80424  62.917  -11.387  18.210 0.0000000000
77569  63.793  -14.098  20.343 0.0000000000
41128  31.461  -50.417  59.549 0.0000000000
158319  14.820  -48.376  61.667 0.0000000000
151546  14.421  -48.847  61.939 0.0000000000
42175  14.212  -48.807  63.561 0.0000000000
139742  50.388  -29.461  40.020 0.0000000000
63423  50.804  -28.896  39.484 0.0000000000
63406  51.007  -29.158  40.344 0.0000000000
50785  31.044  -40.171  46.096 0.0000000000
50784  31.513  -39.980  46.751 0.0000000000
154895  31.671  -40.654  47.137 0.0000000000
49764  32.034  -40.885  47.704 0.0000000000
49747  32.417  -41.185  48.417 0.0000000000
142564  25.342  -46.297  52.858 0.0000000000
44367  25.732  -46.623  53.480 0.0000000000
141550  24.474  -46.025  52.732 0.0000000000
44384  23.466  -45.822  52.733 0.0000000000
44397  26.275  -46.280  51.047 0.0000000000
153873  25.698  -46.261  52.298 0.0000000000
44275  23.820  -46.740  61.160 0.0000000000
151215  24.569  -46.548  61.940 0.0000000000
44265  23.723  -46.391  62.096 0.0000000000
44234  23.748  -45.493  63.927 0.0000000000
138822  57.757  -16.945  26.697 0.0000000000
71680  58.800  -20.384  33.980 0.0000000000
67615  46.592  -24.578  30.964 0.0000000000
67614  47.401  -24.220  31.036 0.0000000000
66627  49.305  -25.025  31.995 0.0000000000
60450  39.744  -31.744  39.474 0.0000000000
61406  39.914  -30.860  39.649 0.0000000000
61397  40.532  -30.619  40.004 0.0000000000
60443  40.923  -31.356  40.352 0.0000000000
60442  41.534  -31.185  40.775 0.0000000000
50734  39.684  -41.029  48.338 0.0000000000
50733  40.176  -41.235  47.799 0.0000000000
49746  40.430  -41.482  48.418 0.0000000000
49745  41.328  -41.869  48.457 0.0000000000
48764  42.266  -42.233  48.581 0.0000000000
74687  54.064  -17.803  24.258 0.0000000000
74700  54.270  -17.781  23.276 0.0000000000
140593  56.505  -18.349  24.447 0.0000000000
73737  56.803  -18.126  25.354 0.0000000000
78530  59.814  -13.196  18.372 0.0000000000
77584  60.825  -14.381  18.424 0.0000000000
44366  31.864  -46.964  52.891 0.0000000000
44378  31.970  -46.216  52.780 0.0000000000
43322  32.531  -47.453  53.796 0.0000000000
43310  32.966  -47.497  54.395 0.0000000000
43309  33.386  -47.676  55.033 0.0000000000
44279  18.626  -46.351  60.366 0.0000000000
151701  18.835  -46.517  61.825 0.0000000000
44270  18.385  -46.494  61.278 0.0000000000
44239  18.563  -46.566  63.346 0.0000000000
44219  16.767  -46.828  65.855 0.0000000000
74670  51.908  -17.695  26.059 0.0000000000
73721  52.264  -17.884  26.660 0.0000000000
72761  50.597  -19.423  27.530 0.0000000000
72760  51.394  -19.154  27.668 0.0000000000
72738  53.086  -19.884  29.068 0.0000000000
71734  54.006  -20.191  29.922 0.0000000000
71735  53.378  -20.307  29.706 0.0000000000
70635  53.378  -21.286  30.736 0.0000000000
63541  48.695  -28.323  33.646 0.0000000000
63540  49.529  -28.254  33.637 0.0000000000
139368  49.169  -28.507  34.194 0.0000000000
136011  50.254  -28.673  35.031 0.0000000000
64538  53.398  -27.613  37.788 0.0000000000
135331  51.112  -17.436  24.838 0.0000000000
37981  12.318  -52.511  61.636 0.0000000000
37976  12.412  -52.481  62.619 0.0000000000
37964  11.854  -52.968  64.972 0.0000000000
65657  43.900  -27.049  31.025 0.0000000000
65656  44.642  -26.949  31.346 0.0000000000
64606  44.954  -27.411  31.807 0.0000000000
64591  44.846  -28.036  32.193 0.0000000000
135076  43.958  -29.903  33.797 0.0000000000
154639  44.460  -29.780  33.776 0.0000000000
62439  45.603  -29.993  35.344 0.0000000000
62423  46.335  -29.990  36.451 0.0000000000
153414  46.924  -29.855  36.950 0.0000000000
62406  46.762  -30.081  37.727 0.0000000000
62386  46.456  -30.220  38.473 0.0000000000
54034  32.746  -37.885  43.287 0.0000000000
52919  33.261  -38.579  46.989 0.0000000000
136327  33.582  -38.537  46.061 0.0000000000
133226  34.014  -38.673  47.532 0.0000000000
52912  34.893  -38.848  47.162 0.0000000000
142455  35.666  -39.114  46.795 0.0000000000
149601  36.490  -39.408  47.408 0.0000000000
51891  36.303  -39.337  48.280 0.0000000000
139744  36.937  -39.630  48.850 0.0000000000
51873  36.744  -39.583  49.859 0.0000000000
46519  33.567  -44.258  53.005 0.0000000000
47642  33.737  -43.390  51.489 0.0000000000
46518  34.246  -43.844  53.187 0.0000000000
47625  34.743  -43.439  53.022 0.0000000000
47624  35.251  -42.804  52.809 0.0000000000
50628  37.309  -40.602  54.142 0.0000000000
51816  37.757  -39.690  53.093 0.0000000000
144012  29.760  -48.227  58.045 0.0000000000
43263  28.429  -47.604  58.022 0.0000000000
152796  27.516  -47.600  57.872 0.0000000000
43298  24.681  -47.426  55.703 0.0000000000
43282  25.264  -47.652  56.485 0.0000000000
43267  24.500  -47.730  57.252 0.0000000000
43250  24.558  -47.827  58.733 0.0000000000
138685  24.141  -47.757  58.098 0.0000000000
43269  22.805  -47.339  57.521 0.0000000000
45434  20.302  -45.167  52.131 0.0000000000
45397  19.094  -45.317  53.648 0.0000000000
45359  19.819  -46.046  55.943 0.0000000000
152099  19.447  -46.096  57.396 0.0000000000
45335  19.158  -46.115  58.083 0.0000000000
45342  18.730  -46.027  57.369 0.0000000000
155230  15.596  -48.088  57.710 0.0000000000
50828  29.292  -40.635  43.674 0.0000000000
49799  29.724  -41.699  44.989 0.0000000000
46592  27.625  -44.854  46.852 0.0000000000
47692  28.827  -44.105  46.875 0.0000000000
46581  28.755  -45.018  48.165 0.0000000000
45483  29.148  -45.283  48.850 0.0000000000
45467  29.461  -45.635  49.453 0.0000000000
45449  29.763  -46.028  50.055 0.0000000000
43342  29.657  -47.250  51.049 0.0000000000
43312  28.528  -47.693  54.155 0.0000000000
149900  28.640  -47.723  53.445 0.0000000000
42234  30.201  -48.826  56.814 0.0000000000
42224  29.630  -48.292  57.191 0.0000000000
40003  12.666  -50.569  66.538 0.0000000000
41050  13.029  -49.827  66.311 0.0000000000
140090  12.843  -49.659  67.119 0.0000000000
42131  12.957  -48.454  68.887 0.0000000000
74640  61.631  -17.013  28.472 0.0000000000
74639  62.106  -17.540  28.197 0.0000000000
73693  62.553  -18.003  28.694 0.0000000000
159333  62.923  -18.683  28.839 0.0000000000
71728  62.518  -20.410  29.828 0.0000000000
74646  55.117  -17.137  27.616 0.0000000000
74644  56.549  -16.859  28.303 0.0000000000
74634  57.058  -17.263  29.000 0.0000000000
73634  60.611  -18.540  33.044 0.0000000000
73652  59.813  -18.173  32.151 0.0000000000
70672  47.542  -21.427  28.938 0.0000000000
145770  49.874  -23.110  31.130 0.0000000000
69600  49.551  -22.489  30.586 0.0000000000
69588  50.816  -22.931  31.294 0.0000000000
69587  52.632  -22.605  31.538 0.0000000000
68592  54.203  -23.371  32.790 0.0000000000
64571  51.716  -27.723  33.355 0.0000000000
65620  51.189  -26.956  33.013 0.0000000000
64570  52.551  -27.707  33.445 0.0000000000
153220  56.225  -24.692  34.609 0.0000000000
132688  40.028  -29.655  35.821 0.0000000000
62427  40.334  -29.501  36.417 0.0000000000
63411  42.815  -29.283  40.440 0.0000000000
63426  42.391  -29.151  39.846 0.0000000000
63410  43.462  -29.004  40.774 0.0000000000
63424  43.859  -28.962  40.279 0.0000000000
62353  44.694  -29.004  40.446 0.0000000000
62352  45.547  -29.174  40.643 0.0000000000
63408  44.886  -28.639  41.218 0.0000000000
138538  46.396  -28.320  42.559 0.0000000000
51951  40.893  -39.815  44.366 0.0000000000
135485  40.476  -39.455  43.765 0.0000000000
51970  41.243  -39.172  43.927 0.0000000000
52958  40.785  -38.785  43.333 0.0000000000
54033  41.033  -38.047  43.038 0.0000000000
54059  40.298  -37.137  41.905 0.0000000000
54032  41.591  -37.756  43.284 0.0000000000
55124  41.936  -37.140  43.304 0.0000000000
55123  42.600  -37.064  43.790 0.0000000000
49712  44.704  -41.486  50.671 0.0000000000
50695  45.516  -40.542  50.824 0.0000000000
51872  45.738  -39.467  49.504 0.0000000000
53998  46.154  -37.214  46.421 0.0000000000
55092  45.755  -36.580  45.809 0.0000000000
55091  46.004  -35.810  45.919 0.0000000000
56168  45.199  -35.169  44.981 0.0000000000
57209  45.006  -34.588  44.663 0.0000000000
58292  44.539  -33.573  44.051 0.0000000000
58278  45.734  -33.867  45.089 0.0000000000
59318  45.699  -33.087  44.913 0.0000000000
137657  46.340  -32.867  45.472 0.0000000000
75648  55.181  -16.461  21.565 0.0000000000
75647  55.903  -16.618  21.395 0.0000000000
75654  57.158  -16.297  20.687 0.0000000000
75653  58.915  -16.517  19.924 0.0000000000
74731  58.477  -17.072  20.435 0.0000000000
74721  58.988  -17.683  20.869 0.0000000000
73784  59.474  -18.182  21.475 0.0000000000
72785  60.035  -19.170  24.403 0.0000000000
72788  60.792  -19.158  23.842 0.0000000000
132645  62.692  -18.324  24.138 0.0000000000
79469  63.055  -12.139  18.750 0.0000000000
80423  63.141  -11.967  18.435 0.0000000000
76571  63.136  -14.660  20.991 0.0000000000
76569  64.186  -15.357  21.170 0.0000000000
75651  64.460  -16.419  21.028 0.0000000000
41188  32.086  -49.558  55.424 0.0000000000
40102  33.199  -50.202  57.083 0.0000000000
153475  16.427  -46.996  61.186 0.0000000000
44272  16.828  -46.893  61.872 0.0000000000
43189  15.794  -47.557  63.339 0.0000000000
43190  15.083  -48.043  63.025 0.0000000000
43181  15.787  -47.480  64.328 0.0000000000
43173  15.909  -47.230  65.334 0.0000000000
134466  49.969  -20.334  28.415 0.0000000000
156921  49.509  -28.565  36.485 0.0000000000
63486  49.962  -28.489  36.895 0.0000000000
63461  50.310  -28.558  37.746 0.0000000000
63460  51.137  -28.326  37.924 0.0000000000
63421  52.164  -28.066  39.044 0.0000000000
63422  51.667  -28.509  39.810 0.0000000000
64509  52.971  -27.786  39.280 0.0000000000
36910  10.700  -54.338  62.746 0.0000000000
35904  10.563  -54.672  63.556 0.0000000000
35889  10.212  -54.810  65.521 0.0000000000
34898  9.316  -55.522  64.500 0.0000000000
35896  9.643  -55.383  65.144 0.0000000000
35884  8.981  -54.896  67.081 0.0000000000
62452  43.095  -30.070  33.902 0.0000000000
61474  43.197  -30.347  34.742 0.0000000000
61460  43.375  -30.373  35.551 0.0000000000
52930  31.591  -38.159  45.676 0.0000000000
132301  32.075  -38.318  46.132 0.0000000000
51926  31.802  -39.108  46.921 0.0000000000
52920  32.339  -38.633  46.833 0.0000000000
154073  33.383  -38.701  47.764 0.0000000000
51894  33.567  -39.082  48.792 0.0000000000
51876  34.531  -39.447  49.576 0.0000000000
143125  27.920  -47.534  55.858 0.0000000000
43280  27.450  -47.567  56.595 0.0000000000
44350  25.316  -46.861  54.150 0.0000000000
43316  24.983  -47.172  54.894 0.0000000000
43317  24.110  -47.112  55.062 0.0000000000
44335  23.270  -47.019  55.247 0.0000000000
136401  17.779  -45.288  53.688 0.0000000000
158398  17.377  -46.141  54.863 0.0000000000
44356  16.772  -46.525  54.701 0.0000000000
44449  26.925  -46.039  48.723 0.0000000000
44434  27.467  -46.296  49.238 0.0000000000
43344  28.080  -47.261  51.443 0.0000000000
43336  27.799  -47.186  52.306 0.0000000000
43326  27.522  -47.086  53.141 0.0000000000
140575  28.012  -47.381  53.649 0.0000000000
43313  27.733  -47.360  54.379 0.0000000000
73733  60.673  -18.789  25.831 0.0000000000
73717  61.250  -18.154  26.616 0.0000000000
158130  60.554  -17.722  27.146 0.0000000000
143816  60.314  -16.953  27.638 0.0000000000
74652  61.009  -16.832  28.071 0.0000000000
74641  60.851  -16.395  28.771 0.0000000000
74630  61.059  -16.543  29.784 0.0000000000
72735  55.997  -19.123  29.703 0.0000000000
72692  58.699  -19.433  32.800 0.0000000000
69612  46.544  -22.419  29.556 0.0000000000
68613  48.443  -23.200  30.778 0.0000000000
68606  48.233  -23.890  31.137 0.0000000000
68605  49.042  -23.534  31.212 0.0000000000
68595  51.013  -24.059  31.957 0.0000000000
63500  55.381  -28.670  35.187 0.0000000000
63467  38.402  -28.589  37.515 0.0000000000
63466  39.197  -28.652  37.875 0.0000000000
63445  39.459  -28.928  38.519 0.0000000000
63428  40.782  -29.426  39.288 0.0000000000
62356  40.899  -29.813  39.844 0.0000000000
62355  41.841  -29.829  40.256 0.0000000000
63412  42.107  -29.463  40.074 0.0000000000
62354  42.607  -29.611  40.664 0.0000000000
62337  43.552  -29.223  41.831 0.0000000000
62325  43.919  -29.244  42.451 0.0000000000
51955  36.741  -39.351  43.918 0.0000000000
51954  37.625  -39.593  44.286 0.0000000000
136143  38.208  -39.833  44.918 0.0000000000
51939  38.928  -39.979  44.995 0.0000000000
51938  39.683  -40.183  45.035 0.0000000000
50780  40.121  -40.858  46.646 0.0000000000
155118  40.672  -40.801  46.151 0.0000000000
50798  40.900  -40.557  45.536 0.0000000000
50797  42.184  -40.495  45.665 0.0000000000
50796  43.039  -40.484  45.958 0.0000000000
50778  43.964  -40.518  46.341 0.0000000000
74714  54.553  -17.464  22.483 0.0000000000
154497  54.897  -17.050  21.929 0.0000000000
74712  56.210  -17.659  22.132 0.0000000000
73776  57.615  -18.168  22.430 0.0000000000
155919  58.154  -18.480  22.883 0.0000000000
73762  59.081  -19.013  23.997 0.0000000000
156881  60.162  -19.094  25.186 0.0000000000
79485  61.210  -11.597  17.747 0.0000000000
79471  60.450  -12.497  18.066 0.0000000000
79484  62.055  -11.929  18.108 0.0000000000
152632  62.952  -12.358  19.073 0.0000000000
79460  63.136  -12.708  19.209 0.0000000000
78519  63.345  -13.419  19.870 0.0000000000
77570  63.349  -14.061  20.505 0.0000000000
159573  62.306  -14.145  19.614 0.0000000000
76579  62.688  -14.341  20.365 0.0000000000
75652  62.890  -15.334  21.275 0.0000000000
75644  62.333  -16.179  21.174 0.0000000000
47672  31.629  -43.508  49.385 0.0000000000
47659  31.941  -43.768  50.110 0.0000000000
139879  32.704  -44.765  52.552 0.0000000000
45393  32.528  -45.560  53.217 0.0000000000
46501  33.037  -44.852  53.304 0.0000000000
152073  33.376  -45.037  54.317 0.0000000000
46483  33.558  -45.114  54.946 0.0000000000
41186  33.433  -49.306  55.806 0.0000000000
42233  33.902  -48.677  56.208 0.0000000000
42222  34.201  -48.150  56.984 0.0000000000
43277  33.939  -47.542  56.453 0.0000000000
45431  23.574  -44.991  51.099 0.0000000000
44252  21.054  -46.416  61.958 0.0000000000
141575  21.123  -46.302  62.873 0.0000000000
138897  20.854  -46.146  63.882 0.0000000000
135216  19.557  -46.479  62.172 0.0000000000
44237  20.217  -46.385  63.006 0.0000000000
45294  21.084  -45.760  65.389 0.0000000000
44256  17.092  -46.842  62.878 0.0000000000
44240  17.792  -46.717  63.559 0.0000000000
141884  18.426  -46.573  64.185 0.0000000000
149361  17.458  -46.700  65.170 0.0000000000
44228  18.336  -46.509  65.067 0.0000000000
44227  18.969  -46.393  64.847 0.0000000000
75617  55.058  -16.878  26.273 0.0000000000
75618  54.408  -17.001  26.101 0.0000000000
75613  54.824  -16.893  26.572 0.0000000000
74657  54.523  -16.992  27.076 0.0000000000
73698  53.954  -18.501  28.049 0.0000000000
72736  55.293  -18.983  29.041 0.0000000000
138607  55.907  -19.626  30.348 0.0000000000
70621  56.280  -20.932  32.151 0.0000000000
65639  47.817  -26.710  32.346 0.0000000000
64586  49.066  -27.199  32.667 0.0000000000
156404  49.604  -27.369  32.845 0.0000000000
63539  50.376  -28.292  33.698 0.0000000000
63537  52.275  -28.359  33.839 0.0000000000
152309  50.526  -28.431  36.392 0.0000000000
63485  51.254  -28.394  36.303 0.0000000000
63484  52.169  -28.449  36.071 0.0000000000
149485  53.050  -28.365  36.274 0.0000000000
63483  53.670  -28.630  35.701 0.0000000000
135758  54.237  -28.817  35.102 0.0000000000
58390  39.308  -33.282  38.989 0.0000000000
58358  40.750  -33.653  40.604 0.0000000000
49698  41.777  -41.569  51.358 0.0000000000
137447  43.683  -41.614  52.386 0.0000000000
76561  51.926  -15.970  22.435 0.0000000000
75639  51.994  -16.811  22.741 0.0000000000
74702  52.576  -17.535  23.791 0.0000000000
78531  58.744  -13.162  19.531 0.0000000000
78516  58.424  -13.601  20.258 0.0000000000
40042  13.480  -50.492  61.302 0.0000000000
142854  13.439  -50.408  62.288 0.0000000000
40030  13.240  -50.686  63.132 0.0000000000
40025  13.086  -50.931  63.978 0.0000000000
38953  12.702  -51.726  64.219 0.0000000000
38945  12.637  -51.189  65.705 0.0000000000
40000  11.736  -50.651  68.094 0.0000000000
36909  11.308  -53.931  63.493 0.0000000000
36902  11.433  -53.701  64.544 0.0000000000
37958  11.286  -52.579  66.696 0.0000000000
38943  10.648  -51.708  68.291 0.0000000000
146880  10.370  -51.356  69.191 0.0000000000
67616  45.930  -24.278  30.526 0.0000000000
66630  46.364  -25.385  31.312 0.0000000000
65654  46.627  -26.115  31.771 0.0000000000
65640  46.974  -26.751  32.233 0.0000000000
64588  47.419  -27.444  32.625 0.0000000000
63554  46.914  -28.076  32.972 0.0000000000
132420  47.998  -28.491  33.795 0.0000000000
63506  48.439  -28.785  35.481 0.0000000000
63557  44.657  -28.777  32.703 0.0000000000
63543  45.256  -29.079  33.249 0.0000000000
62463  45.767  -29.371  33.863 0.0000000000
63526  46.522  -29.115  33.944 0.0000000000
63463  49.103  -28.789  36.971 0.0000000000
62385  48.959  -29.234  37.997 0.0000000000
142313  49.294  -29.437  38.799 0.0000000000
141637  48.594  -29.806  38.869 0.0000000000
136406  49.748  -29.872  40.211 0.0000000000
52991  33.944  -38.256  41.375 0.0000000000
52976  34.545  -38.487  42.231 0.0000000000
52960  35.484  -39.025  43.707 0.0000000000
54036  31.319  -37.461  43.816 0.0000000000
54035  32.212  -37.801  43.924 0.0000000000
52963  33.072  -38.131  43.873 0.0000000000
138072  33.851  -38.570  45.329 0.0000000000
52940  33.640  -38.425  44.547 0.0000000000
135433  33.759  -38.380  43.706 0.0000000000
52961  34.541  -38.694  43.936 0.0000000000
51956  36.027  -39.238  44.327 0.0000000000
51941  36.703  -39.456  44.842 0.0000000000
50783  37.801  -39.905  46.429 0.0000000000
156496  38.195  -40.165  46.848 0.0000000000
50736  38.070  -40.245  47.987 0.0000000000
50735  38.870  -40.654  48.168 0.0000000000
49716  39.894  -41.070  49.813 0.0000000000
47671  32.379  -43.175  49.651 0.0000000000
48749  32.663  -42.487  49.329 0.0000000000
49733  32.927  -41.511  49.178 0.0000000000
48733  33.728  -42.278  50.288 0.0000000000
49732  33.599  -41.475  49.805 0.0000000000
50703  34.070  -40.752  49.965 0.0000000000
50717  34.278  -39.982  49.812 0.0000000000
51860  34.902  -39.749  50.116 0.0000000000
47611  35.283  -43.203  53.595 0.0000000000
48701  35.658  -42.102  52.562 0.0000000000
49662  36.156  -41.642  53.093 0.0000000000
49700  35.406  -41.729  51.836 0.0000000000
159845  35.669  -40.983  51.712 0.0000000000
50701  35.332  -40.176  50.695 0.0000000000
51859  35.577  -39.683  50.347 0.0000000000
147357  35.921  -39.471  49.950 0.0000000000
51857  37.000  -39.599  50.790 0.0000000000
50700  37.645  -39.774  50.170 0.0000000000
51826  37.512  -39.634  52.348 0.0000000000
51841  38.031  -39.516  51.764 0.0000000000
50699  38.337  -39.954  50.436 0.0000000000
50678  39.442  -40.192  51.284 0.0000000000
50677  40.262  -40.505  51.590 0.0000000000
49699  40.818  -41.129  51.094 0.0000000000
42192  29.694  -48.306  60.612 0.0000000000
43214  27.964  -47.042  61.210 0.0000000000
43265  26.188  -47.792  57.603 0.0000000000
43264  26.741  -47.717  58.232 0.0000000000
133209  27.077  -47.572  59.215 0.0000000000
43230  27.469  -47.341  60.186 0.0000000000
43215  26.942  -47.160  60.849 0.0000000000
152744  25.435  -47.147  60.965 0.0000000000
43233  24.232  -47.641  59.503 0.0000000000
43218  24.003  -47.264  60.313 0.0000000000
44276  23.108  -46.821  60.452 0.0000000000
45414  23.112  -45.287  51.834 0.0000000000
44385  22.538  -45.722  52.627 0.0000000000
44370  22.842  -46.098  53.390 0.0000000000
145992  23.023  -46.443  54.055 0.0000000000
44353  22.737  -46.680  54.701 0.0000000000
44336  22.468  -46.875  55.437 0.0000000000
157882  19.891  -45.285  52.582 0.0000000000
152395  20.313  -45.605  52.917 0.0000000000
133572  19.844  -45.637  53.677 0.0000000000
45396  20.601  -45.931  53.698 0.0000000000
155929  21.477  -46.379  54.470 0.0000000000
44354  21.938  -46.612  54.899 0.0000000000
43285  22.205  -46.945  56.193 0.0000000000
44315  21.965  -46.863  57.085 0.0000000000
44302  22.007  -46.892  58.008 0.0000000000
44327  20.527  -46.354  56.421 0.0000000000
149186  21.409  -46.653  57.713 0.0000000000
133334  21.643  -46.585  59.889 0.0000000000
134744  20.330  -46.444  60.332 0.0000000000
44278  19.637  -46.390  60.332 0.0000000000
44306  18.809  -46.154  58.790 0.0000000000
153981  17.734  -46.366  59.976 0.0000000000
44319  17.236  -46.491  57.383 0.0000000000
44308  16.908  -46.650  58.870 0.0000000000
43219  16.510  -46.902  60.388 0.0000000000
43220  15.856  -47.462  60.007 0.0000000000
41120  14.288  -49.275  60.397 0.0000000000
41152  13.877  -50.105  58.889 0.0000000000
40055  13.480  -50.631  60.318 0.0000000000
40056  13.077  -51.244  60.770 0.0000000000
38007  11.844  -52.308  59.820 0.0000000000
37992  12.120  -52.466  60.690 0.0000000000
145178  11.611  -53.043  61.122 0.0000000000
52942  30.407  -38.370  44.677 0.0000000000
153446  29.848  -39.765  44.187 0.0000000000
50813  30.289  -39.624  44.787 0.0000000000
155588  30.762  -40.904  45.936 0.0000000000
49766  30.964  -41.909  46.836 0.0000000000
134867  29.163  -42.036  44.550 0.0000000000
48792  29.659  -42.821  46.079 0.0000000000
47702  29.295  -43.474  46.470 0.0000000000
47701  29.979  -43.100  46.795 0.0000000000
48767  30.922  -42.964  47.928 0.0000000000
47681  31.267  -43.255  48.664 0.0000000000
46567  31.204  -44.141  49.821 0.0000000000
45448  30.454  -45.633  50.424 0.0000000000
44394  31.125  -46.412  51.649 0.0000000000
44379  31.452  -46.870  52.285 0.0000000000
43332  31.486  -47.589  52.759 0.0000000000
153416  31.576  -48.058  53.199 0.0000000000
42253  31.704  -48.894  54.169 0.0000000000
43343  28.856  -47.422  51.244 0.0000000000
43334  29.475  -47.685  51.861 0.0000000000
43311  29.239  -48.038  53.687 0.0000000000
42262  29.807  -48.257  53.215 0.0000000000
42261  30.486  -48.415  53.362 0.0000000000
42254  30.780  -48.799  54.197 0.0000000000
41199  31.430  -49.213  54.845 0.0000000000
41161  30.600  -49.279  57.415 0.0000000000
149624  30.890  -49.652  58.057 0.0000000000
44251  22.601  -46.201  62.696 0.0000000000
44235  22.928  -45.722  63.634 0.0000000000
139315  13.547  -49.927  63.017 0.0000000000
41076  13.761  -49.418  63.646 0.0000000000
42163  13.799  -48.904  65.208 0.0000000000
41060  13.399  -49.443  65.824 0.0000000000
42152  13.728  -48.672  66.147 0.0000000000
159953  14.004  -48.429  65.760 0.0000000000
43162  14.776  -47.531  66.583 0.0000000000
139240  14.962  -47.118  67.637 0.0000000000
75611  56.230  -16.654  26.740 0.0000000000
75604  57.570  -16.305  27.544 0.0000000000
75596  57.031  -16.401  27.838 0.0000000000
75595  57.946  -16.049  28.274 0.0000000000
75594  58.921  -15.820  28.448 0.0000000000
75580  60.321  -16.124  29.291 0.0000000000
73672  57.433  -18.501  30.243 0.0000000000
73685  58.723  -17.313  30.402 0.0000000000
74612  59.977  -16.997  30.961 0.0000000000
74611  61.065  -17.004  30.766 0.0000000000
148999  61.879  -18.014  30.582 0.0000000000
155667  48.823  -20.183  27.841 0.0000000000
71738  50.228  -20.811  29.128 0.0000000000
153372  47.669  -21.843  29.417 0.0000000000
70651  48.189  -21.547  29.270 0.0000000000
70639  49.139  -21.976  30.075 0.0000000000
71737  51.103  -20.858  29.449 0.0000000000
70623  53.897  -21.726  31.409 0.0000000000
142494  54.614  -21.338  31.431 0.0000000000
155905  55.833  -22.139  32.760 0.0000000000
66618  49.007  -25.772  32.239 0.0000000000
66617  50.451  -25.647  32.514 0.0000000000
65635  51.172  -26.100  32.819 0.0000000000
66616  51.292  -25.298  32.649 0.0000000000
63534  54.854  -28.113  34.001 0.0000000000
64568  54.070  -27.393  33.667 0.0000000000
65617  54.550  -26.384  33.811 0.0000000000
67579  53.576  -24.820  33.318 0.0000000000
67592  53.103  -24.269  32.811 0.0000000000
68582  53.869  -24.047  33.100 0.0000000000
158674  54.507  -23.823  33.279 0.0000000000
67561  56.080  -23.868  34.268 0.0000000000
68581  55.579  -23.329  33.563 0.0000000000
68580  56.311  -22.992  33.803 0.0000000000
69563  57.261  -22.555  34.280 0.0000000000
152524  58.169  -22.176  34.876 0.0000000000
61476  41.628  -30.273  34.644 0.0000000000
61461  42.409  -30.313  35.322 0.0000000000
61445  43.662  -30.334  36.340 0.0000000000
62412  39.891  -28.982  37.237 0.0000000000
134969  40.683  -29.405  36.961 0.0000000000
62411  41.359  -29.515  37.291 0.0000000000
63442  42.044  -29.158  39.178 0.0000000000
62410  42.330  -29.814  37.205 0.0000000000
61431  43.208  -30.086  37.048 0.0000000000
61430  44.023  -30.278  37.040 0.0000000000
62407  45.437  -30.285  37.644 0.0000000000
62387  45.706  -30.186  38.459 0.0000000000
140060  46.846  -30.241  39.169 0.0000000000
62370  46.374  -29.930  40.111 0.0000000000
62349  48.491  -30.040  40.859 0.0000000000
62334  48.816  -29.726  41.562 0.0000000000
51973  37.383  -39.272  43.363 0.0000000000
51985  38.000  -38.997  42.819 0.0000000000
52972  38.688  -38.672  42.336 0.0000000000
56243  39.747  -35.621  40.292 0.0000000000
55144  40.670  -36.283  41.648 0.0000000000
55154  40.178  -35.967  40.916 0.0000000000
56242  40.345  -35.209  40.683 0.0000000000
57255  40.803  -34.854  41.039 0.0000000000
57269  41.152  -34.206  41.165 0.0000000000
58340  41.746  -33.624  41.563 0.0000000000
48730  42.526  -42.437  50.213 0.0000000000
48746  43.187  -42.515  49.758 0.0000000000
49728  43.791  -42.195  49.231 0.0000000000
49727  44.470  -41.650  49.668 0.0000000000
49744  43.666  -41.989  48.340 0.0000000000
50756  44.079  -41.077  47.108 0.0000000000
51922  44.695  -39.825  46.184 0.0000000000
52902  46.124  -38.018  48.870 0.0000000000
52903  45.936  -38.861  48.192 0.0000000000
51905  45.666  -39.664  47.782 0.0000000000
51921  45.428  -39.841  46.877 0.0000000000
51933  44.579  -39.042  45.558 0.0000000000
54005  43.955  -37.921  44.849 0.0000000000
54014  43.824  -37.177  44.560 0.0000000000
132241  42.971  -36.187  43.694 0.0000000000
57226  43.033  -35.378  43.429 0.0000000000
155767  42.801  -34.764  43.032 0.0000000000
141138  42.323  -33.932  42.245 0.0000000000
59377  42.258  -32.994  41.916 0.0000000000
59358  42.676  -32.446  42.258 0.0000000000
60426  42.897  -31.534  42.331 0.0000000000
147533  44.477  -32.750  43.842 0.0000000000
60425  43.548  -31.593  42.982 0.0000000000
61375  44.035  -30.713  43.190 0.0000000000
62313  44.288  -29.620  43.062 0.0000000000
62312  44.963  -29.281  43.472 0.0000000000
58265  47.434  -33.345  46.707 0.0000000000
59311  46.954  -32.699  46.101 0.0000000000
59317  46.555  -32.071  45.582 0.0000000000
60385  47.649  -31.035  46.730 0.0000000000
60393  46.611  -31.195  45.583 0.0000000000
60402  45.963  -31.179  44.937 0.0000000000
61366  45.759  -30.059  44.592 0.0000000000
63364  45.461  -28.646  43.146 0.0000000000
63377  46.176  -28.341  43.159 0.0000000000
63376  46.985  -28.112  43.028 0.0000000000
64460  48.159  -27.764  44.002 0.0000000000
63362  47.842  -27.983  43.323 0.0000000000
77571  58.249  -14.444  20.085 0.0000000000
76581  60.160  -15.998  19.159 0.0000000000
75665  59.948  -16.711  19.610 0.0000000000
73783  60.476  -18.340  21.519 0.0000000000
74719  62.768  -16.567  22.080 0.0000000000
74708  63.693  -16.814  22.621 0.0000000000
73758  63.841  -17.962  23.753 0.0000000000
35895  10.264  -55.001  64.491 0.0000000000
36898  11.332  -53.480  65.463 0.0000000000
37954  11.025  -52.158  67.408 0.0000000000
37960  12.150  -52.356  65.268 0.0000000000
38940  10.995  -50.957  68.625 0.0000000000
40004  12.084  -51.058  67.149 0.0000000000
40018  12.888  -51.054  64.862 0.0000000000
41046  12.601  -49.342  68.141 0.0000000000
41049  13.307  -49.088  66.690 0.0000000000
41187  32.890  -49.353  55.262 0.0000000000
42162  14.535  -48.360  64.333 0.0000000000
42251  33.033  -48.304  54.574 0.0000000000
43139  14.142  -47.477  69.078 0.0000000000
43163  14.370  -47.578  67.171 0.0000000000
43197  14.920  -48.218  62.222 0.0000000000
43323  31.999  -47.507  53.273 0.0000000000
44225  20.622  -45.908  64.856 0.0000000000
44254  18.170  -46.603  62.006 0.0000000000
44268  21.422  -46.429  61.300 0.0000000000
44316  21.048  -46.542  57.125 0.0000000000
44365  32.348  -46.614  53.422 0.0000000000
45300  22.425  -45.669  64.832 0.0000000000
45373  33.057  -45.783  54.522 0.0000000000
45411  32.150  -45.489  52.556 0.0000000000
45428  30.787  -46.012  51.051 0.0000000000
46499  34.078  -44.163  53.753 0.0000000000
46500  33.509  -44.671  53.773 0.0000000000
46552  32.233  -44.062  50.852 0.0000000000
46568  30.512  -44.553  49.515 0.0000000000
47626  34.114  -43.601  52.408 0.0000000000
48685  35.762  -42.434  53.339 0.0000000000
48732  34.417  -41.951  50.808 0.0000000000
48747  42.465  -42.459  49.409 0.0000000000
48763  43.082  -42.449  48.848 0.0000000000
49714  41.310  -41.889  49.989 0.0000000000
49729  41.652  -42.137  49.265 0.0000000000
49760  44.236  -41.470  47.845 0.0000000000
49765  31.535  -41.439  47.268 0.0000000000
50661  36.791  -40.289  52.323 0.0000000000
50662  36.207  -40.595  52.010 0.0000000000
50679  38.628  -39.850  51.097 0.0000000000
50718  33.556  -40.466  49.457 0.0000000000
50732  44.870  -41.038  48.196 0.0000000000
50758  40.868  -41.077  46.771 0.0000000000
50759  40.343  -41.105  47.248 0.0000000000
50761  38.613  -40.435  47.242 0.0000000000
50762  37.847  -40.038  47.236 0.0000000000
51817  37.263  -39.997  52.714 0.0000000000
51856  37.799  -39.650  50.985 0.0000000000
51858  36.238  -39.627  50.600 0.0000000000
51889  45.734  -39.407  48.656 0.0000000000
51910  32.793  -38.770  47.582 0.0000000000
51923  38.337  -39.976  45.685 0.0000000000
51927  31.348  -39.247  46.275 0.0000000000
51937  40.480  -40.243  44.975 0.0000000000
51950  41.643  -39.636  44.496 0.0000000000
51976  29.465  -39.845  43.630 0.0000000000
51986  37.144  -38.965  42.610 0.0000000000
52937  42.127  -38.805  44.226 0.0000000000
52985  39.263  -38.096  41.905 0.0000000000
54030  43.216  -36.915  44.162 0.0000000000
54046  41.326  -37.318  42.845 0.0000000000
54047  40.667  -37.616  42.489 0.0000000000
54060  39.598  -37.434  41.562 0.0000000000
55078  46.232  -36.406  46.302 0.0000000000
55093  45.077  -36.621  45.261 0.0000000000
55108  43.697  -36.338  44.216 0.0000000000
55130  42.320  -36.492  43.315 0.0000000000
56153  46.511  -35.767  46.505 0.0000000000
56230  41.246  -35.617  41.788 0.0000000000
57186  46.619  -34.458  46.170 0.0000000000
57224  44.030  -34.166  43.762 0.0000000000
57225  43.447  -34.733  43.520 0.0000000000
57241  42.191  -34.856  42.417 0.0000000000
57254  41.240  -34.955  41.485 0.0000000000
58277  46.120  -33.550  45.391 0.0000000000
58291  45.168  -33.844  44.594 0.0000000000
58320  42.777  -33.175  42.540 0.0000000000
59310  47.641  -32.459  46.769 0.0000000000
59326  45.988  -32.159  45.027 0.0000000000
59338  44.422  -32.066  43.668 0.0000000000
59357  43.163  -32.422  42.789 0.0000000000
59402  39.525  -32.527  39.232 0.0000000000
60392  47.105  -30.934  46.173 0.0000000000
60415  44.101  -31.659  43.386 0.0000000000
61382  42.846  -30.436  42.010 0.0000000000
61398  40.070  -29.992  39.660 0.0000000000
62326  43.360  -29.728  42.194 0.0000000000
62405  47.501  -29.765  37.504 0.0000000000
62424  45.638  -30.275  36.714 0.0000000000
62425  41.918  -29.931  36.636 0.0000000000
63350  46.514  -28.556  44.278 0.0000000000
63413  41.394  -29.582  39.698 0.0000000000
63425  43.118  -28.978  40.051 0.0000000000
63459  53.223  -27.862  37.000 0.0000000000
63502  52.876  -28.695  35.471 0.0000000000
63507  47.708  -29.153  35.836 0.0000000000
63536  53.101  -28.429  33.986 0.0000000000
64461  47.268  -28.013  43.722 0.0000000000
64462  46.646  -28.228  43.556 0.0000000000
79470  62.836  -11.857  18.606 0.0000000000
134468  33.141  -38.887  48.221 0.0000000000
135435  35.018  -38.776  42.988 0.0000000000
136506  13.953  -48.904  64.315 0.0000000000
138077  39.113  -39.208  43.131 0.0000000000
138149  20.722  -46.423  57.896 0.0000000000
138473  44.464  -30.014  34.338 0.0000000000
140235  63.732  -13.824  19.776 0.0000000000
140407  43.751  -30.196  34.329 0.0000000000
140861  45.757  -35.126  45.497 0.0000000000
141085  45.443  -35.863  45.370 0.0000000000
141294  47.810  -31.718  46.914 0.0000000000
142107  52.407  -23.202  31.849 0.0000000000
142194  40.558  -29.157  37.564 0.0000000000
143536  48.784  -21.634  29.564 0.0000000000
145140  41.238  -40.147  44.958 0.0000000000
145373  40.061  -33.909  40.006 0.0000000000
145490  36.930  -40.910  53.918 0.0000000000
146906  41.008  -32.861  40.692 0.0000000000
148673  41.775  -31.844  41.146 0.0000000000
149202  49.693  -25.553  32.305 0.0000000000
149759  41.545  -40.450  45.438 0.0000000000
150076  47.740  -28.309  42.633 0.0000000000
151044  18.454  -45.162  53.508 0.0000000000
151925  16.308  -47.236  63.924 0.0000000000
152097  40.914  -29.611  39.496 0.0000000000
152123  42.834  -41.656  47.390 0.0000000000
152252  26.719  -47.583  56.589 0.0000000000
152749  37.080  -39.603  46.262 0.0000000000
154643  42.466  -42.139  50.928 0.0000000000
154719  46.277  -31.673  45.270 0.0000000000
157259  37.852  -38.720  42.269 0.0000000000
157273  45.018  -30.105  38.376 0.0000000000
157921  36.076  -39.246  47.104 0.0000000000
158379  34.756  -43.056  52.394 0.0000000000
158507  13.683  -49.801  62.474 0.0000000000
158896  36.518  -38.991  42.702 0.0000000000
159053  42.559  -34.385  42.650 0.0000000000
