#!ascii label  , from subject sub-v2s17x50028_ses-1 vox2ras=TkReg
566
79923  16.524  -12.667  -21.904 0.0000000000
84637  24.473  -7.141  -25.611 0.0000000000
94932  19.967  3.746  -25.879 0.0000000000
90166  15.928  -0.824  -26.538 0.0000000000
74188  18.188  -18.450  -20.728 0.0000000000
77058  21.471  -16.071  -23.783 0.0000000000
81776  19.274  -10.473  -24.931 0.0000000000
85576  17.869  -6.117  -26.433 0.0000000000
90125  21.891  -1.557  -26.534 0.0000000000
144779  23.028  2.186  -29.973 0.0000000000
100201  21.393  9.540  -26.480 0.0000000000
77030  17.521  -15.521  -21.502 0.0000000000
75129  19.575  -17.330  -22.471 0.0000000000
78020  18.201  -14.414  -22.445 0.0000000000
84609  16.428  -7.312  -24.247 0.0000000000
86493  15.879  -4.803  -23.990 0.0000000000
93065  17.782  1.666  -27.586 0.0000000000
91097  18.458  -1.033  -28.318 0.0000000000
133614  20.812  0.937  -26.307 0.0000000000
92040  24.080  0.505  -26.656 0.0000000000
93986  23.748  2.789  -26.201 0.0000000000
101069  20.432  11.250  -25.996 0.0000000000
99338  19.342  8.621  -25.474 0.0000000000
101096  20.033  11.938  -28.360 0.0000000000
83609  21.763  -8.539  -24.542 0.0000000000
81773  22.362  -11.026  -23.920 0.0000000000
150945  24.455  -10.614  -25.888 0.0000000000
94939  17.420  4.239  -27.399 0.0000000000
85586  24.816  -6.559  -28.289 0.0000000000
81750  16.038  -10.480  -22.431 0.0000000000
133507  17.569  -11.837  -23.229 0.0000000000
152791  17.268  -9.385  -24.295 0.0000000000
84623  18.514  -7.978  -25.977 0.0000000000
85573  20.905  -6.213  -26.310 0.0000000000
88379  16.630  -3.063  -27.389 0.0000000000
88376  20.151  -3.757  -28.044 0.0000000000
87455  23.680  -4.461  -25.608 0.0000000000
148512  25.509  -3.058  -27.714 0.0000000000
97584  18.233  6.725  -26.029 0.0000000000
97574  20.472  5.979  -25.631 0.0000000000
101936  20.565  12.136  -30.230 0.0000000000
99356  23.222  9.362  -28.142 0.0000000000
140502  23.937  5.918  -26.748 0.0000000000
96734  22.862  5.194  -29.930 0.0000000000
78961  20.181  -13.304  -23.539 0.0000000000
79915  16.093  -12.472  -21.537 0.0000000000
77990  15.836  -14.221  -20.461 0.0000000000
78005  16.840  -14.398  -21.415 0.0000000000
77045  17.601  -14.679  -21.968 0.0000000000
152126  17.576  -13.995  -22.283 0.0000000000
93990  19.271  2.416  -26.749 0.0000000000
92044  19.210  0.996  -27.273 0.0000000000
93989  20.213  2.220  -26.236 0.0000000000
93988  22.004  2.167  -25.517 0.0000000000
94930  22.099  3.640  -25.484 0.0000000000
102729  18.915  13.119  -28.059 0.0000000000
101923  20.071  11.903  -27.507 0.0000000000
103509  18.282  13.346  -29.403 0.0000000000
84606  23.174  -7.900  -24.607 0.0000000000
152718  23.994  -9.597  -24.948 0.0000000000
83621  24.303  -8.995  -25.607 0.0000000000
140363  15.709  3.750  -28.048 0.0000000000
95852  14.817  5.599  -28.550 0.0000000000
158092  17.188  -17.478  -20.191 0.0000000000
73237  17.868  -19.069  -20.175 0.0000000000
72296  18.896  -20.062  -20.954 0.0000000000
73249  19.854  -19.589  -21.894 0.0000000000
76134  20.721  -16.590  -23.313 0.0000000000
75127  21.117  -18.081  -22.862 0.0000000000
81760  16.558  -10.283  -23.141 0.0000000000
82629  15.736  -8.916  -22.905 0.0000000000
85564  17.376  -6.548  -25.758 0.0000000000
84624  17.620  -7.464  -25.531 0.0000000000
84641  18.177  -7.002  -26.181 0.0000000000
84621  20.113  -7.507  -26.320 0.0000000000
85574  19.561  -6.428  -26.917 0.0000000000
88351  15.942  -2.735  -25.783 0.0000000000
158517  16.143  -2.157  -26.696 0.0000000000
90143  20.505  -1.341  -27.428 0.0000000000
145308  19.537  -2.357  -28.439 0.0000000000
138794  21.240  -2.852  -27.012 0.0000000000
87457  21.787  -4.134  -26.393 0.0000000000
145681  22.728  -3.341  -26.034 0.0000000000
88362  24.803  -3.328  -26.229 0.0000000000
141631  24.370  -2.024  -26.310 0.0000000000
92072  24.271  0.756  -28.393 0.0000000000
91113  24.591  -0.673  -28.594 0.0000000000
99337  20.060  8.710  -25.727 0.0000000000
98453  18.001  7.164  -25.712 0.0000000000
151140  19.686  7.750  -25.662 0.0000000000
97583  19.466  6.131  -25.881 0.0000000000
98451  21.287  7.712  -25.815 0.0000000000
98465  23.595  7.987  -27.368 0.0000000000
140726  23.971  7.228  -29.055 0.0000000000
145096  24.072  5.809  -28.324 0.0000000000
80897  18.236  -11.178  -24.110 0.0000000000
79953  19.289  -12.670  -23.666 0.0000000000
80877  19.752  -11.897  -24.041 0.0000000000
80894  23.991  -11.914  -25.147 0.0000000000
79973  22.845  -13.180  -24.473 0.0000000000
76088  16.717  -16.254  -20.465 0.0000000000
75119  18.034  -16.935  -21.167 0.0000000000
75117  19.324  -18.170  -21.986 0.0000000000
76104  18.208  -16.259  -21.675 0.0000000000
77043  19.362  -15.758  -22.691 0.0000000000
77060  19.908  -15.221  -23.037 0.0000000000
85537  15.525  -6.222  -23.136 0.0000000000
86492  16.310  -5.413  -24.622 0.0000000000
86507  16.598  -5.087  -25.511 0.0000000000
92058  17.033  0.474  -27.732 0.0000000000
140046  16.898  -0.984  -27.756 0.0000000000
92057  17.948  0.000  -28.008 0.0000000000
92055  20.034  -0.395  -27.433 0.0000000000
92042  21.701  -0.181  -26.295 0.0000000000
91074  23.194  -0.980  -25.960 0.0000000000
135511  22.455  0.442  -25.777 0.0000000000
93043  23.701  1.858  -26.221 0.0000000000
93999  24.286  2.484  -27.507 0.0000000000
100190  18.889  9.468  -24.784 0.0000000000
101076  20.215  10.307  -25.794 0.0000000000
100221  20.677  10.431  -26.301 0.0000000000
100220  21.135  10.346  -26.807 0.0000000000
150992  20.477  -9.638  -24.931 0.0000000000
81774  21.333  -10.630  -24.086 0.0000000000
139723  22.123  -10.126  -24.012 0.0000000000
151889  23.903  -10.561  -24.902 0.0000000000
92045  15.466  0.774  -26.513 0.0000000000
93067  16.179  1.850  -27.645 0.0000000000
145629  16.752  3.077  -27.765 0.0000000000
94938  18.321  3.916  -26.746 0.0000000000
74215  20.591  -18.729  -22.514 0.0000000000
85572  24.968  -6.546  -26.577 0.0000000000
83659  24.728  -8.756  -27.545 0.0000000000
80856  16.366  -11.870  -22.119 0.0000000000
139049  17.116  -12.582  -22.469 0.0000000000
80880  16.776  -10.972  -22.926 0.0000000000
81759  17.078  -10.728  -23.394 0.0000000000
82642  17.736  -9.911  -24.473 0.0000000000
83612  16.516  -8.201  -24.072 0.0000000000
82665  17.817  -9.178  -24.889 0.0000000000
82663  19.222  -9.435  -25.507 0.0000000000
83624  20.584  -8.477  -25.506 0.0000000000
84620  21.479  -7.415  -25.329 0.0000000000
85561  22.928  -6.426  -25.116 0.0000000000
87459  16.079  -3.521  -25.292 0.0000000000
87475  17.212  -4.549  -27.063 0.0000000000
89240  17.911  -2.249  -28.645 0.0000000000
88377  18.354  -3.811  -28.552 0.0000000000
86527  18.825  -5.166  -27.685 0.0000000000
136974  20.503  -5.066  -27.187 0.0000000000
86505  21.890  -4.954  -26.121 0.0000000000
86503  24.128  -5.436  -25.438 0.0000000000
158199  24.984  -4.829  -26.237 0.0000000000
87495  25.212  -4.859  -28.630 0.0000000000
90160  24.721  -1.032  -27.298 0.0000000000
96713  17.109  5.719  -27.192 0.0000000000
95844  18.808  4.866  -26.322 0.0000000000
96706  20.492  5.083  -25.601 0.0000000000
156792  20.299  11.916  -28.828 0.0000000000
101094  21.648  11.025  -28.367 0.0000000000
101093  22.271  10.735  -28.749 0.0000000000
100218  22.481  9.667  -27.650 0.0000000000
98450  22.244  7.872  -26.211 0.0000000000
97572  22.430  6.487  -25.866 0.0000000000
146480  21.976  4.995  -25.575 0.0000000000
95843  23.942  4.494  -26.459 0.0000000000
95849  24.239  4.183  -27.624 0.0000000000
94968  23.246  3.779  -29.426 0.0000000000
79955  17.643  -12.645  -22.866 0.0000000000
78962  19.398  -13.569  -23.335 0.0000000000
78035  20.584  -14.708  -23.426 0.0000000000
79951  21.357  -12.487  -23.734 0.0000000000
152913  21.511  -13.820  -23.834 0.0000000000
79924  16.186  -12.287  -21.704 0.0000000000
78920  15.442  -13.493  -20.491 0.0000000000
78931  16.374  -13.034  -21.580 0.0000000000
154201  16.628  -13.971  -21.399 0.0000000000
78930  16.691  -13.521  -21.685 0.0000000000
78021  17.080  -13.957  -21.910 0.0000000000
78945  16.878  -13.018  -22.103 0.0000000000
94937  19.221  3.317  -26.401 0.0000000000
93978  20.074  2.926  -26.038 0.0000000000
158653  20.979  2.573  -25.769 0.0000000000
94931  20.995  3.480  -25.635 0.0000000000
103506  18.322  13.636  -28.712 0.0000000000
84618  23.759  -7.259  -24.925 0.0000000000
83622  23.998  -8.141  -24.992 0.0000000000
84617  24.378  -8.030  -25.599 0.0000000000
74204  17.789  -17.595  -20.659 0.0000000000
74189  17.462  -18.226  -20.154 0.0000000000
73236  18.531  -19.296  -20.859 0.0000000000
73250  19.192  -19.504  -21.432 0.0000000000
74203  18.843  -18.722  -21.384 0.0000000000
143561  21.521  -17.389  -23.101 0.0000000000
76133  21.483  -16.855  -23.466 0.0000000000
76132  22.118  -16.469  -23.650 0.0000000000
85575  18.770  -6.538  -26.806 0.0000000000
86518  18.350  -5.667  -27.085 0.0000000000
90144  16.161  -1.627  -26.798 0.0000000000
90142  21.300  -1.464  -26.932 0.0000000000
89220  20.830  -2.209  -27.289 0.0000000000
89219  21.583  -2.150  -26.766 0.0000000000
88363  22.016  -2.860  -26.476 0.0000000000
89200  22.858  -2.547  -26.024 0.0000000000
89199  23.639  -2.269  -25.936 0.0000000000
90123  23.037  -1.755  -25.970 0.0000000000
135065  23.868  1.499  -28.851 0.0000000000
92073  23.545  0.756  -29.454 0.0000000000
147456  20.893  9.014  -25.989 0.0000000000
147707  20.627  8.240  -25.772 0.0000000000
146938  21.603  8.648  -26.181 0.0000000000
98479  23.923  8.218  -28.930 0.0000000000
98493  23.721  7.797  -29.819 0.0000000000
97621  23.348  6.823  -29.975 0.0000000000
80896  19.211  -11.166  -24.548 0.0000000000
80878  18.751  -11.837  -23.985 0.0000000000
79972  24.182  -12.415  -25.150 0.0000000000
150998  23.897  -13.062  -25.042 0.0000000000
77031  16.916  -15.340  -21.077 0.0000000000
77012  16.660  -15.671  -20.667 0.0000000000
76106  17.114  -16.018  -21.000 0.0000000000
75103  17.289  -16.752  -20.626 0.0000000000
76105  17.575  -16.273  -21.199 0.0000000000
77044  18.399  -15.403  -22.171 0.0000000000
78019  19.020  -14.858  -22.733 0.0000000000
85551  15.912  -5.785  -23.778 0.0000000000
87441  16.215  -4.429  -24.883 0.0000000000
132875  17.412  1.013  -27.699 0.0000000000
92043  20.001  0.594  -27.052 0.0000000000
156602  20.850  0.124  -26.685 0.0000000000
152533  21.505  0.494  -26.097 0.0000000000
93987  23.120  2.388  -25.651 0.0000000000
93985  24.140  2.434  -26.694 0.0000000000
94936  24.208  3.223  -26.829 0.0000000000
101911  20.060  12.352  -26.474 0.0000000000
101070  19.814  10.358  -25.169 0.0000000000
141137  20.577  11.202  -26.595 0.0000000000
101089  20.720  11.240  -27.362 0.0000000000
83610  20.985  -8.965  -24.832 0.0000000000
82640  21.183  -9.788  -24.366 0.0000000000
82639  21.920  -9.240  -24.230 0.0000000000
82638  23.038  -9.761  -24.206 0.0000000000
81771  24.433  -11.330  -25.598 0.0000000000
92046  14.929  1.179  -25.970 0.0000000000
93049  15.253  1.610  -26.722 0.0000000000
92060  15.827  1.276  -27.192 0.0000000000
93068  15.566  2.275  -27.535 0.0000000000
94945  15.738  4.435  -28.079 0.0000000000
140270  16.156  3.414  -27.970 0.0000000000
94944  16.579  4.074  -27.822 0.0000000000
94943  17.555  3.264  -27.396 0.0000000000
74216  19.974  -18.918  -22.305 0.0000000000
135858  20.166  -18.162  -22.620 0.0000000000
74201  21.507  -18.863  -21.500 0.0000000000
81742  15.887  -10.776  -22.077 0.0000000000
80864  16.200  -11.120  -22.304 0.0000000000
80863  16.576  -11.374  -22.533 0.0000000000
81749  16.371  -10.669  -22.691 0.0000000000
81779  17.005  -9.946  -23.755 0.0000000000
81778  17.611  -10.606  -24.012 0.0000000000
84597  15.934  -7.680  -23.527 0.0000000000
83627  17.784  -8.358  -25.240 0.0000000000
83626  18.510  -8.913  -25.519 0.0000000000
82662  20.089  -9.115  -25.560 0.0000000000
83625  19.336  -8.640  -25.922 0.0000000000
84638  20.176  -6.707  -26.582 0.0000000000
85563  20.826  -7.033  -25.997 0.0000000000
85562  21.750  -6.511  -25.565 0.0000000000
88367  16.223  -2.692  -26.617 0.0000000000
88350  16.347  -3.360  -26.148 0.0000000000
87476  16.701  -3.994  -26.569 0.0000000000
88366  16.925  -3.827  -27.328 0.0000000000
91098  17.598  -0.954  -28.149 0.0000000000
90164  17.303  -1.682  -28.146 0.0000000000
90162  18.742  -1.873  -28.698 0.0000000000
89238  19.481  -3.364  -28.479 0.0000000000
87485  19.382  -4.381  -28.134 0.0000000000
87486  18.388  -4.620  -28.080 0.0000000000
87473  19.750  -5.138  -27.523 0.0000000000
87472  20.334  -4.412  -27.622 0.0000000000
87456  22.629  -4.190  -25.956 0.0000000000
86504  22.979  -5.072  -25.574 0.0000000000
143312  23.277  -5.785  -25.301 0.0000000000
139303  24.931  -5.543  -26.176 0.0000000000
87471  24.552  -4.677  -25.822 0.0000000000
88361  25.332  -3.402  -26.952 0.0000000000
146001  25.411  -4.219  -27.095 0.0000000000
88375  25.523  -3.906  -27.899 0.0000000000
87497  25.092  -4.592  -29.495 0.0000000000
142555  25.421  -3.180  -28.425 0.0000000000
133630  23.450  -0.109  -26.081 0.0000000000
135064  23.844  -0.827  -26.246 0.0000000000
91085  24.304  -0.386  -26.810 0.0000000000
99339  18.720  8.425  -25.270 0.0000000000
99340  17.938  7.756  -25.273 0.0000000000
97585  17.347  6.611  -26.324 0.0000000000
137562  16.717  6.063  -27.022 0.0000000000
96714  16.037  5.759  -27.776 0.0000000000
145432  17.621  6.201  -26.565 0.0000000000
149275  20.064  6.636  -25.709 0.0000000000
160163  18.918  5.669  -26.199 0.0000000000
96707  19.633  5.377  -25.845 0.0000000000
101937  19.774  12.331  -29.941 0.0000000000
101929  20.588  11.945  -29.360 0.0000000000
101095  20.885  11.525  -28.417 0.0000000000
101101  21.616  11.425  -29.158 0.0000000000
100217  23.244  9.658  -28.810 0.0000000000
101100  22.470  10.911  -29.584 0.0000000000
100231  22.702  10.022  -28.416 0.0000000000
99336  22.440  8.547  -26.613 0.0000000000
98466  23.017  8.824  -27.282 0.0000000000
138440  23.917  7.277  -27.518 0.0000000000
98448  23.566  7.309  -26.850 0.0000000000
134983  23.221  6.074  -26.090 0.0000000000
96704  22.269  5.764  -25.703 0.0000000000
96703  22.933  5.168  -25.761 0.0000000000
95834  23.411  4.454  -25.923 0.0000000000
96711  23.701  5.200  -26.305 0.0000000000
96733  23.634  5.177  -28.949 0.0000000000
96724  24.188  5.091  -27.965 0.0000000000
95857  23.749  4.377  -28.702 0.0000000000
94958  23.848  3.579  -28.572 0.0000000000
95864  23.020  4.421  -29.718 0.0000000000
79935  17.151  -11.986  -22.780 0.0000000000
140470  20.131  -13.973  -23.377 0.0000000000
140933  20.850  -13.904  -23.530 0.0000000000
80875  21.586  -11.599  -23.796 0.0000000000
78977  22.761  -13.836  -24.629 0.0000000000
134549  22.034  -13.331  -24.053 0.0000000000
78960  22.095  -14.214  -24.304 0.0000000000
77989  16.748  -14.837  -21.088 0.0000000000
78004  17.147  -14.767  -21.542 0.0000000000
93048  18.179  2.374  -27.316 0.0000000000
93047  18.782  1.657  -27.301 0.0000000000
93046  19.882  1.510  -26.716 0.0000000000
132947  20.929  1.756  -25.990 0.0000000000
93045  21.735  1.182  -25.706 0.0000000000
93977  22.604  2.994  -25.519 0.0000000000
93976  23.324  3.110  -25.777 0.0000000000
141334  19.027  13.276  -27.412 0.0000000000
146774  19.544  12.579  -27.367 0.0000000000
156948  20.191  11.895  -26.844 0.0000000000
101926  19.443  12.490  -28.188 0.0000000000
101931  19.429  12.511  -28.885 0.0000000000
84607  22.096  -7.901  -24.669 0.0000000000
83608  22.814  -8.703  -24.305 0.0000000000
83607  23.772  -8.630  -24.728 0.0000000000
83606  24.433  -9.997  -26.085 0.0000000000
94946  15.243  4.539  -28.195 0.0000000000
95850  15.935  5.019  -27.875 0.0000000000
75104  16.713  -17.088  -20.005 0.0000000000
75085  16.202  -17.605  -19.553 0.0000000000
74190  16.751  -17.934  -19.762 0.0000000000
73218  17.030  -18.910  -19.558 0.0000000000
154442  19.259  -20.621  -20.860 0.0000000000
72295  19.614  -20.198  -21.372 0.0000000000
147509  20.289  -20.062  -21.512 0.0000000000
75128  20.418  -17.384  -22.962 0.0000000000
75140  21.050  -17.322  -23.263 0.0000000000
82610  15.772  -10.018  -22.254 0.0000000000
82620  16.017  -9.855  -22.735 0.0000000000
82628  16.278  -9.463  -23.300 0.0000000000
82643  16.670  -9.073  -23.895 0.0000000000
84625  16.871  -6.968  -25.057 0.0000000000
84608  17.081  -7.828  -24.769 0.0000000000
84622  19.392  -7.853  -26.335 0.0000000000
84640  18.858  -7.331  -26.481 0.0000000000
84639  19.467  -7.092  -26.645 0.0000000000
89221  16.408  -2.302  -27.196 0.0000000000
90161  19.533  -1.338  -28.101 0.0000000000
147319  20.175  -2.007  -27.834 0.0000000000
89237  20.285  -2.863  -27.844 0.0000000000
88365  20.765  -3.532  -27.354 0.0000000000
151006  21.108  -4.436  -26.889 0.0000000000
88364  21.471  -3.560  -26.740 0.0000000000
88349  22.080  -3.608  -26.328 0.0000000000
156579  23.355  -3.753  -25.783 0.0000000000
137425  24.233  -3.725  -25.763 0.0000000000
155257  23.514  -3.065  -25.836 0.0000000000
89218  24.276  -2.815  -25.986 0.0000000000
89217  24.900  -2.647  -26.574 0.0000000000
144277  24.317  1.035  -27.308 0.0000000000
134845  24.475  -0.012  -28.292 0.0000000000
91114  23.967  -0.119  -29.188 0.0000000000
144591  18.669  7.838  -25.453 0.0000000000
156988  19.298  8.022  -25.565 0.0000000000
98452  18.837  7.354  -25.676 0.0000000000
146573  18.567  6.230  -26.186 0.0000000000
151173  19.261  6.866  -25.791 0.0000000000
148039  20.282  7.353  -25.691 0.0000000000
97582  20.927  6.850  -25.644 0.0000000000
99371  23.641  9.065  -28.826 0.0000000000
137911  23.647  8.570  -28.090 0.0000000000
152610  23.967  7.677  -28.182 0.0000000000
97604  24.135  6.673  -28.148 0.0000000000
145424  24.172  5.869  -27.528 0.0000000000
145496  23.630  6.117  -29.228 0.0000000000
159069  18.042  -11.650  -23.653 0.0000000000
79954  18.259  -12.296  -23.457 0.0000000000
79952  20.385  -12.564  -23.735 0.0000000000
81772  23.302  -11.555  -24.389 0.0000000000
80874  22.659  -11.839  -23.993 0.0000000000
155125  23.409  -12.561  -24.657 0.0000000000
78976  23.430  -13.434  -24.804 0.0000000000
76074  16.331  -16.825  -19.826 0.0000000000
134922  18.484  -17.841  -21.300 0.0000000000
75118  18.773  -17.151  -21.823 0.0000000000
76119  19.013  -16.420  -22.298 0.0000000000
76118  19.847  -16.599  -22.833 0.0000000000
76135  20.109  -15.979  -23.045 0.0000000000
77059  20.685  -15.662  -23.428 0.0000000000
85536  15.918  -6.762  -23.622 0.0000000000
85550  16.362  -6.393  -24.428 0.0000000000
85565  16.738  -6.040  -25.265 0.0000000000
86506  17.127  -5.651  -26.011 0.0000000000
91100  16.590  -0.137  -27.384 0.0000000000
90165  16.385  -0.981  -27.137 0.0000000000
91099  17.195  -0.342  -27.857 0.0000000000
143334  19.009  -0.472  -27.954 0.0000000000
93064  18.325  0.926  -27.586 0.0000000000
92056  19.093  0.295  -27.618 0.0000000000
132243  21.060  -0.688  -26.917 0.0000000000
91087  21.829  -0.933  -26.468 0.0000000000
91075  22.480  -1.269  -26.168 0.0000000000
91086  22.541  -0.493  -26.019 0.0000000000
93044  22.781  1.464  -25.618 0.0000000000
92041  23.466  0.903  -26.082 0.0000000000
139871  24.035  1.227  -26.612 0.0000000000
93042  24.261  1.787  -26.985 0.0000000000
94018  24.098  2.130  -28.380 0.0000000000
134616  23.545  2.171  -29.164 0.0000000000
100204  19.335  9.319  -25.309 0.0000000000
100203  20.081  9.532  -25.710 0.0000000000
100202  20.758  9.665  -26.062 0.0000000000
82641  19.779  -9.969  -25.148 0.0000000000
135110  19.817  -10.629  -24.762 0.0000000000
81775  20.479  -10.304  -24.596 0.0000000000
143649  23.134  -10.683  -24.235 0.0000000000
158140  23.824  -11.249  -24.863 0.0000000000
91088  15.676  -0.049  -26.420 0.0000000000
91101  16.021  0.388  -26.953 0.0000000000
92059  16.420  0.876  -27.450 0.0000000000
147665  17.080  1.752  -27.717 0.0000000000
94002  15.938  2.840  -27.921 0.0000000000
94001  16.524  2.377  -27.779 0.0000000000
94000  17.249  2.385  -27.642 0.0000000000
137390  18.509  3.024  -26.933 0.0000000000
74202  19.468  -18.993  -21.809 0.0000000000
73248  20.470  -19.318  -22.113 0.0000000000
74214  21.116  -18.904  -22.292 0.0000000000
137787  24.807  -7.071  -26.214 0.0000000000
84636  24.634  -7.883  -26.388 0.0000000000
84635  24.768  -7.528  -27.183 0.0000000000
79936  16.771  -12.139  -22.375 0.0000000000
80862  16.891  -11.536  -22.730 0.0000000000
80879  17.150  -11.347  -23.082 0.0000000000
80898  17.557  -11.207  -23.561 0.0000000000
81777  18.493  -10.467  -24.677 0.0000000000
83598  16.047  -8.567  -23.423 0.0000000000
83611  17.195  -8.676  -24.520 0.0000000000
82664  18.464  -9.688  -25.106 0.0000000000
81795  19.049  -10.056  -25.192 0.0000000000
135114  20.059  -8.291  -26.027 0.0000000000
138849  20.687  -7.819  -25.749 0.0000000000
83623  21.237  -8.169  -25.116 0.0000000000
84619  22.490  -7.173  -24.920 0.0000000000
87442  15.656  -3.841  -24.274 0.0000000000
87458  16.489  -4.158  -25.783 0.0000000000
86520  16.880  -4.802  -26.307 0.0000000000
86519  17.524  -5.301  -26.733 0.0000000000
145667  16.647  -1.706  -27.544 0.0000000000
89241  16.999  -2.523  -28.091 0.0000000000
89239  18.671  -2.794  -28.851 0.0000000000
151097  17.790  -3.018  -28.638 0.0000000000
88378  17.272  -3.502  -28.137 0.0000000000
87487  17.609  -4.303  -27.896 0.0000000000
87474  17.917  -5.004  -27.506 0.0000000000
86517  19.237  -5.845  -27.260 0.0000000000
86516  20.154  -5.827  -26.924 0.0000000000
86515  21.031  -5.391  -26.630 0.0000000000
142525  21.560  -5.759  -26.033 0.0000000000
141689  22.358  -5.733  -25.571 0.0000000000
85560  23.995  -6.377  -25.212 0.0000000000
141654  24.659  -6.344  -25.784 0.0000000000
86514  25.127  -6.003  -27.155 0.0000000000
86526  25.165  -5.511  -27.923 0.0000000000
87470  25.045  -4.152  -26.308 0.0000000000
87469  25.277  -4.992  -26.874 0.0000000000
90141  23.759  -1.501  -26.096 0.0000000000
90140  24.376  -1.244  -26.611 0.0000000000
91096  24.716  -0.472  -27.752 0.0000000000
89252  25.098  -2.644  -28.942 0.0000000000
95846  16.757  5.036  -27.577 0.0000000000
96712  18.092  5.635  -26.561 0.0000000000
95845  17.729  4.913  -26.966 0.0000000000
147359  19.218  4.059  -26.211 0.0000000000
95837  20.657  4.316  -25.635 0.0000000000
102738  17.860  13.259  -30.083 0.0000000000
160096  18.908  12.767  -29.697 0.0000000000
101930  19.824  12.236  -29.189 0.0000000000
101088  21.367  10.806  -27.673 0.0000000000
100219  21.761  10.034  -27.230 0.0000000000
151145  21.244  11.833  -29.841 0.0000000000
100232  22.034  10.398  -28.001 0.0000000000
99357  22.146  9.258  -26.863 0.0000000000
97581  21.934  7.084  -25.834 0.0000000000
98449  23.054  7.996  -26.665 0.0000000000
155980  22.938  7.107  -26.229 0.0000000000
97573  21.562  6.283  -25.660 0.0000000000
96705  21.322  5.490  -25.574 0.0000000000
149909  21.195  4.830  -25.543 0.0000000000
95836  21.567  4.276  -25.518 0.0000000000
95835  22.540  4.386  -25.578 0.0000000000
94929  23.043  3.715  -25.637 0.0000000000
94928  23.785  3.697  -26.186 0.0000000000
96719  24.244  5.002  -26.986 0.0000000000
95842  24.212  4.065  -26.820 0.0000000000
156562  24.299  3.712  -27.162 0.0000000000
94942  24.261  3.335  -27.638 0.0000000000
94019  23.988  2.786  -28.476 0.0000000000
94031  23.238  2.957  -29.565 0.0000000000
95865  21.999  4.458  -30.518 0.0000000000
94969  22.355  3.620  -30.381 0.0000000000
94032  22.496  2.626  -30.569 0.0000000000
78944  17.329  -13.276  -22.360 0.0000000000
78943  17.975  -13.573  -22.676 0.0000000000
78963  18.508  -13.131  -23.196 0.0000000000
78037  18.767  -13.984  -22.924 0.0000000000
78036  19.630  -14.385  -23.137 0.0000000000
147660  21.341  -15.295  -23.851 0.0000000000
80895  20.408  -11.170  -24.271 0.0000000000
80876  20.687  -11.912  -23.860 0.0000000000
79950  22.380  -12.511  -23.963 0.0000000000
151381  21.067  -13.211  -23.659 0.0000000000
78034  21.418  -14.500  -23.862 0.0000000000
157250  21.776  -15.592  -24.073 0.0000000000
83646  24.553  -8.865  -26.550 0.0000000000
159275  24.774  -9.540  -27.342 0.0000000000
82682  24.623  -9.788  -26.723 0.0000000000
85571  24.895  -6.816  -27.435 0.0000000000
87484  25.384  -4.693  -27.662 0.0000000000
88389  25.252  -3.964  -28.912 0.0000000000
89216  25.304  -2.627  -27.258 0.0000000000
89222  15.873  -1.996  -26.194 0.0000000000
89236  25.459  -2.290  -28.040 0.0000000000
90124  22.305  -2.017  -26.342 0.0000000000
90163  18.011  -1.560  -28.480 0.0000000000
92054  24.447  0.267  -27.505 0.0000000000
93063  24.317  1.631  -27.887 0.0000000000
93066  16.746  1.391  -27.668 0.0000000000
94003  15.445  3.357  -27.905 0.0000000000
95838  19.781  4.558  -25.844 0.0000000000
95851  15.386  5.568  -28.393 0.0000000000
96725  14.724  5.876  -28.515 0.0000000000
97580  23.579  6.631  -26.586 0.0000000000
97595  23.970  6.634  -27.190 0.0000000000
100239  22.936  10.214  -29.196 0.0000000000
102718  19.396  13.060  -26.921 0.0000000000
102735  18.887  13.015  -28.856 0.0000000000
102741  19.104  12.590  -30.427 0.0000000000
152095  16.117  -0.345  -26.842 0.0000000000
153988  14.717  5.881  -28.522 0.0000000000
154840  16.530  -3.375  -26.813 0.0000000000
156459  20.775  -2.854  -27.349 0.0000000000
160124  21.745  2.969  -25.527 0.0000000000
160245  25.040  -3.335  -29.172 0.0000000000
