#!ascii label  , from subject sub-v2s17x50028_ses-1 vox2ras=TkReg
306
23993  38.776  -66.196  -3.793 0.0000000000
19973  44.481  -70.251  -12.227 0.0000000000
19856  43.016  -70.460  -2.684 0.0000000000
21979  41.791  -68.289  -7.611 0.0000000000
18957  48.786  -72.663  -4.816 0.0000000000
18930  46.307  -71.224  -2.816 0.0000000000
16054  46.015  -75.413  -4.727 0.0000000000
20963  42.177  -69.851  -10.198 0.0000000000
24065  38.228  -67.096  -11.592 0.0000000000
22915  41.588  -67.713  -1.534 0.0000000000
21944  43.698  -68.552  -4.855 0.0000000000
20921  45.402  -69.885  -6.561 0.0000000000
19001  46.113  -71.523  -8.292 0.0000000000
17144  47.553  -73.337  -8.450 0.0000000000
25097  36.699  -64.547  -0.790 0.0000000000
21879  38.441  -68.013  -0.727 0.0000000000
135650  40.230  -69.569  -3.350 0.0000000000
24048  37.286  -66.415  -9.539 0.0000000000
18078  45.616  -73.248  -5.207 0.0000000000
136330  43.319  -70.517  -11.231 0.0000000000
20978  40.823  -69.063  -12.339 0.0000000000
20822  42.364  -68.981  -1.541 0.0000000000
21898  44.374  -69.148  -2.324 0.0000000000
18928  47.975  -71.828  -3.457 0.0000000000
20874  46.590  -70.075  -4.062 0.0000000000
19896  47.836  -71.094  -5.593 0.0000000000
19915  45.909  -70.596  -7.001 0.0000000000
18984  48.051  -72.320  -6.683 0.0000000000
18117  47.954  -72.696  -9.695 0.0000000000
21918  37.947  -68.273  -2.694 0.0000000000
21901  39.412  -69.125  -1.578 0.0000000000
158255  38.889  -68.981  -4.158 0.0000000000
150812  40.567  -67.606  -7.384 0.0000000000
22992  38.507  -67.129  -8.956 0.0000000000
25231  38.002  -65.131  -13.088 0.0000000000
159043  37.051  -64.640  -12.508 0.0000000000
19869  43.649  -70.928  -4.015 0.0000000000
19847  44.871  -70.433  -2.317 0.0000000000
18959  45.188  -71.933  -4.343 0.0000000000
18056  46.918  -72.769  -3.530 0.0000000000
16044  47.878  -74.771  -4.160 0.0000000000
20940  41.915  -69.047  -8.885 0.0000000000
22004  39.634  -68.308  -9.849 0.0000000000
22013  40.244  -69.059  -11.026 0.0000000000
24068  39.165  -67.137  -12.788 0.0000000000
20974  46.021  -69.925  -12.936 0.0000000000
23981  40.230  -66.875  -3.183 0.0000000000
22958  41.868  -67.775  -5.471 0.0000000000
21961  42.576  -68.274  -6.106 0.0000000000
20876  45.222  -69.284  -3.535 0.0000000000
21959  44.309  -68.915  -5.450 0.0000000000
20924  43.008  -68.979  -7.797 0.0000000000
20937  44.204  -69.859  -7.858 0.0000000000
19947  44.409  -70.968  -9.120 0.0000000000
19027  45.006  -71.307  -10.546 0.0000000000
17125  48.197  -73.395  -6.825 0.0000000000
18104  47.697  -72.654  -7.937 0.0000000000
19025  47.405  -71.844  -9.738 0.0000000000
19962  46.218  -70.769  -11.677 0.0000000000
26211  36.992  -64.174  -1.545 0.0000000000
25129  38.123  -65.599  -2.134 0.0000000000
23935  37.946  -66.400  -0.651 0.0000000000
23941  39.077  -66.541  -0.789 0.0000000000
22897  40.287  -67.544  -0.824 0.0000000000
20848  41.121  -69.512  -1.618 0.0000000000
20862  41.558  -70.110  -3.171 0.0000000000
19887  40.732  -69.899  -4.954 0.0000000000
19885  42.186  -70.438  -4.805 0.0000000000
24061  37.932  -67.102  -10.647 0.0000000000
25138  38.030  -65.617  -3.517 0.0000000000
144902  37.673  -65.248  -4.712 0.0000000000
25147  38.369  -65.823  -4.507 0.0000000000
19964  44.159  -70.614  -11.563 0.0000000000
20977  42.662  -69.705  -12.367 0.0000000000
19849  43.071  -69.899  -2.145 0.0000000000
21899  43.672  -68.774  -2.083 0.0000000000
20846  43.842  -69.554  -2.067 0.0000000000
18942  48.741  -72.623  -4.137 0.0000000000
19882  48.331  -71.401  -4.818 0.0000000000
18958  48.724  -72.094  -4.841 0.0000000000
18971  47.841  -71.628  -6.330 0.0000000000
18077  48.486  -72.609  -6.093 0.0000000000
17169  47.504  -73.363  -10.312 0.0000000000
21931  38.428  -68.649  -3.464 0.0000000000
21980  41.001  -68.081  -7.873 0.0000000000
22991  39.293  -67.301  -8.280 0.0000000000
22990  40.143  -67.797  -8.282 0.0000000000
27475  37.466  -63.851  -13.309 0.0000000000
143441  44.371  -71.411  -4.248 0.0000000000
17111  46.303  -74.254  -4.674 0.0000000000
155371  46.436  -73.387  -4.334 0.0000000000
17110  47.466  -73.927  -3.917 0.0000000000
145560  47.098  -75.270  -4.319 0.0000000000
20953  42.396  -69.613  -9.364 0.0000000000
20955  40.890  -69.250  -10.263 0.0000000000
20964  41.532  -69.626  -10.586 0.0000000000
22023  40.371  -68.576  -12.680 0.0000000000
23018  39.854  -67.824  -13.024 0.0000000000
24074  39.763  -66.742  -13.612 0.0000000000
144368  40.811  -67.215  -2.495 0.0000000000
22932  41.018  -67.298  -3.513 0.0000000000
22970  42.050  -67.990  -6.068 0.0000000000
21945  42.907  -68.312  -5.300 0.0000000000
18924  45.483  -70.748  -2.507 0.0000000000
20844  45.307  -70.162  -2.413 0.0000000000
19855  45.981  -70.455  -2.739 0.0000000000
20901  45.772  -69.697  -5.572 0.0000000000
20887  46.064  -69.696  -4.674 0.0000000000
20902  44.896  -69.349  -6.032 0.0000000000
20903  44.023  -69.047  -6.530 0.0000000000
20922  44.549  -69.546  -7.018 0.0000000000
20923  43.744  -69.265  -7.426 0.0000000000
18986  46.451  -71.359  -7.495 0.0000000000
19931  45.522  -70.950  -7.875 0.0000000000
19002  45.342  -71.284  -8.726 0.0000000000
19022  44.208  -71.139  -10.039 0.0000000000
19021  45.237  -71.462  -9.656 0.0000000000
158553  44.815  -76.804  -9.181 0.0000000000
17145  46.763  -73.867  -8.448 0.0000000000
16081  46.294  -75.013  -7.700 0.0000000000
144715  47.106  -74.080  -7.789 0.0000000000
17126  47.743  -73.713  -7.444 0.0000000000
18089  48.176  -72.898  -6.990 0.0000000000
17143  47.889  -73.109  -8.067 0.0000000000
154143  48.042  -72.152  -9.958 0.0000000000
151024  47.697  -71.649  -10.345 0.0000000000
19026  46.366  -71.515  -10.211 0.0000000000
19033  46.973  -71.224  -10.985 0.0000000000
26192  37.101  -64.523  -0.910 0.0000000000
25122  37.545  -64.958  -1.472 0.0000000000
25096  37.470  -65.231  -0.905 0.0000000000
22899  37.831  -67.567  -0.953 0.0000000000
22900  37.185  -67.148  -1.341 0.0000000000
22889  38.297  -67.113  -0.569 0.0000000000
23934  38.454  -66.492  -0.653 0.0000000000
21864  38.923  -67.654  -0.515 0.0000000000
23940  39.714  -66.921  -0.997 0.0000000000
146013  39.580  -68.096  -0.569 0.0000000000
21916  39.340  -69.133  -3.036 0.0000000000
20849  40.251  -69.289  -1.117 0.0000000000
20864  40.216  -69.451  -2.152 0.0000000000
136525  41.628  -69.823  -2.302 0.0000000000
145119  40.859  -69.866  -3.535 0.0000000000
19901  40.789  -70.232  -6.438 0.0000000000
134114  40.976  -70.065  -5.596 0.0000000000
19886  41.445  -70.151  -4.883 0.0000000000
23012  38.549  -67.659  -10.863 0.0000000000
23002  38.495  -67.490  -9.952 0.0000000000
24066  37.506  -66.485  -11.230 0.0000000000
160121  36.386  -64.601  -11.703 0.0000000000
19954  42.663  -70.271  -10.704 0.0000000000
20967  41.571  -69.680  -11.370 0.0000000000
22914  42.114  -67.890  -1.775 0.0000000000
22930  42.412  -67.821  -2.676 0.0000000000
21900  42.819  -68.385  -1.888 0.0000000000
21929  43.914  -68.504  -3.680 0.0000000000
18929  47.217  -71.592  -3.196 0.0000000000
19854  46.828  -70.718  -3.319 0.0000000000
19853  47.579  -71.181  -3.611 0.0000000000
19868  47.502  -70.657  -4.478 0.0000000000
19898  46.309  -70.257  -6.064 0.0000000000
19897  46.970  -71.060  -6.459 0.0000000000
18985  47.421  -71.849  -7.189 0.0000000000
17158  47.792  -73.013  -9.209 0.0000000000
17159  47.373  -73.287  -9.391 0.0000000000
17168  48.009  -73.120  -9.949 0.0000000000
142740  38.214  -68.374  -1.781 0.0000000000
21902  38.704  -68.673  -1.166 0.0000000000
21917  38.652  -68.749  -2.228 0.0000000000
24036  38.751  -66.878  -8.143 0.0000000000
155802  37.839  -66.688  -9.065 0.0000000000
24069  38.506  -66.680  -12.447 0.0000000000
24070  37.831  -66.233  -12.059 0.0000000000
25223  37.505  -65.324  -12.461 0.0000000000
26355  36.951  -64.024  -12.793 0.0000000000
134170  43.750  -70.796  -2.946 0.0000000000
19848  44.035  -70.325  -2.284 0.0000000000
18946  44.317  -71.111  -3.271 0.0000000000
18945  45.055  -71.434  -3.237 0.0000000000
159690  46.232  -71.559  -2.865 0.0000000000
18068  45.905  -72.607  -4.339 0.0000000000
18047  46.922  -72.022  -3.097 0.0000000000
18055  47.806  -72.966  -3.315 0.0000000000
159274  48.270  -73.141  -3.487 0.0000000000
21988  41.471  -68.521  -8.383 0.0000000000
135401  40.170  -68.298  -9.186 0.0000000000
22002  41.006  -68.795  -9.273 0.0000000000
22014  39.578  -68.493  -10.627 0.0000000000
22019  39.538  -68.409  -11.549 0.0000000000
20968  40.887  -69.321  -11.683 0.0000000000
22024  39.799  -68.366  -12.311 0.0000000000
23020  38.773  -67.349  -12.142 0.0000000000
24075  38.965  -66.249  -13.194 0.0000000000
25230  38.714  -65.277  -13.514 0.0000000000
20975  44.935  -69.797  -12.845 0.0000000000
23982  39.347  -66.482  -2.703 0.0000000000
23992  39.579  -66.570  -4.056 0.0000000000
21962  42.079  -68.126  -6.776 0.0000000000
21943  44.526  -68.861  -4.245 0.0000000000
20875  45.899  -69.672  -3.828 0.0000000000
20888  45.264  -69.304  -4.783 0.0000000000
21960  43.381  -68.585  -6.043 0.0000000000
21977  43.273  -68.746  -7.018 0.0000000000
21978  42.550  -68.523  -7.360 0.0000000000
20939  42.693  -69.290  -8.553 0.0000000000
20952  43.134  -69.899  -9.022 0.0000000000
19916  45.010  -70.210  -7.447 0.0000000000
19933  43.867  -70.252  -8.648 0.0000000000
19948  43.602  -70.557  -9.509 0.0000000000
19953  43.409  -70.667  -10.382 0.0000000000
19028  44.085  -70.966  -10.864 0.0000000000
19035  44.759  -70.982  -11.169 0.0000000000
16052  48.048  -75.131  -4.498 0.0000000000
15049  45.139  -76.276  -8.631 0.0000000000
16059  48.528  -73.850  -5.636 0.0000000000
17124  48.518  -73.115  -6.228 0.0000000000
19000  47.011  -71.983  -8.204 0.0000000000
156682  47.728  -72.864  -8.953 0.0000000000
19019  47.569  -72.372  -9.179 0.0000000000
19020  46.446  -71.793  -9.142 0.0000000000
19034  45.691  -71.140  -11.073 0.0000000000
19963  45.090  -70.709  -11.688 0.0000000000
19972  45.522  -70.338  -12.310 0.0000000000
26222  36.666  -63.748  -2.642 0.0000000000
26221  37.134  -64.538  -2.653 0.0000000000
25130  37.574  -65.193  -2.719 0.0000000000
23983  38.575  -66.056  -2.779 0.0000000000
23969  36.561  -66.746  -1.774 0.0000000000
23936  37.245  -65.732  -0.785 0.0000000000
25087  38.022  -65.926  -0.779 0.0000000000
23968  38.788  -66.106  -1.586 0.0000000000
23966  40.169  -66.945  -1.843 0.0000000000
22896  41.173  -67.901  -0.994 0.0000000000
21878  39.508  -68.859  -0.800 0.0000000000
21877  40.451  -68.586  -0.790 0.0000000000
21876  41.378  -68.557  -1.030 0.0000000000
20823  41.674  -69.093  -1.320 0.0000000000
19850  42.161  -69.545  -1.827 0.0000000000
19857  42.282  -70.127  -2.490 0.0000000000
19872  41.168  -70.027  -4.144 0.0000000000
19871  41.893  -70.309  -3.980 0.0000000000
19870  42.800  -70.614  -3.753 0.0000000000
155761  39.322  -67.775  -9.234 0.0000000000
24047  37.855  -66.950  -9.755 0.0000000000
24062  37.313  -66.526  -10.375 0.0000000000
25215  37.160  -65.734  -11.689 0.0000000000
25211  36.834  -65.975  -10.919 0.0000000000
17101  48.214  -73.685  -3.765 0.0000000000
17109  48.345  -74.300  -4.231 0.0000000000
17160  46.749  -73.496  -9.721 0.0000000000
18046  47.685  -72.283  -3.227 0.0000000000
18053  48.511  -73.193  -3.775 0.0000000000
18054  48.316  -72.633  -3.459 0.0000000000
18076  48.747  -73.079  -5.344 0.0000000000
18931  44.774  -70.927  -2.514 0.0000000000
18943  48.538  -71.923  -4.045 0.0000000000
18944  46.012  -71.911  -3.246 0.0000000000
18969  48.679  -72.430  -5.397 0.0000000000
18970  48.398  -71.892  -5.714 0.0000000000
19867  48.057  -71.341  -4.051 0.0000000000
19883  46.605  -70.063  -5.083 0.0000000000
19932  44.677  -70.591  -8.274 0.0000000000
19949  42.853  -70.202  -9.853 0.0000000000
19955  42.049  -69.940  -10.903 0.0000000000
19974  43.442  -70.103  -12.082 0.0000000000
20824  40.951  -69.128  -1.064 0.0000000000
20847  43.010  -69.212  -1.839 0.0000000000
20859  46.257  -70.103  -3.252 0.0000000000
20860  45.707  -69.810  -2.909 0.0000000000
20863  40.932  -69.770  -2.657 0.0000000000
20938  43.445  -69.552  -8.228 0.0000000000
20954  41.639  -69.385  -9.745 0.0000000000
20965  40.970  -69.478  -10.996 0.0000000000
21875  42.061  -68.455  -1.372 0.0000000000
21903  38.169  -68.158  -1.253 0.0000000000
21914  44.048  -68.621  -2.733 0.0000000000
21987  42.264  -68.728  -8.110 0.0000000000
21989  40.761  -68.300  -8.581 0.0000000000
22003  40.197  -68.774  -10.011 0.0000000000
22018  40.218  -68.878  -11.951 0.0000000000
22888  38.824  -66.991  -0.508 0.0000000000
22895  41.755  -68.015  -1.230 0.0000000000
22898  39.386  -67.289  -0.619 0.0000000000
22916  40.983  -67.438  -1.612 0.0000000000
22931  41.588  -67.499  -2.391 0.0000000000
22957  42.346  -68.080  -5.579 0.0000000000
22985  41.305  -67.851  -7.120 0.0000000000
23011  39.069  -68.008  -10.261 0.0000000000
23015  38.872  -67.782  -11.577 0.0000000000
23019  39.288  -67.853  -12.247 0.0000000000
23942  38.514  -66.108  -0.881 0.0000000000
23943  37.559  -66.734  -0.746 0.0000000000
23967  39.449  -66.568  -1.508 0.0000000000
25121  38.137  -65.634  -1.089 0.0000000000
25216  36.566  -65.243  -11.364 0.0000000000
25222  38.275  -65.817  -12.787 0.0000000000
25224  36.815  -65.003  -12.038 0.0000000000
26354  37.506  -64.575  -12.947 0.0000000000
27476  36.920  -63.395  -13.082 0.0000000000
136116  42.285  -70.398  -3.181 0.0000000000
143390  45.663  -71.294  -2.691 0.0000000000
148140  42.776  -68.446  -6.697 0.0000000000
154808  38.998  -68.362  -0.609 0.0000000000
158413  40.851  -67.518  -6.732 0.0000000000
159431  39.058  -68.134  -10.999 0.0000000000
159450  47.107  -70.529  -5.560 0.0000000000
