#!ascii label  , from subject sub-v2s17x50013_ses-1 vox2ras=TkReg
1501
44075  -37.072  -27.843  59.669 0.0000000000
60794  -48.147  -6.995  40.699 0.0000000000
115241  -38.383  -19.032  48.569 0.0000000000
37004  -6.098  -35.420  61.060 0.0000000000
39747  -22.988  -31.486  59.450 0.0000000000
44069  -10.727  -27.656  60.987 0.0000000000
111003  -11.636  -30.249  68.534 0.0000000000
57343  -43.543  -11.368  45.549 0.0000000000
42389  -4.695  -29.476  54.480 0.0000000000
33243  -7.752  -39.535  67.418 0.0000000000
46604  -35.343  -25.231  53.825 0.0000000000
41437  -32.975  -30.039  57.592 0.0000000000
41407  -30.385  -30.035  60.736 0.0000000000
61704  -50.532  -5.711  36.792 0.0000000000
53957  -40.498  -15.757  46.857 0.0000000000
37953  -18.034  -33.836  56.744 0.0000000000
45700  -4.313  -24.828  59.452 0.0000000000
39740  -11.141  -32.333  60.249 0.0000000000
39756  -11.017  -31.901  55.119 0.0000000000
37949  -6.664  -35.742  56.760 0.0000000000
33255  -15.822  -39.220  65.652 0.0000000000
35138  -12.144  -37.741  69.141 0.0000000000
99868  -36.423  -19.079  52.265 0.0000000000
41379  -27.496  -30.575  62.773 0.0000000000
41430  -24.967  -29.550  56.814 0.0000000000
43181  -11.411  -28.572  64.846 0.0000000000
118639  -9.908  -33.832  64.512 0.0000000000
59910  -45.708  -8.367  43.383 0.0000000000
33283  -16.650  -38.438  62.718 0.0000000000
36144  -17.094  -36.585  59.636 0.0000000000
43244  -6.982  -28.677  57.603 0.0000000000
40607  -9.564  -31.051  50.838 0.0000000000
39688  -13.178  -31.870  71.468 0.0000000000
105465  -9.346  -34.644  68.665 0.0000000000
36096  -5.523  -36.732  65.391 0.0000000000
46548  -38.526  -25.464  59.102 0.0000000000
43250  -36.807  -28.256  57.082 0.0000000000
99768  -37.551  -25.842  56.172 0.0000000000
42341  -34.836  -29.422  58.289 0.0000000000
41461  -34.369  -29.813  55.448 0.0000000000
42336  -33.888  -29.943  60.048 0.0000000000
61685  -49.183  -6.516  38.632 0.0000000000
113766  -44.600  -7.686  39.644 0.0000000000
116599  -46.805  -6.981  38.071 0.0000000000
60828  -47.302  -6.929  35.981 0.0000000000
52244  -39.724  -18.050  47.747 0.0000000000
50573  -35.569  -18.878  49.250 0.0000000000
50606  -37.238  -18.545  47.287 0.0000000000
52276  -38.095  -17.693  46.010 0.0000000000
38827  -8.206  -34.227  59.896 0.0000000000
38846  -9.415  -33.853  57.842 0.0000000000
37918  -6.779  -35.325  58.338 0.0000000000
116136  -5.616  -36.576  56.737 0.0000000000
36153  -5.061  -36.782  58.413 0.0000000000
31385  -13.890  -40.600  63.923 0.0000000000
32292  -13.075  -40.957  65.794 0.0000000000
106826  -35.946  -19.426  54.795 0.0000000000
47313  -33.919  -23.048  56.103 0.0000000000
113918  -33.151  -23.722  52.863 0.0000000000
49685  -32.871  -20.983  55.041 0.0000000000
50494  -32.842  -19.823  53.012 0.0000000000
114504  -29.673  -29.701  64.925 0.0000000000
41445  -28.784  -29.230  57.234 0.0000000000
41421  -27.649  -29.699  58.627 0.0000000000
63489  -49.317  -4.442  33.620 0.0000000000
65179  -49.485  -2.802  33.476 0.0000000000
42280  -12.010  -29.592  67.025 0.0000000000
118633  -12.483  -31.189  64.300 0.0000000000
111773  -12.022  -32.199  66.289 0.0000000000
59065  -44.748  -9.747  44.603 0.0000000000
55665  -40.446  -13.417  44.541 0.0000000000
57374  -41.503  -11.340  43.383 0.0000000000
58258  -42.346  -10.218  42.892 0.0000000000
106119  -17.140  -36.161  63.618 0.0000000000
36111  -18.338  -36.206  63.254 0.0000000000
44032  -6.995  -27.556  63.207 0.0000000000
44065  -6.094  -27.446  60.672 0.0000000000
44088  -8.963  -27.660  58.910 0.0000000000
38893  -9.197  -34.023  53.464 0.0000000000
40592  -10.463  -31.673  53.122 0.0000000000
38928  -8.495  -33.739  50.919 0.0000000000
116498  -14.993  -32.504  69.796 0.0000000000
35152  -10.031  -37.981  67.794 0.0000000000
36075  -10.684  -36.448  69.434 0.0000000000
36089  -8.501  -36.653  67.650 0.0000000000
36967  -7.797  -35.287  66.675 0.0000000000
34172  -6.160  -38.223  66.416 0.0000000000
46569  -35.774  -24.134  56.092 0.0000000000
41371  -31.316  -30.111  63.776 0.0000000000
41385  -32.908  -29.863  62.282 0.0000000000
41425  -32.092  -30.206  58.959 0.0000000000
62598  -51.832  -4.735  35.895 0.0000000000
61710  -48.485  -6.334  34.427 0.0000000000
55623  -41.651  -13.597  46.348 0.0000000000
53988  -39.019  -15.245  44.923 0.0000000000
39759  -21.463  -31.398  56.288 0.0000000000
38848  -20.440  -32.258  57.664 0.0000000000
106465  -4.866  -28.555  57.029 0.0000000000
42326  -11.962  -29.341  60.229 0.0000000000
42349  -11.533  -29.478  57.555 0.0000000000
106837  -10.968  -32.378  57.877 0.0000000000
104641  -9.215  -34.160  55.934 0.0000000000
38016  -6.621  -35.805  53.468 0.0000000000
36964  -15.940  -35.707  67.738 0.0000000000
36957  -15.379  -35.604  69.453 0.0000000000
34159  -15.088  -39.388  67.923 0.0000000000
33247  -11.790  -40.074  67.616 0.0000000000
99813  -37.220  -19.137  50.649 0.0000000000
50523  -34.696  -19.303  50.921 0.0000000000
40548  -25.708  -30.676  61.126 0.0000000000
41396  -29.291  -30.476  62.043 0.0000000000
100398  -26.859  -30.424  60.357 0.0000000000
40564  -23.896  -30.277  57.615 0.0000000000
44015  -8.624  -27.937  64.113 0.0000000000
43987  -9.141  -28.033  65.728 0.0000000000
43196  -11.439  -28.209  62.936 0.0000000000
41373  -12.456  -30.367  62.635 0.0000000000
38814  -10.730  -33.179  62.274 0.0000000000
38811  -7.885  -34.463  62.615 0.0000000000
60786  -46.695  -7.501  41.710 0.0000000000
59921  -43.634  -8.267  41.146 0.0000000000
36098  -16.537  -36.549  65.211 0.0000000000
34183  -16.694  -38.441  64.266 0.0000000000
31397  -14.565  -39.446  62.867 0.0000000000
37922  -19.798  -33.558  59.309 0.0000000000
37035  -19.273  -34.902  60.114 0.0000000000
37005  -19.327  -35.985  61.762 0.0000000000
34215  -16.819  -37.969  61.327 0.0000000000
32347  -14.434  -38.813  60.642 0.0000000000
44798  -4.953  -25.814  61.331 0.0000000000
43223  -5.242  -28.299  58.627 0.0000000000
42355  -5.766  -29.403  56.200 0.0000000000
42357  -10.202  -28.823  56.026 0.0000000000
42392  -8.221  -29.392  54.260 0.0000000000
114516  -6.650  -29.641  52.600 0.0000000000
40506  -11.125  -31.055  70.413 0.0000000000
36950  -12.925  -35.503  70.794 0.0000000000
38781  -10.840  -33.395  70.939 0.0000000000
102973  -10.893  -32.519  68.617 0.0000000000
38795  -9.416  -34.096  66.893 0.0000000000
100877  -7.482  -34.564  64.923 0.0000000000
102304  -5.548  -35.718  63.361 0.0000000000
31358  -5.019  -41.078  67.163 0.0000000000
33257  -4.855  -39.515  65.696 0.0000000000
109846  -4.610  -37.521  60.866 0.0000000000
44841  -38.123  -26.877  58.947 0.0000000000
44812  -37.243  -26.615  61.069 0.0000000000
43241  -36.772  -28.287  57.991 0.0000000000
44093  -37.811  -27.357  58.090 0.0000000000
43232  -36.031  -28.745  59.104 0.0000000000
42352  -35.830  -28.890  57.359 0.0000000000
44061  -36.519  -27.864  61.025 0.0000000000
43220  -35.484  -28.985  60.469 0.0000000000
61684  -48.599  -6.712  39.276 0.0000000000
110291  -46.365  -7.448  40.261 0.0000000000
106359  -45.974  -7.341  39.001 0.0000000000
105634  -47.742  -6.879  38.922 0.0000000000
60808  -47.889  -6.713  38.133 0.0000000000
109375  -39.094  -18.621  47.888 0.0000000000
52232  -40.797  -18.056  48.857 0.0000000000
101367  -40.022  -18.863  49.138 0.0000000000
50588  -36.193  -18.806  48.745 0.0000000000
50590  -37.874  -18.887  47.981 0.0000000000
51386  -38.515  -18.441  47.164 0.0000000000
37902  -7.106  -34.833  60.648 0.0000000000
102723  -7.211  -34.914  59.148 0.0000000000
112831  -6.441  -35.411  59.126 0.0000000000
37033  -5.735  -35.925  58.749 0.0000000000
37032  -5.545  -36.045  59.668 0.0000000000
31384  -13.572  -40.565  63.744 0.0000000000
30510  -12.884  -41.246  64.743 0.0000000000
49654  -33.879  -21.070  56.767 0.0000000000
48143  -33.236  -22.328  55.682 0.0000000000
101011  -33.649  -20.794  56.213 0.0000000000
50470  -34.023  -19.884  55.081 0.0000000000
63490  -49.996  -4.045  33.886 0.0000000000
64318  -49.528  -3.588  33.583 0.0000000000
66021  -51.099  -1.646  33.703 0.0000000000
41346  -12.042  -30.285  67.649 0.0000000000
41348  -12.341  -30.359  66.576 0.0000000000
40514  -12.151  -31.124  67.360 0.0000000000
58244  -44.148  -10.510  45.002 0.0000000000
59046  -44.989  -10.126  45.456 0.0000000000
56499  -41.833  -12.650  45.177 0.0000000000
56525  -40.820  -12.730  44.155 0.0000000000
57364  -42.734  -11.186  44.365 0.0000000000
104002  -43.448  -10.519  44.323 0.0000000000
36983  -18.278  -35.451  63.139 0.0000000000
37888  -18.859  -34.909  62.846 0.0000000000
39737  -23.928  -31.370  61.025 0.0000000000
39746  -22.148  -31.889  59.269 0.0000000000
44104  -4.710  -28.344  54.477 0.0000000000
44050  -8.272  -27.465  62.085 0.0000000000
100931  -7.859  -27.407  61.170 0.0000000000
44068  -9.477  -27.383  60.411 0.0000000000
38037  -7.784  -34.852  52.587 0.0000000000
38929  -9.211  -33.412  51.737 0.0000000000
38927  -7.522  -34.455  50.910 0.0000000000
40511  -15.180  -31.649  68.831 0.0000000000
38787  -15.223  -32.819  69.201 0.0000000000
33244  -8.786  -39.372  67.463 0.0000000000
35151  -8.980  -37.629  67.657 0.0000000000
34162  -7.437  -37.849  67.114 0.0000000000
35149  -7.089  -37.185  66.708 0.0000000000
111086  -6.976  -38.858  67.109 0.0000000000
46563  -37.991  -25.017  57.462 0.0000000000
46581  -36.743  -25.133  55.770 0.0000000000
47307  -36.675  -23.672  57.814 0.0000000000
47305  -34.970  -23.053  57.147 0.0000000000
41417  -33.673  -30.041  59.235 0.0000000000
118330  -33.274  -30.167  59.737 0.0000000000
41436  -32.125  -30.042  58.010 0.0000000000
41447  -30.611  -29.503  56.938 0.0000000000
62592  -51.231  -5.272  36.293 0.0000000000
61703  -49.476  -6.159  36.686 0.0000000000
102228  -48.713  -6.373  35.357 0.0000000000
61707  -49.533  -5.962  35.738 0.0000000000
62596  -49.989  -5.485  35.153 0.0000000000
54778  -41.324  -14.354  46.738 0.0000000000
55606  -42.604  -13.542  47.554 0.0000000000
54763  -42.387  -14.336  47.945 0.0000000000
52278  -39.109  -17.063  46.462 0.0000000000
107814  -38.479  -17.060  45.834 0.0000000000
53971  -40.076  -15.297  45.991 0.0000000000
54794  -40.387  -14.448  45.629 0.0000000000
45701  -4.651  -25.203  58.756 0.0000000000
44849  -4.858  -26.990  57.569 0.0000000000
44848  -4.711  -27.322  58.252 0.0000000000
100433  -11.657  -31.556  60.457 0.0000000000
104521  -11.718  -31.033  58.899 0.0000000000
39739  -10.911  -32.533  59.442 0.0000000000
37951  -8.067  -34.850  57.223 0.0000000000
38856  -8.831  -34.342  57.009 0.0000000000
104772  -8.206  -34.854  56.440 0.0000000000
37994  -7.861  -35.143  54.317 0.0000000000
103638  -7.201  -35.584  55.157 0.0000000000
37072  -5.897  -36.434  55.659 0.0000000000
36090  -16.289  -37.475  67.412 0.0000000000
106885  -15.829  -37.529  68.622 0.0000000000
34168  -15.639  -39.334  66.658 0.0000000000
119632  -12.189  -41.242  65.995 0.0000000000
33248  -13.281  -40.687  66.741 0.0000000000
32288  -12.031  -41.093  66.651 0.0000000000
107064  -10.730  -40.655  67.420 0.0000000000
50525  -36.715  -19.097  51.572 0.0000000000
108680  -34.469  -19.422  52.998 0.0000000000
50509  -33.721  -19.478  52.416 0.0000000000
100246  -35.424  -19.299  51.536 0.0000000000
99867  -35.657  -19.240  50.829 0.0000000000
102559  -26.927  -30.312  63.659 0.0000000000
40534  -26.303  -30.654  62.432 0.0000000000
105323  -26.774  -30.645  62.132 0.0000000000
41398  -31.265  -30.110  62.106 0.0000000000
41382  -29.953  -30.351  62.919 0.0000000000
41406  -29.470  -30.330  61.142 0.0000000000
41432  -26.424  -29.429  57.636 0.0000000000
41412  -27.540  -30.016  59.455 0.0000000000
41419  -26.283  -29.780  58.252 0.0000000000
100795  -25.517  -30.416  59.230 0.0000000000
113221  -24.813  -29.930  57.589 0.0000000000
40575  -23.273  -30.211  56.336 0.0000000000
43172  -11.043  -28.434  65.972 0.0000000000
43989  -10.686  -28.304  65.203 0.0000000000
44002  -9.651  -28.071  64.349 0.0000000000
43189  -11.400  -28.411  63.819 0.0000000000
42310  -12.328  -29.483  62.727 0.0000000000
42302  -12.280  -29.343  63.552 0.0000000000
39706  -11.568  -32.815  64.230 0.0000000000
39710  -11.667  -32.606  63.344 0.0000000000
38808  -10.333  -33.518  62.990 0.0000000000
38813  -9.888  -33.714  62.293 0.0000000000
38807  -9.454  -33.993  63.106 0.0000000000
59917  -46.230  -7.896  42.890 0.0000000000
111216  -47.942  -7.389  42.894 0.0000000000
59912  -47.388  -7.878  43.977 0.0000000000
59081  -44.342  -8.948  43.062 0.0000000000
59085  -43.208  -8.798  41.746 0.0000000000
59915  -44.566  -8.380  42.381 0.0000000000
59922  -45.267  -7.840  41.879 0.0000000000
37872  -15.956  -35.496  64.925 0.0000000000
34185  -17.741  -37.414  63.616 0.0000000000
35167  -17.164  -37.206  64.183 0.0000000000
33275  -16.812  -38.399  63.298 0.0000000000
32311  -15.638  -39.233  63.506 0.0000000000
100524  -15.189  -39.025  62.417 0.0000000000
38859  -19.150  -33.029  57.210 0.0000000000
115731  -20.142  -32.652  58.280 0.0000000000
37935  -19.101  -33.467  58.042 0.0000000000
36155  -16.775  -36.214  58.720 0.0000000000
102183  -17.947  -34.920  58.841 0.0000000000
36145  -17.964  -36.191  60.091 0.0000000000
37019  -19.440  -35.378  61.091 0.0000000000
36135  -18.384  -36.542  60.934 0.0000000000
35201  -18.051  -37.256  61.360 0.0000000000
35209  -16.656  -37.392  60.063 0.0000000000
33347  -14.471  -38.197  59.552 0.0000000000
45654  -5.592  -25.583  62.585 0.0000000000
43226  -6.688  -27.883  59.287 0.0000000000
43212  -5.805  -27.715  59.743 0.0000000000
42339  -6.221  -28.643  58.100 0.0000000000
43243  -5.325  -28.826  57.569 0.0000000000
42347  -6.326  -29.039  56.966 0.0000000000
41440  -11.534  -30.483  56.625 0.0000000000
42348  -11.172  -28.906  57.010 0.0000000000
41453  -11.130  -30.289  55.169 0.0000000000
41509  -9.817  -30.855  51.682 0.0000000000
41481  -10.054  -30.286  53.250 0.0000000000
42432  -9.297  -29.944  52.855 0.0000000000
42413  -8.299  -29.613  53.323 0.0000000000
42449  -8.448  -29.783  51.619 0.0000000000
42448  -7.374  -29.517  51.323 0.0000000000
40503  -12.553  -31.218  71.572 0.0000000000
36079  -14.261  -36.854  70.083 0.0000000000
36951  -13.891  -35.342  70.613 0.0000000000
36954  -12.414  -36.468  70.365 0.0000000000
36952  -9.765  -34.926  69.376 0.0000000000
37850  -10.807  -35.013  70.414 0.0000000000
38785  -10.119  -33.841  69.969 0.0000000000
39690  -10.277  -33.171  69.859 0.0000000000
38789  -10.057  -33.733  69.261 0.0000000000
38796  -10.104  -33.739  67.262 0.0000000000
38792  -9.409  -34.133  67.700 0.0000000000
36965  -6.666  -35.892  65.957 0.0000000000
36972  -6.954  -35.270  65.648 0.0000000000
37867  -6.461  -35.255  64.990 0.0000000000
37881  -6.218  -35.221  63.861 0.0000000000
36976  -5.766  -35.712  64.554 0.0000000000
31365  -4.733  -41.343  66.936 0.0000000000
32281  -5.047  -40.602  66.816 0.0000000000
47297  -38.090  -23.975  58.921 0.0000000000
42384  -36.424  -28.326  55.411 0.0000000000
43261  -36.823  -27.852  55.407 0.0000000000
44096  -37.184  -27.828  56.600 0.0000000000
45717  -38.269  -26.012  57.488 0.0000000000
41438  -33.760  -29.823  57.708 0.0000000000
41439  -34.709  -29.338  56.972 0.0000000000
42368  -35.823  -28.791  56.250 0.0000000000
42337  -34.483  -29.658  59.918 0.0000000000
61693  -50.186  -6.047  37.607 0.0000000000
106275  -44.963  -7.515  37.913 0.0000000000
60827  -46.089  -7.244  36.672 0.0000000000
60836  -46.543  -7.298  35.746 0.0000000000
105483  -46.915  -6.968  36.668 0.0000000000
61702  -48.648  -6.478  37.122 0.0000000000
53136  -40.103  -16.596  47.009 0.0000000000
53933  -41.877  -15.608  48.330 0.0000000000
53103  -41.207  -17.290  48.657 0.0000000000
52233  -41.477  -17.551  49.474 0.0000000000
115561  -34.234  -19.014  49.087 0.0000000000
50587  -34.294  -18.810  47.968 0.0000000000
50604  -34.788  -18.677  47.457 0.0000000000
50617  -35.522  -18.430  46.135 0.0000000000
50618  -36.347  -18.207  45.833 0.0000000000
51384  -37.107  -18.207  46.382 0.0000000000
52277  -38.650  -17.858  46.641 0.0000000000
105979  -9.740  -33.524  60.008 0.0000000000
39738  -10.207  -33.192  59.370 0.0000000000
38832  -8.726  -34.016  59.334 0.0000000000
37919  -7.723  -34.756  58.528 0.0000000000
37931  -6.715  -35.553  57.516 0.0000000000
37073  -6.278  -36.075  56.516 0.0000000000
105132  -5.951  -36.210  57.148 0.0000000000
36165  -5.165  -36.789  57.588 0.0000000000
33258  -15.421  -39.809  64.873 0.0000000000
33253  -14.472  -40.394  65.883 0.0000000000
117446  -13.998  -40.732  64.833 0.0000000000
50497  -35.899  -19.484  53.608 0.0000000000
46589  -35.068  -24.142  54.971 0.0000000000
104278  -34.642  -24.799  53.397 0.0000000000
47333  -33.521  -23.366  54.391 0.0000000000
47332  -32.785  -22.794  54.091 0.0000000000
48917  -32.167  -21.376  53.767 0.0000000000
49696  -33.028  -19.996  53.886 0.0000000000
50496  -34.615  -19.490  53.715 0.0000000000
106024  -28.378  -29.964  64.310 0.0000000000
41423  -29.686  -29.706  58.836 0.0000000000
105690  -29.047  -29.939  59.667 0.0000000000
41434  -28.221  -29.460  57.934 0.0000000000
113142  -26.823  -29.070  57.072 0.0000000000
63494  -47.840  -4.471  32.965 0.0000000000
116373  -47.373  -3.845  32.803 0.0000000000
65191  -47.847  -2.576  32.984 0.0000000000
66030  -47.442  -1.680  32.659 0.0000000000
119493  -11.740  -28.875  65.597 0.0000000000
42291  -12.360  -29.623  64.230 0.0000000000
41350  -12.499  -30.473  65.458 0.0000000000
39704  -12.093  -32.180  65.484 0.0000000000
39703  -11.559  -32.802  65.100 0.0000000000
59076  -44.636  -9.235  43.782 0.0000000000
59066  -46.197  -9.038  45.043 0.0000000000
56539  -39.701  -12.798  43.099 0.0000000000
56550  -40.076  -12.070  42.698 0.0000000000
58264  -41.037  -10.659  42.137 0.0000000000
58257  -41.754  -10.767  43.023 0.0000000000
119793  -43.468  -10.007  43.752 0.0000000000
37878  -17.032  -35.513  63.468 0.0000000000
37879  -17.764  -35.459  63.255 0.0000000000
119419  -17.925  -36.217  63.456 0.0000000000
111489  -18.066  -37.256  63.263 0.0000000000
36167  -15.892  -36.129  57.382 0.0000000000
34232  -15.890  -37.549  59.403 0.0000000000
44787  -6.064  -26.877  62.972 0.0000000000
44030  -5.739  -26.858  62.176 0.0000000000
100763  -6.875  -27.479  61.017 0.0000000000
44066  -7.368  -27.589  60.202 0.0000000000
43236  -8.354  -27.886  58.429 0.0000000000
106347  -10.259  -32.975  54.151 0.0000000000
39762  -10.735  -32.065  54.325 0.0000000000
101098  -10.011  -32.890  52.933 0.0000000000
39775  -9.893  -32.521  52.200 0.0000000000
39804  -9.528  -31.909  50.702 0.0000000000
41345  -15.441  -30.212  68.917 0.0000000000
40508  -15.087  -31.396  69.550 0.0000000000
39689  -14.143  -31.888  70.920 0.0000000000
35143  -11.240  -37.911  68.381 0.0000000000
36076  -11.543  -37.074  69.442 0.0000000000
35142  -10.517  -37.519  68.214 0.0000000000
36082  -9.259  -36.145  68.385 0.0000000000
36081  -8.573  -35.708  67.841 0.0000000000
37860  -8.358  -34.922  67.188 0.0000000000
36088  -7.844  -36.084  67.276 0.0000000000
36086  -6.905  -36.732  66.467 0.0000000000
35157  -6.068  -37.512  66.104 0.0000000000
45748  -35.854  -26.054  53.676 0.0000000000
44868  -36.825  -26.841  54.784 0.0000000000
45739  -36.433  -25.604  54.869 0.0000000000
46590  -35.606  -24.795  54.616 0.0000000000
47314  -34.833  -23.496  56.302 0.0000000000
48128  -34.531  -22.221  57.372 0.0000000000
41408  -31.766  -30.095  61.340 0.0000000000
41400  -33.080  -30.032  61.383 0.0000000000
41409  -32.498  -30.173  60.866 0.0000000000
41414  -31.112  -29.995  60.063 0.0000000000
106311  -30.364  -29.620  57.984 0.0000000000
60843  -47.265  -7.248  34.335 0.0000000000
61715  -48.927  -5.841  34.026 0.0000000000
62601  -50.441  -4.932  34.699 0.0000000000
56500  -42.497  -12.280  45.527 0.0000000000
57331  -43.774  -11.565  46.281 0.0000000000
109635  -43.620  -12.478  47.573 0.0000000000
51418  -36.916  -17.629  45.059 0.0000000000
54813  -39.386  -14.472  44.622 0.0000000000
55647  -41.416  -13.316  45.572 0.0000000000
115431  -22.207  -31.220  57.611 0.0000000000
114295  -21.947  -31.641  58.315 0.0000000000
39749  -20.783  -31.875  56.831 0.0000000000
38870  -19.355  -32.578  56.437 0.0000000000
44095  -4.882  -27.839  55.951 0.0000000000
43258  -4.777  -29.139  55.765 0.0000000000
44070  -11.417  -28.098  60.845 0.0000000000
43227  -11.227  -28.108  59.274 0.0000000000
99758  -11.864  -29.250  59.437 0.0000000000
41418  -11.693  -30.333  58.112 0.0000000000
40561  -11.237  -31.942  57.046 0.0000000000
39748  -10.358  -33.114  57.892 0.0000000000
106109  -10.210  -33.254  57.044 0.0000000000
39751  -10.186  -33.270  56.012 0.0000000000
38880  -9.573  -33.807  54.231 0.0000000000
37856  -15.598  -34.718  68.951 0.0000000000
36960  -15.799  -35.646  68.618 0.0000000000
36085  -14.917  -37.442  69.511 0.0000000000
35146  -13.991  -38.253  69.373 0.0000000000
33249  -14.123  -40.472  66.583 0.0000000000
34158  -13.005  -39.440  68.245 0.0000000000
34157  -12.244  -38.872  68.374 0.0000000000
34166  -11.381  -39.199  67.764 0.0000000000
33245  -10.047  -39.649  67.468 0.0000000000
101552  -8.565  -40.418  67.556 0.0000000000
101037  -37.367  -19.050  49.961 0.0000000000
50556  -38.634  -19.222  49.631 0.0000000000
50542  -38.262  -19.192  50.292 0.0000000000
99303  -33.906  -25.034  51.990 0.0000000000
103723  -33.390  -19.321  49.780 0.0000000000
99864  -36.719  -19.095  50.454 0.0000000000
40547  -24.757  -31.019  61.481 0.0000000000
99417  -24.728  -30.941  60.611 0.0000000000
41360  -30.240  -30.042  64.400 0.0000000000
41369  -29.749  -30.251  63.747 0.0000000000
41380  -28.222  -30.539  62.872 0.0000000000
41413  -28.192  -30.163  60.016 0.0000000000
40551  -28.097  -30.425  60.776 0.0000000000
40544  -27.171  -30.609  61.755 0.0000000000
119382  -26.242  -30.529  60.513 0.0000000000
106512  -24.659  -30.811  59.639 0.0000000000
106838  -23.576  -30.713  58.290 0.0000000000
40569  -22.572  -30.711  56.793 0.0000000000
66039  -47.240  -0.872  32.122 0.0000000000
66870  -47.439  -0.024  31.682 0.0000000000
67668  -47.758  0.724  31.101 0.0000000000
44014  -7.573  -27.784  63.847 0.0000000000
100243  -8.697  -27.708  63.043 0.0000000000
44001  -8.743  -28.014  64.979 0.0000000000
44016  -9.509  -27.864  63.539 0.0000000000
44035  -10.865  -27.825  62.465 0.0000000000
43204  -11.730  -28.416  61.607 0.0000000000
41386  -12.260  -30.334  61.300 0.0000000000
40546  -11.974  -31.411  61.325 0.0000000000
40526  -12.403  -31.192  62.887 0.0000000000
40537  -12.022  -31.713  62.173 0.0000000000
39733  -10.783  -32.884  60.866 0.0000000000
38822  -9.444  -33.908  61.485 0.0000000000
38821  -8.499  -34.322  61.685 0.0000000000
37896  -6.588  -35.033  61.437 0.0000000000
60787  -47.407  -7.262  41.221 0.0000000000
110243  -41.353  -10.151  41.711 0.0000000000
59089  -42.188  -8.973  40.750 0.0000000000
59925  -42.611  -8.517  40.212 0.0000000000
59927  -44.117  -7.876  40.487 0.0000000000
60791  -45.806  -7.560  40.684 0.0000000000
36969  -16.258  -36.159  66.124 0.0000000000
35158  -16.550  -37.779  66.030 0.0000000000
36975  -16.671  -36.332  64.143 0.0000000000
35162  -17.020  -37.634  64.914 0.0000000000
34176  -16.656  -38.408  64.692 0.0000000000
31386  -14.434  -40.110  63.583 0.0000000000
39745  -21.393  -32.076  58.713 0.0000000000
38841  -20.849  -32.611  59.234 0.0000000000
37904  -20.613  -33.565  60.520 0.0000000000
37934  -18.498  -34.178  58.398 0.0000000000
100369  -19.416  -34.191  59.544 0.0000000000
37903  -20.267  -34.257  60.988 0.0000000000
112111  -19.927  -34.821  61.311 0.0000000000
36993  -19.833  -35.103  62.309 0.0000000000
36985  -19.509  -34.991  62.649 0.0000000000
36119  -18.945  -36.195  62.769 0.0000000000
35192  -18.281  -37.444  62.079 0.0000000000
34209  -17.113  -38.186  61.936 0.0000000000
34222  -15.996  -37.960  60.111 0.0000000000
33331  -16.107  -38.192  60.844 0.0000000000
33296  -15.950  -38.572  61.817 0.0000000000
117301  -14.450  -38.940  61.381 0.0000000000
45677  -4.619  -25.555  60.564 0.0000000000
110147  -5.261  -26.568  61.437 0.0000000000
44063  -5.056  -27.161  60.057 0.0000000000
44829  -4.821  -27.099  59.372 0.0000000000
108732  -5.040  -28.470  58.154 0.0000000000
42344  -5.246  -29.051  56.866 0.0000000000
42390  -5.020  -29.779  54.846 0.0000000000
43238  -10.785  -27.901  58.687 0.0000000000
43246  -9.561  -28.090  57.587 0.0000000000
43253  -8.484  -28.601  56.634 0.0000000000
41467  -10.641  -30.149  54.375 0.0000000000
42393  -9.685  -29.411  54.405 0.0000000000
42356  -7.851  -28.868  55.865 0.0000000000
100244  -6.732  -29.358  55.540 0.0000000000
101909  -5.814  -29.756  54.167 0.0000000000
42410  -5.415  -29.685  53.339 0.0000000000
42429  -6.429  -29.550  51.992 0.0000000000
110056  -14.987  -33.895  70.041 0.0000000000
38784  -14.288  -33.535  70.658 0.0000000000
108552  -13.129  -33.563  71.297 0.0000000000
36949  -11.787  -35.416  70.715 0.0000000000
100491  -11.272  -34.337  70.913 0.0000000000
38782  -11.877  -33.483  71.337 0.0000000000
40505  -10.866  -31.888  70.607 0.0000000000
40509  -10.960  -31.632  69.749 0.0000000000
116395  -11.734  -31.373  68.195 0.0000000000
39700  -11.545  -32.526  67.028 0.0000000000
38797  -10.854  -33.251  66.646 0.0000000000
104007  -10.241  -33.682  65.283 0.0000000000
37864  -8.055  -34.863  66.468 0.0000000000
37870  -8.519  -34.336  65.573 0.0000000000
37875  -8.802  -34.211  64.822 0.0000000000
37883  -7.428  -34.556  63.578 0.0000000000
37889  -6.343  -35.064  63.101 0.0000000000
37895  -6.034  -35.270  62.238 0.0000000000
32280  -7.224  -41.015  67.591 0.0000000000
106972  -5.856  -41.557  67.570 0.0000000000
32283  -5.889  -40.233  67.313 0.0000000000
33241  -5.776  -39.678  66.962 0.0000000000
34171  -5.649  -38.418  66.093 0.0000000000
34175  -5.338  -38.147  65.607 0.0000000000
33265  -4.707  -39.240  64.900 0.0000000000
35160  -4.928  -37.064  64.947 0.0000000000
36118  -4.897  -36.578  63.031 0.0000000000
36128  -4.826  -36.565  62.073 0.0000000000
37016  -5.273  -36.074  60.697 0.0000000000
35199  -4.774  -37.176  60.077 0.0000000000
110245  -4.642  -38.117  58.504 0.0000000000
44840  -37.545  -27.452  59.372 0.0000000000
116477  -37.777  -26.398  60.472 0.0000000000
44827  -37.551  -27.149  60.155 0.0000000000
44085  -36.895  -27.955  59.040 0.0000000000
44086  -37.482  -27.591  58.790 0.0000000000
43222  -36.470  -28.333  59.191 0.0000000000
43240  -36.385  -28.490  58.513 0.0000000000
44074  -36.628  -28.219  59.992 0.0000000000
44062  -37.052  -27.507  60.524 0.0000000000
61675  -48.984  -6.754  40.173 0.0000000000
60793  -47.193  -7.275  40.280 0.0000000000
60801  -47.261  -7.150  39.489 0.0000000000
102046  -47.980  -6.942  39.816 0.0000000000
50576  -39.042  -18.887  48.456 0.0000000000
51357  -39.660  -18.685  48.567 0.0000000000
50557  -39.386  -19.071  49.150 0.0000000000
50574  -37.480  -18.992  48.989 0.0000000000
51368  -38.581  -18.805  47.815 0.0000000000
37901  -6.559  -35.211  60.609 0.0000000000
37909  -6.852  -35.122  59.878 0.0000000000
37018  -6.254  -35.455  60.054 0.0000000000
112861  -5.939  -35.694  59.432 0.0000000000
37017  -5.747  -35.725  60.394 0.0000000000
31395  -13.062  -40.760  63.771 0.0000000000
40512  -11.792  -30.809  68.339 0.0000000000
119004  -43.815  -10.988  45.309 0.0000000000
118802  -44.509  -10.573  45.572 0.0000000000
57344  -44.153  -10.991  45.764 0.0000000000
57342  -42.940  -11.640  45.169 0.0000000000
56527  -42.261  -11.978  44.788 0.0000000000
58243  -43.447  -11.057  44.939 0.0000000000
37892  -19.006  -34.497  62.643 0.0000000000
39742  -23.717  -31.358  60.112 0.0000000000
39741  -22.729  -31.839  60.136 0.0000000000
43266  -4.564  -29.102  54.911 0.0000000000
43276  -4.534  -28.895  54.013 0.0000000000
101634  -9.857  -27.431  61.145 0.0000000000
100217  -8.889  -27.361  61.193 0.0000000000
116678  -10.259  -27.493  60.469 0.0000000000
38057  -7.160  -34.996  51.692 0.0000000000
38791  -15.273  -33.179  68.413 0.0000000000
34163  -8.364  -38.234  67.437 0.0000000000
109898  -7.791  -38.732  67.324 0.0000000000
46554  -37.613  -24.177  58.064 0.0000000000
46562  -37.043  -24.409  57.132 0.0000000000
47295  -36.186  -22.873  58.396 0.0000000000
100691  -32.719  -30.151  58.422 0.0000000000
99879  -32.191  -30.012  57.033 0.0000000000
119707  -49.090  -6.259  35.998 0.0000000000
118385  -49.944  -5.849  36.288 0.0000000000
61708  -50.338  -5.580  35.937 0.0000000000
119599  -41.083  -15.081  47.013 0.0000000000
55605  -41.950  -13.945  47.153 0.0000000000
54762  -41.692  -14.838  47.589 0.0000000000
53135  -39.701  -16.257  46.355 0.0000000000
54777  -40.704  -14.796  46.368 0.0000000000
46540  -4.265  -23.910  59.607 0.0000000000
45708  -4.813  -26.353  58.444 0.0000000000
100344  -4.628  -25.988  59.251 0.0000000000
40553  -11.453  -31.703  59.598 0.0000000000
37950  -7.377  -35.299  56.998 0.0000000000
37972  -7.349  -35.427  56.116 0.0000000000
37971  -6.522  -35.929  55.894 0.0000000000
37084  -6.354  -36.114  54.959 0.0000000000
34169  -16.169  -38.650  66.053 0.0000000000
35155  -16.223  -38.357  66.885 0.0000000000
45747  -35.418  -25.827  53.233 0.0000000000
50510  -34.943  -19.325  52.318 0.0000000000
50524  -36.299  -19.199  51.451 0.0000000000
41367  -27.735  -30.357  63.475 0.0000000000
41378  -26.814  -30.530  63.002 0.0000000000
40535  -27.058  -30.613  62.392 0.0000000000
100381  -30.983  -30.050  61.357 0.0000000000
41397  -30.289  -30.216  61.892 0.0000000000
41431  -25.654  -29.630  57.567 0.0000000000
40570  -24.059  -29.871  56.781 0.0000000000
41442  -24.376  -29.580  56.215 0.0000000000
44003  -10.662  -28.226  64.431 0.0000000000
43182  -11.961  -28.893  64.104 0.0000000000
38809  -10.810  -33.327  63.755 0.0000000000
117922  -9.950  -33.790  63.658 0.0000000000
59911  -46.505  -8.137  43.662 0.0000000000
59909  -44.974  -8.611  43.179 0.0000000000
59916  -45.439  -8.101  42.656 0.0000000000
34193  -17.442  -38.017  63.525 0.0000000000
33282  -16.088  -38.758  63.080 0.0000000000
38858  -18.538  -33.314  56.429 0.0000000000
37954  -18.354  -33.799  57.406 0.0000000000
37049  -17.493  -35.745  59.245 0.0000000000
35210  -17.556  -36.940  60.540 0.0000000000
43235  -7.121  -28.214  58.469 0.0000000000
43234  -6.050  -28.371  58.641 0.0000000000
42346  -6.056  -28.877  57.617 0.0000000000
43252  -7.403  -28.798  56.768 0.0000000000
40572  -11.432  -30.810  55.912 0.0000000000
40571  -11.264  -31.177  55.304 0.0000000000
41494  -9.980  -30.588  52.506 0.0000000000
41493  -9.303  -30.150  52.024 0.0000000000
41508  -9.247  -30.310  51.126 0.0000000000
41520  -9.032  -30.505  50.252 0.0000000000
40504  -13.654  -31.167  71.262 0.0000000000
39687  -12.228  -31.875  71.562 0.0000000000
35139  -13.050  -37.809  69.599 0.0000000000
36078  -13.254  -37.165  70.161 0.0000000000
36077  -12.362  -37.232  69.801 0.0000000000
37857  -9.861  -34.279  69.362 0.0000000000
38788  -9.636  -34.202  68.578 0.0000000000
38793  -10.041  -33.702  68.325 0.0000000000
37861  -9.020  -34.555  67.842 0.0000000000
36097  -6.141  -36.290  65.635 0.0000000000
36971  -6.343  -35.671  65.379 0.0000000000
36970  -5.818  -35.961  65.132 0.0000000000
101215  -6.072  -35.552  64.910 0.0000000000
36100  -5.374  -36.265  64.722 0.0000000000
30493  -4.258  -42.693  66.799 0.0000000000
46547  -38.462  -24.713  59.044 0.0000000000
43257  -36.741  -28.145  56.116 0.0000000000
44847  -38.339  -26.508  58.211 0.0000000000
44854  -38.111  -26.803  57.512 0.0000000000
46556  -38.466  -25.507  58.348 0.0000000000
46555  -38.243  -24.656  58.351 0.0000000000
42350  -34.437  -29.512  57.686 0.0000000000
42351  -35.119  -29.224  57.549 0.0000000000
43249  -36.390  -28.569  57.677 0.0000000000
43256  -36.351  -28.539  56.718 0.0000000000
43260  -36.257  -28.505  55.944 0.0000000000
43231  -35.558  -29.092  59.656 0.0000000000
42334  -34.955  -29.358  60.177 0.0000000000
108120  -34.933  -29.453  59.206 0.0000000000
41428  -34.178  -29.763  58.590 0.0000000000
61686  -49.913  -6.274  38.306 0.0000000000
62572  -50.779  -6.015  38.444 0.0000000000
61677  -50.159  -6.321  39.149 0.0000000000
60798  -43.829  -7.809  39.134 0.0000000000
60807  -46.182  -7.210  38.217 0.0000000000
60806  -45.430  -7.431  38.402 0.0000000000
60813  -45.624  -7.339  37.518 0.0000000000
60814  -46.479  -7.069  37.450 0.0000000000
119039  -48.394  -6.670  38.584 0.0000000000
61691  -48.581  -6.563  37.946 0.0000000000
61692  -49.327  -6.364  37.716 0.0000000000
53116  -39.979  -17.339  47.410 0.0000000000
53117  -40.677  -16.691  47.741 0.0000000000
52245  -40.407  -17.694  48.143 0.0000000000
51358  -40.379  -18.537  48.976 0.0000000000
50572  -34.687  -18.862  48.798 0.0000000000
102235  -36.090  -18.648  47.742 0.0000000000
117343  -35.355  -18.637  47.672 0.0000000000
114098  -35.432  -18.546  47.050 0.0000000000
50605  -36.290  -18.404  46.719 0.0000000000
51387  -39.124  -18.267  47.432 0.0000000000
52260  -39.341  -17.679  47.092 0.0000000000
106708  -8.956  -33.910  59.956 0.0000000000
38833  -9.436  -33.620  59.355 0.0000000000
37932  -7.483  -35.102  57.770 0.0000000000
37061  -6.215  -35.752  57.778 0.0000000000
36154  -5.442  -36.318  58.146 0.0000000000
35213  -4.813  -37.314  57.945 0.0000000000
31371  -14.398  -40.538  64.598 0.0000000000
31370  -14.143  -40.671  65.154 0.0000000000
31378  -13.932  -40.743  64.533 0.0000000000
103584  -35.585  -19.386  53.940 0.0000000000
47324  -34.467  -23.605  55.505 0.0000000000
47334  -34.300  -23.769  54.681 0.0000000000
47323  -33.667  -23.213  55.260 0.0000000000
48901  -32.843  -21.694  55.196 0.0000000000
48149  -32.736  -22.217  54.813 0.0000000000
104238  -32.403  -22.069  54.170 0.0000000000
48909  -32.566  -21.532  54.565 0.0000000000
102094  -32.622  -20.721  54.282 0.0000000000
50483  -34.771  -19.590  54.553 0.0000000000
50482  -33.846  -19.735  54.239 0.0000000000
115269  -28.984  -29.460  65.122 0.0000000000
41358  -29.179  -29.917  64.502 0.0000000000
41435  -29.235  -29.531  57.989 0.0000000000
41422  -28.663  -29.670  58.741 0.0000000000
63488  -48.583  -4.908  33.320 0.0000000000
62607  -47.803  -5.446  33.031 0.0000000000
65192  -48.718  -3.182  33.263 0.0000000000
64324  -48.675  -4.063  33.292 0.0000000000
64322  -47.196  -3.148  32.711 0.0000000000
65178  -48.747  -2.300  33.254 0.0000000000
112124  -12.223  -29.539  65.851 0.0000000000
40515  -12.339  -31.382  66.123 0.0000000000
105133  -11.562  -32.756  66.013 0.0000000000
59077  -45.270  -9.168  44.310 0.0000000000
104261  -45.452  -9.489  44.939 0.0000000000
55677  -40.063  -13.113  43.837 0.0000000000
56541  -41.183  -12.030  43.769 0.0000000000
56540  -40.438  -12.401  43.443 0.0000000000
57373  -40.786  -11.669  43.063 0.0000000000
57381  -41.185  -11.008  42.725 0.0000000000
58254  -42.878  -10.425  43.690 0.0000000000
58255  -44.027  -9.893  44.167 0.0000000000
37886  -17.733  -35.022  63.165 0.0000000000
36103  -18.086  -35.883  63.326 0.0000000000
35177  -17.905  -36.706  63.501 0.0000000000
35178  -18.385  -36.807  63.057 0.0000000000
35226  -16.145  -36.589  58.225 0.0000000000
35225  -15.504  -36.767  57.859 0.0000000000
44031  -6.419  -27.217  62.648 0.0000000000
44049  -7.183  -27.419  62.122 0.0000000000
44067  -8.468  -27.437  60.319 0.0000000000
44078  -7.999  -27.675  59.318 0.0000000000
38894  -9.815  -33.328  53.489 0.0000000000
39768  -10.212  -32.754  53.408 0.0000000000
113396  -9.604  -32.458  51.368 0.0000000000
39788  -9.174  -32.860  50.799 0.0000000000
38949  -8.605  -33.227  50.259 0.0000000000
39693  -15.133  -32.099  69.329 0.0000000000
39692  -14.813  -31.941  70.114 0.0000000000
106170  -14.534  -32.589  70.439 0.0000000000
35153  -10.927  -38.312  67.925 0.0000000000
36084  -10.946  -37.253  68.852 0.0000000000
35141  -9.574  -37.069  68.014 0.0000000000
35148  -6.560  -37.371  66.420 0.0000000000
36093  -6.475  -36.672  66.134 0.0000000000
44884  -35.881  -26.956  53.050 0.0000000000
44876  -36.021  -26.531  53.555 0.0000000000
44099  -37.077  -27.316  55.426 0.0000000000
104526  -37.268  -26.483  55.670 0.0000000000
46570  -36.560  -24.622  56.265 0.0000000000
46580  -36.599  -25.360  55.293 0.0000000000
101541  -36.304  -24.812  55.554 0.0000000000
46591  -36.185  -25.077  55.001 0.0000000000
46579  -35.778  -24.474  55.265 0.0000000000
41384  -32.258  -30.008  62.627 0.0000000000
115074  -31.906  -30.110  62.155 0.0000000000
41399  -32.423  -30.090  61.775 0.0000000000
42324  -34.264  -29.458  61.506 0.0000000000
42332  -33.754  -29.827  60.985 0.0000000000
41416  -32.526  -30.252  59.875 0.0000000000
41415  -31.756  -30.166  59.686 0.0000000000
110772  -31.827  -30.155  60.395 0.0000000000
105697  -31.198  -29.950  59.283 0.0000000000
41424  -30.567  -29.791  58.857 0.0000000000
101047  -31.303  -29.912  58.441 0.0000000000
115387  -30.044  -29.274  56.471 0.0000000000
63481  -51.408  -4.550  35.066 0.0000000000
60837  -47.288  -7.102  35.195 0.0000000000
60838  -47.917  -6.748  34.805 0.0000000000
61714  -48.222  -6.209  33.763 0.0000000000
62597  -50.880  -5.130  35.470 0.0000000000
63485  -50.791  -4.130  34.348 0.0000000000
55648  -42.045  -12.905  45.940 0.0000000000
102179  -42.695  -12.528  46.316 0.0000000000
55624  -42.299  -13.207  46.724 0.0000000000
56470  -43.263  -13.184  47.993 0.0000000000
54747  -42.263  -15.025  48.339 0.0000000000
111381  -37.015  -17.953  45.675 0.0000000000
51406  -37.544  -17.721  45.678 0.0000000000
53154  -38.678  -16.099  45.317 0.0000000000
53170  -38.217  -15.612  44.538 0.0000000000
54795  -41.005  -13.999  45.995 0.0000000000
55646  -40.741  -13.703  45.256 0.0000000000
118850  -21.385  -31.559  56.864 0.0000000000
39753  -20.059  -32.079  56.413 0.0000000000
45709  -5.114  -25.652  57.973 0.0000000000
44855  -4.755  -27.884  56.853 0.0000000000
44094  -4.805  -28.555  56.265 0.0000000000
99676  -11.888  -28.832  60.866 0.0000000000
104685  -11.631  -28.509  59.961 0.0000000000
114023  -11.954  -29.894  59.806 0.0000000000
120134  -11.548  -31.224  58.158 0.0000000000
40556  -11.350  -31.718  57.808 0.0000000000
40562  -11.555  -31.045  57.359 0.0000000000
38838  -9.206  -33.820  58.793 0.0000000000
39743  -9.888  -33.422  58.664 0.0000000000
38857  -9.579  -33.767  56.760 0.0000000000
38868  -9.878  -33.569  55.057 0.0000000000
38867  -9.204  -34.223  54.963 0.0000000000
113494  -5.772  -36.501  56.336 0.0000000000
118011  -5.574  -36.651  55.817 0.0000000000
36181  -5.350  -36.795  56.024 0.0000000000
107460  -15.732  -34.883  68.063 0.0000000000
101590  -16.042  -36.555  68.188 0.0000000000
35147  -15.140  -38.430  68.831 0.0000000000
102167  -13.995  -39.065  68.597 0.0000000000
104335  -14.982  -40.099  66.147 0.0000000000
32290  -13.515  -40.703  66.241 0.0000000000
100063  -12.430  -40.586  67.152 0.0000000000
112850  -13.082  -40.216  67.501 0.0000000000
34167  -12.217  -39.638  67.935 0.0000000000
34156  -11.621  -38.645  68.135 0.0000000000
32286  -9.676  -40.516  67.487 0.0000000000
50555  -37.859  -19.139  50.154 0.0000000000
50541  -37.496  -19.156  50.758 0.0000000000
46618  -33.862  -24.365  52.918 0.0000000000
46619  -34.500  -25.253  52.581 0.0000000000
50522  -33.480  -19.436  51.280 0.0000000000
50538  -33.925  -19.289  50.336 0.0000000000
50540  -36.336  -19.176  50.822 0.0000000000
50554  -35.840  -19.076  50.148 0.0000000000
40542  -25.536  -30.838  61.984 0.0000000000
41381  -29.083  -30.464  62.919 0.0000000000
41395  -28.478  -30.596  62.144 0.0000000000
116342  -28.199  -29.869  59.322 0.0000000000
100055  -28.835  -30.319  60.558 0.0000000000
40554  -26.899  -30.217  59.603 0.0000000000
40555  -27.500  -30.308  60.198 0.0000000000
40550  -27.395  -30.498  60.956 0.0000000000
40549  -26.667  -30.553  61.106 0.0000000000
40559  -24.546  -30.441  58.550 0.0000000000
40563  -23.003  -30.697  57.640 0.0000000000
112745  -23.328  -30.298  57.003 0.0000000000
108419  -22.656  -30.574  56.007 0.0000000000
108713  -47.956  -1.038  32.791 0.0000000000
66029  -46.829  -1.590  32.179 0.0000000000
66869  -47.273  -0.035  30.782 0.0000000000
43999  -6.999  -27.561  64.628 0.0000000000
101015  -9.359  -28.084  66.525 0.0000000000
117309  -9.390  -28.113  65.004 0.0000000000
44017  -10.540  -27.975  63.464 0.0000000000
44034  -9.917  -27.681  62.727 0.0000000000
101900  -11.461  -28.126  62.211 0.0000000000
42318  -12.185  -29.312  61.694 0.0000000000
41387  -12.406  -30.070  62.076 0.0000000000
111615  -12.339  -30.864  62.054 0.0000000000
41352  -12.525  -30.546  64.423 0.0000000000
99754  -12.484  -31.124  63.766 0.0000000000
39714  -11.486  -32.519  62.387 0.0000000000
40525  -12.069  -32.037  62.818 0.0000000000
39725  -11.616  -32.133  61.693 0.0000000000
39724  -11.087  -32.736  61.613 0.0000000000
38823  -10.357  -33.357  61.533 0.0000000000
38812  -8.941  -34.201  62.424 0.0000000000
37897  -7.404  -34.621  61.638 0.0000000000
60788  -48.306  -7.048  41.577 0.0000000000
60779  -47.539  -7.356  42.175 0.0000000000
51349  -39.931  -19.155  49.641 0.0000000000
99359  -41.614  -10.425  42.426 0.0000000000
58265  -42.025  -9.786  42.045 0.0000000000
59084  -42.468  -9.187  41.516 0.0000000000
59920  -42.889  -8.621  40.968 0.0000000000
59926  -43.342  -8.197  40.364 0.0000000000
60785  -45.937  -7.605  41.425 0.0000000000
60784  -45.291  -7.686  41.184 0.0000000000
60792  -46.572  -7.443  40.928 0.0000000000
36973  -15.920  -35.512  65.895 0.0000000000
36091  -16.458  -36.895  66.274 0.0000000000
35159  -16.743  -37.138  65.372 0.0000000000
36979  -17.093  -35.880  63.529 0.0000000000
36978  -16.429  -35.922  64.057 0.0000000000
36101  -17.037  -36.607  63.871 0.0000000000
117588  -17.182  -38.110  64.182 0.0000000000
34177  -17.211  -37.914  64.411 0.0000000000
33267  -16.039  -39.079  64.518 0.0000000000
32304  -15.932  -39.171  64.034 0.0000000000
32310  -14.986  -39.726  63.498 0.0000000000
31396  -13.987  -40.145  63.372 0.0000000000
31408  -13.785  -39.619  62.698 0.0000000000
39750  -21.337  -31.756  57.627 0.0000000000
38849  -20.730  -32.329  58.395 0.0000000000
38839  -19.679  -33.176  58.554 0.0000000000
38840  -20.223  -32.880  58.941 0.0000000000
38834  -20.415  -33.280  59.698 0.0000000000
37063  -17.751  -34.604  57.916 0.0000000000
37050  -18.767  -34.543  59.255 0.0000000000
37912  -19.947  -34.073  60.137 0.0000000000
37020  -19.771  -34.680  60.738 0.0000000000
37006  -19.819  -35.309  61.812 0.0000000000
36120  -19.474  -35.842  62.166 0.0000000000
36992  -19.381  -35.525  62.660 0.0000000000
36129  -19.096  -36.357  62.215 0.0000000000
34210  -17.634  -37.804  61.713 0.0000000000
34202  -17.754  -37.937  62.422 0.0000000000
113593  -15.321  -37.537  59.041 0.0000000000
34221  -15.345  -37.915  59.594 0.0000000000
33329  -14.721  -38.507  60.068 0.0000000000
33330  -15.373  -38.319  60.270 0.0000000000
33310  -15.002  -38.621  60.638 0.0000000000
33311  -15.580  -38.525  61.159 0.0000000000
32348  -14.943  -38.801  61.236 0.0000000000
32333  -15.392  -38.798  61.823 0.0000000000
46519  -5.819  -24.334  61.900 0.0000000000
46518  -5.301  -24.479  61.442 0.0000000000
46530  -4.789  -24.299  60.769 0.0000000000
46517  -4.816  -24.987  61.050 0.0000000000
44048  -6.297  -27.263  61.683 0.0000000000
44047  -5.660  -27.114  61.233 0.0000000000
43224  -5.450  -28.062  59.088 0.0000000000
44077  -5.432  -27.676  59.621 0.0000000000
44076  -5.108  -27.851  59.239 0.0000000000
101769  -4.692  -26.255  60.011 0.0000000000
44087  -4.819  -27.907  58.668 0.0000000000
42345  -5.493  -29.069  57.128 0.0000000000
42354  -5.232  -29.300  56.383 0.0000000000
42353  -5.067  -29.331  56.075 0.0000000000
42370  -5.122  -29.566  55.674 0.0000000000
43239  -11.300  -28.417  58.562 0.0000000000
116933  -10.670  -27.739  59.338 0.0000000000
42358  -10.981  -29.191  56.293 0.0000000000
43247  -10.530  -28.335  57.384 0.0000000000
43254  -9.635  -28.465  56.759 0.0000000000
40585  -10.672  -31.438  53.707 0.0000000000
40578  -11.025  -31.090  54.474 0.0000000000
41482  -10.570  -30.652  53.764 0.0000000000
42414  -9.326  -29.684  53.623 0.0000000000
42372  -8.729  -28.966  55.087 0.0000000000
116301  -7.670  -29.182  55.060 0.0000000000
42430  -7.376  -29.643  52.939 0.0000000000
42412  -7.132  -29.651  53.768 0.0000000000
42411  -6.325  -29.712  53.243 0.0000000000
101908  -5.833  -29.630  52.625 0.0000000000
37858  -15.350  -33.743  69.245 0.0000000000
37855  -15.163  -34.663  69.747 0.0000000000
37853  -14.479  -34.575  70.369 0.0000000000
37852  -13.587  -34.521  70.934 0.0000000000
36953  -11.311  -36.183  70.119 0.0000000000
37849  -10.466  -34.075  70.497 0.0000000000
39686  -11.366  -32.440  71.277 0.0000000000
39691  -10.563  -32.720  70.537 0.0000000000
38790  -10.369  -33.062  68.986 0.0000000000
39694  -10.655  -32.362  69.624 0.0000000000
39695  -11.300  -31.900  68.692 0.0000000000
39698  -11.734  -31.863  67.667 0.0000000000
39697  -11.288  -32.369  67.947 0.0000000000
38800  -10.039  -33.865  66.192 0.0000000000
38801  -10.877  -33.302  65.639 0.0000000000
37868  -6.953  -34.850  65.035 0.0000000000
37869  -7.701  -34.749  65.641 0.0000000000
103748  -8.048  -34.404  65.081 0.0000000000
38803  -7.998  -34.409  64.315 0.0000000000
37874  -7.092  -34.658  64.382 0.0000000000
37882  -6.691  -34.857  63.747 0.0000000000
37880  -5.903  -35.382  63.237 0.0000000000
36991  -5.590  -35.612  62.580 0.0000000000
31357  -6.796  -41.644  67.574 0.0000000000
31355  -4.734  -41.800  67.164 0.0000000000
31356  -5.143  -41.577  67.413 0.0000000000
32278  -5.519  -40.915  67.363 0.0000000000
32279  -6.263  -40.886  67.538 0.0000000000
32282  -5.391  -40.398  67.073 0.0000000000
33251  -5.044  -39.942  66.347 0.0000000000
33252  -5.391  -39.302  66.333 0.0000000000
34170  -5.200  -39.004  65.936 0.0000000000
110650  -4.747  -37.864  64.793 0.0000000000
35166  -4.675  -37.316  64.281 0.0000000000
36109  -4.958  -36.577  64.036 0.0000000000
35176  -4.640  -37.245  63.432 0.0000000000
35185  -4.630  -37.208  62.448 0.0000000000
116518  -4.624  -37.147  61.612 0.0000000000
37002  -5.107  -36.066  61.696 0.0000000000
36134  -4.824  -36.667  60.980 0.0000000000
36142  -5.168  -36.566  59.931 0.0000000000
45699  -38.379  -25.981  59.456 0.0000000000
46539  -38.381  -24.895  59.859 0.0000000000
45687  -38.142  -25.756  60.261 0.0000000000
45676  -37.619  -25.711  61.089 0.0000000000
44092  -37.246  -27.921  57.539 0.0000000000
44090  -37.110  -27.960  58.387 0.0000000000
118474  -35.652  -29.065  58.959 0.0000000000
42342  -35.466  -29.141  58.314 0.0000000000
42343  -35.997  -28.823  58.350 0.0000000000
43211  -36.045  -28.520  60.721 0.0000000000
43221  -36.051  -28.707  59.833 0.0000000000
103978  -36.770  -27.148  61.277 0.0000000000
110825  -49.358  -6.569  39.453 0.0000000000
60799  -45.652  -7.513  39.830 0.0000000000
111305  -45.251  -7.520  39.100 0.0000000000
60800  -46.551  -7.340  39.611 0.0000000000
106732  -46.827  -7.127  38.807 0.0000000000
102856  -47.304  -6.881  38.301 0.0000000000
51369  -39.524  -18.439  48.016 0.0000000000
51370  -40.082  -18.319  48.397 0.0000000000
50589  -36.963  -18.799  48.292 0.0000000000
51367  -38.114  -18.670  47.320 0.0000000000
116306  -7.707  -34.519  60.537 0.0000000000
37910  -7.503  -34.622  59.862 0.0000000000
37048  -6.134  -35.652  58.436 0.0000000000
119392  -6.041  -35.670  58.891 0.0000000000
36143  -5.341  -36.408  58.998 0.0000000000
30511  -13.472  -40.967  64.639 0.0000000000
30522  -13.118  -40.956  64.014 0.0000000000
103867  -12.752  -41.182  64.343 0.0000000000
48135  -33.882  -22.331  56.568 0.0000000000
48893  -33.565  -21.600  56.367 0.0000000000
48902  -33.158  -21.310  55.715 0.0000000000
49675  -33.466  -20.522  55.467 0.0000000000
49686  -33.255  -20.258  54.689 0.0000000000
50471  -34.986  -19.695  55.480 0.0000000000
42288  -29.924  -29.152  65.501 0.0000000000
41444  -27.806  -29.148  57.181 0.0000000000
119455  -49.964  -3.071  33.672 0.0000000000
39701  -12.044  -31.844  66.880 0.0000000000
55666  -41.167  -13.049  44.842 0.0000000000
56526  -41.543  -12.353  44.471 0.0000000000
57363  -41.913  -11.644  44.068 0.0000000000
57375  -42.185  -10.927  43.585 0.0000000000
37887  -18.384  -35.015  63.001 0.0000000000
36984  -18.792  -35.583  62.977 0.0000000000
44098  -5.024  -27.788  55.058 0.0000000000
44079  -9.169  -27.483  59.603 0.0000000000
38909  -8.767  -34.155  52.614 0.0000000000
38058  -8.244  -34.351  51.720 0.0000000000
39696  -15.177  -32.307  68.486 0.0000000000
34164  -9.457  -38.617  67.550 0.0000000000
108952  -8.112  -37.399  67.368 0.0000000000
35150  -7.669  -36.874  67.076 0.0000000000
34161  -6.715  -38.041  66.730 0.0000000000
45727  -37.910  -25.675  56.828 0.0000000000
107663  -37.287  -25.150  56.420 0.0000000000
47315  -36.191  -23.995  56.954 0.0000000000
115270  -35.484  -23.614  56.799 0.0000000000
47306  -35.758  -23.290  57.538 0.0000000000
41462  -34.886  -29.453  55.267 0.0000000000
41426  -32.962  -30.194  59.103 0.0000000000
99482  -31.359  -29.792  57.495 0.0000000000
61706  -48.624  -6.447  36.242 0.0000000000
111788  -47.949  -6.699  35.693 0.0000000000
61711  -49.230  -5.931  34.809 0.0000000000
55589  -42.960  -13.917  48.450 0.0000000000
53155  -39.079  -16.437  45.894 0.0000000000
53970  -39.381  -15.686  45.616 0.0000000000
54793  -39.702  -14.850  45.293 0.0000000000
40573  -21.204  -31.266  55.503 0.0000000000
41401  -12.075  -30.128  60.454 0.0000000000
41411  -11.861  -30.754  59.852 0.0000000000
40552  -11.290  -31.938  58.630 0.0000000000
37933  -8.359  -34.545  57.853 0.0000000000
37973  -8.308  -34.888  55.315 0.0000000000
37993  -6.904  -35.709  54.239 0.0000000000
37083  -5.746  -36.513  54.653 0.0000000000
35154  -15.990  -38.516  67.933 0.0000000000
31364  -12.373  -41.155  66.122 0.0000000000
32289  -12.780  -41.001  66.309 0.0000000000
108446  -11.588  -40.702  67.249 0.0000000000
32287  -11.283  -41.408  67.107 0.0000000000
106898  -10.435  -41.459  67.369 0.0000000000
99866  -36.770  -19.159  51.048 0.0000000000
99865  -37.029  -19.149  51.094 0.0000000000
103724  -34.453  -19.350  51.684 0.0000000000
40524  -26.015  -30.592  62.943 0.0000000000
40543  -26.402  -30.660  61.794 0.0000000000
105322  -30.849  -30.224  62.934 0.0000000000
41370  -30.522  -30.216  63.820 0.0000000000
103736  -26.878  -29.617  58.236 0.0000000000
41420  -26.913  -29.921  58.852 0.0000000000
40560  -26.268  -30.173  58.979 0.0000000000
99710  -26.259  -30.411  59.792 0.0000000000
40565  -25.550  -30.047  58.344 0.0000000000
63492  -46.443  -4.363  32.442 0.0000000000
116407  -9.965  -28.166  65.059 0.0000000000
43190  -11.988  -28.739  63.258 0.0000000000
39711  -12.052  -32.282  63.946 0.0000000000
40519  -12.244  -31.858  63.470 0.0000000000
39709  -11.056  -33.075  62.930 0.0000000000
38806  -8.439  -34.333  63.347 0.0000000000
60778  -46.709  -7.611  42.396 0.0000000000
60771  -47.135  -7.635  43.069 0.0000000000
58259  -43.162  -9.750  43.122 0.0000000000
59079  -42.803  -9.444  42.326 0.0000000000
59080  -43.687  -9.029  42.565 0.0000000000
59914  -43.903  -8.457  41.854 0.0000000000
109705  -44.507  -7.941  41.371 0.0000000000
60777  -46.018  -7.714  42.174 0.0000000000
36974  -16.292  -36.033  65.050 0.0000000000
35168  -17.422  -36.941  63.800 0.0000000000
34184  -17.403  -37.703  63.995 0.0000000000
34192  -16.878  -38.349  63.862 0.0000000000
33274  -16.262  -38.736  63.564 0.0000000000
32316  -15.374  -39.161  62.975 0.0000000000
38860  -19.891  -32.363  57.084 0.0000000000
38847  -19.719  -32.788  57.816 0.0000000000
37062  -17.234  -35.415  58.329 0.0000000000
37034  -18.379  -35.357  59.674 0.0000000000
36146  -18.757  -35.760  60.541 0.0000000000
36136  -18.958  -36.094  61.249 0.0000000000
35202  -18.731  -36.709  61.739 0.0000000000
35200  -17.209  -37.549  60.991 0.0000000000
33328  -14.173  -38.659  59.924 0.0000000000
32364  -13.839  -38.971  60.447 0.0000000000
45665  -5.243  -25.290  61.829 0.0000000000
43213  -6.409  -27.679  59.991 0.0000000000
43225  -5.867  -28.032  59.165 0.0000000000
106659  -5.457  -28.388  58.576 0.0000000000
43233  -5.302  -28.595  58.107 0.0000000000
42338  -5.543  -28.724  58.001 0.0000000000
43248  -11.282  -28.676  57.806 0.0000000000
42359  -11.424  -29.662  56.757 0.0000000000
42375  -11.327  -29.935  56.002 0.0000000000
42374  -10.736  -29.434  55.574 0.0000000000
40591  -10.217  -31.489  52.387 0.0000000000
41495  -10.440  -30.997  53.083 0.0000000000
42431  -8.405  -29.723  52.489 0.0000000000
109660  -7.457  -29.620  52.165 0.0000000000
42464  -8.398  -29.809  50.669 0.0000000000
36956  -14.637  -35.697  70.181 0.0000000000
36955  -13.592  -36.284  70.486 0.0000000000
36959  -9.862  -35.795  69.167 0.0000000000
106937  -10.387  -35.466  69.839 0.0000000000
37854  -10.167  -34.548  69.987 0.0000000000
119425  -10.396  -33.430  70.374 0.0000000000
106567  -10.728  -33.028  67.827 0.0000000000
36966  -7.240  -35.573  66.280 0.0000000000
37863  -7.532  -35.145  66.144 0.0000000000
37873  -6.547  -35.035  64.435 0.0000000000
36977  -6.135  -35.371  64.460 0.0000000000
36982  -5.823  -35.516  63.952 0.0000000000
30488  -4.490  -42.175  66.973 0.0000000000
32291  -4.782  -40.816  66.582 0.0000000000
105911  -4.729  -40.330  66.028 0.0000000000
34200  -4.575  -37.954  62.801 0.0000000000
42404  -36.131  -28.592  54.801 0.0000000000
43271  -36.575  -28.090  54.881 0.0000000000
112357  -37.066  -27.705  55.887 0.0000000000
103649  -37.431  -27.264  56.157 0.0000000000
44853  -37.650  -27.345  57.076 0.0000000000
44858  -37.860  -26.496  56.679 0.0000000000
41450  -33.529  -29.858  56.844 0.0000000000
104789  -34.160  -29.569  56.909 0.0000000000
41452  -34.663  -29.454  56.129 0.0000000000
42367  -35.253  -29.118  56.641 0.0000000000
101368  -35.271  -29.098  55.722 0.0000000000
42383  -35.814  -28.778  55.364 0.0000000000
42333  -34.388  -29.592  60.611 0.0000000000
118275  -34.229  -29.800  59.431 0.0000000000
41427  -33.386  -30.046  58.450 0.0000000000
62584  -51.209  -5.654  37.710 0.0000000000
60805  -44.590  -7.618  38.621 0.0000000000
60812  -44.290  -7.633  37.774 0.0000000000
60825  -44.843  -7.517  37.199 0.0000000000
59970  -45.613  -7.516  35.970 0.0000000000
60829  -47.823  -6.675  36.671 0.0000000000
60815  -47.312  -6.808  37.542 0.0000000000
60816  -48.046  -6.628  37.482 0.0000000000
53944  -41.229  -15.721  47.629 0.0000000000
53118  -41.521  -16.390  48.413 0.0000000000
110008  -42.059  -16.162  48.961 0.0000000000
53104  -41.845  -16.800  49.273 0.0000000000
100338  -35.250  -18.733  48.288 0.0000000000
105884  -34.711  -18.627  46.539 0.0000000000
51385  -37.858  -18.361  46.750 0.0000000000
117649  -39.616  -17.009  46.874 0.0000000000
47269  -4.513  -23.805  60.272 0.0000000000
39732  -10.498  -33.024  60.109 0.0000000000
37911  -7.996  -34.407  59.248 0.0000000000
37920  -8.583  -34.238  58.638 0.0000000000
118263  -6.299  -35.909  57.200 0.0000000000
101743  -5.811  -35.980  57.921 0.0000000000
36166  -5.568  -36.430  57.382 0.0000000000
103933  -5.198  -36.978  56.820 0.0000000000
35221  -4.862  -37.406  56.982 0.0000000000
33254  -15.271  -39.926  65.442 0.0000000000
32294  -14.668  -40.422  65.205 0.0000000000
32293  -13.845  -40.794  65.469 0.0000000000
31377  -13.434  -41.018  64.860 0.0000000000
31369  -12.866  -41.211  65.187 0.0000000000
31366  -12.809  -41.051  65.640 0.0000000000
30500  -12.283  -41.314  65.601 0.0000000000
99869  -36.274  -19.128  53.034 0.0000000000
50512  -36.458  -19.029  53.184 0.0000000000
113934  -36.497  -19.182  53.711 0.0000000000
100186  -34.892  -24.407  54.214 0.0000000000
46603  -34.140  -23.980  53.828 0.0000000000
47347  -33.345  -23.542  53.548 0.0000000000
48150  -33.104  -22.831  54.886 0.0000000000
47346  -32.647  -23.148  53.215 0.0000000000
48158  -32.163  -22.320  53.409 0.0000000000
48916  -31.791  -21.571  52.997 0.0000000000
49694  -31.926  -20.926  53.148 0.0000000000
49695  -32.380  -20.462  53.484 0.0000000000
50495  -33.690  -19.612  53.396 0.0000000000
104259  -30.222  -29.908  59.689 0.0000000000
103907  -29.572  -30.109  60.364 0.0000000000
41433  -27.268  -29.393  57.798 0.0000000000
41443  -25.833  -29.199  56.804 0.0000000000
41457  -25.005  -29.232  55.985 0.0000000000
102339  -47.115  -4.937  32.678 0.0000000000
63493  -47.119  -4.273  32.696 0.0000000000
103837  -46.719  -3.682  32.520 0.0000000000
64321  -46.406  -2.880  32.281 0.0000000000
65190  -46.953  -2.301  32.502 0.0000000000
66031  -48.131  -1.791  33.032 0.0000000000
111529  -49.548  -2.007  33.435 0.0000000000
43173  -12.091  -29.142  64.925 0.0000000000
42282  -12.447  -29.813  64.968 0.0000000000
40517  -12.424  -31.401  64.916 0.0000000000
39707  -12.075  -32.235  64.619 0.0000000000
38804  -10.859  -33.321  64.735 0.0000000000
114599  -45.283  -8.803  43.763 0.0000000000
59900  -45.900  -8.701  44.181 0.0000000000
57380  -40.454  -11.246  42.234 0.0000000000
59075  -43.882  -9.481  43.408 0.0000000000
36980  -17.660  -35.815  63.382 0.0000000000
36102  -17.533  -36.284  63.561 0.0000000000
34201  -17.342  -38.157  62.933 0.0000000000
37952  -17.714  -33.993  56.053 0.0000000000
37075  -17.005  -34.776  56.501 0.0000000000
103216  -17.085  -35.094  57.433 0.0000000000
36168  -16.575  -35.870  57.827 0.0000000000
35215  -16.365  -36.962  59.093 0.0000000000
35214  -15.724  -37.164  58.651 0.0000000000
34242  -15.134  -37.253  58.437 0.0000000000
106914  -5.845  -25.835  63.215 0.0000000000
44786  -5.767  -26.320  62.802 0.0000000000
43245  -7.991  -28.269  57.814 0.0000000000
39755  -10.539  -32.746  55.055 0.0000000000
39769  -10.494  -32.204  53.589 0.0000000000
39776  -10.291  -32.271  52.915 0.0000000000
38910  -9.529  -33.418  52.735 0.0000000000
40599  -9.860  -31.668  51.493 0.0000000000
40606  -9.221  -31.309  50.032 0.0000000000
41343  -15.160  -30.560  69.785 0.0000000000
40507  -14.592  -31.218  70.506 0.0000000000
35144  -11.869  -38.205  68.587 0.0000000000
35137  -11.530  -37.640  68.832 0.0000000000
36083  -10.133  -36.711  68.718 0.0000000000
36958  -9.230  -35.288  68.614 0.0000000000
36963  -8.713  -35.035  67.923 0.0000000000
36962  -8.099  -35.438  67.276 0.0000000000
36961  -7.530  -35.792  66.785 0.0000000000
36087  -7.330  -36.427  66.757 0.0000000000
36094  -7.015  -36.144  66.414 0.0000000000
36092  -5.936  -36.914  65.837 0.0000000000
45757  -35.494  -26.412  52.657 0.0000000000
118482  -35.685  -25.691  53.792 0.0000000000
44106  -36.778  -27.557  54.865 0.0000000000
45735  -37.058  -25.634  55.652 0.0000000000
45740  -36.803  -25.985  55.093 0.0000000000
44867  -36.394  -26.200  54.358 0.0000000000
46605  -35.970  -25.529  54.349 0.0000000000
48136  -34.361  -22.868  56.733 0.0000000000
48127  -34.080  -21.612  57.017 0.0000000000
41410  -33.190  -30.135  60.479 0.0000000000
113696  -31.217  -30.025  60.750 0.0000000000
41446  -29.732  -29.319  57.213 0.0000000000
60850  -46.666  -7.761  33.935 0.0000000000
62603  -48.478  -5.633  33.490 0.0000000000
62604  -49.167  -5.193  33.750 0.0000000000
62600  -49.621  -5.377  34.373 0.0000000000
63484  -49.876  -4.688  34.087 0.0000000000
56501  -43.127  -11.914  45.914 0.0000000000
57325  -44.053  -11.812  47.164 0.0000000000
56480  -42.930  -12.808  47.147 0.0000000000
54814  -40.061  -14.098  44.937 0.0000000000
40557  -22.772  -31.252  58.529 0.0000000000
39758  -20.627  -31.735  55.989 0.0000000000
45718  -5.412  -26.284  57.125 0.0000000000
44097  -4.715  -28.494  55.396 0.0000000000
44081  -10.976  -27.759  60.072 0.0000000000
42335  -11.596  -28.664  59.132 0.0000000000
42340  -11.685  -29.239  58.509 0.0000000000
106616  -11.879  -30.077  59.091 0.0000000000
41429  -11.609  -30.208  57.268 0.0000000000
40567  -11.458  -31.234  56.577 0.0000000000
40566  -11.240  -31.764  56.008 0.0000000000
39744  -10.633  -32.789  58.655 0.0000000000
118885  -10.729  -32.669  57.268 0.0000000000
103813  -10.771  -32.589  56.513 0.0000000000
39752  -10.792  -32.479  55.732 0.0000000000
37995  -8.800  -34.493  54.289 0.0000000000
38018  -8.327  -34.657  53.456 0.0000000000
108904  -15.593  -36.553  69.088 0.0000000000
36080  -15.005  -36.469  69.728 0.0000000000
35140  -13.901  -37.586  69.847 0.0000000000
33250  -14.863  -40.106  66.998 0.0000000000
33239  -13.966  -39.958  67.613 0.0000000000
35145  -12.821  -38.511  68.866 0.0000000000
34165  -10.506  -38.916  67.619 0.0000000000
33246  -11.035  -39.883  67.526 0.0000000000
50575  -38.141  -19.118  49.406 0.0000000000
120008  -38.790  -19.098  49.011 0.0000000000
45755  -34.492  -25.693  51.766 0.0000000000
46629  -33.423  -24.740  51.347 0.0000000000
50552  -33.398  -19.250  49.074 0.0000000000
100245  -34.153  -19.144  49.651 0.0000000000
50553  -34.924  -18.989  49.548 0.0000000000
50539  -34.916  -19.179  50.216 0.0000000000
99812  -36.579  -18.949  49.578 0.0000000000
40533  -25.290  -30.783  62.645 0.0000000000
40541  -24.617  -31.087  62.156 0.0000000000
40558  -23.709  -31.055  59.107 0.0000000000
42298  -30.221  -29.709  64.944 0.0000000000
41359  -29.703  -30.008  64.420 0.0000000000
41368  -28.885  -30.261  63.747 0.0000000000
41405  -28.678  -30.528  61.351 0.0000000000
40545  -27.936  -30.571  61.536 0.0000000000
40536  -27.722  -30.625  62.238 0.0000000000
113965  -25.550  -30.632  60.154 0.0000000000
40568  -22.124  -31.010  56.305 0.0000000000
66038  -46.502  -1.189  31.453 0.0000000000
114264  -46.999  -0.523  31.353 0.0000000000
66878  -46.730  -0.627  30.648 0.0000000000
67678  -47.727  0.411  30.062 0.0000000000
44013  -6.845  -27.545  63.946 0.0000000000
44033  -7.680  -27.661  62.906 0.0000000000
44051  -9.337  -27.497  62.011 0.0000000000
44000  -7.767  -27.774  64.832 0.0000000000
44052  -10.341  -27.614  61.826 0.0000000000
44053  -11.155  -27.867  61.650 0.0000000000
43197  -11.947  -28.636  62.409 0.0000000000
42317  -12.113  -29.579  60.903 0.0000000000
114791  -12.027  -30.861  60.675 0.0000000000
39734  -11.402  -32.195  61.025 0.0000000000
41361  -12.485  -30.235  63.449 0.0000000000
38829  -10.051  -33.484  60.756 0.0000000000
112044  -9.279  -33.907  60.655 0.0000000000
117661  -8.941  -34.172  61.135 0.0000000000
38828  -8.431  -34.294  60.773 0.0000000000
61662  -49.040  -6.851  41.114 0.0000000000
57332  -44.457  -11.180  46.674 0.0000000000
51350  -40.507  -18.746  49.529 0.0000000000
58263  -40.639  -10.554  41.516 0.0000000000
103923  -41.028  -9.911  40.936 0.0000000000
59083  -41.751  -9.537  41.243 0.0000000000
59088  -41.525  -9.287  40.449 0.0000000000
59095  -41.983  -8.803  40.113 0.0000000000
59931  -42.270  -8.520  39.537 0.0000000000
59932  -43.083  -8.126  39.533 0.0000000000
113655  -43.783  -7.904  39.826 0.0000000000
60790  -44.988  -7.669  40.533 0.0000000000
36095  -16.194  -36.407  67.173 0.0000000000
34173  -16.425  -38.446  65.321 0.0000000000
36099  -16.911  -36.851  64.529 0.0000000000
33259  -15.964  -39.144  65.006 0.0000000000
33266  -15.499  -39.709  64.485 0.0000000000
31379  -14.616  -40.334  64.058 0.0000000000
105908  -15.280  -39.793  63.877 0.0000000000
107165  -13.404  -40.194  63.252 0.0000000000
38842  -21.458  -32.396  59.508 0.0000000000
37921  -19.194  -33.831  58.870 0.0000000000
37899  -20.700  -33.685  61.319 0.0000000000
38824  -20.586  -33.695  61.925 0.0000000000
37898  -20.251  -34.496  61.789 0.0000000000
37894  -20.122  -34.394  62.328 0.0000000000
35193  -18.637  -36.860  62.444 0.0000000000
35186  -18.203  -37.396  62.736 0.0000000000
111539  -17.138  -38.246  62.433 0.0000000000
104309  -16.540  -37.833  60.687 0.0000000000
33348  -15.061  -38.110  59.722 0.0000000000
33297  -16.537  -38.422  62.147 0.0000000000
32317  -15.876  -38.737  62.420 0.0000000000
32332  -14.782  -39.003  61.957 0.0000000000
100869  -14.147  -39.122  62.020 0.0000000000
32346  -13.943  -39.037  61.193 0.0000000000
107427  -13.500  -39.287  61.895 0.0000000000
101128  -4.389  -24.640  60.241 0.0000000000
45688  -4.406  -25.409  59.914 0.0000000000
44799  -5.349  -26.099  62.077 0.0000000000
44064  -5.568  -27.363  60.347 0.0000000000
44814  -5.254  -26.948  60.803 0.0000000000
44813  -4.905  -26.394  60.744 0.0000000000
44842  -4.726  -26.974  58.807 0.0000000000
44091  -4.748  -28.104  57.766 0.0000000000
43242  -5.066  -28.741  57.494 0.0000000000
43251  -5.003  -29.010  56.598 0.0000000000
42369  -4.826  -29.522  55.303 0.0000000000
44080  -10.119  -27.500  59.790 0.0000000000
44089  -9.912  -27.639  58.944 0.0000000000
105464  -10.895  -28.167  58.073 0.0000000000
99621  -10.203  -27.924  58.130 0.0000000000
43237  -9.311  -27.824  58.295 0.0000000000
110527  -8.804  -28.032  57.862 0.0000000000
105362  -8.760  -28.311  57.298 0.0000000000
116479  -7.942  -28.543  57.234 0.0000000000
42394  -10.514  -29.598  54.908 0.0000000000
41466  -10.141  -30.006  53.849 0.0000000000
42373  -9.874  -29.022  55.263 0.0000000000
43259  -9.146  -28.745  55.922 0.0000000000
110177  -6.787  -29.108  56.266 0.0000000000
42391  -6.847  -29.555  54.661 0.0000000000
42371  -5.725  -29.679  55.202 0.0000000000
111714  -4.982  -29.660  53.993 0.0000000000
42428  -5.129  -29.459  52.653 0.0000000000
103808  -5.525  -29.418  51.935 0.0000000000
42447  -6.204  -29.342  51.215 0.0000000000
41344  -11.346  -30.596  69.375 0.0000000000
38786  -14.980  -33.148  69.909 0.0000000000
38783  -13.707  -32.655  71.157 0.0000000000
100992  -12.584  -32.621  71.520 0.0000000000
118856  -11.895  -36.778  69.918 0.0000000000
37851  -12.408  -34.515  71.122 0.0000000000
40502  -11.511  -31.459  71.347 0.0000000000
40510  -11.373  -31.203  69.099 0.0000000000
37865  -8.717  -34.436  66.958 0.0000000000
107468  -9.021  -34.188  66.222 0.0000000000
115727  -8.359  -34.536  66.189 0.0000000000
38799  -9.420  -34.022  65.426 0.0000000000
105727  -9.101  -34.153  63.963 0.0000000000
37890  -6.959  -34.716  62.879 0.0000000000
113917  -6.584  -34.915  62.319 0.0000000000
32284  -7.569  -40.341  67.519 0.0000000000
30485  -5.421  -42.243  67.559 0.0000000000
106435  -6.298  -42.315  67.555 0.0000000000
115876  -6.666  -40.249  67.430 0.0000000000
117282  -7.013  -39.673  67.324 0.0000000000
33242  -6.344  -39.570  67.148 0.0000000000
117315  -6.260  -38.910  66.773 0.0000000000
33240  -5.384  -39.873  66.684 0.0000000000
34160  -5.731  -39.080  66.553 0.0000000000
35156  -5.633  -37.523  65.744 0.0000000000
116627  -5.259  -37.427  65.410 0.0000000000
105576  -4.612  -40.024  65.216 0.0000000000
34174  -4.937  -38.586  65.320 0.0000000000
35161  -5.029  -37.801  65.257 0.0000000000
36981  -5.242  -36.120  63.452 0.0000000000
36990  -5.210  -36.010  62.648 0.0000000000
113264  -5.348  -35.797  62.156 0.0000000000
37003  -5.552  -35.674  61.570 0.0000000000
31367  -13.402  -40.976  65.254 0.0000000000
32297  -14.955  -40.190  64.822 0.0000000000
32303  -15.125  -40.051  64.296 0.0000000000
34182  -4.698  -38.552  64.633 0.0000000000
34194  -17.826  -37.744  63.107 0.0000000000
36110  -5.453  -35.922  64.042 0.0000000000
43255  -10.562  -28.687  56.654 0.0000000000
44828  -38.008  -26.641  59.777 0.0000000000
45707  -38.492  -26.116  58.824 0.0000000000
56481  -43.371  -12.183  46.707 0.0000000000
60826  -45.380  -7.438  36.726 0.0000000000
64323  -47.938  -3.568  33.040 0.0000000000
65189  -46.272  -2.017  31.943 0.0000000000
66020  -50.217  -1.743  33.560 0.0000000000
103876  -12.332  -31.691  64.156 0.0000000000
110946  -36.684  -28.203  58.639 0.0000000000
113224  -35.214  -23.935  55.603 0.0000000000
117323  -15.401  -39.678  65.891 0.0000000000
118216  -36.723  -28.099  59.389 0.0000000000
118820  -13.619  -40.411  67.092 0.0000000000
119710  -36.808  -18.884  48.954 0.0000000000
119977  -45.691  -9.094  44.610 0.0000000000
