#!ascii label  , from subject sub-v2s17x50013_ses-1 vox2ras=TkReg
1386
73253  -35.710  6.898  27.921 0.0000000000
70217  -47.715  4.808  11.707 0.0000000000
78677  -39.584  16.193  32.030 0.0000000000
68563  -46.755  0.921  21.654 0.0000000000
70032  -45.681  4.257  29.330 0.0000000000
72540  -44.192  6.693  21.404 0.0000000000
106168  -47.266  13.432  23.170 0.0000000000
81130  -42.266  20.357  23.421 0.0000000000
65177  -40.215  -2.294  33.284 0.0000000000
69311  -40.456  2.492  24.415 0.0000000000
69358  -42.809  2.557  20.408 0.0000000000
73280  -40.460  7.193  24.408 0.0000000000
81656  -43.294  21.046  32.762 0.0000000000
78708  -44.042  15.938  27.694 0.0000000000
102785  -45.670  19.322  26.395 0.0000000000
78730  -43.059  15.784  24.494 0.0000000000
81752  -49.903  20.089  24.041 0.0000000000
71019  -43.163  5.361  11.049 0.0000000000
73219  -37.452  7.536  33.844 0.0000000000
76053  -38.366  11.784  30.854 0.0000000000
70878  -51.865  4.915  22.992 0.0000000000
68498  -46.331  1.435  26.411 0.0000000000
69262  -39.732  3.613  28.556 0.0000000000
68463  -40.630  1.503  30.412 0.0000000000
70988  -44.429  5.336  14.542 0.0000000000
111709  -42.770  8.409  15.639 0.0000000000
76081  -42.695  11.571  27.667 0.0000000000
75438  -47.875  11.014  22.907 0.0000000000
76170  -45.454  11.427  16.296 0.0000000000
77443  -43.826  14.173  19.783 0.0000000000
78766  -40.118  15.848  19.461 0.0000000000
70854  -37.668  4.924  25.745 0.0000000000
70874  -40.377  4.743  24.075 0.0000000000
72499  -38.228  7.165  25.772 0.0000000000
82276  -45.873  21.274  33.233 0.0000000000
112722  -44.212  20.390  29.136 0.0000000000
110484  -46.886  20.459  29.547 0.0000000000
81104  -47.633  20.013  25.525 0.0000000000
71011  -45.467  4.673  11.180 0.0000000000
71638  -39.512  6.035  35.906 0.0000000000
74602  -40.975  9.090  34.363 0.0000000000
69268  -45.808  3.049  28.336 0.0000000000
68485  -43.295  1.370  27.417 0.0000000000
108569  -42.696  4.166  29.037 0.0000000000
66867  -41.370  -0.881  31.484 0.0000000000
69231  -35.902  1.922  32.114 0.0000000000
106344  -36.153  3.168  33.457 0.0000000000
69223  -34.860  2.535  33.456 0.0000000000
69386  -47.475  2.202  18.506 0.0000000000
71763  -42.859  5.018  20.509 0.0000000000
119048  -43.522  3.362  17.348 0.0000000000
71789  -42.535  5.636  17.832 0.0000000000
72592  -42.872  6.612  14.844 0.0000000000
73332  -43.531  7.498  18.446 0.0000000000
77361  -39.323  13.789  31.387 0.0000000000
76058  -40.143  12.241  28.932 0.0000000000
78020  -40.618  14.423  28.899 0.0000000000
77396  -48.008  13.453  27.148 0.0000000000
76086  -48.212  12.349  27.418 0.0000000000
76759  -51.118  13.026  23.892 0.0000000000
109571  -47.767  11.535  19.940 0.0000000000
77453  -47.832  13.916  19.417 0.0000000000
76156  -44.809  12.098  19.146 0.0000000000
78086  -45.658  14.870  20.058 0.0000000000
80525  -42.806  18.312  24.485 0.0000000000
78741  -41.487  15.564  23.129 0.0000000000
79380  -39.827  16.952  23.283 0.0000000000
79395  -38.204  17.021  20.485 0.0000000000
115943  -39.203  19.643  23.207 0.0000000000
67727  -43.546  0.366  23.321 0.0000000000
67763  -44.785  0.825  20.511 0.0000000000
109654  -42.231  2.776  22.544 0.0000000000
70886  -42.348  4.204  22.413 0.0000000000
73290  -42.641  7.296  23.455 0.0000000000
81042  -40.660  19.400  31.860 0.0000000000
79925  -40.206  17.513  28.981 0.0000000000
103320  -42.268  19.801  29.301 0.0000000000
80502  -44.432  18.438  27.103 0.0000000000
78724  -46.017  15.619  26.228 0.0000000000
78059  -44.372  14.199  23.791 0.0000000000
79364  -45.308  16.760  25.333 0.0000000000
81120  -46.159  19.394  24.372 0.0000000000
81785  -45.849  21.394  21.853 0.0000000000
72622  -41.896  7.728  10.875 0.0000000000
73237  -35.056  7.787  30.808 0.0000000000
74621  -36.651  9.420  29.570 0.0000000000
74612  -37.349  9.843  32.289 0.0000000000
76041  -40.385  11.673  33.398 0.0000000000
77355  -41.681  13.521  33.815 0.0000000000
77352  -45.651  13.754  34.980 0.0000000000
79314  -42.583  16.473  33.991 0.0000000000
69335  -49.526  2.564  22.436 0.0000000000
69313  -49.648  2.693  24.218 0.0000000000
68538  -46.946  0.931  23.383 0.0000000000
67697  -43.910  0.121  25.337 0.0000000000
68493  -40.195  1.430  26.412 0.0000000000
119505  -45.886  3.882  31.400 0.0000000000
66847  -43.549  -0.597  33.669 0.0000000000
68455  -43.401  1.475  31.511 0.0000000000
69249  -43.016  3.505  30.628 0.0000000000
69246  -40.536  3.977  30.007 0.0000000000
71673  -34.900  5.483  29.457 0.0000000000
71830  -48.499  6.997  13.143 0.0000000000
69397  -45.331  2.323  17.402 0.0000000000
70976  -46.683  4.830  15.020 0.0000000000
72615  -47.259  7.254  11.698 0.0000000000
72625  -44.616  7.511  11.118 0.0000000000
73364  -43.213  8.476  10.929 0.0000000000
74764  -42.550  11.134  11.708 0.0000000000
74641  -39.161  9.929  27.128 0.0000000000
75407  -41.075  10.196  26.320 0.0000000000
74669  -43.787  9.771  24.338 0.0000000000
77382  -43.881  13.109  28.346 0.0000000000
75419  -45.312  11.054  25.287 0.0000000000
112147  -45.303  8.535  22.032 0.0000000000
74038  -45.677  8.852  18.766 0.0000000000
74736  -43.880  10.039  16.072 0.0000000000
75497  -41.867  10.850  14.456 0.0000000000
78075  -43.426  14.856  21.012 0.0000000000
77441  -42.215  14.295  20.372 0.0000000000
114182  -40.411  13.001  21.577 0.0000000000
113795  -38.960  13.806  21.809 0.0000000000
78056  -37.448  14.616  23.206 0.0000000000
71702  -36.675  5.523  26.559 0.0000000000
71712  -37.879  5.709  25.618 0.0000000000
73263  -36.855  6.971  26.755 0.0000000000
100442  -46.118  20.638  31.176 0.0000000000
81709  -47.864  20.322  29.253 0.0000000000
71012  -47.077  5.338  11.075 0.0000000000
70047  -45.264  3.820  28.848 0.0000000000
69266  -44.060  3.111  28.416 0.0000000000
100385  -43.774  4.335  29.570 0.0000000000
67655  -35.833  0.525  31.924 0.0000000000
68437  -35.459  1.935  32.583 0.0000000000
69361  -48.415  1.937  20.667 0.0000000000
69372  -47.700  1.871  19.527 0.0000000000
71764  -43.365  5.561  21.072 0.0000000000
71773  -42.693  5.183  19.648 0.0000000000
72556  -42.841  5.961  19.299 0.0000000000
72566  -43.191  6.717  18.885 0.0000000000
72558  -44.296  7.122  19.914 0.0000000000
102113  -39.510  15.226  32.006 0.0000000000
78005  -39.496  14.236  30.544 0.0000000000
116621  -39.396  15.809  30.245 0.0000000000
77402  -47.961  13.598  26.141 0.0000000000
77404  -50.042  13.028  26.239 0.0000000000
77417  -48.827  13.324  23.526 0.0000000000
76773  -49.402  12.865  21.073 0.0000000000
77436  -48.314  13.490  21.070 0.0000000000
77444  -46.775  14.612  20.079 0.0000000000
117933  -46.362  13.607  21.717 0.0000000000
81117  -42.462  19.359  24.002 0.0000000000
79953  -41.308  17.591  24.366 0.0000000000
80523  -40.747  18.410  24.104 0.0000000000
79963  -39.567  17.711  23.476 0.0000000000
102131  -40.090  19.291  23.597 0.0000000000
68520  -42.289  0.569  24.200 0.0000000000
117182  -42.553  1.343  22.871 0.0000000000
69312  -41.203  2.238  23.868 0.0000000000
72513  -39.850  6.442  24.545 0.0000000000
70875  -41.198  4.700  23.553 0.0000000000
72521  -41.106  6.078  23.747 0.0000000000
71733  -42.147  5.731  23.208 0.0000000000
73281  -41.311  7.622  24.129 0.0000000000
81654  -41.849  20.352  32.730 0.0000000000
81059  -41.402  19.824  30.529 0.0000000000
81689  -42.810  20.498  30.738 0.0000000000
81731  -45.027  20.256  27.910 0.0000000000
81083  -43.655  19.642  28.086 0.0000000000
81102  -44.800  19.245  27.037 0.0000000000
79353  -45.427  16.608  26.903 0.0000000000
79940  -45.539  16.964  26.317 0.0000000000
79365  -45.743  16.476  25.923 0.0000000000
80510  -45.989  19.047  25.541 0.0000000000
99344  -48.903  20.125  25.183 0.0000000000
81121  -46.918  19.535  24.533 0.0000000000
81134  -46.932  19.995  23.566 0.0000000000
81133  -45.786  19.972  23.448 0.0000000000
114440  -47.282  20.601  22.581 0.0000000000
71855  -42.678  6.132  10.855 0.0000000000
73226  -36.143  7.903  32.773 0.0000000000
73944  -36.131  8.778  31.814 0.0000000000
73934  -37.628  8.586  33.272 0.0000000000
111490  -41.743  9.331  34.567 0.0000000000
74609  -40.853  10.200  33.849 0.0000000000
117698  -41.760  11.235  34.037 0.0000000000
76692  -41.503  12.523  33.775 0.0000000000
76687  -43.130  12.280  34.315 0.0000000000
77339  -46.768  13.721  36.303 0.0000000000
78674  -43.690  15.464  34.305 0.0000000000
79304  -43.005  16.790  34.622 0.0000000000
79896  -41.619  17.981  34.372 0.0000000000
80454  -41.759  18.305  35.138 0.0000000000
70121  -50.549  3.507  21.345 0.0000000000
70114  -50.677  3.594  22.370 0.0000000000
69292  -49.293  2.830  25.870 0.0000000000
68511  -48.067  1.780  25.154 0.0000000000
68523  -47.945  1.560  24.319 0.0000000000
67700  -46.608  0.892  24.740 0.0000000000
119649  -45.300  0.324  24.481 0.0000000000
67694  -45.139  0.644  26.043 0.0000000000
114921  -41.802  2.073  27.753 0.0000000000
107467  -41.377  1.351  27.255 0.0000000000
68482  -39.806  1.887  27.116 0.0000000000
66028  -42.030  -1.470  33.193 0.0000000000
67666  -42.515  0.221  31.495 0.0000000000
67677  -42.025  1.046  30.942 0.0000000000
68466  -43.137  2.536  31.045 0.0000000000
68464  -41.823  2.349  30.646 0.0000000000
69247  -41.519  3.685  30.306 0.0000000000
105706  -40.083  2.706  30.200 0.0000000000
71659  -34.610  5.578  31.223 0.0000000000
70801  -35.247  4.210  31.285 0.0000000000
71831  -49.452  7.222  12.997 0.0000000000
68581  -43.929  1.573  19.481 0.0000000000
68594  -45.196  1.518  18.827 0.0000000000
69382  -43.958  2.239  18.193 0.0000000000
70961  -44.187  4.152  15.769 0.0000000000
70172  -44.569  3.529  16.265 0.0000000000
70974  -44.686  4.674  15.028 0.0000000000
70990  -46.477  5.565  14.203 0.0000000000
116318  -45.484  6.413  13.172 0.0000000000
71856  -45.564  7.206  11.313 0.0000000000
71828  -44.680  6.074  13.698 0.0000000000
73351  -42.680  7.484  14.679 0.0000000000
72604  -42.975  7.410  13.746 0.0000000000
73356  -42.745  8.433  13.301 0.0000000000
111149  -42.708  9.683  12.255 0.0000000000
111661  -42.678  9.275  13.496 0.0000000000
75376  -37.630  10.507  29.753 0.0000000000
74631  -37.410  9.683  28.467 0.0000000000
103443  -38.290  10.958  29.413 0.0000000000
76071  -41.386  11.985  28.355 0.0000000000
75397  -40.439  10.664  27.432 0.0000000000
105004  -41.886  10.519  26.497 0.0000000000
112933  -42.336  9.858  25.239 0.0000000000
75417  -43.053  10.294  25.453 0.0000000000
79343  -41.625  17.030  27.889 0.0000000000
113187  -41.739  15.552  28.098 0.0000000000
78023  -43.748  14.526  28.235 0.0000000000
76106  -48.658  11.696  25.939 0.0000000000
76104  -46.127  11.505  25.991 0.0000000000
75429  -46.505  10.938  24.088 0.0000000000
74671  -45.174  9.946  23.566 0.0000000000
74680  -46.025  9.929  22.680 0.0000000000
74026  -45.588  8.438  20.657 0.0000000000
74696  -46.558  9.626  20.932 0.0000000000
75478  -47.427  11.672  17.286 0.0000000000
74721  -46.776  10.412  17.204 0.0000000000
74738  -45.551  10.670  16.051 0.0000000000
74746  -43.055  10.016  15.595 0.0000000000
75492  -43.490  10.233  16.118 0.0000000000
75490  -42.011  10.332  15.610 0.0000000000
111175  -43.607  10.734  16.816 0.0000000000
76785  -44.596  13.185  19.527 0.0000000000
75469  -43.663  10.955  19.281 0.0000000000
78731  -43.568  15.190  24.324 0.0000000000
78068  -44.045  14.133  22.783 0.0000000000
78743  -42.714  15.236  23.809 0.0000000000
78758  -40.842  16.029  20.473 0.0000000000
78760  -41.882  15.271  20.452 0.0000000000
78081  -40.965  15.298  19.827 0.0000000000
114172  -41.057  13.409  21.042 0.0000000000
78073  -40.424  14.340  20.560 0.0000000000
77423  -39.631  13.483  21.636 0.0000000000
78080  -39.762  15.245  19.762 0.0000000000
79394  -37.443  17.268  21.051 0.0000000000
78756  -37.530  16.480  21.082 0.0000000000
79387  -36.896  16.981  21.476 0.0000000000
107995  -36.422  16.161  23.102 0.0000000000
102059  -39.257  3.097  25.066 0.0000000000
70092  -40.260  3.286  24.301 0.0000000000
70856  -38.846  4.567  24.982 0.0000000000
71714  -39.163  5.669  24.790 0.0000000000
73271  -39.340  7.533  25.180 0.0000000000
81672  -44.100  20.821  31.419 0.0000000000
81673  -45.133  20.738  31.291 0.0000000000
105589  -45.976  20.490  29.683 0.0000000000
81719  -45.790  20.436  28.266 0.0000000000
81103  -46.593  19.697  26.028 0.0000000000
116155  -47.187  20.497  28.041 0.0000000000
81735  -48.776  20.309  26.853 0.0000000000
71010  -44.544  4.772  11.020 0.0000000000
72436  -38.554  6.719  34.884 0.0000000000
73927  -38.846  8.368  34.059 0.0000000000
73214  -39.819  7.672  34.904 0.0000000000
69289  -46.766  2.040  26.989 0.0000000000
67693  -44.738  0.939  26.739 0.0000000000
69279  -44.589  2.235  27.865 0.0000000000
69277  -42.620  2.410  27.988 0.0000000000
69264  -41.636  3.244  28.381 0.0000000000
65188  -40.522  -2.055  32.486 0.0000000000
66875  -39.154  -0.777  30.695 0.0000000000
69236  -36.366  2.085  31.419 0.0000000000
70007  -35.753  3.379  31.661 0.0000000000
117344  -35.810  2.399  32.504 0.0000000000
69224  -35.647  2.552  33.093 0.0000000000
70909  -42.614  4.202  20.691 0.0000000000
70153  -43.235  2.885  18.494 0.0000000000
101851  -42.570  4.496  19.213 0.0000000000
70946  -42.821  4.280  17.605 0.0000000000
70959  -42.998  5.091  16.254 0.0000000000
72593  -43.343  5.938  14.902 0.0000000000
71813  -42.806  5.904  15.788 0.0000000000
73339  -42.732  7.147  17.180 0.0000000000
73340  -43.185  7.802  17.461 0.0000000000
76699  -38.706  12.339  31.415 0.0000000000
76056  -38.760  11.746  29.954 0.0000000000
118838  -39.620  13.181  29.979 0.0000000000
76709  -40.548  12.926  28.980 0.0000000000
76719  -41.983  12.675  28.409 0.0000000000
78032  -46.101  14.488  28.066 0.0000000000
78025  -45.543  14.087  28.304 0.0000000000
77391  -47.791  13.291  27.743 0.0000000000
76097  -49.715  12.360  26.356 0.0000000000
76126  -49.028  11.454  23.547 0.0000000000
75457  -47.912  11.047  21.060 0.0000000000
76135  -49.611  12.222  21.485 0.0000000000
105489  -47.820  12.282  19.200 0.0000000000
76794  -47.196  12.780  18.134 0.0000000000
76163  -45.197  11.731  17.754 0.0000000000
106367  -46.892  13.576  18.837 0.0000000000
77450  -45.422  13.988  19.309 0.0000000000
78091  -44.417  14.831  19.935 0.0000000000
115770  -42.786  17.238  24.709 0.0000000000
78729  -42.232  15.884  24.271 0.0000000000
79372  -41.899  16.761  24.488 0.0000000000
79381  -40.583  16.498  23.620 0.0000000000
79390  -39.825  16.479  21.075 0.0000000000
79401  -39.262  16.344  19.599 0.0000000000
79388  -38.703  17.144  21.297 0.0000000000
79971  -38.318  17.725  22.132 0.0000000000
81139  -37.815  19.355  22.691 0.0000000000
67741  -45.227  0.372  22.084 0.0000000000
68573  -46.325  1.031  20.678 0.0000000000
67740  -44.458  0.501  21.861 0.0000000000
68562  -43.605  1.192  21.043 0.0000000000
69345  -42.729  2.410  21.166 0.0000000000
105926  -41.334  3.765  23.410 0.0000000000
70112  -42.393  3.354  22.166 0.0000000000
115019  -42.577  3.557  21.031 0.0000000000
70887  -42.831  4.879  22.094 0.0000000000
71753  -43.273  5.524  21.841 0.0000000000
73297  -43.722  7.036  22.603 0.0000000000
79911  -39.780  17.991  31.819 0.0000000000
79917  -39.440  17.353  30.669 0.0000000000
80477  -40.088  18.668  30.402 0.0000000000
80486  -41.058  19.040  29.230 0.0000000000
79930  -41.953  17.986  27.839 0.0000000000
81072  -42.906  20.149  29.348 0.0000000000
114269  -43.089  19.059  27.822 0.0000000000
79351  -43.605  16.763  27.512 0.0000000000
78709  -45.618  15.876  27.333 0.0000000000
78725  -46.452  14.935  26.900 0.0000000000
78052  -46.769  13.947  25.500 0.0000000000
77416  -45.927  13.542  23.378 0.0000000000
78733  -45.483  15.028  25.268 0.0000000000
78732  -44.467  15.255  24.791 0.0000000000
79955  -44.678  17.134  24.887 0.0000000000
81110  -46.817  19.448  25.184 0.0000000000
80528  -45.604  18.631  24.845 0.0000000000
80527  -44.711  18.320  24.622 0.0000000000
80526  -43.729  18.546  24.411 0.0000000000
113037  -43.222  19.118  24.118 0.0000000000
81774  -44.135  21.343  22.539 0.0000000000
110912  -35.104  7.764  29.930 0.0000000000
115326  -36.264  8.314  28.273 0.0000000000
73946  -35.990  8.896  30.663 0.0000000000
75370  -36.872  9.977  30.944 0.0000000000
75372  -37.957  11.100  31.935 0.0000000000
74607  -38.893  9.592  33.398 0.0000000000
75362  -38.962  10.378  33.115 0.0000000000
76047  -39.217  11.772  32.712 0.0000000000
76697  -39.786  12.983  32.825 0.0000000000
77359  -40.049  13.835  32.987 0.0000000000
77997  -41.067  15.310  33.419 0.0000000000
76038  -44.957  11.687  34.968 0.0000000000
77350  -43.905  13.671  34.385 0.0000000000
111702  -42.009  15.082  33.744 0.0000000000
78671  -40.903  16.249  33.283 0.0000000000
79904  -40.691  18.078  33.139 0.0000000000
114433  -41.030  19.264  33.319 0.0000000000
81641  -41.835  20.253  33.610 0.0000000000
70131  -49.895  2.896  20.985 0.0000000000
68565  -48.109  1.619  21.832 0.0000000000
70082  -50.663  3.827  25.043 0.0000000000
70095  -50.748  3.714  24.072 0.0000000000
69324  -49.782  2.725  23.328 0.0000000000
68553  -48.160  1.618  22.741 0.0000000000
68552  -46.804  0.843  22.593 0.0000000000
114147  -45.296  0.319  23.038 0.0000000000
67710  -43.941  0.069  24.227 0.0000000000
68506  -41.994  0.386  25.210 0.0000000000
67687  -42.989  0.619  26.715 0.0000000000
68495  -41.847  0.605  26.412 0.0000000000
68504  -40.322  1.425  25.600 0.0000000000
69296  -38.769  2.849  25.685 0.0000000000
68438  -45.133  0.856  33.111 0.0000000000
66857  -42.590  -0.986  32.562 0.0000000000
67657  -43.646  0.088  32.498 0.0000000000
68447  -44.604  1.201  32.383 0.0000000000
68456  -44.690  2.126  31.845 0.0000000000
69237  -44.246  3.002  31.234 0.0000000000
70018  -44.088  4.254  30.267 0.0000000000
70029  -42.330  4.451  29.725 0.0000000000
70028  -41.406  4.387  29.821 0.0000000000
70042  -40.405  4.179  29.039 0.0000000000
71681  -35.198  5.646  28.681 0.0000000000
72467  -34.653  6.340  29.836 0.0000000000
73230  -34.765  6.916  31.909 0.0000000000
73225  -35.785  7.108  33.139 0.0000000000
72434  -37.056  6.022  34.354 0.0000000000
70208  -50.135  6.039  12.274 0.0000000000
71002  -49.585  6.367  11.894 0.0000000000
71014  -48.897  6.584  11.563 0.0000000000
69371  -46.894  1.654  19.230 0.0000000000
101693  -46.681  2.136  18.040 0.0000000000
69405  -44.905  2.878  16.769 0.0000000000
70173  -45.453  3.404  16.200 0.0000000000
70187  -46.930  4.180  15.732 0.0000000000
70991  -47.517  5.865  14.214 0.0000000000
71846  -48.256  7.297  12.322 0.0000000000
71024  -47.583  6.371  11.049 0.0000000000
71023  -46.579  5.989  10.756 0.0000000000
71866  -44.954  6.179  10.505 0.0000000000
71865  -44.185  6.339  10.319 0.0000000000
72605  -43.482  6.629  14.045 0.0000000000
72624  -43.922  8.075  10.871 0.0000000000
119170  -43.209  7.435  10.176 0.0000000000
72633  -42.407  8.527  10.386 0.0000000000
73369  -41.759  8.853  10.704 0.0000000000
74762  -41.663  10.955  11.627 0.0000000000
73965  -37.295  8.561  27.315 0.0000000000
73975  -38.399  8.504  26.331 0.0000000000
73982  -39.556  8.340  25.437 0.0000000000
75388  -39.317  10.899  28.322 0.0000000000
74652  -40.297  9.818  26.305 0.0000000000
73983  -40.317  8.656  25.193 0.0000000000
73991  -41.629  8.557  24.454 0.0000000000
74000  -42.887  8.116  23.641 0.0000000000
73292  -44.104  7.800  22.858 0.0000000000
110133  -40.430  16.002  28.690 0.0000000000
78021  -41.389  14.259  28.530 0.0000000000
76073  -43.074  12.092  28.015 0.0000000000
110324  -45.681  13.118  28.375 0.0000000000
76083  -44.544  11.845  27.501 0.0000000000
114890  -44.034  11.056  26.239 0.0000000000
75427  -44.405  10.501  24.825 0.0000000000
74678  -44.803  9.300  23.362 0.0000000000
73299  -44.958  7.890  21.691 0.0000000000
73307  -45.143  7.850  20.902 0.0000000000
74045  -43.784  8.758  16.983 0.0000000000
74714  -46.919  9.979  18.460 0.0000000000
74047  -45.542  9.273  17.662 0.0000000000
74055  -43.639  9.327  16.311 0.0000000000
74745  -42.893  10.136  14.935 0.0000000000
100748  -42.378  11.108  13.747 0.0000000000
75475  -43.679  10.837  18.229 0.0000000000
77415  -44.852  13.708  23.111 0.0000000000
101869  -44.006  14.497  21.502 0.0000000000
78084  -43.645  14.682  20.353 0.0000000000
78742  -42.138  15.247  22.664 0.0000000000
78074  -42.716  15.060  20.727 0.0000000000
77442  -43.004  14.289  20.279 0.0000000000
76772  -42.057  12.341  21.051 0.0000000000
76771  -41.196  12.407  21.472 0.0000000000
76133  -40.247  11.168  22.197 0.0000000000
78757  -38.288  16.225  20.166 0.0000000000
78063  -37.998  14.609  22.348 0.0000000000
82365  -43.743  21.749  22.841 0.0000000000
81772  -41.288  21.028  23.312 0.0000000000
81771  -40.196  20.942  23.324 0.0000000000
114448  -39.070  20.338  23.219 0.0000000000
101275  -37.781  20.081  23.057 0.0000000000
72485  -35.836  6.223  27.535 0.0000000000
72486  -36.423  6.287  26.902 0.0000000000
73254  -36.312  7.142  27.361 0.0000000000
70033  -46.494  4.330  29.142 0.0000000000
105243  -46.158  3.793  28.715 0.0000000000
70031  -44.751  4.321  29.596 0.0000000000
67654  -35.186  0.438  32.372 0.0000000000
68575  -47.961  1.634  21.096 0.0000000000
69360  -47.803  1.709  20.367 0.0000000000
68574  -47.228  1.358  20.897 0.0000000000
72549  -43.813  6.199  20.757 0.0000000000
71774  -43.227  5.712  20.190 0.0000000000
72557  -43.686  6.511  19.829 0.0000000000
72550  -44.290  6.830  20.552 0.0000000000
78680  -39.318  15.773  31.101 0.0000000000
79320  -39.398  16.753  31.271 0.0000000000
108912  -47.701  13.572  24.609 0.0000000000
117999  -49.284  13.350  24.560 0.0000000000
77427  -48.590  13.299  22.266 0.0000000000
77426  -47.301  13.440  21.937 0.0000000000
81116  -41.759  19.685  23.793 0.0000000000
80524  -41.725  18.635  24.276 0.0000000000
80537  -41.022  19.490  23.805 0.0000000000
99563  -41.363  20.513  23.403 0.0000000000
68519  -41.404  1.101  24.432 0.0000000000
68536  -42.003  1.558  23.460 0.0000000000
72514  -40.551  6.263  24.120 0.0000000000
72515  -41.132  6.770  23.874 0.0000000000
81655  -42.567  20.680  32.329 0.0000000000
81669  -41.878  20.358  31.882 0.0000000000
81670  -42.619  20.577  31.531 0.0000000000
81095  -45.276  19.891  27.203 0.0000000000
81094  -44.461  19.764  27.660 0.0000000000
80509  -45.131  18.536  26.600 0.0000000000
79939  -45.563  18.086  26.083 0.0000000000
81111  -48.449  19.956  24.433 0.0000000000
81122  -47.824  19.862  23.964 0.0000000000
81761  -49.017  20.147  23.416 0.0000000000
81778  -48.101  20.357  23.016 0.0000000000
81788  -49.168  20.692  22.534 0.0000000000
71009  -43.731  4.623  11.415 0.0000000000
71841  -42.616  5.260  11.803 0.0000000000
73218  -36.702  7.500  33.466 0.0000000000
73933  -36.864  8.274  33.007 0.0000000000
105952  -37.347  7.985  33.476 0.0000000000
74604  -42.679  9.617  34.854 0.0000000000
75357  -42.056  10.132  34.338 0.0000000000
75358  -42.915  10.552  34.535 0.0000000000
76043  -42.174  11.806  34.105 0.0000000000
76036  -43.041  11.413  34.375 0.0000000000
79305  -43.874  16.490  35.031 0.0000000000
79897  -42.371  17.495  34.860 0.0000000000
70889  -51.733  4.838  22.071 0.0000000000
114570  -51.288  4.270  22.472 0.0000000000
68510  -47.319  1.325  24.913 0.0000000000
68509  -46.694  1.201  25.567 0.0000000000
116314  -46.115  0.740  25.213 0.0000000000
68508  -45.888  0.875  25.864 0.0000000000
111104  -41.046  2.310  27.815 0.0000000000
69276  -40.208  2.526  27.795 0.0000000000
108277  -39.479  2.612  27.675 0.0000000000
66018  -41.331  -1.797  33.418 0.0000000000
67676  -41.184  0.638  30.680 0.0000000000
113572  -41.347  1.592  30.589 0.0000000000
108266  -40.989  2.682  30.373 0.0000000000
70013  -35.631  3.696  30.843 0.0000000000
70808  -35.230  4.411  30.473 0.0000000000
70978  -48.486  5.462  15.125 0.0000000000
69359  -43.342  2.023  19.890 0.0000000000
68593  -44.333  1.673  18.824 0.0000000000
69370  -43.556  2.162  19.031 0.0000000000
70989  -45.348  5.499  14.166 0.0000000000
117009  -42.619  7.666  15.425 0.0000000000
74059  -42.651  8.510  14.602 0.0000000000
75377  -38.038  11.139  30.305 0.0000000000
75386  -37.825  10.346  28.894 0.0000000000
76080  -41.827  11.415  27.756 0.0000000000
75399  -42.235  11.002  27.151 0.0000000000
114409  -42.452  10.394  25.964 0.0000000000
120073  -42.577  10.767  26.608 0.0000000000
78707  -43.021  16.052  27.688 0.0000000000
78700  -43.419  15.298  27.955 0.0000000000
76125  -47.671  11.175  23.888 0.0000000000
76115  -47.460  11.350  24.907 0.0000000000
75437  -46.798  10.663  23.282 0.0000000000
117570  -46.341  10.293  22.967 0.0000000000
75447  -46.857  10.369  22.465 0.0000000000
74689  -46.330  9.667  21.912 0.0000000000
75456  -47.109  10.256  21.518 0.0000000000
76171  -46.647  11.567  16.244 0.0000000000
75494  -45.866  11.089  16.010 0.0000000000
75493  -45.113  10.915  16.030 0.0000000000
101963  -44.319  10.633  16.142 0.0000000000
75485  -44.539  11.093  16.227 0.0000000000
76779  -43.708  12.603  20.083 0.0000000000
119381  -44.245  12.302  19.722 0.0000000000
108561  -43.193  13.297  20.290 0.0000000000
100396  -40.908  15.758  19.757 0.0000000000
117854  -40.347  15.250  19.701 0.0000000000
79970  -37.181  17.974  21.700 0.0000000000
70091  -39.325  3.885  24.767 0.0000000000
70855  -38.146  4.282  25.513 0.0000000000
72498  -37.724  6.415  25.869 0.0000000000
72505  -38.464  6.312  25.350 0.0000000000
72507  -39.202  6.727  24.952 0.0000000000
72506  -38.791  7.150  25.370 0.0000000000
81657  -44.765  20.939  31.982 0.0000000000
82275  -44.878  21.188  32.736 0.0000000000
81693  -46.520  20.484  30.358 0.0000000000
81708  -45.611  20.481  29.049 0.0000000000
115618  -46.309  20.504  28.943 0.0000000000
81720  -46.547  20.497  28.310 0.0000000000
81721  -47.064  20.489  28.784 0.0000000000
81073  -49.046  19.934  29.216 0.0000000000
81722  -48.504  20.244  28.501 0.0000000000
70215  -45.615  4.082  11.970 0.0000000000
116291  -44.865  4.185  11.783 0.0000000000
72429  -39.087  6.303  35.443 0.0000000000
72437  -39.269  7.046  35.088 0.0000000000
72430  -40.041  6.835  35.604 0.0000000000
69282  -47.173  2.705  27.519 0.0000000000
69281  -46.303  2.486  27.661 0.0000000000
68488  -45.923  1.789  27.140 0.0000000000
69280  -45.447  2.320  27.781 0.0000000000
69265  -43.172  3.296  28.441 0.0000000000
115667  -42.400  3.554  28.561 0.0000000000
68452  -36.766  1.257  31.170 0.0000000000
69235  -35.945  2.562  31.944 0.0000000000
70140  -42.574  3.841  19.756 0.0000000000
70919  -42.620  4.555  19.967 0.0000000000
71781  -42.539  5.288  18.678 0.0000000000
70932  -42.628  4.390  18.355 0.0000000000
102281  -42.536  4.932  17.826 0.0000000000
104803  -42.816  4.741  17.029 0.0000000000
119939  -42.573  5.249  17.428 0.0000000000
71800  -42.600  5.642  16.940 0.0000000000
73331  -42.881  6.973  18.014 0.0000000000
76696  -39.145  12.954  32.017 0.0000000000
76700  -39.059  12.935  30.993 0.0000000000
78013  -40.033  14.532  29.464 0.0000000000
107436  -39.777  13.798  29.874 0.0000000000
77370  -40.323  13.697  29.285 0.0000000000
76718  -41.212  12.801  28.647 0.0000000000
77379  -40.947  13.591  28.797 0.0000000000
78040  -46.977  14.018  27.475 0.0000000000
78033  -46.559  14.206  27.911 0.0000000000
77419  -51.029  13.104  24.275 0.0000000000
76108  -50.821  12.630  25.004 0.0000000000
76117  -50.119  11.936  24.367 0.0000000000
76127  -50.194  12.025  23.246 0.0000000000
76134  -49.247  11.552  22.367 0.0000000000
109630  -50.093  12.239  22.446 0.0000000000
77446  -48.866  13.341  20.576 0.0000000000
76781  -49.085  13.030  20.389 0.0000000000
76789  -47.987  13.112  19.087 0.0000000000
76795  -47.465  12.732  18.387 0.0000000000
76788  -47.475  13.448  18.861 0.0000000000
78093  -46.422  14.637  19.773 0.0000000000
78092  -45.328  14.791  19.796 0.0000000000
103702  -42.096  17.701  24.538 0.0000000000
79952  -40.413  17.395  23.987 0.0000000000
79371  -41.072  16.787  24.195 0.0000000000
102265  -40.115  16.366  22.674 0.0000000000
113589  -39.431  16.808  22.338 0.0000000000
80536  -39.351  18.624  23.396 0.0000000000
79962  -38.764  18.095  22.920 0.0000000000
80544  -37.832  18.400  22.303 0.0000000000
80535  -38.547  19.034  22.909 0.0000000000
101439  -44.670  0.332  22.552 0.0000000000
67739  -43.874  0.504  22.475 0.0000000000
68551  -42.778  1.531  22.274 0.0000000000
112844  -43.290  1.019  22.112 0.0000000000
68561  -43.055  1.563  21.542 0.0000000000
69333  -42.568  2.424  21.980 0.0000000000
110082  -39.987  4.001  24.339 0.0000000000
70093  -40.862  3.131  23.825 0.0000000000
70103  -40.631  3.936  23.849 0.0000000000
70876  -41.890  4.370  23.029 0.0000000000
70896  -42.572  4.047  21.640 0.0000000000
71743  -42.424  5.107  22.708 0.0000000000
116368  -42.392  6.501  23.297 0.0000000000
72529  -42.728  5.988  22.790 0.0000000000
72523  -43.075  6.746  22.983 0.0000000000
72530  -43.378  6.223  22.337 0.0000000000
80465  -40.343  18.611  32.395 0.0000000000
105855  -40.093  18.747  31.418 0.0000000000
81058  -40.647  19.384  30.934 0.0000000000
81071  -41.591  19.605  29.661 0.0000000000
81081  -41.847  19.304  28.859 0.0000000000
80494  -42.263  18.841  28.149 0.0000000000
81706  -44.036  20.514  29.911 0.0000000000
81690  -43.669  20.602  30.647 0.0000000000
118532  -43.569  20.350  29.434 0.0000000000
100410  -43.955  19.136  27.522 0.0000000000
80501  -43.516  18.423  27.465 0.0000000000
115960  -44.115  17.547  27.298 0.0000000000
79352  -44.776  16.582  27.358 0.0000000000
78716  -45.740  16.173  26.618 0.0000000000
117834  -46.083  15.605  26.970 0.0000000000
78045  -46.363  14.741  25.954 0.0000000000
78051  -45.760  14.302  24.930 0.0000000000
79947  -45.637  17.339  25.669 0.0000000000
78723  -45.343  15.832  25.441 0.0000000000
79375  -44.521  16.145  25.025 0.0000000000
79956  -45.312  17.693  25.134 0.0000000000
99604  -47.048  20.248  26.619 0.0000000000
80516  -46.211  18.993  24.986 0.0000000000
79954  -43.729  17.674  24.737 0.0000000000
81119  -45.213  19.328  24.155 0.0000000000
81776  -45.295  20.687  22.497 0.0000000000
81132  -44.771  20.144  23.273 0.0000000000
81775  -44.511  20.860  22.512 0.0000000000
81131  -43.882  20.547  23.005 0.0000000000
71840  -42.066  6.315  11.558 0.0000000000
73362  -41.244  7.989  11.638 0.0000000000
73945  -35.537  8.374  30.360 0.0000000000
73943  -35.659  8.453  31.268 0.0000000000
74611  -36.642  9.267  32.023 0.0000000000
74615  -36.351  9.251  31.268 0.0000000000
75371  -37.387  10.481  31.560 0.0000000000
74613  -37.788  10.512  32.234 0.0000000000
73928  -39.577  8.355  34.382 0.0000000000
73936  -39.309  8.945  33.889 0.0000000000
73937  -40.153  9.018  34.198 0.0000000000
75364  -40.534  10.873  33.588 0.0000000000
109420  -40.215  10.132  33.633 0.0000000000
75363  -39.697  10.634  33.337 0.0000000000
75368  -39.091  11.074  32.902 0.0000000000
76040  -39.781  11.355  33.207 0.0000000000
108001  -39.337  12.412  32.561 0.0000000000
76691  -39.813  12.121  33.062 0.0000000000
108318  -40.971  13.089  33.531 0.0000000000
77354  -40.762  13.782  33.416 0.0000000000
78001  -40.449  14.588  33.179 0.0000000000
103616  -41.319  14.427  33.596 0.0000000000
77344  -46.482  13.993  35.776 0.0000000000
76028  -45.928  11.409  35.643 0.0000000000
76689  -45.159  12.718  34.782 0.0000000000
76688  -44.014  12.829  34.444 0.0000000000
77351  -44.738  13.462  34.560 0.0000000000
78673  -42.795  15.682  33.970 0.0000000000
78672  -41.882  15.953  33.614 0.0000000000
79313  -41.679  16.800  33.610 0.0000000000
79312  -40.805  17.176  33.179 0.0000000000
79905  -41.312  17.626  33.698 0.0000000000
80453  -41.444  18.787  34.601 0.0000000000
80461  -41.095  18.581  33.764 0.0000000000
100571  -41.436  19.501  33.950 0.0000000000
81633  -41.848  20.069  34.342 0.0000000000
70897  -51.107  4.099  20.813 0.0000000000
108391  -50.055  2.986  21.909 0.0000000000
69348  -49.352  2.471  21.570 0.0000000000
69347  -48.818  2.063  22.146 0.0000000000
69301  -49.483  2.726  25.093 0.0000000000
115212  -49.961  3.321  25.628 0.0000000000
70081  -50.157  3.175  24.666 0.0000000000
70094  -50.202  3.081  23.910 0.0000000000
70105  -50.451  3.335  23.255 0.0000000000
68522  -47.147  1.117  24.142 0.0000000000
68540  -48.513  1.835  23.643 0.0000000000
68539  -47.690  1.369  23.516 0.0000000000
115919  -47.411  1.197  22.882 0.0000000000
67729  -46.188  0.554  23.196 0.0000000000
67711  -44.706  0.191  24.788 0.0000000000
68507  -42.981  0.098  24.809 0.0000000000
68486  -44.235  1.442  27.367 0.0000000000
108268  -43.913  0.749  26.806 0.0000000000
68494  -40.844  1.019  26.492 0.0000000000
67691  -40.535  1.088  26.026 0.0000000000
68503  -39.736  1.811  25.809 0.0000000000
68481  -39.113  2.245  26.083 0.0000000000
70010  -45.378  3.915  31.119 0.0000000000
66848  -44.167  -0.292  33.966 0.0000000000
67647  -45.226  0.535  33.962 0.0000000000
67646  -44.616  0.229  33.551 0.0000000000
66036  -40.953  -1.588  31.901 0.0000000000
66856  -41.765  -1.287  32.235 0.0000000000
67667  -43.250  0.489  31.819 0.0000000000
67656  -42.979  -0.319  32.120 0.0000000000
68446  -43.927  0.836  32.127 0.0000000000
100251  -44.109  1.544  31.846 0.0000000000
108696  -43.593  3.002  31.001 0.0000000000
69250  -43.756  3.696  30.671 0.0000000000
70017  -43.106  4.284  30.173 0.0000000000
70016  -42.222  4.102  30.257 0.0000000000
70027  -40.709  4.231  29.473 0.0000000000
113545  -39.888  4.065  29.348 0.0000000000
70816  -35.875  4.244  29.201 0.0000000000
70038  -36.513  3.907  28.768 0.0000000000
70825  -35.387  4.917  28.846 0.0000000000
71654  -34.749  5.532  32.064 0.0000000000
72454  -34.586  6.315  31.593 0.0000000000
104462  -36.016  2.997  32.617 0.0000000000
70795  -35.528  3.943  32.129 0.0000000000
101763  -36.095  3.684  33.024 0.0000000000
70788  -36.609  4.681  33.966 0.0000000000
71648  -36.429  5.743  33.972 0.0000000000
72435  -37.798  6.330  34.653 0.0000000000
71003  -50.453  6.660  12.907 0.0000000000
71848  -49.867  6.769  12.481 0.0000000000
71847  -49.227  7.138  12.092 0.0000000000
68572  -45.528  1.049  20.132 0.0000000000
68584  -46.254  1.362  19.779 0.0000000000
68583  -45.558  1.331  19.475 0.0000000000
69384  -45.850  1.882  18.160 0.0000000000
69395  -43.664  2.905  17.666 0.0000000000
70163  -43.991  3.165  16.908 0.0000000000
70185  -45.079  3.996  15.605 0.0000000000
70186  -46.013  4.031  15.634 0.0000000000
71845  -47.326  7.145  12.356 0.0000000000
71829  -47.426  6.628  13.290 0.0000000000
72616  -47.917  7.362  11.808 0.0000000000
72626  -47.789  7.041  11.401 0.0000000000
118018  -47.201  7.080  11.460 0.0000000000
72635  -44.815  6.935  10.659 0.0000000000
72611  -43.103  8.279  12.432 0.0000000000
72612  -43.632  7.702  12.556 0.0000000000
72634  -43.813  7.395  10.331 0.0000000000
73371  -43.081  8.039  10.413 0.0000000000
73370  -42.625  9.009  10.597 0.0000000000
114694  -42.701  10.638  11.777 0.0000000000
108977  -42.508  10.167  11.146 0.0000000000
74763  -42.266  10.728  11.253 0.0000000000
74073  -41.717  9.913  11.065 0.0000000000
75509  -42.132  11.631  11.818 0.0000000000
73954  -36.280  8.772  28.973 0.0000000000
73964  -36.584  8.096  27.641 0.0000000000
73955  -36.864  8.931  28.125 0.0000000000
74640  -38.397  9.656  27.386 0.0000000000
73966  -38.007  8.943  26.970 0.0000000000
74650  -38.738  9.260  26.671 0.0000000000
73976  -39.098  8.836  25.988 0.0000000000
76057  -39.493  12.048  29.378 0.0000000000
76068  -38.984  11.343  29.027 0.0000000000
76069  -39.740  11.558  28.684 0.0000000000
75406  -40.610  10.321  26.832 0.0000000000
74653  -40.810  9.482  25.584 0.0000000000
73984  -40.987  8.890  24.929 0.0000000000
74661  -41.599  9.374  25.050 0.0000000000
74662  -43.024  9.747  24.753 0.0000000000
74668  -42.338  9.216  24.579 0.0000000000
73993  -43.174  9.001  24.039 0.0000000000
74001  -43.689  8.342  23.422 0.0000000000
80485  -39.983  18.115  29.620 0.0000000000
79924  -39.600  17.221  29.764 0.0000000000
79335  -39.951  16.635  29.069 0.0000000000
109192  -42.817  14.644  28.176 0.0000000000
101394  -41.929  14.848  28.209 0.0000000000
78022  -42.215  14.028  28.348 0.0000000000
107050  -42.390  13.288  28.418 0.0000000000
76721  -43.749  12.440  28.097 0.0000000000
76723  -46.608  13.203  28.279 0.0000000000
76731  -46.370  12.522  28.131 0.0000000000
76094  -45.845  11.672  26.854 0.0000000000
76103  -45.294  11.369  26.100 0.0000000000
76093  -44.781  11.480  26.702 0.0000000000
75418  -44.583  11.002  25.777 0.0000000000
104832  -43.796  10.644  25.576 0.0000000000
74679  -45.430  9.569  23.039 0.0000000000
74003  -45.064  8.872  22.750 0.0000000000
74011  -44.726  8.148  22.454 0.0000000000
74019  -45.387  8.310  21.354 0.0000000000
74032  -45.669  8.635  19.751 0.0000000000
73324  -45.161  8.281  19.316 0.0000000000
74037  -44.887  8.509  18.438 0.0000000000
75465  -47.235  10.389  20.438 0.0000000000
75470  -47.249  10.615  19.123 0.0000000000
74728  -45.429  9.948  16.514 0.0000000000
108257  -46.128  9.983  17.003 0.0000000000
74727  -44.455  9.601  16.439 0.0000000000
74054  -43.069  9.494  15.736 0.0000000000
75498  -42.601  10.413  14.813 0.0000000000
75503  -41.849  11.486  13.328 0.0000000000
75502  -41.049  10.782  14.066 0.0000000000
76157  -45.683  12.338  18.253 0.0000000000
76162  -44.331  11.338  18.684 0.0000000000
75468  -43.037  10.436  19.159 0.0000000000
78060  -45.212  13.884  24.090 0.0000000000
78067  -43.346  14.583  22.290 0.0000000000
103760  -44.135  14.764  20.387 0.0000000000
116182  -41.969  15.545  23.666 0.0000000000
78752  -42.107  15.418  21.181 0.0000000000
78083  -42.545  14.890  20.416 0.0000000000
76777  -42.514  13.261  20.557 0.0000000000
76140  -40.987  11.420  21.834 0.0000000000
76765  -40.372  12.011  21.963 0.0000000000
76763  -38.877  12.926  22.391 0.0000000000
77422  -38.397  13.768  22.434 0.0000000000
101069  -38.640  16.507  19.911 0.0000000000
78765  -38.937  16.097  19.583 0.0000000000
78748  -37.491  15.467  22.219 0.0000000000
78749  -38.087  15.497  21.155 0.0000000000
82364  -41.684  21.254  23.478 0.0000000000
101960  -40.834  20.907  23.319 0.0000000000
82363  -40.785  21.226  23.524 0.0000000000
82362  -39.897  21.253  23.606 0.0000000000
71703  -37.298  5.602  26.024 0.0000000000
72497  -37.068  6.352  26.377 0.0000000000
73264  -37.538  7.244  26.347 0.0000000000
81658  -45.738  20.945  32.119 0.0000000000
81674  -46.796  20.682  31.820 0.0000000000
81694  -47.607  20.310  30.228 0.0000000000
117803  -47.929  20.253  30.959 0.0000000000
81676  -48.644  19.904  30.604 0.0000000000
81061  -49.711  19.562  30.096 0.0000000000
113065  -46.197  4.683  11.346 0.0000000000
71628  -40.066  6.186  36.279 0.0000000000
72431  -40.767  6.609  36.198 0.0000000000
69267  -44.949  3.008  28.408 0.0000000000
70046  -44.367  3.904  28.904 0.0000000000
70045  -43.506  4.006  28.933 0.0000000000
68445  -36.150  1.270  31.736 0.0000000000
68444  -35.557  1.244  32.219 0.0000000000
69374  -49.081  2.662  19.684 0.0000000000
103495  -48.417  2.154  19.991 0.0000000000
69373  -48.355  2.426  19.125 0.0000000000
72565  -42.678  6.181  18.400 0.0000000000
73322  -43.936  7.245  19.275 0.0000000000
104825  -39.471  14.441  31.949 0.0000000000
78003  -39.381  14.762  31.253 0.0000000000
78683  -39.457  15.092  30.451 0.0000000000
78691  -39.684  15.356  29.687 0.0000000000
77403  -49.118  13.228  26.819 0.0000000000
107517  -49.176  13.356  25.666 0.0000000000
77410  -50.378  13.229  25.027 0.0000000000
77418  -50.258  13.254  23.912 0.0000000000
76766  -49.905  12.745  22.339 0.0000000000
77428  -49.761  13.116  22.790 0.0000000000
77437  -49.271  13.138  21.574 0.0000000000
77445  -47.947  14.033  20.088 0.0000000000
77435  -47.093  13.871  20.923 0.0000000000
114508  -45.876  14.212  20.942 0.0000000000
113006  -40.049  18.244  23.808 0.0000000000
68537  -42.690  0.734  23.393 0.0000000000
67726  -43.079  0.835  22.690 0.0000000000
69321  -41.853  2.558  23.123 0.0000000000
71723  -40.063  5.563  24.336 0.0000000000
71731  -40.774  5.490  23.858 0.0000000000
71732  -41.478  5.553  23.516 0.0000000000
111554  -41.866  5.077  23.214 0.0000000000
72522  -41.700  6.278  23.545 0.0000000000
73289  -41.866  7.067  23.659 0.0000000000
81035  -41.256  19.927  32.275 0.0000000000
81043  -41.258  19.925  31.423 0.0000000000
81688  -41.986  20.325  31.019 0.0000000000
81060  -42.261  20.200  30.066 0.0000000000
81718  -44.961  20.403  28.720 0.0000000000
116275  -44.269  20.155  28.343 0.0000000000
79934  -45.116  17.512  26.850 0.0000000000
80515  -45.655  18.271  25.386 0.0000000000
116377  -47.509  19.696  24.719 0.0000000000
81777  -46.331  20.568  22.556 0.0000000000
81786  -46.949  21.299  21.876 0.0000000000
73939  -35.766  8.212  32.094 0.0000000000
73940  -36.410  8.593  32.392 0.0000000000
73941  -37.123  9.001  32.653 0.0000000000
74606  -37.917  9.344  33.028 0.0000000000
74608  -40.596  9.631  33.984 0.0000000000
74603  -41.300  9.826  34.161 0.0000000000
75365  -41.430  10.667  33.997 0.0000000000
76042  -41.214  11.583  33.732 0.0000000000
76693  -42.406  12.809  34.130 0.0000000000
77994  -45.721  14.542  35.298 0.0000000000
103271  -44.876  14.380  34.627 0.0000000000
77993  -44.541  15.239  34.639 0.0000000000
79315  -43.468  16.218  34.394 0.0000000000
79906  -42.187  17.218  34.116 0.0000000000
70888  -51.174  4.139  21.727 0.0000000000
70113  -50.142  3.004  22.668 0.0000000000
69300  -48.730  2.365  25.538 0.0000000000
68524  -48.831  2.190  24.530 0.0000000000
67713  -46.417  0.678  23.990 0.0000000000
106239  -45.919  0.538  24.592 0.0000000000
67699  -45.408  0.483  25.224 0.0000000000
67698  -44.730  0.356  25.512 0.0000000000
68484  -42.308  1.300  27.364 0.0000000000
68483  -40.558  1.603  27.196 0.0000000000
116267  -39.572  1.871  26.468 0.0000000000
69275  -38.993  2.311  26.956 0.0000000000
66866  -40.534  -1.107  31.223 0.0000000000
67665  -41.709  -0.018  31.167 0.0000000000
68454  -42.782  0.990  31.345 0.0000000000
68465  -42.598  1.908  31.040 0.0000000000
69248  -42.376  3.095  30.652 0.0000000000
70024  -36.551  3.715  29.695 0.0000000000
70809  -35.800  4.009  30.049 0.0000000000
70815  -35.308  4.654  29.673 0.0000000000
71664  -34.645  5.605  30.351 0.0000000000
70807  -34.815  4.920  30.866 0.0000000000
70794  -34.926  4.813  31.693 0.0000000000
71832  -50.111  7.213  13.077 0.0000000000
70992  -48.480  6.306  14.167 0.0000000000
68571  -43.916  1.241  20.288 0.0000000000
68582  -44.708  1.247  19.622 0.0000000000
69383  -44.815  1.885  18.074 0.0000000000
70171  -43.882  3.761  16.408 0.0000000000
70975  -45.687  4.693  14.972 0.0000000000
115846  -46.377  6.370  13.226 0.0000000000
71844  -46.266  7.095  12.153 0.0000000000
71843  -45.024  7.057  12.365 0.0000000000
103686  -42.596  6.892  15.641 0.0000000000
73363  -42.801  9.117  11.408 0.0000000000
74068  -42.747  10.674  12.797 0.0000000000
74622  -37.234  9.908  29.255 0.0000000000
75396  -38.838  10.308  27.845 0.0000000000
76070  -40.512  11.729  28.440 0.0000000000
75389  -40.111  11.101  28.068 0.0000000000
76079  -40.943  11.260  27.883 0.0000000000
75398  -41.304  10.735  27.151 0.0000000000
75416  -41.669  10.012  25.743 0.0000000000
75426  -43.575  10.244  24.953 0.0000000000
79929  -41.007  17.745  28.355 0.0000000000
109917  -41.236  16.136  28.204 0.0000000000
79344  -42.080  16.155  27.806 0.0000000000
78699  -42.489  15.420  27.950 0.0000000000
112875  -44.037  13.836  28.361 0.0000000000
107857  -48.079  11.795  26.743 0.0000000000
76095  -47.072  11.736  27.056 0.0000000000
76105  -47.235  11.537  25.930 0.0000000000
76114  -46.284  11.228  25.028 0.0000000000
75428  -45.397  10.581  24.260 0.0000000000
75436  -45.884  10.304  23.392 0.0000000000
74688  -45.681  9.217  22.343 0.0000000000
74695  -45.862  8.947  21.398 0.0000000000
74705  -46.095  9.098  20.312 0.0000000000
74713  -46.274  9.257  19.204 0.0000000000
75471  -47.479  11.552  18.568 0.0000000000
75477  -47.287  10.886  17.700 0.0000000000
75486  -47.141  11.288  16.599 0.0000000000
74729  -46.325  10.807  16.216 0.0000000000
74737  -44.857  10.364  16.110 0.0000000000
75491  -42.751  10.183  15.902 0.0000000000
102430  -42.948  10.304  16.565 0.0000000000
76155  -43.928  11.637  19.761 0.0000000000
78049  -44.094  14.707  24.264 0.0000000000
78058  -43.502  14.607  23.563 0.0000000000
78751  -41.339  15.621  21.859 0.0000000000
78759  -41.470  15.586  20.418 0.0000000000
78767  -41.356  15.480  20.037 0.0000000000
78082  -41.713  15.089  20.222 0.0000000000
77433  -41.423  14.298  20.422 0.0000000000
78065  -39.365  14.465  20.871 0.0000000000
79975  -37.816  17.587  21.371 0.0000000000
110297  -38.016  16.794  20.412 0.0000000000
78747  -36.902  16.271  22.159 0.0000000000
101687  -36.990  15.416  23.194 0.0000000000
69310  -39.836  2.740  24.785 0.0000000000
116579  -39.730  3.388  24.632 0.0000000000
70866  -39.620  4.740  24.532 0.0000000000
71713  -38.350  5.246  25.308 0.0000000000
73279  -39.742  7.170  24.752 0.0000000000
100184  -43.305  20.861  31.925 0.0000000000
109877  -44.044  21.098  32.320 0.0000000000
81691  -44.579  20.617  30.567 0.0000000000
81692  -45.550  20.565  30.462 0.0000000000
81707  -44.990  20.509  29.657 0.0000000000
81732  -45.709  20.273  27.541 0.0000000000
81742  -46.100  20.122  26.867 0.0000000000
81733  -46.512  20.397  27.540 0.0000000000
81734  -47.533  20.431  27.216 0.0000000000
119360  -47.690  20.428  28.509 0.0000000000
100903  -48.034  20.425  27.838 0.0000000000
81743  -48.106  20.312  26.282 0.0000000000
114256  -49.208  20.242  25.867 0.0000000000
81744  -50.350  20.096  24.915 0.0000000000
71020  -43.856  5.443  10.575 0.0000000000
73212  -37.973  7.218  34.334 0.0000000000
73220  -38.090  8.022  33.853 0.0000000000
73213  -38.864  7.647  34.512 0.0000000000
73929  -40.460  8.388  34.641 0.0000000000
73208  -40.978  7.230  35.739 0.0000000000
73215  -40.682  7.737  35.204 0.0000000000
73930  -41.348  8.478  34.909 0.0000000000
68497  -45.526  1.172  26.593 0.0000000000
68487  -45.088  1.592  27.269 0.0000000000
69278  -43.677  2.253  27.927 0.0000000000
69263  -40.659  3.479  28.471 0.0000000000
66017  -40.862  -2.059  33.156 0.0000000000
65187  -39.641  -2.326  32.491 0.0000000000
109704  -39.976  -1.828  31.659 0.0000000000
66035  -39.177  -1.600  31.179 0.0000000000
66865  -39.793  -1.208  31.035 0.0000000000
66876  -40.049  -0.504  30.714 0.0000000000
70008  -36.049  2.947  31.194 0.0000000000
70130  -42.591  3.323  20.373 0.0000000000
70141  -42.822  2.875  19.505 0.0000000000
70152  -42.709  3.664  18.852 0.0000000000
111638  -43.083  3.598  17.884 0.0000000000
100883  -43.338  3.859  17.028 0.0000000000
70960  -43.485  4.415  16.297 0.0000000000
70973  -43.678  5.067  15.332 0.0000000000
71827  -43.939  5.856  14.336 0.0000000000
72572  -42.602  6.374  17.529 0.0000000000
72581  -42.583  6.557  16.599 0.0000000000
73346  -42.675  7.492  16.310 0.0000000000
119821  -42.857  7.676  16.903 0.0000000000
76702  -38.823  12.307  30.642 0.0000000000
76703  -39.308  12.641  30.108 0.0000000000
76708  -39.921  12.917  29.530 0.0000000000
77363  -39.427  13.419  30.452 0.0000000000
116219  -40.743  12.321  28.665 0.0000000000
76072  -42.335  12.038  28.150 0.0000000000
78031  -45.460  15.055  27.999 0.0000000000
78701  -44.409  15.194  28.031 0.0000000000
77390  -46.992  13.601  28.021 0.0000000000
76733  -48.212  12.918  27.815 0.0000000000
77398  -49.491  13.014  27.044 0.0000000000
76737  -49.068  12.916  27.354 0.0000000000
76096  -49.039  12.338  26.901 0.0000000000
76116  -48.820  11.485  24.714 0.0000000000
75448  -47.921  10.935  21.991 0.0000000000
108336  -48.865  11.488  21.484 0.0000000000
76144  -49.242  12.642  20.706 0.0000000000
76151  -48.719  12.712  19.916 0.0000000000
76158  -47.536  12.302  18.295 0.0000000000
76165  -47.380  12.191  17.491 0.0000000000
76793  -47.066  12.265  17.028 0.0000000000
76164  -46.249  12.037  17.022 0.0000000000
106521  -46.544  12.795  18.149 0.0000000000
76787  -46.171  13.560  18.968 0.0000000000
77452  -47.097  14.191  19.305 0.0000000000
76786  -45.549  12.898  18.969 0.0000000000
77449  -44.647  14.443  19.597 0.0000000000
79373  -42.697  16.422  24.607 0.0000000000
79382  -41.376  16.028  23.902 0.0000000000
78740  -40.822  15.858  22.994 0.0000000000
78750  -40.553  15.998  21.894 0.0000000000
79397  -40.055  16.216  19.641 0.0000000000
79402  -39.673  16.226  19.509 0.0000000000
79396  -39.172  16.597  19.941 0.0000000000
79389  -39.086  17.403  22.700 0.0000000000
80543  -37.050  18.781  22.413 0.0000000000
67754  -45.813  0.610  21.465 0.0000000000
67753  -44.999  0.540  21.289 0.0000000000
67752  -44.239  0.775  21.098 0.0000000000
67751  -43.731  0.832  21.670 0.0000000000
69346  -43.191  1.803  20.703 0.0000000000
111374  -41.428  3.035  23.397 0.0000000000
70104  -41.926  3.440  22.843 0.0000000000
70120  -42.546  3.146  21.496 0.0000000000
118700  -42.612  3.003  20.895 0.0000000000
70910  -42.934  4.878  21.366 0.0000000000
71744  -42.963  5.550  22.335 0.0000000000
72539  -43.700  6.132  21.591 0.0000000000
72531  -43.922  6.650  22.046 0.0000000000
79317  -39.687  17.136  31.984 0.0000000000
79910  -39.527  17.479  31.361 0.0000000000
80467  -39.615  18.085  31.008 0.0000000000
80476  -39.623  17.929  30.264 0.0000000000
81070  -40.806  19.287  30.034 0.0000000000
113118  -40.461  18.731  29.621 0.0000000000
80492  -40.600  18.343  28.985 0.0000000000
117407  -42.248  17.389  27.684 0.0000000000
79350  -42.573  16.837  27.630 0.0000000000
81671  -43.291  20.673  31.263 0.0000000000
81705  -43.190  20.446  30.008 0.0000000000
81717  -43.534  20.098  28.782 0.0000000000
81082  -42.773  19.586  28.583 0.0000000000
80500  -42.717  18.421  27.722 0.0000000000
79349  -42.942  17.646  27.539 0.0000000000
110487  -44.919  15.754  27.707 0.0000000000
78710  -46.208  14.925  27.515 0.0000000000
78046  -47.050  14.064  26.644 0.0000000000
118712  -46.680  13.573  23.889 0.0000000000
77409  -46.234  13.752  24.411 0.0000000000
78050  -44.820  14.516  24.532 0.0000000000
106733  -43.801  15.743  24.721 0.0000000000
79374  -43.601  16.559  24.803 0.0000000000
81118  -44.083  19.456  23.887 0.0000000000
107203  -43.118  19.999  23.474 0.0000000000
100464  -43.094  21.014  23.064 0.0000000000
73245  -35.362  7.150  28.622 0.0000000000
73246  -35.946  7.637  28.049 0.0000000000
73953  -35.745  8.011  28.733 0.0000000000
73948  -36.062  8.885  29.919 0.0000000000
74618  -36.474  9.433  30.414 0.0000000000
74619  -37.047  9.987  30.093 0.0000000000
75374  -37.431  10.584  30.645 0.0000000000
76049  -37.835  11.202  31.186 0.0000000000
73935  -38.452  8.804  33.578 0.0000000000
107030  -39.823  9.560  33.763 0.0000000000
119501  -39.544  10.043  33.445 0.0000000000
111641  -38.208  10.080  32.765 0.0000000000
75367  -38.391  10.791  32.553 0.0000000000
76046  -38.576  11.465  32.335 0.0000000000
76050  -38.326  11.712  31.670 0.0000000000
76695  -38.841  12.138  32.138 0.0000000000
77358  -39.563  13.773  32.325 0.0000000000
116852  -40.566  12.447  33.388 0.0000000000
109486  -40.392  13.228  33.250 0.0000000000
78000  -39.824  14.579  32.566 0.0000000000
78678  -40.125  15.551  32.826 0.0000000000
109287  -44.014  11.966  34.532 0.0000000000
103961  -43.231  13.055  34.311 0.0000000000
77356  -42.836  13.803  34.190 0.0000000000
77992  -43.808  14.574  34.328 0.0000000000
111864  -42.867  14.809  34.087 0.0000000000
77998  -42.128  14.310  33.912 0.0000000000
79318  -40.171  16.657  32.683 0.0000000000
79908  -40.193  17.616  32.560 0.0000000000
114918  -40.738  18.816  33.071 0.0000000000
80460  -40.859  19.343  32.667 0.0000000000
103810  -41.347  19.806  33.086 0.0000000000
81642  -42.544  20.737  33.219 0.0000000000
81019  -42.166  20.158  34.910 0.0000000000
70132  -50.378  3.467  20.289 0.0000000000
115017  -49.675  2.883  20.208 0.0000000000
69362  -49.092  2.403  20.626 0.0000000000
103117  -48.661  1.976  21.313 0.0000000000
68564  -47.499  1.357  21.531 0.0000000000
69323  -49.190  2.340  23.752 0.0000000000
69334  -49.011  2.184  23.002 0.0000000000
106023  -47.458  1.250  22.200 0.0000000000
67742  -46.025  0.513  22.327 0.0000000000
67728  -44.410  0.239  23.269 0.0000000000
67712  -45.658  0.381  23.875 0.0000000000
101813  -44.886  0.167  23.950 0.0000000000
68521  -43.071  0.276  24.002 0.0000000000
68518  -40.637  1.628  24.769 0.0000000000
99894  -44.392  0.469  26.127 0.0000000000
67692  -43.671  0.355  26.158 0.0000000000
68496  -42.883  0.222  25.767 0.0000000000
68505  -40.935  0.863  25.563 0.0000000000
69298  -40.019  2.016  25.083 0.0000000000
69297  -39.442  2.416  25.414 0.0000000000
70079  -38.012  3.406  25.971 0.0000000000
70078  -37.570  4.151  25.972 0.0000000000
70843  -37.028  4.663  26.333 0.0000000000
70817  -45.493  4.431  30.019 0.0000000000
68430  -45.680  0.767  34.621 0.0000000000
68439  -45.753  1.209  33.727 0.0000000000
118747  -45.524  1.383  33.118 0.0000000000
66027  -41.262  -1.745  32.693 0.0000000000
66858  -43.317  -0.579  32.886 0.0000000000
66868  -42.176  -0.597  31.816 0.0000000000
67658  -44.348  0.471  32.807 0.0000000000
68448  -45.256  1.622  32.600 0.0000000000
69232  -45.525  2.468  32.198 0.0000000000
69238  -45.066  3.088  31.477 0.0000000000
100867  -43.861  2.260  31.419 0.0000000000
70009  -44.558  3.769  30.886 0.0000000000
70019  -44.930  4.237  30.397 0.0000000000
70030  -43.040  4.365  29.510 0.0000000000
70044  -41.884  4.254  29.130 0.0000000000
70043  -41.067  4.204  29.122 0.0000000000
68462  -39.757  1.321  30.274 0.0000000000
69257  -39.567  3.689  29.841 0.0000000000
69256  -38.849  3.477  29.786 0.0000000000
116488  -39.206  3.951  29.414 0.0000000000
70041  -39.065  3.889  28.950 0.0000000000
71688  -35.595  5.310  27.985 0.0000000000
72475  -35.371  6.252  28.248 0.0000000000
73243  -34.918  7.090  29.450 0.0000000000
73242  -34.698  7.110  30.298 0.0000000000
72460  -34.534  6.351  30.728 0.0000000000
73236  -34.669  7.073  31.199 0.0000000000
73231  -35.151  7.627  31.760 0.0000000000
104413  -35.314  4.654  32.510 0.0000000000
72441  -35.872  6.339  33.518 0.0000000000
110338  -36.441  6.639  33.785 0.0000000000
72442  -37.183  6.904  34.113 0.0000000000
71636  -37.902  5.201  35.506 0.0000000000
71637  -38.767  5.657  35.806 0.0000000000
70207  -49.348  5.184  12.311 0.0000000000
71001  -48.821  5.583  11.671 0.0000000000
71013  -48.208  5.971  11.182 0.0000000000
68585  -47.048  1.486  20.079 0.0000000000
68595  -46.076  1.553  18.999 0.0000000000
69385  -46.618  1.829  18.566 0.0000000000
69396  -44.421  2.502  17.459 0.0000000000
70174  -46.360  3.437  16.254 0.0000000000
70977  -47.629  5.087  15.065 0.0000000000
72617  -48.511  7.120  11.671 0.0000000000
71857  -48.305  6.698  11.314 0.0000000000
109226  -46.176  5.232  10.864 0.0000000000
72614  -46.568  7.074  11.388 0.0000000000
71867  -45.840  6.550  10.900 0.0000000000
71022  -45.460  5.519  10.602 0.0000000000
71021  -44.559  5.593  10.508 0.0000000000
71864  -43.309  6.518  10.300 0.0000000000
71842  -44.153  6.739  13.251 0.0000000000
72613  -44.349  7.599  12.055 0.0000000000
72623  -42.691  7.369  10.369 0.0000000000
74074  -42.272  9.576  10.727 0.0000000000
73368  -41.243  8.955  11.521 0.0000000000
73255  -37.040  7.721  26.982 0.0000000000
73974  -37.711  8.162  26.639 0.0000000000
74639  -37.643  9.347  27.693 0.0000000000
73265  -38.118  7.822  26.131 0.0000000000
73270  -38.762  7.938  25.697 0.0000000000
73272  -39.993  7.860  24.883 0.0000000000
75387  -38.538  10.662  28.595 0.0000000000
103834  -39.643  10.507  27.628 0.0000000000
74660  -39.896  9.151  25.774 0.0000000000
73990  -40.752  8.153  24.629 0.0000000000
73282  -42.120  7.879  23.900 0.0000000000
73992  -42.423  8.561  24.118 0.0000000000
73291  -43.387  7.535  23.189 0.0000000000
73298  -44.393  7.304  22.094 0.0000000000
79326  -39.376  16.534  30.434 0.0000000000
79334  -39.567  16.253  29.694 0.0000000000
78697  -40.211  15.240  29.019 0.0000000000
78698  -41.039  15.208  28.477 0.0000000000
77380  -41.678  13.433  28.529 0.0000000000
78024  -44.675  14.392  28.282 0.0000000000
77383  -44.749  13.513  28.376 0.0000000000
76722  -44.623  12.756  28.245 0.0000000000
109728  -46.467  11.946  27.669 0.0000000000
76730  -45.208  12.386  28.027 0.0000000000
76729  -44.348  12.254  27.917 0.0000000000
76082  -43.616  11.792  27.640 0.0000000000
76091  -43.045  11.182  27.069 0.0000000000
75408  -43.254  10.797  26.272 0.0000000000
74670  -44.577  9.894  23.951 0.0000000000
74677  -44.086  9.133  23.689 0.0000000000
74002  -44.448  8.563  23.132 0.0000000000
73306  -44.670  7.292  21.180 0.0000000000
73314  -44.724  7.449  20.369 0.0000000000
73323  -44.649  7.711  19.576 0.0000000000
74036  -44.015  8.260  17.948 0.0000000000
74044  -43.056  8.401  16.487 0.0000000000
74706  -46.771  9.753  19.757 0.0000000000
74720  -46.252  9.579  18.069 0.0000000000
74046  -44.723  9.041  17.254 0.0000000000
116083  -42.856  9.304  15.073 0.0000000000
109454  -42.824  9.922  14.203 0.0000000000
74752  -42.795  10.793  13.864 0.0000000000
74758  -42.391  11.522  12.692 0.0000000000
75508  -41.901  11.744  12.487 0.0000000000
75476  -44.429  11.246  17.144 0.0000000000
75474  -43.045  10.445  18.015 0.0000000000
77425  -45.516  13.613  22.192 0.0000000000
118264  -45.154  14.025  21.493 0.0000000000
77424  -44.654  13.977  22.009 0.0000000000
113047  -44.819  14.564  20.755 0.0000000000
78085  -44.701  14.914  20.009 0.0000000000
78057  -42.810  14.815  22.898 0.0000000000
78066  -42.737  15.028  21.746 0.0000000000
77434  -41.749  13.281  20.814 0.0000000000
76141  -41.695  11.564  21.430 0.0000000000
76764  -39.658  12.470  22.117 0.0000000000
117449  -38.958  11.865  22.558 0.0000000000
78079  -39.407  15.837  19.480 0.0000000000
78072  -38.846  15.457  20.107 0.0000000000
78064  -38.594  14.586  21.474 0.0000000000
78055  -36.883  14.631  23.969 0.0000000000
81753  -50.958  20.295  24.302 0.0000000000
82373  -46.479  21.872  21.562 0.0000000000
82372  -45.458  21.902  21.783 0.0000000000
82357  -43.165  21.903  23.574 0.0000000000
99914  -42.688  21.344  23.354 0.0000000000
81773  -42.008  20.998  23.252 0.0000000000
81129  -40.535  20.365  23.394 0.0000000000
81128  -39.743  20.337  23.289 0.0000000000
81770  -39.421  20.843  23.388 0.0000000000
81127  -38.484  19.907  23.003 0.0000000000
67645  -43.966  -0.158  33.225 0.0000000000
67764  -45.490  0.743  20.804 0.0000000000
69322  -42.349  2.076  22.695 0.0000000000
71665  -34.900  5.002  30.143 0.0000000000
72468  -34.954  6.328  28.995 0.0000000000
72636  -46.996  6.718  11.165 0.0000000000
73216  -41.337  7.828  35.428 0.0000000000
73947  -35.640  8.273  29.507 0.0000000000
74616  -36.864  9.813  31.626 0.0000000000
74630  -36.873  9.374  28.851 0.0000000000
74632  -38.069  10.053  28.109 0.0000000000
74642  -39.942  10.139  26.955 0.0000000000
74651  -39.506  9.537  26.443 0.0000000000
75366  -42.223  10.950  34.232 0.0000000000
75507  -41.239  11.378  13.028 0.0000000000
75513  -41.667  11.547  12.223 0.0000000000
76084  -45.530  11.920  27.592 0.0000000000
76085  -47.336  12.421  27.850 0.0000000000
76092  -43.863  11.359  26.904 0.0000000000
76107  -49.945  12.073  25.517 0.0000000000
76118  -50.922  12.632  24.029 0.0000000000
76128  -50.623  12.725  23.253 0.0000000000
76143  -48.845  12.000  20.751 0.0000000000
76172  -47.345  11.789  16.671 0.0000000000
76672  -46.948  13.251  36.603 0.0000000000
76680  -46.347  13.184  35.450 0.0000000000
76681  -47.059  13.244  35.939 0.0000000000
76720  -42.946  12.722  28.286 0.0000000000
76732  -47.332  13.020  28.146 0.0000000000
76738  -49.766  12.920  26.788 0.0000000000
76745  -50.302  12.768  25.938 0.0000000000
76746  -50.798  12.969  25.139 0.0000000000
76752  -51.124  12.981  24.442 0.0000000000
76780  -48.532  13.435  19.880 0.0000000000
77381  -43.144  13.715  28.344 0.0000000000
77384  -46.328  13.814  28.245 0.0000000000
77397  -48.768  13.052  27.421 0.0000000000
77429  -50.737  13.052  23.413 0.0000000000
77451  -46.260  14.319  19.331 0.0000000000
78012  -39.656  14.608  29.979 0.0000000000
78087  -47.247  14.369  19.714 0.0000000000
78772  -39.560  16.196  19.475 0.0000000000
79342  -40.670  16.854  28.459 0.0000000000
79403  -39.759  16.162  19.453 0.0000000000
80493  -41.409  18.576  28.503 0.0000000000
81695  -48.509  20.021  29.884 0.0000000000
81763  -50.616  20.450  23.570 0.0000000000
81784  -44.919  21.418  22.071 0.0000000000
81787  -48.074  21.042  22.125 0.0000000000
82371  -44.666  21.886  22.203 0.0000000000
108911  -46.393  13.457  22.509 0.0000000000
117126  -45.206  15.053  34.992 0.0000000000
117211  -44.273  14.859  20.057 0.0000000000
118161  -37.235  19.570  22.857 0.0000000000
118204  -39.894  15.907  29.193 0.0000000000
118884  -35.327  7.674  29.233 0.0000000000
