#!ascii label  , from subject sub-v2s17x50013_ses-1 vox2ras=TkReg
457
14719  -23.826  -62.370  -17.870 0.6999999881
15456  -24.075  -61.656  -19.152 0.6000000238
15457  -24.920  -61.531  -19.408 0.6000000238
16220  -27.376  -60.927  -18.852 0.4000000060
15377  -25.276  -61.862  -10.922 0.6999999881
15367  -25.522  -61.006  -11.111 0.6999999881
15378  -25.507  -61.490  -11.749 0.6999999881
111824  -25.620  -60.820  -11.798 0.6000000238
14662  -25.412  -61.884  -12.374 0.6999999881
15393  -25.551  -61.090  -12.551 0.6000000238
15404  -25.338  -61.820  -13.154 0.6000000238
112131  -25.409  -61.065  -13.367 0.6000000238
15415  -24.733  -61.876  -14.909 0.6000000238
15403  -25.146  -61.499  -14.020 0.6000000238
16189  -24.387  -60.305  -15.306 0.5000000000
108960  -24.283  -61.199  -15.686 0.5000000000
16188  -23.813  -60.421  -16.371 0.5000000000
100306  -23.518  -60.862  -17.217 0.6000000238
15439  -23.437  -61.514  -17.712 0.6000000238
116700  -23.581  -60.799  -17.718 0.6000000238
112360  -24.260  -60.518  -17.939 0.6000000238
16218  -23.793  -61.149  -18.354 0.6000000238
16135  -25.410  -60.382  -10.479 0.6000000238
16991  -25.566  -59.543  -11.741 0.6000000238
17002  -25.351  -59.412  -12.735 0.6000000238
16172  -25.441  -60.341  -13.119 0.6000000238
101642  -24.514  -58.835  -14.157 0.6000000238
17005  -25.040  -59.688  -13.816 0.6000000238
16180  -24.814  -60.216  -14.501 0.6000000238
17008  -24.497  -59.544  -14.764 0.6000000238
17011  -23.953  -59.538  -15.708 0.6000000238
17010  -23.701  -59.548  -16.464 0.6999999881
16198  -23.648  -59.978  -17.072 0.6000000238
116362  -23.780  -59.937  -17.333 0.6000000238
16219  -24.549  -61.145  -18.457 0.5000000000
16211  -26.520  -61.031  -18.029 0.5000000000
16974  -25.561  -59.613  -10.897 0.6000000238
17772  -25.312  -58.763  -11.954 0.6000000238
17780  -24.909  -58.504  -12.752 0.6000000238
115147  -24.903  -58.929  -13.396 0.6000000238
17785  -24.425  -58.235  -13.479 0.6000000238
18607  -23.856  -57.921  -14.330 0.6000000238
17787  -23.572  -58.052  -15.365 0.6000000238
17788  -24.028  -58.744  -15.090 0.6000000238
17791  -23.620  -58.749  -16.100 0.6999999881
17026  -24.438  -59.665  -17.414 0.6000000238
16212  -27.482  -60.755  -17.615 0.4000000060
17763  -25.407  -58.921  -10.515 0.6000000238
16962  -25.330  -59.599  -10.097 0.6000000238
111689  -25.499  -59.002  -11.252 0.6000000238
105423  -24.471  -57.829  -12.863 0.6000000238
18603  -24.052  -57.460  -13.436 0.5000000000
110162  -24.044  -58.021  -17.513 0.6000000238
17016  -23.626  -59.137  -16.801 0.6000000238
17024  -23.719  -59.188  -17.130 0.6000000238
17025  -23.916  -59.335  -17.334 0.6000000238
17017  -26.561  -59.252  -16.492 0.6000000238
16210  -25.504  -60.506  -17.586 0.6000000238
16200  -27.570  -60.323  -16.679 0.4000000060
16199  -26.580  -60.025  -16.746 0.5000000000
17748  -25.153  -58.912  -9.663 0.5000000000
17762  -25.143  -58.200  -10.124 0.6000000238
17771  -25.199  -58.222  -11.142 0.6000000238
102706  -24.818  -57.937  -12.117 0.5000000000
18597  -24.429  -57.206  -12.590 0.5000000000
19426  -24.022  -56.912  -13.324 0.5000000000
18602  -23.687  -57.023  -14.101 0.6000000238
19440  -24.340  -56.352  -15.524 0.6000000238
19439  -23.727  -56.921  -15.114 0.6999999881
18623  -23.791  -57.232  -16.983 0.6999999881
111188  -23.489  -58.046  -16.158 0.6999999881
18630  -24.303  -57.338  -17.474 0.6000000238
18629  -23.739  -57.831  -17.216 0.6999999881
108077  -24.617  -57.904  -17.582 0.6000000238
17808  -24.194  -58.647  -17.451 0.6000000238
17809  -24.913  -58.707  -17.394 0.6000000238
17810  -25.825  -58.584  -17.060 0.6000000238
17012  -27.887  -59.103  -15.659 0.4000000060
18581  -24.969  -57.450  -10.570 0.6000000238
18589  -24.828  -57.344  -11.534 0.5000000000
103175  -24.529  -56.523  -12.899 0.5000000000
110403  -24.156  -56.573  -13.658 0.6000000238
112916  -24.610  -56.259  -13.419 0.5000000000
20304  -24.839  -56.042  -14.016 0.5000000000
114150  -24.731  -56.003  -14.823 0.5000000000
20319  -24.847  -56.006  -16.398 0.5000000000
119789  -24.287  -56.477  -16.279 0.6000000238
20330  -25.498  -55.419  -16.999 0.5000000000
19449  -24.291  -56.649  -16.963 0.6000000238
20337  -25.732  -55.476  -17.736 0.4000000060
19457  -24.807  -56.672  -17.601 0.6999999881
20344  -26.135  -55.460  -18.282 0.4000000060
19466  -26.066  -56.190  -18.160 0.5000000000
18631  -25.259  -57.005  -17.802 0.6000000238
19467  -26.608  -56.141  -18.150 0.5000000000
18640  -26.018  -56.869  -17.905 0.6000000238
20346  -27.238  -55.568  -18.350 0.5000000000
18632  -26.170  -57.538  -17.392 0.6000000238
17792  -27.800  -58.291  -15.524 0.5000000000
19459  -26.516  -56.733  -17.702 0.6000000238
18633  -26.882  -57.131  -17.004 0.6000000238
17801  -27.205  -58.781  -15.943 0.6000000238
18571  -24.919  -57.472  -9.670 0.5000000000
19415  -24.804  -56.645  -11.934 0.5000000000
19416  -25.191  -56.022  -12.294 0.5000000000
20296  -25.184  -55.854  -13.186 0.4000000060
20312  -25.459  -55.517  -14.702 0.4000000060
20311  -25.156  -55.699  -15.505 0.5000000000
21178  -25.958  -54.621  -16.544 0.5000000000
22021  -26.076  -53.598  -18.497 0.4000000060
21194  -26.130  -54.519  -18.207 0.4000000060
116001  -26.350  -54.165  -18.619 0.4000000060
21195  -26.550  -54.662  -18.681 0.5000000000
21203  -27.162  -54.391  -19.030 0.5000000000
20345  -26.779  -55.338  -18.540 0.5000000000
19451  -27.896  -56.417  -16.008 0.5000000000
18614  -27.819  -57.393  -15.606 0.5000000000
18624  -27.228  -57.847  -16.033 0.5000000000
101558  -25.994  -54.949  -15.471 0.4000000060
22003  -26.262  -53.727  -16.529 0.5000000000
110533  -26.001  -54.006  -17.183 0.5000000000
22011  -25.889  -53.695  -17.890 0.5000000000
22022  -26.532  -53.973  -18.921 0.4000000060
21204  -27.885  -54.174  -19.041 0.5000000000
115172  -28.267  -55.682  -16.075 0.5000000000
103612  -28.529  -56.111  -15.292 0.3000000119
22031  -27.616  -53.766  -19.252 0.5000000000
20347  -27.759  -55.125  -18.379 0.5000000000
20331  -27.942  -55.682  -16.966 0.5000000000
104920  -25.918  -53.301  -17.247 0.4000000060
117846  -25.716  -53.182  -18.224 0.4000000060
22843  -25.456  -52.806  -17.947 0.4000000060
22858  -25.829  -52.402  -19.114 0.4000000060
22852  -25.619  -52.738  -18.574 0.4000000060
22859  -26.609  -52.949  -19.307 0.4000000060
104798  -26.802  -52.230  -19.436 0.4000000060
22860  -27.557  -53.008  -19.454 0.5000000000
21172  -28.720  -54.545  -16.236 0.4000000060
20321  -28.756  -55.207  -15.533 0.4000000060
21197  -28.081  -54.534  -18.622 0.5000000000
21179  -28.546  -54.355  -17.173 0.5000000000
22023  -28.398  -53.779  -18.855 0.5000000000
21188  -28.460  -54.097  -18.181 0.5000000000
20339  -28.155  -54.974  -17.814 0.5000000000
24493  -25.991  -50.743  -19.239 0.4000000060
23680  -27.884  -52.044  -19.571 0.4000000060
21180  -28.941  -53.893  -16.438 0.4000000060
22004  -28.793  -53.592  -17.423 0.5000000000
22861  -28.441  -52.643  -19.339 0.5000000000
24494  -27.082  -51.199  -19.464 0.4000000060
99453  -29.074  -52.942  -17.493 0.4000000060
22834  -29.436  -52.466  -16.830 0.3000000119
22853  -28.691  -53.006  -19.019 0.5000000000
22012  -28.790  -53.187  -18.363 0.5000000000
110202  -26.886  -50.199  -19.335 0.4000000060
22844  -29.228  -52.300  -17.967 0.3000000119
23654  -29.619  -51.680  -17.078 0.3000000119
24495  -28.229  -51.140  -19.529 0.4000000060
22854  -29.009  -52.526  -18.773 0.5000000000
24496  -29.009  -50.942  -19.392 0.4000000060
23681  -28.704  -51.808  -19.385 0.5000000000
23672  -29.267  -51.757  -18.751 0.5000000000
26161  -27.272  -48.832  -18.959 0.4000000060
23665  -29.746  -50.897  -17.418 0.3000000119
24467  -30.197  -50.216  -16.770 0.3000000119
25333  -27.751  -49.633  -19.359 0.4000000060
24485  -29.547  -50.134  -18.691 0.4000000060
114625  -28.468  -50.313  -19.481 0.4000000060
112937  -29.273  -50.398  -19.150 0.4000000060
27047  -26.726  -48.150  -18.731 0.5000000000
24480  -29.858  -50.151  -17.816 0.3000000119
25317  -30.257  -49.410  -17.149 0.4000000060
26162  -28.171  -48.794  -19.138 0.4000000060
25335  -29.239  -49.628  -19.083 0.5000000000
25322  -29.518  -49.327  -18.653 0.4000000060
25334  -28.660  -49.550  -19.318 0.5000000000
110600  -29.025  -50.177  -19.349 0.5000000000
26163  -28.909  -48.800  -19.080 0.5000000000
26152  -29.317  -48.870  -18.817 0.4000000060
26153  -29.701  -48.502  -18.319 0.4000000060
26143  -30.239  -48.582  -17.499 0.4000000060
26135  -30.833  -48.717  -16.639 0.3000000119
27048  -27.651  -48.050  -18.852 0.5000000000
27049  -28.480  -48.000  -18.898 0.5000000000
110743  -29.904  -46.149  -18.496 0.4000000060
27885  -30.681  -45.830  -18.286 0.3000000119
27881  -26.456  -46.696  -18.474 0.5000000000
106322  -29.452  -47.001  -18.539 0.4000000060
27042  -29.706  -47.599  -18.370 0.4000000060
27870  -30.198  -46.777  -18.235 0.4000000060
116222  -30.756  -47.154  -17.508 0.4000000060
27030  -31.563  -47.196  -17.038 0.3000000119
27039  -27.083  -47.357  -18.655 0.5000000000
27041  -29.205  -47.987  -18.731 0.5000000000
27040  -27.988  -47.255  -18.753 0.5000000000
109049  -30.394  -45.404  -18.305 0.4000000060
115540  -26.383  -45.438  -18.035 0.5000000000
27886  -31.502  -45.594  -18.251 0.3000000119
27882  -27.429  -46.583  -18.554 0.5000000000
28723  -27.776  -45.886  -18.365 0.5000000000
28724  -28.687  -45.796  -18.435 0.5000000000
27884  -29.142  -46.372  -18.605 0.5000000000
27883  -28.330  -46.495  -18.609 0.5000000000
29589  -30.460  -44.748  -17.859 0.4000000060
28713  -25.683  -45.199  -17.876 0.5000000000
28715  -28.135  -45.263  -17.980 0.5000000000
29595  -31.018  -44.943  -18.317 0.3000000119
28726  -31.217  -45.194  -18.379 0.3000000119
29585  -26.434  -44.814  -17.578 0.5000000000
29586  -27.507  -44.775  -17.406 0.5000000000
15454  -23.550  -61.612  -18.371 0.6000000238
101686  -26.201  -61.287  -19.462 0.5000000000
111211  -24.792  -60.951  -14.737 0.6000000238
18606  -23.596  -57.460  -14.896 0.6999999881
17027  -25.602  -59.578  -17.056 0.6000000238
19448  -23.819  -56.928  -16.208 0.6999999881
17800  -26.590  -58.247  -16.588 0.6000000238
19458  -25.481  -56.207  -17.920 0.5000000000
109132  -25.406  -57.722  -17.571 0.6000000238
20320  -25.525  -55.355  -16.186 0.5000000000
21187  -25.909  -54.632  -17.519 0.5000000000
20329  -25.036  -56.123  -17.266 0.4000000060
20338  -27.617  -55.653  -17.826 0.5000000000
105123  -27.423  -57.014  -16.303 0.5000000000
22029  -26.203  -53.236  -18.998 0.4000000060
22030  -26.934  -53.605  -19.264 0.5000000000
24479  -29.527  -50.909  -18.379 0.4000000060
25323  -29.849  -49.362  -18.081 0.4000000060
26144  -30.816  -47.863  -17.057 0.3000000119
28722  -26.844  -45.951  -18.327 0.5000000000
10123  -26.111  -68.429  -13.461 0.5000000000
10139  -26.039  -68.353  -14.362 0.5000000000
10970  -26.745  -67.959  -13.994 0.5000000000
11800  -28.598  -66.380  -16.065 0.5000000000
10154  -27.306  -67.922  -15.358 0.5000000000
10983  -27.849  -67.448  -15.228 0.4000000060
10107  -26.482  -68.295  -12.565 0.5000000000
11786  -27.953  -67.001  -14.081 0.6000000238
10958  -27.444  -67.400  -13.468 0.6000000238
10984  -28.303  -67.052  -15.564 0.5000000000
10972  -28.145  -67.017  -14.786 0.5000000000
13297  -28.224  -65.270  -18.498 0.4000000060
10924  -25.641  -67.686  -10.614 0.6999999881
10934  -26.271  -67.912  -11.124 0.6999999881
11763  -27.556  -66.897  -12.619 0.6999999881
11776  -28.376  -65.598  -13.940 0.5000000000
11775  -28.033  -66.421  -13.402 0.6999999881
103385  -28.641  -65.412  -16.281 0.5000000000
104683  -28.647  -65.574  -15.360 0.5000000000
12574  -28.544  -65.757  -14.649 0.5000000000
13308  -27.782  -64.594  -18.908 0.5000000000
101994  -28.433  -65.268  -17.309 0.5000000000
107914  -23.547  -67.196  -9.902 0.5000000000
10922  -23.975  -67.845  -10.211 0.6999999881
11737  -25.398  -67.014  -10.366 0.6999999881
10923  -24.935  -67.772  -10.345 0.6999999881
11749  -25.935  -66.429  -10.733 0.6999999881
11762  -27.070  -67.193  -11.769 0.6000000238
13251  -28.230  -64.884  -13.826 0.6999999881
12547  -27.968  -65.368  -13.110 0.6000000238
13286  -28.391  -64.511  -16.502 0.5000000000
13275  -28.565  -64.700  -15.587 0.6000000238
13264  -28.523  -64.917  -14.619 0.6000000238
113872  -27.984  -64.333  -17.594 0.5000000000
13317  -27.824  -64.406  -19.856 0.5000000000
11735  -23.594  -66.434  -9.711 0.5000000000
11736  -24.455  -66.884  -9.997 0.6999999881
11750  -26.521  -66.853  -11.122 0.6999999881
12530  -26.600  -65.448  -11.666 0.6999999881
12529  -25.782  -65.462  -11.131 0.6999999881
119478  -27.434  -66.380  -12.106 0.8000000119
13242  -27.422  -64.827  -12.803 0.6999999881
13998  -27.732  -63.621  -15.689 0.6000000238
13263  -28.039  -64.235  -14.233 0.6999999881
14013  -27.343  -63.528  -17.364 0.6999999881
13999  -28.281  -64.027  -15.857 0.6000000238
14040  -27.238  -63.798  -19.194 0.6000000238
14031  -27.459  -63.860  -18.249 0.6000000238
14046  -27.085  -63.456  -20.256 0.6000000238
12503  -22.632  -65.479  -9.415 0.5000000000
13226  -23.935  -64.886  -9.821 0.6000000238
11720  -22.927  -66.124  -9.570 0.5000000000
12516  -24.254  -65.844  -9.892 0.6000000238
105624  -24.592  -65.202  -10.295 0.6000000238
12517  -25.138  -65.991  -10.345 0.6999999881
13240  -25.659  -64.333  -12.296 0.6999999881
13234  -25.251  -64.593  -11.568 0.6000000238
13241  -26.640  -64.705  -12.355 0.6999999881
13248  -26.024  -64.018  -12.944 0.6999999881
13250  -27.728  -64.516  -13.465 0.6999999881
14039  -26.299  -63.183  -19.426 0.6999999881
105460  -23.171  -64.819  -9.427 0.5000000000
119712  -24.337  -64.559  -10.262 0.6000000238
13233  -24.703  -64.575  -10.896 0.6000000238
12528  -25.101  -65.129  -10.850 0.6000000238
13972  -26.265  -63.723  -13.723 0.8000000119
13984  -25.548  -63.374  -14.368 0.5000000000
13958  -25.386  -63.748  -12.754 0.6000000238
13997  -26.815  -63.371  -15.507 0.6999999881
13996  -25.686  -63.287  -15.290 0.6999999881
14029  -25.452  -62.920  -18.553 0.6999999881
113482  -26.337  -63.162  -17.345 0.6999999881
14756  -26.112  -61.935  -22.347 0.5000000000
14045  -25.986  -62.770  -20.475 0.6999999881
14755  -25.701  -62.068  -21.833 0.5000000000
13219  -22.259  -64.695  -9.173 0.5000000000
13220  -23.515  -64.088  -9.562 0.5000000000
13943  -24.393  -63.314  -10.152 0.6000000238
13221  -24.083  -64.025  -9.946 0.6000000238
13949  -24.662  -63.276  -11.006 0.6000000238
105712  -24.405  -63.987  -10.690 0.6000000238
14649  -25.244  -62.288  -11.775 0.6000000238
110468  -24.721  -63.917  -11.603 0.6000000238
107007  -24.854  -63.102  -11.818 0.6000000238
13995  -25.011  -63.084  -15.100 0.6000000238
13983  -25.057  -63.149  -14.158 0.5000000000
14661  -25.117  -62.711  -12.646 0.5000000000
14011  -24.945  -63.010  -16.080 0.6000000238
14736  -24.368  -62.400  -19.305 0.6000000238
108703  -24.342  -62.552  -18.388 0.6000000238
15472  -25.322  -61.648  -20.619 0.5000000000
13925  -23.107  -63.448  -9.074 0.5000000000
13936  -23.913  -63.370  -9.514 0.6000000238
14648  -24.963  -62.616  -11.203 0.6000000238
14676  -25.064  -62.538  -13.870 0.5000000000
15431  -24.004  -62.154  -16.555 0.4000000060
14699  -24.529  -62.613  -15.896 0.5000000000
14688  -24.821  -62.645  -14.989 0.5000000000
15470  -23.964  -61.984  -19.510 0.6000000238
13935  -22.315  -63.891  -8.989 0.5000000000
14636  -23.694  -62.716  -9.039 0.6000000238
14637  -24.332  -62.624  -9.639 0.6000000238
14644  -24.752  -62.566  -10.461 0.6000000238
15430  -23.701  -61.506  -16.743 0.5000000000
15422  -24.300  -62.054  -15.832 0.4000000060
13924  -22.298  -63.233  -8.611 0.5000000000
14630  -22.913  -62.660  -8.603 0.5000000000
15360  -24.138  -61.967  -9.061 0.6000000238
107778  -25.268  -61.175  -10.426 0.6000000238
106608  -21.612  -63.070  -8.373 0.5000000000
14629  -22.078  -62.551  -8.248 0.5000000000
106389  -23.467  -62.118  -8.621 0.6000000238
115273  -24.802  -61.746  -9.885 0.6000000238
14628  -21.202  -62.533  -8.137 0.5000000000
15352  -22.721  -61.829  -8.147 0.5000000000
15353  -23.681  -61.318  -8.427 0.5000000000
16126  -24.709  -60.326  -9.149 0.6000000238
15354  -24.482  -61.135  -9.076 0.6000000238
15351  -21.677  -61.847  -7.904 0.5000000000
16113  -22.967  -60.977  -7.864 0.5000000000
15341  -21.272  -61.107  -7.632 0.5000000000
16127  -25.126  -60.153  -9.759 0.5000000000
118565  -22.487  -60.587  -7.597 0.5000000000
16121  -24.153  -60.496  -8.466 0.5000000000
15340  -20.354  -60.853  -7.890 0.5000000000
16112  -21.811  -60.494  -7.493 0.5000000000
114468  -23.541  -60.574  -8.045 0.5000000000
16961  -24.938  -59.608  -9.330 0.4000000060
16944  -21.569  -59.717  -7.372 0.5000000000
16120  -23.076  -60.269  -7.644 0.5000000000
16946  -23.793  -59.811  -7.884 0.4000000060
16955  -24.482  -59.711  -8.549 0.4000000060
16945  -23.045  -59.555  -7.460 0.4000000060
104628  -23.564  -58.968  -7.544 0.4000000060
17738  -24.531  -58.234  -8.346 0.4000000060
14706  -24.251  -62.514  -16.836 0.6000000238
15471  -24.485  -61.868  -20.120 0.5000000000
16226  -26.399  -61.330  -21.063 0.4000000060
13970  -25.111  -63.227  -13.212 0.6000000238
103677  -24.768  -58.949  -8.804 0.4000000060
11751  -27.009  -66.227  -11.592 0.6999999881
13985  -26.508  -63.534  -14.581 0.6999999881
109054  -27.113  -63.342  -16.431 0.6999999881
13971  -25.513  -63.489  -13.515 0.6000000238
116403  -25.091  -64.045  -12.191 0.6000000238
14038  -25.204  -62.660  -19.828 0.6999999881
14012  -25.972  -63.160  -16.308 0.6999999881
14746  -24.542  -62.202  -20.224 0.6000000238
14750  -25.001  -62.062  -21.045 0.6000000238
10122  -25.357  -68.908  -13.408 0.5000000000
10140  -26.662  -68.104  -14.804 0.4000000060
10925  -26.028  -67.211  -10.697 0.6999999881
10945  -27.092  -67.694  -12.556 0.6999999881
10957  -26.823  -68.005  -13.211 0.6000000238
10971  -27.464  -67.548  -14.525 0.5000000000
10994  -27.915  -67.715  -15.877 0.5000000000
11719  -22.136  -66.136  -9.650 0.5000000000
11787  -28.317  -66.383  -14.313 0.5000000000
12504  -23.472  -65.591  -9.599 0.6000000238
12540  -27.352  -65.550  -12.256 0.6999999881
13235  -26.006  -64.868  -11.779 0.6999999881
13249  -26.946  -64.219  -13.159 0.6999999881
13922  -20.840  -63.281  -8.461 0.5000000000
13923  -21.625  -63.641  -8.682 0.5000000000
13957  -24.976  -63.487  -12.411 0.6000000238
13973  -27.243  -63.884  -13.940 0.6999999881
13986  -27.510  -63.695  -14.810 0.6999999881
13987  -28.248  -64.086  -15.091 0.6000000238
14014  -27.900  -63.780  -16.531 0.6000000238
14030  -26.750  -63.366  -18.310 0.6999999881
14049  -26.573  -62.792  -21.043 0.5000000000
14627  -20.335  -62.529  -8.293 0.5000000000
14705  -23.567  -62.030  -17.376 0.6000000238
14707  -24.942  -62.861  -17.320 0.6000000238
14718  -23.421  -61.940  -18.270 0.6000000238
14735  -23.692  -62.138  -18.810 0.6000000238
14744  -23.633  -61.938  -18.948 0.6999999881
14745  -24.001  -62.061  -19.547 0.6000000238
14747  -25.159  -62.346  -20.713 0.6000000238
14749  -24.516  -62.089  -20.268 0.5000000000
14751  -25.749  -62.295  -21.519 0.6999999881
15342  -22.154  -61.163  -7.691 0.5000000000
15455  -23.727  -61.743  -18.899 0.6000000238
15482  -25.021  -61.994  -21.074 0.5000000000
15483  -25.753  -61.795  -21.751 0.5000000000
15484  -26.566  -61.549  -21.960 0.5000000000
16111  -21.054  -60.335  -7.534 0.5000000000
16134  -25.019  -60.829  -9.777 0.6000000238
16151  -25.619  -60.270  -11.366 0.6999999881
16164  -25.601  -60.243  -12.229 0.6000000238
16171  -25.209  -60.613  -13.944 0.6000000238
16209  -23.887  -60.283  -17.639 0.6000000238
16947  -24.272  -59.001  -8.026 0.4000000060
17018  -27.330  -59.570  -16.172 0.4000000060
17747  -24.881  -58.205  -9.230 0.4000000060
17799  -23.543  -58.402  -16.845 0.6999999881
17807  -23.827  -58.507  -17.276 0.6000000238
18613  -23.554  -57.484  -15.725 0.6999999881
18622  -23.568  -57.634  -16.591 0.6999999881
19433  -24.105  -56.479  -14.484 0.5000000000
19450  -27.458  -56.347  -17.051 0.6000000238
19460  -27.079  -56.274  -17.809 0.6000000238
20332  -28.385  -55.080  -16.662 0.5000000000
21196  -27.515  -54.861  -18.740 0.5000000000
22005  -29.211  -53.193  -16.642 0.3000000119
22032  -28.207  -53.456  -19.224 0.5000000000
22862  -28.944  -52.261  -19.126 0.5000000000
23664  -29.463  -51.509  -17.983 0.3000000119
23679  -25.942  -51.602  -19.290 0.4000000060
23682  -29.115  -51.592  -19.181 0.5000000000
25332  -26.836  -49.465  -19.094 0.4000000060
27029  -30.186  -47.725  -17.823 0.4000000060
27871  -31.094  -46.413  -17.787 0.4000000060
28714  -27.176  -45.351  -17.985 0.5000000000
28721  -25.811  -45.968  -18.231 0.5000000000
29590  -31.287  -44.548  -17.903 0.3000000119
100284  -28.790  -47.170  -18.729 0.5000000000
100969  -25.566  -68.601  -14.026 0.5000000000
104040  -25.555  -61.179  -18.488 0.6000000238
106794  -28.484  -66.369  -15.112 0.5000000000
108430  -22.890  -64.180  -9.258 0.5000000000
109678  -29.353  -50.987  -19.024 0.5000000000
113493  -27.716  -50.477  -19.501 0.4000000060
115033  -22.394  -59.991  -7.441 0.5000000000
116571  -26.421  -66.070  -11.199 0.6999999881
118328  -26.741  -60.576  -17.179 0.5000000000
118703  -27.772  -66.100  -12.628 0.8000000119
