#!ascii label  , from subject sub-v2s17x50013_ses-1 vox2ras=TkReg
378
110793  -26.672  -12.812  -18.395 0.0000000000
61374  -24.771  -7.732  -17.625 0.0000000000
71280  -25.259  4.531  -17.699 0.0000000000
67327  -27.143  -0.016  -18.808 0.0000000000
63947  -28.830  -4.493  -20.543 0.0000000000
101131  -30.612  -9.094  -18.629 0.0000000000
72888  -24.283  6.249  -17.355 0.0000000000
66502  -27.523  -1.866  -20.347 0.0000000000
64761  -25.903  -3.877  -17.669 0.0000000000
58831  -25.906  -10.816  -18.552 0.0000000000
100277  -28.415  -8.672  -19.477 0.0000000000
58012  -28.703  -11.509  -18.867 0.0000000000
53743  -22.279  -16.128  -15.463 0.0000000000
105705  -23.741  -12.496  -17.813 0.0000000000
77023  -22.576  11.893  -18.147 0.0000000000
75707  -24.661  10.720  -18.307 0.0000000000
74991  -26.362  9.249  -18.731 0.0000000000
103973  -27.286  6.353  -20.249 0.0000000000
71324  -26.781  4.474  -21.630 0.0000000000
69694  -26.152  2.190  -17.958 0.0000000000
68970  -26.831  1.919  -22.821 0.0000000000
66544  -28.113  -1.153  -24.082 0.0000000000
65689  -29.662  -2.498  -22.594 0.0000000000
64793  -30.655  -3.799  -20.901 0.0000000000
106014  -27.349  -6.308  -18.820 0.0000000000
63095  -30.060  -5.494  -20.052 0.0000000000
64760  -25.230  -3.265  -17.379 0.0000000000
64758  -23.521  -3.823  -17.625 0.0000000000
116655  -26.684  -12.206  -18.846 0.0000000000
58842  -27.557  -11.130  -19.186 0.0000000000
57141  -27.514  -11.925  -19.147 0.0000000000
50288  -21.937  -20.305  -12.461 0.0000000000
51981  -21.949  -18.917  -12.880 0.0000000000
111235  -22.384  -18.147  -13.293 0.0000000000
57997  -23.627  -11.427  -17.602 0.0000000000
57130  -23.023  -12.029  -17.511 0.0000000000
74994  -25.967  9.992  -18.761 0.0000000000
72109  -24.545  5.309  -17.471 0.0000000000
72889  -25.645  6.246  -17.811 0.0000000000
72124  -26.728  5.308  -19.056 0.0000000000
112030  -27.231  5.851  -20.855 0.0000000000
71294  -26.538  4.555  -18.774 0.0000000000
68919  -26.557  1.438  -18.285 0.0000000000
118428  -27.039  2.422  -20.621 0.0000000000
68944  -27.215  0.900  -20.822 0.0000000000
68165  -27.194  0.386  -22.889 0.0000000000
68135  -27.289  0.029  -21.201 0.0000000000
113727  -28.029  -3.347  -20.823 0.0000000000
65676  -28.582  -2.669  -22.459 0.0000000000
64806  -29.338  -3.575  -21.786 0.0000000000
65679  -30.016  -2.779  -21.934 0.0000000000
64792  -30.134  -4.197  -21.504 0.0000000000
62202  -24.306  -6.738  -17.645 0.0000000000
63067  -25.577  -5.761  -17.894 0.0000000000
61384  -26.572  -7.489  -18.733 0.0000000000
60476  -29.332  -8.236  -19.242 0.0000000000
61402  -28.734  -7.339  -19.285 0.0000000000
61404  -30.373  -7.572  -19.201 0.0000000000
62236  -30.990  -6.379  -19.865 0.0000000000
104156  -31.559  -7.710  -18.590 0.0000000000
54570  -23.088  -15.888  -15.237 0.0000000000
55412  -22.945  -15.023  -16.780 0.0000000000
54583  -23.437  -15.290  -15.878 0.0000000000
108514  -24.118  -14.315  -17.412 0.0000000000
67306  -25.979  -0.733  -17.560 0.0000000000
107339  -27.415  -1.169  -19.652 0.0000000000
66492  -27.019  -1.814  -18.439 0.0000000000
65650  -26.964  -2.757  -18.313 0.0000000000
63937  -27.352  -4.356  -18.693 0.0000000000
59638  -25.481  -9.646  -18.154 0.0000000000
109585  -26.349  -8.237  -18.683 0.0000000000
104655  -27.077  -9.441  -19.218 0.0000000000
59653  -28.540  -9.657  -19.255 0.0000000000
118882  -29.806  -10.229  -18.491 0.0000000000
53718  -23.244  -16.903  -13.883 0.0000000000
59636  -23.703  -8.969  -17.395 0.0000000000
58830  -24.951  -10.619  -17.976 0.0000000000
57999  -25.272  -11.706  -18.431 0.0000000000
57132  -24.990  -13.088  -18.443 0.0000000000
77028  -22.422  12.749  -18.376 0.0000000000
75705  -22.901  10.506  -17.601 0.0000000000
76381  -23.960  11.107  -18.230 0.0000000000
76388  -25.267  11.841  -19.754 0.0000000000
75714  -26.252  10.566  -20.180 0.0000000000
111092  -26.843  9.310  -21.380 0.0000000000
73604  -25.977  7.742  -17.875 0.0000000000
73609  -27.090  7.737  -19.571 0.0000000000
74317  -27.201  8.021  -22.124 0.0000000000
115117  -27.081  6.461  -22.042 0.0000000000
72159  -26.604  5.225  -23.120 0.0000000000
103492  -26.501  3.775  -23.773 0.0000000000
70468  -25.797  3.757  -17.898 0.0000000000
114720  -26.909  3.310  -19.725 0.0000000000
113683  -26.843  3.107  -21.545 0.0000000000
69738  -26.732  2.384  -24.277 0.0000000000
68983  -27.047  1.577  -24.421 0.0000000000
67373  -29.331  -0.573  -24.187 0.0000000000
107372  -27.585  -1.306  -22.519 0.0000000000
66537  -28.957  -1.989  -23.481 0.0000000000
63927  -24.798  -5.038  -17.657 0.0000000000
63068  -26.404  -5.311  -18.194 0.0000000000
109323  -28.510  -5.053  -19.724 0.0000000000
61385  -27.430  -7.411  -19.189 0.0000000000
62232  -28.341  -6.400  -19.128 0.0000000000
63948  -29.064  -4.899  -20.218 0.0000000000
63110  -30.825  -5.254  -20.493 0.0000000000
63950  -31.323  -4.185  -19.357 0.0000000000
56296  -23.768  -13.403  -17.904 0.0000000000
56297  -24.417  -13.692  -18.023 0.0000000000
56289  -25.721  -13.693  -17.424 0.0000000000
57133  -27.520  -12.356  -18.862 0.0000000000
50289  -22.738  -20.229  -12.425 0.0000000000
51126  -22.343  -19.611  -12.620 0.0000000000
71279  -24.337  4.454  -17.462 0.0000000000
72110  -25.612  5.359  -17.854 0.0000000000
72123  -26.270  5.126  -18.411 0.0000000000
71293  -26.029  4.530  -18.133 0.0000000000
67316  -25.976  0.097  -17.670 0.0000000000
68116  -26.292  0.707  -17.974 0.0000000000
68117  -26.886  0.660  -18.537 0.0000000000
68932  -27.213  1.145  -19.853 0.0000000000
68127  -27.275  0.330  -20.203 0.0000000000
68150  -27.126  0.605  -21.819 0.0000000000
64780  -28.454  -3.923  -20.714 0.0000000000
64791  -28.669  -3.548  -21.473 0.0000000000
63959  -29.086  -4.074  -21.292 0.0000000000
64807  -29.763  -3.813  -21.788 0.0000000000
63970  -29.623  -4.131  -21.520 0.0000000000
117926  -25.207  -7.047  -17.759 0.0000000000
61383  -25.750  -7.622  -18.134 0.0000000000
60477  -29.953  -8.736  -18.942 0.0000000000
60492  -29.988  -8.046  -19.069 0.0000000000
60478  -30.546  -8.302  -18.894 0.0000000000
61387  -30.987  -7.733  -19.085 0.0000000000
104630  -31.295  -8.598  -18.588 0.0000000000
66484  -25.583  -1.579  -17.425 0.0000000000
66485  -26.336  -1.559  -17.789 0.0000000000
65640  -26.173  -2.879  -17.649 0.0000000000
64770  -26.777  -3.628  -18.163 0.0000000000
64771  -27.487  -3.519  -18.910 0.0000000000
59650  -26.521  -10.076  -18.786 0.0000000000
58011  -27.924  -11.489  -19.151 0.0000000000
58843  -28.124  -10.544  -19.192 0.0000000000
58844  -28.562  -10.958  -18.912 0.0000000000
106374  -29.040  -10.158  -18.832 0.0000000000
58845  -29.294  -10.856  -18.608 0.0000000000
58013  -29.605  -11.469  -18.547 0.0000000000
49469  -21.549  -21.037  -12.297 0.0000000000
105515  -23.026  -17.581  -13.502 0.0000000000
59637  -24.413  -9.700  -17.639 0.0000000000
57998  -24.445  -12.120  -18.092 0.0000000000
108515  -24.472  -11.282  -17.901 0.0000000000
107275  -25.043  -12.593  -18.504 0.0000000000
57131  -24.431  -12.992  -18.221 0.0000000000
77022  -21.982  12.594  -17.738 0.0000000000
77672  -22.804  13.009  -19.001 0.0000000000
77029  -23.188  12.379  -18.689 0.0000000000
75706  -23.859  10.429  -17.827 0.0000000000
76384  -24.373  11.530  -18.623 0.0000000000
77030  -24.063  12.202  -18.867 0.0000000000
76387  -24.704  11.930  -19.100 0.0000000000
76385  -25.082  11.288  -18.938 0.0000000000
115806  -26.343  9.676  -19.105 0.0000000000
107567  -26.286  10.069  -19.496 0.0000000000
75715  -26.540  9.896  -20.072 0.0000000000
75720  -26.482  10.040  -20.825 0.0000000000
74999  -26.822  9.327  -20.416 0.0000000000
115056  -25.050  6.496  -17.471 0.0000000000
72899  -26.911  6.250  -19.213 0.0000000000
110981  -26.834  7.093  -19.047 0.0000000000
110086  -27.188  6.926  -19.699 0.0000000000
110198  -27.249  8.029  -20.397 0.0000000000
108502  -27.340  7.230  -20.534 0.0000000000
108501  -27.297  7.199  -21.595 0.0000000000
72916  -27.299  6.475  -21.154 0.0000000000
101821  -26.984  5.220  -21.152 0.0000000000
103450  -27.034  5.831  -21.636 0.0000000000
101835  -26.710  5.170  -22.123 0.0000000000
71336  -26.498  4.620  -23.842 0.0000000000
71329  -26.633  4.329  -22.806 0.0000000000
110944  -25.473  2.053  -17.603 0.0000000000
69679  -24.583  2.302  -17.476 0.0000000000
111108  -26.252  3.010  -18.218 0.0000000000
110635  -26.715  3.148  -18.954 0.0000000000
68958  -26.936  2.223  -21.530 0.0000000000
111013  -26.954  3.048  -20.638 0.0000000000
69725  -26.737  2.792  -22.403 0.0000000000
113510  -26.638  3.346  -23.053 0.0000000000
69733  -26.660  2.502  -23.385 0.0000000000
68976  -26.735  1.666  -23.848 0.0000000000
107619  -27.495  -0.502  -23.557 0.0000000000
68176  -27.635  0.313  -24.675 0.0000000000
67371  -27.832  -0.415  -24.415 0.0000000000
67375  -28.964  -0.193  -24.714 0.0000000000
67372  -28.648  -0.723  -24.537 0.0000000000
105274  -27.451  -1.064  -20.450 0.0000000000
66511  -27.579  -1.760  -21.221 0.0000000000
65688  -29.122  -2.462  -22.992 0.0000000000
65687  -28.430  -2.192  -23.096 0.0000000000
66538  -29.597  -1.896  -23.342 0.0000000000
67365  -29.778  -1.095  -23.640 0.0000000000
67366  -30.061  -1.431  -23.188 0.0000000000
65667  -30.389  -2.852  -21.071 0.0000000000
65659  -30.753  -2.760  -19.975 0.0000000000
63926  -23.859  -5.155  -17.657 0.0000000000
63081  -26.538  -6.114  -18.425 0.0000000000
63082  -27.191  -5.655  -18.677 0.0000000000
110413  -27.762  -5.113  -19.069 0.0000000000
63083  -28.043  -5.879  -19.108 0.0000000000
60475  -27.528  -8.735  -19.507 0.0000000000
106016  -27.074  -8.082  -19.292 0.0000000000
61386  -27.875  -7.918  -19.499 0.0000000000
62234  -29.630  -6.341  -19.434 0.0000000000
119863  -28.463  -6.794  -19.175 0.0000000000
63094  -29.330  -5.419  -19.790 0.0000000000
63093  -28.706  -5.534  -19.469 0.0000000000
63108  -29.697  -4.944  -20.575 0.0000000000
115257  -31.272  -6.278  -19.514 0.0000000000
63097  -31.136  -5.696  -19.991 0.0000000000
114398  -31.396  -4.992  -19.420 0.0000000000
55414  -24.768  -14.506  -16.481 0.0000000000
56288  -24.889  -13.985  -17.489 0.0000000000
55427  -25.475  -14.170  -16.802 0.0000000000
65639  -25.379  -2.379  -17.373 0.0000000000
64759  -24.338  -3.563  -17.410 0.0000000000
106936  -25.021  -4.176  -17.476 0.0000000000
58009  -26.321  -11.703  -18.833 0.0000000000
58841  -26.873  -11.025  -18.976 0.0000000000
58010  -27.209  -11.671  -19.116 0.0000000000
57142  -28.151  -11.986  -19.096 0.0000000000
57134  -28.468  -12.638  -18.622 0.0000000000
52882  -21.702  -17.799  -13.767 0.0000000000
51982  -22.783  -18.938  -12.833 0.0000000000
58828  -22.946  -10.313  -17.406 0.0000000000
57996  -22.538  -11.240  -17.345 0.0000000000
76379  -22.352  11.195  -17.692 0.0000000000
110322  -24.593  10.041  -17.851 0.0000000000
75711  -25.381  10.585  -18.692 0.0000000000
74987  -24.937  9.321  -17.556 0.0000000000
74990  -25.830  9.305  -18.069 0.0000000000
74298  -25.562  8.531  -17.658 0.0000000000
116091  -25.051  5.929  -17.516 0.0000000000
72898  -26.273  5.854  -18.389 0.0000000000
72135  -27.162  5.434  -20.096 0.0000000000
71306  -26.918  4.611  -19.626 0.0000000000
71318  -26.994  4.576  -20.613 0.0000000000
69695  -26.752  2.233  -18.728 0.0000000000
109342  -27.085  1.840  -19.537 0.0000000000
68943  -27.127  1.800  -20.509 0.0000000000
68959  -26.947  1.261  -22.301 0.0000000000
68971  -26.918  1.043  -23.378 0.0000000000
67351  -27.347  -0.412  -22.389 0.0000000000
65658  -27.622  -2.663  -20.158 0.0000000000
99833  -27.960  -2.745  -21.466 0.0000000000
64805  -28.812  -3.155  -21.973 0.0000000000
65677  -29.236  -2.895  -22.231 0.0000000000
65678  -29.624  -3.262  -21.976 0.0000000000
64808  -30.060  -3.613  -21.720 0.0000000000
63066  -24.529  -5.847  -17.721 0.0000000000
62203  -25.131  -6.426  -17.766 0.0000000000
62217  -25.957  -6.754  -18.165 0.0000000000
62218  -26.914  -6.826  -18.790 0.0000000000
61403  -29.703  -7.396  -19.244 0.0000000000
100399  -30.208  -6.908  -19.451 0.0000000000
62235  -30.444  -6.234  -19.716 0.0000000000
61405  -30.762  -6.983  -19.479 0.0000000000
62220  -31.268  -6.979  -19.287 0.0000000000
101261  -31.554  -6.328  -18.825 0.0000000000
63069  -31.743  -5.855  -17.801 0.0000000000
109176  -31.759  -6.852  -18.343 0.0000000000
54582  -22.636  -15.539  -16.031 0.0000000000
55413  -23.806  -14.780  -16.628 0.0000000000
55426  -23.453  -14.519  -17.256 0.0000000000
54584  -24.305  -15.121  -15.736 0.0000000000
67305  -25.205  -0.091  -17.405 0.0000000000
67317  -26.638  -0.151  -18.171 0.0000000000
67328  -27.327  -0.357  -19.626 0.0000000000
67318  -27.218  -0.877  -18.799 0.0000000000
66493  -27.469  -1.810  -19.340 0.0000000000
114581  -26.034  -2.109  -17.552 0.0000000000
119316  -26.520  -2.207  -17.914 0.0000000000
65651  -27.489  -2.648  -19.096 0.0000000000
103779  -27.761  -3.458  -19.938 0.0000000000
63938  -28.008  -4.357  -19.743 0.0000000000
60457  -25.563  -8.505  -18.102 0.0000000000
60473  -26.300  -9.089  -18.677 0.0000000000
59652  -27.858  -9.600  -19.443 0.0000000000
59651  -27.379  -10.362  -19.200 0.0000000000
106115  -29.210  -9.182  -19.114 0.0000000000
59654  -29.882  -9.549  -18.703 0.0000000000
60479  -31.238  -9.482  -18.270 0.0000000000
59655  -30.525  -9.872  -18.343 0.0000000000
57143  -29.073  -12.108  -18.748 0.0000000000
49454  -21.156  -21.742  -12.009 0.0000000000
52883  -22.316  -17.211  -13.947 0.0000000000
53728  -22.713  -16.469  -14.574 0.0000000000
53729  -23.585  -16.347  -14.519 0.0000000000
60456  -24.645  -8.766  -17.645 0.0000000000
58829  -24.026  -10.510  -17.585 0.0000000000
58000  -25.733  -12.327  -18.632 0.0000000000
103384  -25.714  -12.764  -18.482 0.0000000000
75702  -22.040  10.600  -17.465 0.0000000000
76380  -23.218  11.122  -18.005 0.0000000000
76383  -23.595  11.716  -18.436 0.0000000000
77033  -23.596  12.715  -19.298 0.0000000000
107405  -25.782  10.838  -19.423 0.0000000000
99776  -25.840  11.267  -20.243 0.0000000000
75719  -25.997  10.934  -21.126 0.0000000000
75724  -26.346  10.150  -21.762 0.0000000000
75009  -26.680  9.504  -22.290 0.0000000000
73600  -25.147  7.776  -17.442 0.0000000000
74301  -26.273  8.532  -18.231 0.0000000000
110334  -25.486  7.023  -17.675 0.0000000000
73605  -26.583  7.746  -18.601 0.0000000000
74302  -26.737  8.549  -19.037 0.0000000000
74305  -27.021  8.623  -19.930 0.0000000000
115341  -27.157  8.551  -21.503 0.0000000000
114736  -27.020  8.849  -22.036 0.0000000000
73641  -26.992  7.731  -23.140 0.0000000000
108500  -26.732  6.744  -23.550 0.0000000000
103449  -26.782  5.843  -22.511 0.0000000000
110907  -24.599  3.135  -17.503 0.0000000000
70456  -24.974  3.750  -17.547 0.0000000000
70469  -26.378  3.819  -18.468 0.0000000000
70485  -26.744  3.892  -19.235 0.0000000000
70498  -26.987  3.879  -20.141 0.0000000000
69706  -26.997  2.561  -19.793 0.0000000000
103455  -26.711  3.648  -22.079 0.0000000000
68977  -26.988  0.910  -24.286 0.0000000000
68984  -27.631  1.086  -24.911 0.0000000000
68986  -29.023  1.108  -24.709 0.0000000000
68174  -29.362  0.359  -24.271 0.0000000000
67336  -27.357  -0.389  -20.575 0.0000000000
99925  -27.431  -0.991  -21.513 0.0000000000
67364  -27.712  -1.190  -23.250 0.0000000000
66525  -27.792  -2.023  -22.287 0.0000000000
100699  -27.867  -1.770  -23.029 0.0000000000
66512  -30.446  -1.947  -21.228 0.0000000000
101929  -24.159  -4.395  -17.543 0.0000000000
63928  -25.685  -4.788  -17.777 0.0000000000
63929  -26.534  -4.498  -18.098 0.0000000000
117047  -27.044  -5.007  -18.518 0.0000000000
62219  -27.767  -6.751  -19.054 0.0000000000
61401  -28.100  -7.162  -19.249 0.0000000000
63960  -29.362  -4.503  -20.973 0.0000000000
63961  -29.984  -4.640  -21.178 0.0000000000
106818  -31.092  -4.288  -20.347 0.0000000000
63949  -31.129  -4.947  -20.231 0.0000000000
111415  -23.061  -12.878  -17.556 0.0000000000
56298  -25.176  -13.392  -18.104 0.0000000000
56299  -25.944  -13.154  -17.996 0.0000000000
60474  -26.850  -8.701  -19.152 0.0000000000
62233  -28.856  -6.223  -19.256 0.0000000000
63096  -30.736  -5.580  -20.114 0.0000000000
63109  -30.380  -5.026  -20.619 0.0000000000
63962  -30.611  -4.684  -20.873 0.0000000000
65638  -24.481  -2.678  -17.333 0.0000000000
66536  -28.352  -1.692  -23.590 0.0000000000
66539  -30.059  -1.883  -22.919 0.0000000000
66545  -29.043  -1.392  -23.979 0.0000000000
67374  -28.349  -0.082  -24.853 0.0000000000
68126  -27.238  0.541  -19.253 0.0000000000
68173  -27.200  0.226  -23.953 0.0000000000
68920  -27.072  1.335  -18.952 0.0000000000
69680  -25.476  2.893  -17.663 0.0000000000
74310  -27.133  8.637  -20.799 0.0000000000
74995  -26.634  9.359  -19.519 0.0000000000
75708  -25.270  10.014  -18.152 0.0000000000
99780  -31.074  -3.524  -19.752 0.0000000000
103456  -26.925  3.795  -21.099 0.0000000000
105212  -26.276  6.843  -18.308 0.0000000000
106921  -26.655  -1.011  -18.135 0.0000000000
109639  -23.798  3.001  -17.630 0.0000000000
109839  -27.312  7.941  -21.163 0.0000000000
111300  -27.076  1.370  -21.392 0.0000000000
114576  -25.341  -12.722  -18.502 0.0000000000
118821  -26.502  3.022  -23.821 0.0000000000
119256  -26.834  6.406  -22.806 0.0000000000
