#!ascii label  , from subject sub-v2s17x50013_ses-1 vox2ras=TkReg
817
117385  18.406  -32.507  70.677 0.0000000000
41962  3.586  -32.616  59.303 0.0000000000
39215  12.890  -35.522  67.756 0.0000000000
44711  10.688  -29.659  61.879 0.0000000000
48512  9.495  -25.253  56.276 0.0000000000
118831  16.951  -33.766  66.373 0.0000000000
117144  14.970  -30.321  65.979 0.0000000000
41857  21.822  -32.769  67.343 0.0000000000
38330  19.642  -36.757  66.972 0.0000000000
108294  14.726  -38.744  68.036 0.0000000000
49327  11.351  -24.873  64.307 0.0000000000
47531  9.360  -26.558  60.026 0.0000000000
102698  12.325  -22.059  60.857 0.0000000000
40039  7.890  -35.203  69.196 0.0000000000
42855  6.725  -31.800  65.490 0.0000000000
40977  11.890  -33.172  63.661 0.0000000000
45593  11.628  -27.783  66.278 0.0000000000
45611  4.522  -28.764  63.181 0.0000000000
47567  4.105  -27.089  58.786 0.0000000000
47616  3.795  -26.468  54.379 0.0000000000
51043  6.789  -22.044  52.770 0.0000000000
42836  17.738  -32.326  67.937 0.0000000000
43748  16.412  -31.257  68.718 0.0000000000
41849  20.479  -33.104  69.541 0.0000000000
40058  20.708  -35.086  67.106 0.0000000000
40041  19.825  -34.494  68.404 0.0000000000
39210  18.130  -35.897  67.844 0.0000000000
50153  11.692  -23.451  62.941 0.0000000000
39205  10.075  -35.555  69.009 0.0000000000
40067  9.570  -34.610  67.366 0.0000000000
113745  11.842  -34.374  66.083 0.0000000000
119472  12.741  -29.123  68.484 0.0000000000
111265  12.959  -29.070  65.937 0.0000000000
38314  13.535  -37.024  69.187 0.0000000000
36586  12.335  -38.610  68.863 0.0000000000
38308  11.362  -36.780  69.882 0.0000000000
37454  9.163  -36.999  70.431 0.0000000000
42885  8.894  -32.063  62.831 0.0000000000
43786  5.637  -30.303  64.670 0.0000000000
43829  7.901  -30.160  61.771 0.0000000000
48493  9.864  -25.867  58.763 0.0000000000
47548  6.906  -26.759  59.536 0.0000000000
47575  7.323  -26.340  57.437 0.0000000000
118197  3.580  -27.001  56.457 0.0000000000
102224  6.749  -25.904  55.014 0.0000000000
39223  14.474  -35.490  67.038 0.0000000000
40946  14.682  -33.557  65.230 0.0000000000
42853  16.036  -31.640  65.609 0.0000000000
43750  14.974  -30.255  68.384 0.0000000000
42852  20.936  -31.687  65.723 0.0000000000
121637  18.843  -33.047  63.728 0.0000000000
40943  19.797  -34.125  65.389 0.0000000000
38334  18.950  -36.754  65.609 0.0000000000
106574  16.839  -38.305  67.412 0.0000000000
37468  15.632  -36.724  68.006 0.0000000000
46581  11.457  -27.696  62.981 0.0000000000
120560  10.249  -28.128  61.460 0.0000000000
47516  11.238  -25.896  61.913 0.0000000000
49383  11.269  -24.799  60.085 0.0000000000
50210  12.019  -23.224  58.379 0.0000000000
44640  19.242  -30.283  72.128 0.0000000000
46563  21.720  -27.684  64.606 0.0000000000
46559  23.333  -26.934  66.044 0.0000000000
43746  22.711  -30.472  68.120 0.0000000000
44648  21.523  -30.683  70.646 0.0000000000
39207  6.162  -35.844  68.680 0.0000000000
40938  5.626  -33.251  66.918 0.0000000000
40937  7.370  -33.587  67.357 0.0000000000
40966  8.891  -33.338  65.010 0.0000000000
41925  11.045  -31.847  62.609 0.0000000000
41894  13.791  -32.273  63.991 0.0000000000
43784  12.882  -30.108  63.727 0.0000000000
44689  12.115  -28.892  63.971 0.0000000000
46561  11.447  -26.911  65.311 0.0000000000
41884  4.207  -32.170  65.460 0.0000000000
115766  3.580  -30.548  63.838 0.0000000000
43831  3.616  -29.804  61.989 0.0000000000
105762  6.539  -28.218  61.460 0.0000000000
46598  4.160  -27.983  61.330 0.0000000000
106754  3.430  -29.096  59.742 0.0000000000
45692  3.103  -28.048  57.040 0.0000000000
45714  2.969  -28.144  54.469 0.0000000000
52889  10.927  -20.074  59.003 0.0000000000
51940  10.563  -21.676  56.514 0.0000000000
51942  7.923  -20.855  55.986 0.0000000000
50234  9.071  -23.341  54.419 0.0000000000
48554  5.901  -25.035  52.724 0.0000000000
41856  18.185  -32.570  68.846 0.0000000000
116107  17.560  -31.996  68.826 0.0000000000
42827  17.657  -32.233  71.277 0.0000000000
42831  19.257  -32.624  70.557 0.0000000000
41854  19.944  -33.398  69.179 0.0000000000
41855  19.038  -33.221  68.866 0.0000000000
40922  19.007  -33.906  68.273 0.0000000000
41974  3.655  -33.103  58.351 0.0000000000
121939  3.523  -31.487  58.709 0.0000000000
39204  11.566  -35.736  68.795 0.0000000000
40052  11.378  -35.162  67.611 0.0000000000
40051  12.128  -35.059  67.252 0.0000000000
42894  18.989  -31.126  63.058 0.0000000000
116065  13.207  -36.031  68.414 0.0000000000
38315  12.678  -36.881  69.518 0.0000000000
39197  11.675  -36.060  69.262 0.0000000000
38316  10.941  -36.241  69.594 0.0000000000
43815  9.469  -30.835  61.938 0.0000000000
43816  8.371  -30.783  62.065 0.0000000000
43828  8.818  -30.121  61.632 0.0000000000
103028  9.554  -25.507  57.106 0.0000000000
48503  8.796  -25.966  57.714 0.0000000000
48513  8.676  -25.764  56.662 0.0000000000
48515  7.055  -26.095  55.937 0.0000000000
48523  8.406  -25.398  55.274 0.0000000000
40061  15.868  -34.698  66.386 0.0000000000
40073  15.263  -34.131  65.796 0.0000000000
40933  16.832  -33.140  66.027 0.0000000000
43749  15.765  -30.820  68.621 0.0000000000
102840  12.962  -29.957  70.644 0.0000000000
42841  21.646  -32.029  66.558 0.0000000000
41861  21.010  -32.634  66.057 0.0000000000
114431  21.073  -33.520  66.466 0.0000000000
39219  20.407  -35.600  67.123 0.0000000000
39227  20.054  -35.524  66.246 0.0000000000
38333  19.417  -36.780  66.255 0.0000000000
37465  18.376  -37.711  67.043 0.0000000000
40050  17.317  -34.964  67.342 0.0000000000
39211  17.036  -35.826  67.609 0.0000000000
39221  16.459  -35.240  67.013 0.0000000000
39213  15.017  -36.025  67.589 0.0000000000
47493  11.487  -26.354  63.604 0.0000000000
103278  11.413  -26.111  62.752 0.0000000000
48432  11.470  -25.449  63.489 0.0000000000
50972  12.167  -22.412  61.774 0.0000000000
49368  11.612  -24.175  61.866 0.0000000000
50194  12.142  -23.090  60.514 0.0000000000
49394  11.558  -24.367  59.504 0.0000000000
111219  12.337  -22.202  59.791 0.0000000000
44668  22.566  -29.500  66.732 0.0000000000
40040  7.347  -35.259  69.182 0.0000000000
40919  7.069  -34.460  68.326 0.0000000000
40918  7.534  -34.523  68.357 0.0000000000
105459  10.900  -33.927  65.135 0.0000000000
118493  9.127  -33.661  65.899 0.0000000000
40965  10.500  -33.640  64.338 0.0000000000
41910  10.507  -32.690  63.078 0.0000000000
41909  11.445  -32.607  63.137 0.0000000000
42854  15.275  -31.610  64.966 0.0000000000
40961  14.119  -33.034  64.519 0.0000000000
120752  14.592  -31.296  64.562 0.0000000000
117210  12.436  -28.670  66.009 0.0000000000
44677  13.206  -29.488  65.150 0.0000000000
44688  12.681  -29.426  64.387 0.0000000000
44698  12.389  -29.664  63.437 0.0000000000
45603  11.894  -28.225  64.655 0.0000000000
46564  11.648  -27.497  64.546 0.0000000000
47474  11.317  -27.126  66.112 0.0000000000
40095  18.432  -34.570  63.619 0.0000000000
40101  18.092  -34.329  62.810 0.0000000000
35672  14.764  -38.913  66.996 0.0000000000
102966  13.133  -38.705  66.325 0.0000000000
107705  13.403  -38.778  67.567 0.0000000000
35659  11.575  -38.730  68.824 0.0000000000
35666  11.711  -38.746  68.185 0.0000000000
39194  8.772  -35.815  69.768 0.0000000000
38317  7.510  -36.151  69.812 0.0000000000
41867  6.019  -32.806  66.883 0.0000000000
40939  4.975  -33.070  66.470 0.0000000000
42857  5.361  -31.306  65.569 0.0000000000
44701  4.829  -28.975  63.757 0.0000000000
43788  4.453  -29.913  64.657 0.0000000000
44702  4.338  -28.981  63.659 0.0000000000
43819  3.625  -29.753  62.869 0.0000000000
45612  4.165  -28.815  62.990 0.0000000000
120046  9.533  -27.191  60.876 0.0000000000
46594  8.851  -27.693  61.003 0.0000000000
46612  7.984  -27.359  60.665 0.0000000000
47550  5.007  -26.869  59.557 0.0000000000
111408  5.290  -27.294  60.604 0.0000000000
46616  4.135  -27.602  60.622 0.0000000000
102169  3.686  -27.985  60.512 0.0000000000
46631  3.668  -27.815  59.589 0.0000000000
45667  3.435  -28.620  58.911 0.0000000000
46645  3.573  -27.601  58.500 0.0000000000
47603  3.835  -26.640  55.445 0.0000000000
47592  3.332  -27.145  56.079 0.0000000000
47618  3.078  -26.920  54.301 0.0000000000
52890  9.982  -20.038  58.634 0.0000000000
51919  11.287  -20.986  57.812 0.0000000000
52918  9.557  -20.541  57.484 0.0000000000
51969  6.252  -21.137  54.250 0.0000000000
51968  7.391  -21.478  54.433 0.0000000000
122051  8.923  -21.840  55.052 0.0000000000
51041  8.183  -22.838  53.604 0.0000000000
49437  7.515  -24.205  53.219 0.0000000000
49447  6.978  -23.986  52.647 0.0000000000
40932  17.390  -33.370  66.629 0.0000000000
41863  17.180  -32.558  66.376 0.0000000000
42840  17.042  -31.591  68.113 0.0000000000
42835  21.850  -32.562  69.135 0.0000000000
40920  21.688  -33.337  67.887 0.0000000000
114383  20.827  -33.692  68.803 0.0000000000
40916  20.600  -34.498  68.140 0.0000000000
104094  19.952  -35.433  67.889 0.0000000000
38325  19.183  -36.498  67.607 0.0000000000
40049  19.191  -34.796  68.164 0.0000000000
40923  18.111  -33.824  67.496 0.0000000000
50142  11.300  -23.878  64.485 0.0000000000
49337  11.501  -24.378  63.311 0.0000000000
102700  11.417  -22.949  64.221 0.0000000000
102949  11.972  -21.918  63.100 0.0000000000
103308  12.178  -21.758  62.257 0.0000000000
39199  8.926  -35.545  69.385 0.0000000000
114005  8.497  -34.955  68.556 0.0000000000
103027  9.890  -35.175  68.275 0.0000000000
40066  10.471  -34.453  66.615 0.0000000000
40949  11.909  -34.037  65.239 0.0000000000
44670  13.927  -29.552  66.690 0.0000000000
43760  14.344  -29.921  65.902 0.0000000000
44666  13.292  -29.223  67.488 0.0000000000
45589  12.015  -28.393  67.419 0.0000000000
110600  11.523  -27.871  67.127 0.0000000000
46558  11.134  -27.273  66.900 0.0000000000
36584  13.856  -37.845  68.968 0.0000000000
107335  13.533  -38.765  68.135 0.0000000000
36585  13.149  -38.133  69.133 0.0000000000
37459  12.496  -37.653  69.536 0.0000000000
36578  11.145  -37.936  69.813 0.0000000000
117928  9.488  -37.825  70.353 0.0000000000
114682  10.633  -36.544  69.947 0.0000000000
39193  9.446  -35.803  69.647 0.0000000000
42869  7.578  -32.043  64.278 0.0000000000
42871  6.243  -31.116  65.062 0.0000000000
42887  7.287  -31.488  63.801 0.0000000000
43818  6.351  -29.900  62.919 0.0000000000
44712  5.853  -29.104  62.681 0.0000000000
48481  9.985  -26.088  59.571 0.0000000000
47532  8.354  -26.766  59.983 0.0000000000
47563  8.472  -26.328  58.566 0.0000000000
102410  7.034  -26.507  58.206 0.0000000000
102409  5.218  -26.601  58.006 0.0000000000
47577  4.073  -26.907  57.917 0.0000000000
102746  5.759  -26.524  57.064 0.0000000000
47602  4.913  -26.444  55.579 0.0000000000
47615  4.665  -26.306  54.699 0.0000000000
51989  5.925  -21.694  52.396 0.0000000000
50255  5.850  -22.879  51.573 0.0000000000
51057  4.996  -22.555  51.098 0.0000000000
39224  13.639  -35.382  67.155 0.0000000000
40064  12.955  -34.934  66.676 0.0000000000
40074  14.321  -34.358  65.746 0.0000000000
40945  15.558  -33.226  65.447 0.0000000000
43767  15.477  -30.918  65.666 0.0000000000
42842  16.656  -31.664  66.350 0.0000000000
42843  16.001  -31.110  66.167 0.0000000000
43754  15.029  -30.131  67.382 0.0000000000
44661  13.549  -29.578  68.574 0.0000000000
43766  20.891  -30.838  65.411 0.0000000000
42880  19.324  -31.511  63.828 0.0000000000
110298  19.543  -32.132  64.432 0.0000000000
40071  20.514  -34.940  66.559 0.0000000000
39230  19.483  -35.459  65.496 0.0000000000
38340  18.437  -35.935  64.454 0.0000000000
35675  15.305  -38.744  66.420 0.0000000000
109389  15.659  -38.904  67.389 0.0000000000
104439  17.457  -37.507  67.647 0.0000000000
37467  16.419  -37.562  67.915 0.0000000000
37461  15.590  -37.730  68.167 0.0000000000
38328  14.618  -36.560  68.209 0.0000000000
39214  13.949  -35.906  67.853 0.0000000000
45620  11.385  -28.462  62.531 0.0000000000
44722  10.217  -28.962  61.565 0.0000000000
46582  11.180  -27.600  62.294 0.0000000000
46593  10.693  -27.403  61.594 0.0000000000
47530  10.508  -26.312  60.733 0.0000000000
115603  11.523  -24.565  62.410 0.0000000000
48455  11.358  -24.989  61.699 0.0000000000
48469  10.729  -25.564  60.156 0.0000000000
48480  10.587  -25.460  59.171 0.0000000000
49408  11.003  -24.697  57.750 0.0000000000
50217  11.234  -23.921  57.125 0.0000000000
43736  19.109  -31.400  71.945 0.0000000000
45602  20.778  -28.947  64.251 0.0000000000
48410  23.656  -25.517  66.102 0.0000000000
48403  23.743  -25.541  67.176 0.0000000000
47476  23.372  -26.276  65.829 0.0000000000
46560  22.704  -27.474  65.646 0.0000000000
45595  21.843  -28.813  65.418 0.0000000000
44676  20.980  -30.078  65.136 0.0000000000
43756  22.059  -31.142  66.821 0.0000000000
43751  22.469  -31.227  67.736 0.0000000000
44659  22.766  -30.455  69.259 0.0000000000
42829  22.063  -31.986  69.471 0.0000000000
43741  21.449  -31.720  70.287 0.0000000000
42825  19.902  -32.084  71.265 0.0000000000
40928  6.230  -33.619  67.367 0.0000000000
41865  7.059  -32.856  66.690 0.0000000000
40925  8.004  -33.982  67.508 0.0000000000
40950  8.396  -33.291  66.055 0.0000000000
41880  7.967  -32.817  65.439 0.0000000000
41912  8.767  -32.587  63.536 0.0000000000
41926  9.953  -32.091  62.627 0.0000000000
42896  11.144  -30.849  62.308 0.0000000000
40075  13.401  -34.454  65.807 0.0000000000
40962  13.333  -33.525  64.586 0.0000000000
41908  12.644  -32.949  63.691 0.0000000000
43782  14.114  -30.740  64.488 0.0000000000
42882  13.436  -31.582  63.686 0.0000000000
108027  12.293  -32.445  63.302 0.0000000000
42884  11.899  -31.164  62.699 0.0000000000
43800  11.856  -30.099  62.635 0.0000000000
44710  11.352  -29.390  62.356 0.0000000000
106772  11.698  -28.172  63.614 0.0000000000
47486  11.504  -26.628  64.469 0.0000000000
48416  11.226  -25.994  65.294 0.0000000000
47475  10.763  -26.542  66.760 0.0000000000
47482  10.798  -25.842  66.240 0.0000000000
49317  10.768  -24.453  66.060 0.0000000000
35683  12.766  -38.644  65.573 0.0000000000
35665  12.591  -38.703  67.839 0.0000000000
43771  5.135  -30.429  64.982 0.0000000000
42872  3.746  -30.959  64.404 0.0000000000
42914  3.455  -31.266  60.564 0.0000000000
44723  9.181  -29.246  61.445 0.0000000000
45633  7.294  -28.760  61.495 0.0000000000
45634  5.696  -28.391  61.837 0.0000000000
47533  7.146  -27.048  60.284 0.0000000000
46596  5.673  -27.909  61.404 0.0000000000
45635  4.441  -28.418  61.947 0.0000000000
45637  3.876  -28.458  61.624 0.0000000000
44733  3.407  -29.415  60.339 0.0000000000
44741  3.435  -29.946  59.735 0.0000000000
44749  3.487  -29.815  59.041 0.0000000000
47579  3.489  -27.277  56.979 0.0000000000
45704  2.936  -28.090  55.976 0.0000000000
52870  12.030  -20.114  61.303 0.0000000000
53928  11.427  -19.522  60.870 0.0000000000
51899  12.287  -21.159  60.091 0.0000000000
51918  11.978  -21.509  58.208 0.0000000000
51008  11.509  -22.455  57.120 0.0000000000
50227  10.640  -23.347  56.121 0.0000000000
51954  9.381  -21.795  55.489 0.0000000000
51023  9.779  -22.493  55.365 0.0000000000
49423  9.647  -24.262  55.331 0.0000000000
48533  8.217  -25.095  54.631 0.0000000000
48535  6.412  -25.641  54.143 0.0000000000
48545  5.347  -25.586  53.333 0.0000000000
103440  4.957  -25.380  52.471 0.0000000000
42832  17.747  -32.279  69.921 0.0000000000
41850  19.565  -32.973  69.641 0.0000000000
41851  18.704  -32.662  69.721 0.0000000000
41975  3.563  -32.659  58.611 0.0000000000
42925  3.587  -31.951  58.970 0.0000000000
39216  11.892  -35.462  68.128 0.0000000000
43796  19.959  -30.228  63.924 0.0000000000
43811  19.248  -30.408  62.769 0.0000000000
43797  19.480  -30.682  63.470 0.0000000000
39203  12.383  -35.901  68.724 0.0000000000
39196  12.317  -36.331  69.259 0.0000000000
43814  10.438  -30.477  61.962 0.0000000000
43827  9.821  -29.932  61.624 0.0000000000
49417  10.154  -24.936  56.690 0.0000000000
103080  8.094  -25.780  55.894 0.0000000000
111736  8.900  -25.411  55.760 0.0000000000
40060  16.756  -34.427  66.611 0.0000000000
40934  16.242  -33.793  65.971 0.0000000000
42838  22.210  -32.021  67.474 0.0000000000
41860  21.454  -32.938  66.690 0.0000000000
39220  20.050  -36.090  66.654 0.0000000000
37470  19.035  -37.305  66.605 0.0000000000
37474  18.758  -37.455  65.939 0.0000000000
37471  18.552  -37.797  66.376 0.0000000000
36599  18.029  -38.224  66.441 0.0000000000
120346  19.033  -37.135  67.239 0.0000000000
48423  11.409  -25.761  64.351 0.0000000000
118607  12.113  -22.942  61.296 0.0000000000
40045  7.471  -34.866  68.836 0.0000000000
40044  7.963  -34.884  68.787 0.0000000000
40964  11.451  -33.671  64.322 0.0000000000
40978  10.977  -33.277  63.621 0.0000000000
41893  14.559  -32.067  64.392 0.0000000000
43768  14.721  -30.631  65.182 0.0000000000
45592  12.023  -28.322  66.513 0.0000000000
44678  12.582  -28.938  65.299 0.0000000000
45596  12.054  -28.337  65.566 0.0000000000
44679  12.272  -28.739  64.769 0.0000000000
114222  11.673  -27.672  65.428 0.0000000000
36597  14.998  -38.960  67.399 0.0000000000
35673  14.078  -38.805  67.054 0.0000000000
35664  14.203  -38.862  67.609 0.0000000000
36587  10.955  -38.517  69.433 0.0000000000
35660  10.513  -39.034  69.108 0.0000000000
39200  8.314  -35.513  69.480 0.0000000000
39195  8.123  -35.902  69.868 0.0000000000
39201  7.743  -35.580  69.521 0.0000000000
39202  7.150  -35.801  69.434 0.0000000000
41882  6.507  -32.166  66.187 0.0000000000
42844  5.842  -32.032  66.322 0.0000000000
42856  6.071  -31.494  65.706 0.0000000000
116346  9.793  -26.756  60.572 0.0000000000
46611  8.968  -27.041  60.548 0.0000000000
47566  4.581  -26.841  58.812 0.0000000000
47551  4.240  -27.229  59.688 0.0000000000
46630  3.861  -27.663  60.149 0.0000000000
47568  3.835  -27.480  59.150 0.0000000000
101940  3.707  -27.267  58.194 0.0000000000
47604  3.361  -26.767  54.820 0.0000000000
53961  9.128  -19.750  59.025 0.0000000000
102271  9.039  -20.130  58.199 0.0000000000
117791  9.958  -20.350  58.017 0.0000000000
51981  7.109  -21.727  53.559 0.0000000000
51033  7.939  -22.153  53.881 0.0000000000
51042  7.560  -22.590  53.144 0.0000000000
50247  7.341  -23.379  52.789 0.0000000000
51050  7.005  -22.735  52.564 0.0000000000
41862  17.780  -32.871  67.081 0.0000000000
42833  16.864  -31.908  70.529 0.0000000000
41848  21.182  -32.624  69.889 0.0000000000
41853  21.344  -33.102  69.152 0.0000000000
40917  19.902  -33.936  68.717 0.0000000000
40048  20.133  -34.997  68.096 0.0000000000
39209  19.196  -35.663  67.928 0.0000000000
41858  18.335  -33.110  67.984 0.0000000000
50949  11.661  -22.113  63.924 0.0000000000
51883  12.133  -20.977  62.677 0.0000000000
106990  9.525  -35.623  69.328 0.0000000000
40043  9.170  -35.340  68.899 0.0000000000
40065  11.392  -34.711  66.779 0.0000000000
40077  11.164  -34.255  65.942 0.0000000000
45585  11.946  -28.608  68.457 0.0000000000
108594  11.417  -27.980  68.044 0.0000000000
45590  10.942  -27.424  67.700 0.0000000000
38320  14.322  -37.160  68.774 0.0000000000
38307  12.070  -37.009  69.797 0.0000000000
36577  11.670  -37.461  69.836 0.0000000000
112676  10.751  -37.229  70.120 0.0000000000
102975  10.883  -35.820  69.152 0.0000000000
38309  10.077  -36.127  69.851 0.0000000000
39198  10.146  -35.821  69.484 0.0000000000
42886  8.070  -32.109  63.546 0.0000000000
43817  7.380  -30.471  62.402 0.0000000000
43830  6.962  -29.586  61.972 0.0000000000
47546  9.078  -26.361  59.216 0.0000000000
48494  9.191  -26.052  58.435 0.0000000000
47574  7.889  -26.313  58.004 0.0000000000
47565  6.140  -26.588  58.485 0.0000000000
47576  6.390  -26.501  57.664 0.0000000000
47601  6.011  -26.289  55.680 0.0000000000
48525  5.726  -26.129  54.862 0.0000000000
51983  5.056  -21.071  53.002 0.0000000000
51990  4.929  -21.407  52.036 0.0000000000
51052  5.565  -22.094  51.673 0.0000000000
52008  4.514  -21.776  51.276 0.0000000000
40063  13.936  -34.950  66.442 0.0000000000
40062  14.889  -34.891  66.360 0.0000000000
40944  16.236  -32.953  65.662 0.0000000000
41878  15.844  -32.355  65.319 0.0000000000
107422  16.728  -31.402  67.226 0.0000000000
43753  15.633  -30.567  67.610 0.0000000000
43758  15.463  -30.503  66.600 0.0000000000
44665  14.262  -29.750  67.690 0.0000000000
44660  14.237  -29.949  68.712 0.0000000000
42866  20.395  -31.381  65.106 0.0000000000
119947  20.546  -33.224  65.792 0.0000000000
41876  19.954  -33.393  65.309 0.0000000000
40921  21.296  -34.048  67.918 0.0000000000
40931  21.124  -34.413  66.979 0.0000000000
38336  19.595  -36.171  65.901 0.0000000000
38337  18.949  -36.072  65.199 0.0000000000
113020  18.249  -36.596  64.824 0.0000000000
36608  17.213  -37.841  65.082 0.0000000000
36595  16.912  -38.635  66.839 0.0000000000
36596  16.283  -38.812  67.113 0.0000000000
35671  15.538  -38.923  66.875 0.0000000000
38326  18.344  -36.930  67.615 0.0000000000
38327  16.687  -36.630  67.828 0.0000000000
38319  15.006  -37.186  68.360 0.0000000000
39222  15.469  -35.441  66.950 0.0000000000
45621  10.834  -28.264  61.855 0.0000000000
47505  11.156  -26.755  62.108 0.0000000000
47517  10.862  -26.513  61.399 0.0000000000
120464  11.502  -23.498  63.679 0.0000000000
111042  11.608  -23.993  62.524 0.0000000000
102189  11.528  -24.382  61.210 0.0000000000
48468  11.264  -24.930  60.780 0.0000000000
112256  11.746  -23.974  58.811 0.0000000000
49402  11.577  -24.007  58.023 0.0000000000
50216  11.702  -23.194  57.525 0.0000000000
43728  18.454  -30.748  72.398 0.0000000000
44641  18.634  -29.801  72.356 0.0000000000
45609  21.093  -28.170  64.041 0.0000000000
45610  20.510  -28.673  63.512 0.0000000000
45601  21.427  -28.462  64.761 0.0000000000
111832  23.689  -26.170  67.392 0.0000000000
47469  23.567  -26.250  66.559 0.0000000000
47477  22.851  -26.694  65.328 0.0000000000
44675  21.639  -29.656  65.568 0.0000000000
44664  22.806  -29.695  67.600 0.0000000000
43755  22.476  -30.390  67.117 0.0000000000
44655  22.278  -30.090  70.266 0.0000000000
43740  22.262  -31.142  69.858 0.0000000000
43735  20.011  -30.882  71.723 0.0000000000
43734  20.771  -31.347  71.035 0.0000000000
38323  5.661  -36.430  68.118 0.0000000000
40047  6.278  -35.145  68.467 0.0000000000
40926  7.160  -34.025  67.839 0.0000000000
40927  6.735  -33.989  67.768 0.0000000000
41859  6.681  -33.324  67.249 0.0000000000
40054  8.612  -34.502  67.805 0.0000000000
40924  8.738  -33.892  66.857 0.0000000000
41896  8.239  -32.659  64.378 0.0000000000
40980  9.164  -33.107  63.977 0.0000000000
41911  9.550  -32.684  63.233 0.0000000000
42897  10.270  -31.294  62.266 0.0000000000
40947  13.801  -33.890  65.110 0.0000000000
41895  13.300  -33.006  64.003 0.0000000000
44671  13.616  -29.510  65.885 0.0000000000
43769  13.930  -30.025  65.127 0.0000000000
43783  13.409  -30.197  64.311 0.0000000000
43798  13.163  -30.823  63.581 0.0000000000
42883  12.660  -31.561  63.184 0.0000000000
43799  12.548  -30.556  63.116 0.0000000000
44699  11.860  -29.099  63.041 0.0000000000
41906  19.081  -32.494  63.906 0.0000000000
42881  18.797  -31.941  63.209 0.0000000000
41907  18.612  -32.786  63.271 0.0000000000
106341  13.489  -38.751  66.936 0.0000000000
36592  12.966  -38.661  68.633 0.0000000000
117557  13.024  -38.758  68.091 0.0000000000
35658  12.433  -38.692  68.387 0.0000000000
121688  6.616  -36.026  69.180 0.0000000000
38322  6.173  -36.605  68.828 0.0000000000
41883  4.796  -32.297  66.105 0.0000000000
40951  4.386  -32.996  65.849 0.0000000000
41898  3.748  -32.125  64.437 0.0000000000
43770  5.698  -30.904  65.189 0.0000000000
43789  3.817  -30.048  64.383 0.0000000000
43773  4.107  -30.504  64.826 0.0000000000
42888  3.539  -31.620  63.432 0.0000000000
109653  3.538  -30.669  63.056 0.0000000000
42900  3.513  -30.756  62.190 0.0000000000
42906  3.438  -30.907  61.377 0.0000000000
110165  3.449  -29.866  61.040 0.0000000000
45631  9.480  -28.360  61.322 0.0000000000
46595  7.664  -27.984  61.157 0.0000000000
44725  6.226  -28.778  61.953 0.0000000000
107911  7.670  -26.736  59.598 0.0000000000
46615  4.589  -27.621  60.959 0.0000000000
121125  5.185  -27.630  61.091 0.0000000000
46597  4.738  -27.999  61.478 0.0000000000
45636  4.123  -28.408  61.819 0.0000000000
45643  3.511  -28.328  59.903 0.0000000000
44732  3.552  -28.608  60.892 0.0000000000
120746  3.447  -28.779  60.262 0.0000000000
43846  3.562  -30.928  59.254 0.0000000000
45681  3.183  -28.246  57.948 0.0000000000
44765  3.108  -28.791  56.621 0.0000000000
120377  3.876  -26.928  57.086 0.0000000000
113614  3.627  -27.157  57.384 0.0000000000
117564  2.901  -27.843  55.127 0.0000000000
46686  3.034  -27.373  55.596 0.0000000000
110172  3.042  -28.547  55.100 0.0000000000
44783  3.340  -28.837  54.441 0.0000000000
53929  10.526  -19.190  60.640 0.0000000000
53946  11.048  -19.682  59.930 0.0000000000
52878  11.931  -20.226  60.411 0.0000000000
52888  11.787  -20.432  59.483 0.0000000000
51907  12.245  -21.319  59.113 0.0000000000
52902  11.606  -20.706  58.588 0.0000000000
51929  10.884  -21.315  57.169 0.0000000000
51928  11.544  -21.722  57.458 0.0000000000
51009  11.185  -21.902  56.850 0.0000000000
50224  11.003  -23.429  56.557 0.0000000000
51017  10.900  -22.585  56.406 0.0000000000
52950  7.001  -20.740  55.865 0.0000000000
106657  8.845  -21.144  56.102 0.0000000000
51032  8.608  -22.649  54.154 0.0000000000
51031  9.195  -22.414  54.816 0.0000000000
50233  9.679  -23.304  55.117 0.0000000000
49430  9.294  -24.024  54.758 0.0000000000
48522  8.997  -24.837  55.039 0.0000000000
49431  8.665  -24.251  54.257 0.0000000000
49438  6.724  -24.676  52.971 0.0000000000
48543  7.094  -25.051  53.623 0.0000000000
48544  6.276  -25.294  53.401 0.0000000000
121773  5.904  -25.616  53.738 0.0000000000
50249  5.819  -23.836  51.667 0.0000000000
42828  16.774  -31.943  71.499 0.0000000000
42830  20.163  -32.701  70.275 0.0000000000
41993  3.532  -32.607  58.089 0.0000000000
42936  3.435  -31.957  58.265 0.0000000000
40042  10.897  -35.439  68.396 0.0000000000
110640  12.176  -34.669  66.534 0.0000000000
117508  13.794  -36.493  68.627 0.0000000000
38321  12.986  -36.433  68.987 0.0000000000
103663  11.851  -36.544  69.574 0.0000000000
112252  8.816  -31.375  62.358 0.0000000000
42899  7.907  -31.378  62.830 0.0000000000
114006  9.735  -25.702  57.941 0.0000000000
48504  8.084  -26.118  57.290 0.0000000000
48514  7.685  -26.100  56.668 0.0000000000
47587  6.761  -26.366  56.847 0.0000000000
48524  7.683  -25.650  55.167 0.0000000000
41877  16.520  -32.361  65.810 0.0000000000
114530  15.232  -30.690  69.489 0.0000000000
116901  14.561  -30.287  69.300 0.0000000000
106813  13.815  -30.010  69.717 0.0000000000
43745  13.826  -30.451  71.100 0.0000000000
40942  20.464  -34.093  66.036 0.0000000000
39226  20.389  -35.454  66.772 0.0000000000
36600  17.260  -38.518  66.393 0.0000000000
37466  17.548  -38.291  66.986 0.0000000000
39212  16.044  -35.944  67.535 0.0000000000
47504  11.387  -26.960  62.888 0.0000000000
48445  11.456  -25.234  62.592 0.0000000000
121938  11.864  -23.346  62.046 0.0000000000
50180  11.832  -23.692  61.232 0.0000000000
49382  11.699  -24.111  60.403 0.0000000000
50204  12.079  -23.359  59.452 0.0000000000
50992  12.284  -22.312  58.765 0.0000000000
46556  23.565  -26.985  67.063 0.0000000000
44658  23.069  -29.737  68.662 0.0000000000
39206  6.757  -35.444  69.025 0.0000000000
40046  6.908  -34.898  68.745 0.0000000000
121042  7.582  -34.161  67.867 0.0000000000
40078  10.428  -34.079  65.856 0.0000000000
40935  9.707  -34.064  66.307 0.0000000000
105765  9.885  -33.765  65.257 0.0000000000
114584  9.691  -33.474  64.413 0.0000000000
40979  10.061  -33.243  63.699 0.0000000000
41879  15.054  -32.636  64.900 0.0000000000
42868  14.062  -31.492  64.130 0.0000000000
40976  18.551  -33.637  63.528 0.0000000000
122386  14.594  -38.763  66.582 0.0000000000
34692  12.681  -38.672  67.091 0.0000000000
38311  8.560  -36.358  70.179 0.0000000000
37455  8.273  -37.138  70.444 0.0000000000
38318  6.831  -36.681  69.573 0.0000000000
41868  5.428  -32.503  66.492 0.0000000000
42845  5.232  -31.893  66.101 0.0000000000
42858  4.739  -31.594  65.623 0.0000000000
43803  5.222  -29.502  64.211 0.0000000000
43787  4.987  -29.754  64.649 0.0000000000
44690  4.622  -29.302  64.233 0.0000000000
44691  4.055  -29.378  64.097 0.0000000000
43804  3.663  -29.794  63.689 0.0000000000
44703  3.909  -29.154  63.399 0.0000000000
44714  3.823  -29.047  62.615 0.0000000000
102762  9.864  -27.603  61.174 0.0000000000
47549  5.977  -26.710  59.371 0.0000000000
47534  6.135  -26.960  60.151 0.0000000000
119107  5.409  -26.947  60.040 0.0000000000
47535  4.690  -27.249  60.302 0.0000000000
118151  3.885  -27.847  60.849 0.0000000000
46646  3.494  -28.006  59.060 0.0000000000
104301  3.275  -27.996  58.369 0.0000000000
46659  3.340  -27.584  57.602 0.0000000000
47591  3.395  -26.909  55.612 0.0000000000
47605  3.144  -27.000  55.181 0.0000000000
46702  2.921  -27.402  54.614 0.0000000000
111624  10.099  -19.676  59.377 0.0000000000
52903  10.741  -20.443  58.246 0.0000000000
52917  10.458  -20.733  57.575 0.0000000000
51930  10.107  -20.992  56.906 0.0000000000
51955  7.680  -21.204  55.237 0.0000000000
51024  8.554  -21.441  55.404 0.0000000000
51967  8.398  -21.818  54.646 0.0000000000
50238  8.510  -23.432  53.838 0.0000000000
49436  8.194  -24.037  53.625 0.0000000000
50239  7.947  -23.420  53.316 0.0000000000
42839  17.316  -31.987  67.081 0.0000000000
41852  21.965  -32.780  68.305 0.0000000000
40915  21.464  -33.416  68.477 0.0000000000
120628  20.912  -34.706  67.528 0.0000000000
39208  20.412  -35.190  67.573 0.0000000000
38324  19.991  -35.986  67.420 0.0000000000
106336  18.166  -34.823  67.746 0.0000000000
40059  17.455  -34.143  66.921 0.0000000000
49328  11.123  -24.563  65.197 0.0000000000
114978  11.702  -22.780  63.419 0.0000000000
50960  11.966  -22.634  62.605 0.0000000000
120446  12.282  -21.614  61.530 0.0000000000
40038  8.437  -35.267  69.086 0.0000000000
117460  9.100  -34.992  68.189 0.0000000000
40053  10.581  -34.984  67.499 0.0000000000
43759  14.691  -29.963  66.690 0.0000000000
118712  13.285  -29.208  66.550 0.0000000000
44667  12.545  -28.801  67.712 0.0000000000
44672  12.641  -28.797  66.788 0.0000000000
36591  14.143  -38.578  68.403 0.0000000000
108995  13.545  -38.487  68.692 0.0000000000
37458  13.169  -37.494  69.328 0.0000000000
109896  12.589  -38.344  69.135 0.0000000000
117466  11.876  -38.251  69.392 0.0000000000
36579  10.288  -38.114  70.040 0.0000000000
104126  9.932  -37.337  70.314 0.0000000000
103957  9.980  -36.659  70.200 0.0000000000
38310  9.320  -36.210  70.058 0.0000000000
41897  7.450  -32.202  65.056 0.0000000000
42870  6.961  -31.562  64.706 0.0000000000
43785  6.461  -30.854  64.289 0.0000000000
43801  6.864  -30.722  63.333 0.0000000000
43802  5.975  -30.048  63.888 0.0000000000
44700  5.482  -29.303  63.510 0.0000000000
44713  5.036  -28.775  63.145 0.0000000000
47547  8.248  -26.565  59.240 0.0000000000
47564  7.588  -26.570  58.852 0.0000000000
103211  6.757  -26.631  58.879 0.0000000000
103210  5.363  -26.672  58.852 0.0000000000
102408  4.654  -26.670  57.151 0.0000000000
47590  4.227  -26.689  56.379 0.0000000000
47588  6.197  -26.391  56.371 0.0000000000
47589  5.267  -26.501  56.376 0.0000000000
51982  6.147  -21.429  53.267 0.0000000000
51051  6.387  -22.424  52.141 0.0000000000
41950  3.546  -32.493  60.168 0.0000000000
43757  16.178  -30.969  66.922 0.0000000000
43780  20.316  -30.661  64.647 0.0000000000
43781  19.757  -30.904  64.068 0.0000000000
42867  19.881  -31.472  64.543 0.0000000000
41891  20.179  -32.344  65.197 0.0000000000
41892  19.516  -32.878  64.620 0.0000000000
40975  19.042  -33.309  64.135 0.0000000000
40960  18.879  -34.113  64.236 0.0000000000
39239  18.290  -35.388  63.791 0.0000000000
40930  21.509  -33.559  67.201 0.0000000000
40072  19.951  -34.812  65.818 0.0000000000
39231  18.872  -35.407  64.708 0.0000000000
114252  17.798  -36.078  63.660 0.0000000000
37477  17.752  -37.265  64.964 0.0000000000
35680  15.761  -38.555  65.764 0.0000000000
115657  17.542  -36.544  67.752 0.0000000000
36589  16.069  -38.392  67.708 0.0000000000
36590  15.334  -38.537  67.913 0.0000000000
37462  14.759  -37.985  68.457 0.0000000000
109680  10.954  -28.957  61.982 0.0000000000
47518  10.228  -26.938  61.082 0.0000000000
48456  11.037  -25.716  61.089 0.0000000000
48470  10.111  -26.310  60.181 0.0000000000
49403  11.216  -24.752  58.716 0.0000000000
48492  10.509  -25.342  58.283 0.0000000000
48502  10.318  -25.188  57.452 0.0000000000
107093  10.704  -24.606  57.068 0.0000000000
42826  18.762  -32.286  71.459 0.0000000000
42822  18.141  -31.716  72.078 0.0000000000
44687  20.547  -29.771  64.430 0.0000000000
46562  22.298  -27.326  65.092 0.0000000000
45600  22.039  -27.969  65.268 0.0000000000
44686  21.207  -29.295  64.937 0.0000000000
44669  21.983  -30.175  66.244 0.0000000000
43765  21.488  -31.023  66.055 0.0000000000
43747  22.584  -31.277  68.793 0.0000000000
42834  22.363  -32.026  68.471 0.0000000000
42824  20.702  -32.195  70.583 0.0000000000
40056  6.437  -34.452  68.010 0.0000000000
41866  6.392  -32.596  66.691 0.0000000000
41881  7.219  -32.413  65.899 0.0000000000
40055  7.998  -34.502  68.213 0.0000000000
40936  7.843  -33.392  66.801 0.0000000000
41864  7.682  -32.913  66.218 0.0000000000
42898  9.492  -31.549  62.384 0.0000000000
40076  12.537  -34.386  65.909 0.0000000000
40948  12.913  -34.006  65.131 0.0000000000
40963  12.506  -33.543  64.318 0.0000000000
109015  13.700  -30.957  63.951 0.0000000000
114669  13.059  -32.328  63.573 0.0000000000
108739  11.909  -31.953  62.882 0.0000000000
43813  11.122  -30.098  62.200 0.0000000000
46573  11.545  -27.230  63.685 0.0000000000
48424  11.230  -25.262  64.979 0.0000000000
47481  11.121  -26.477  65.943 0.0000000000
48417  10.912  -25.187  65.743 0.0000000000
42823  17.186  -31.801  72.112 0.0000000000
41924  18.284  -32.364  62.420 0.0000000000
40991  18.187  -33.398  62.630 0.0000000000
34697  11.598  -38.592  66.846 0.0000000000
108062  4.629  -33.856  66.180 0.0000000000
43772  4.669  -30.799  65.119 0.0000000000
42859  4.129  -31.291  65.096 0.0000000000
41913  3.552  -32.663  63.437 0.0000000000
42915  3.574  -31.676  59.734 0.0000000000
44724  8.110  -29.445  61.515 0.0000000000
45632  8.453  -28.552  61.304 0.0000000000
45622  5.322  -28.670  62.391 0.0000000000
46613  6.840  -27.612  60.981 0.0000000000
46614  6.029  -27.376  60.782 0.0000000000
104687  5.126  -28.367  61.891 0.0000000000
45623  4.698  -28.613  62.591 0.0000000000
45624  4.302  -28.642  62.508 0.0000000000
45625  3.972  -28.744  62.273 0.0000000000
44726  3.694  -28.944  61.783 0.0000000000
118505  3.856  -28.121  61.226 0.0000000000
43838  3.460  -30.524  60.130 0.0000000000
43854  3.420  -30.863  58.367 0.0000000000
47578  3.539  -27.327  57.689 0.0000000000
46670  3.229  -27.477  56.567 0.0000000000
44773  3.140  -29.022  55.814 0.0000000000
51889  12.224  -20.887  61.806 0.0000000000
105908  12.280  -20.968  60.982 0.0000000000
50998  11.979  -22.392  57.859 0.0000000000
50223  11.362  -23.117  56.888 0.0000000000
49416  10.616  -24.122  56.425 0.0000000000
105541  9.985  -24.597  55.969 0.0000000000
52934  9.188  -20.793  56.796 0.0000000000
51941  9.743  -21.407  56.246 0.0000000000
51018  10.183  -22.115  55.881 0.0000000000
51022  10.293  -22.914  55.705 0.0000000000
49422  10.201  -23.752  55.719 0.0000000000
121474  9.449  -24.937  55.640 0.0000000000
48534  7.383  -25.378  54.387 0.0000000000
49432  7.888  -24.709  53.920 0.0000000000
48536  5.445  -25.909  54.098 0.0000000000
48537  4.512  -26.088  53.836 0.0000000000
50248  6.611  -23.341  52.196 0.0000000000
49448  6.315  -24.295  52.337 0.0000000000
48546  4.349  -25.872  53.032 0.0000000000
47631  3.799  -26.334  53.498 0.0000000000
43752  16.294  -31.060  67.848 0.0000000000
49395  11.082  -25.003  59.533 0.0000000000
