#!ascii label  , from subject sub-v2s17x50013_ses-1 vox2ras=TkReg
692
17738  21.017  -60.609  -16.523 0.6000000238
15064  22.323  -63.832  -9.362 0.6999999881
15953  20.964  -63.228  -11.018 0.6999999881
15093  19.357  -63.384  -13.035 0.8999999762
15136  18.408  -62.832  -14.547 0.8000000119
16041  18.174  -62.338  -15.894 0.8000000119
106850  20.693  -59.811  -16.301 0.6000000238
18627  21.300  -59.169  -16.483 0.6999999881
19467  23.044  -58.286  -15.981 0.6999999881
15057  22.057  -63.039  -9.452 0.6999999881
14226  23.382  -64.555  -7.842 0.6999999881
15065  21.589  -63.479  -10.175 0.6999999881
15964  21.045  -62.489  -11.289 0.6000000238
15965  20.364  -62.974  -11.728 0.6999999881
16825  19.566  -62.213  -12.715 0.8000000119
15995  18.909  -62.304  -13.482 0.8000000119
15996  18.346  -62.363  -14.428 0.8000000119
16862  18.288  -61.773  -15.738 0.8000000119
17725  18.970  -61.396  -16.150 0.6000000238
19479  22.016  -58.214  -16.527 0.6999999881
19466  24.049  -58.436  -15.391 0.6999999881
15929  21.984  -62.362  -9.205 0.5000000000
15055  23.185  -63.724  -7.796 0.6000000238
16791  21.839  -61.961  -10.253 0.4000000060
15940  21.759  -62.571  -9.843 0.6000000238
106429  21.575  -62.119  -10.880 0.5000000000
16824  21.169  -61.586  -12.525 0.6000000238
116016  20.238  -61.759  -12.754 0.8000000119
16841  19.597  -61.647  -13.554 0.6999999881
17696  19.325  -61.250  -14.706 0.6999999881
17711  20.059  -60.348  -15.367 0.6999999881
18638  21.031  -58.346  -16.484 0.5000000000
19480  21.332  -58.122  -16.554 0.6000000238
21171  23.138  -56.752  -16.037 0.6000000238
20333  23.319  -57.558  -15.838 0.6000000238
20319  24.886  -57.485  -14.809 0.5000000000
118664  22.528  -61.565  -9.256 0.5000000000
15046  22.621  -62.649  -7.682 0.6000000238
15045  23.193  -63.457  -6.833 0.6000000238
16769  22.010  -61.790  -9.138 0.5000000000
17682  21.831  -61.033  -13.138 0.6000000238
17694  21.453  -60.569  -13.901 0.6000000238
18598  20.720  -59.189  -15.575 0.6000000238
19450  20.600  -58.542  -15.964 0.5000000000
19468  20.793  -58.176  -16.258 0.5000000000
20341  21.848  -57.131  -16.465 0.6000000238
21178  22.368  -56.532  -16.311 0.6000000238
21170  23.836  -56.328  -15.651 0.5000000000
120828  25.104  -55.488  -14.886 0.5000000000
22021  26.377  -55.463  -14.134 0.5000000000
21159  25.240  -56.796  -14.625 0.5000000000
16768  22.250  -61.452  -8.571 0.5000000000
108155  22.641  -62.430  -6.876 0.5000000000
16780  22.347  -61.728  -9.813 0.5000000000
16790  22.755  -61.639  -10.649 0.4000000060
17673  23.985  -60.987  -11.939 0.3000000119
16822  23.147  -61.159  -12.193 0.4000000060
17681  22.767  -60.739  -12.938 0.3000000119
17680  23.671  -60.384  -12.641 0.3000000119
17693  22.321  -60.274  -13.597 0.5000000000
18583  21.806  -59.070  -14.530 0.5000000000
19449  20.873  -58.239  -15.572 0.5000000000
20335  20.727  -57.726  -16.016 0.5000000000
21180  21.495  -56.581  -16.213 0.6000000238
21179  21.778  -56.506  -16.330 0.6000000238
22023  24.674  -55.949  -15.145 0.5000000000
114155  25.663  -56.005  -14.466 0.5000000000
106726  22.142  -61.240  -7.891 0.5000000000
16767  23.302  -61.387  -8.882 0.5000000000
16788  24.290  -61.428  -10.404 0.5000000000
16804  24.233  -61.278  -11.180 0.4000000060
16789  23.641  -61.511  -10.728 0.5000000000
17679  24.346  -60.357  -12.199 0.4000000060
18572  24.247  -59.801  -12.527 0.3000000119
18581  23.132  -58.878  -13.475 0.3000000119
19430  22.324  -58.274  -14.110 0.4000000060
19431  21.390  -58.152  -14.856 0.5000000000
20320  21.100  -57.440  -15.503 0.4000000060
109171  23.000  -55.994  -16.081 0.5000000000
103898  23.724  -54.705  -15.506 0.5000000000
22817  24.626  -54.990  -15.207 0.5000000000
22806  27.146  -54.968  -13.800 0.5000000000
22815  26.181  -54.605  -14.430 0.4000000060
22022  25.526  -55.130  -14.681 0.5000000000
122359  22.259  -60.971  -7.629 0.5000000000
16766  24.566  -61.271  -8.731 0.5000000000
16778  24.328  -61.412  -9.571 0.5000000000
17658  24.962  -61.136  -10.782 0.4000000060
120784  25.227  -60.162  -11.583 0.4000000060
18567  24.878  -59.792  -12.073 0.3000000119
19422  23.763  -58.445  -12.969 0.3000000119
20307  22.427  -57.246  -13.888 0.4000000060
21151  22.024  -56.663  -14.469 0.4000000060
20308  21.702  -57.345  -14.659 0.4000000060
21161  21.515  -56.574  -15.385 0.5000000000
22036  22.247  -55.602  -15.853 0.5000000000
22043  21.793  -56.120  -16.166 0.6000000238
117815  25.208  -53.717  -15.030 0.4000000060
22816  25.301  -54.359  -14.898 0.5000000000
17636  24.713  -61.085  -8.033 0.4000000060
17657  25.686  -60.896  -10.192 0.4000000060
16777  25.278  -61.222  -9.374 0.4000000060
18566  25.643  -59.640  -11.464 0.4000000060
19411  25.146  -58.796  -12.070 0.4000000060
19421  24.389  -59.019  -12.535 0.4000000060
114420  23.708  -57.639  -12.963 0.4000000060
19429  23.129  -57.902  -13.469 0.4000000060
21150  22.489  -56.410  -13.807 0.4000000060
22025  22.116  -55.879  -14.663 0.5000000000
22024  22.309  -55.289  -15.177 0.5000000000
22827  22.710  -54.983  -15.363 0.6000000238
106996  23.744  -54.025  -15.429 0.5000000000
23678  24.101  -53.442  -15.385 0.4000000060
23677  24.840  -53.295  -15.216 0.4000000060
17626  25.253  -60.719  -7.533 0.4000000060
117859  26.394  -60.432  -9.965 0.4000000060
17645  26.123  -60.789  -9.307 0.4000000060
18565  26.403  -59.295  -10.910 0.4000000060
107923  24.452  -57.949  -12.492 0.4000000060
20298  23.200  -56.946  -13.276 0.4000000060
21149  23.029  -56.159  -13.365 0.4000000060
22818  22.628  -54.514  -14.754 0.5000000000
101641  22.944  -53.801  -15.009 0.4000000060
22826  23.206  -54.444  -15.413 0.6000000238
17634  26.487  -60.441  -8.529 0.4000000060
17644  26.801  -60.160  -9.386 0.4000000060
109003  27.018  -58.955  -10.379 0.4000000060
19410  25.895  -58.625  -11.503 0.4000000060
20290  25.375  -57.763  -11.890 0.4000000060
20291  24.774  -57.040  -12.290 0.4000000060
21138  24.376  -56.294  -12.521 0.5000000000
21139  23.642  -56.256  -12.943 0.4000000060
22001  23.279  -55.557  -13.217 0.3000000119
22002  22.886  -54.887  -13.602 0.3000000119
22012  22.607  -55.633  -13.754 0.4000000060
105987  23.091  -52.804  -15.055 0.4000000060
23679  23.426  -53.575  -15.273 0.5000000000
17625  26.050  -60.521  -7.797 0.4000000060
20289  26.119  -57.890  -11.407 0.4000000060
111332  25.950  -57.193  -11.505 0.4000000060
21133  25.093  -56.322  -12.119 0.3000000119
21995  24.758  -55.575  -12.326 0.3000000119
112303  23.596  -54.850  -13.034 0.3000000119
22796  23.273  -54.163  -13.418 0.3000000119
22807  22.712  -54.062  -14.032 0.3000000119
101073  22.796  -52.607  -14.637 0.4000000060
116454  22.768  -52.115  -14.970 0.4000000060
18548  27.304  -59.306  -9.552 0.3000000119
19398  27.171  -58.141  -10.459 0.3000000119
20280  26.685  -57.505  -10.972 0.3000000119
21131  26.472  -56.683  -11.165 0.3000000119
21994  25.495  -55.661  -11.850 0.3000000119
22789  25.188  -54.818  -12.110 0.3000000119
22795  24.375  -54.791  -12.557 0.4000000060
23653  24.090  -53.448  -12.882 0.4000000060
23654  23.594  -53.604  -13.226 0.3000000119
23655  23.036  -53.348  -13.656 0.3000000119
23664  22.688  -52.865  -14.064 0.3000000119
101072  22.469  -51.975  -14.282 0.4000000060
101693  22.494  -51.711  -14.764 0.4000000060
26290  22.702  -50.318  -15.321 0.4000000060
22794  24.804  -53.790  -12.383 0.4000000060
25361  24.039  -52.045  -12.960 0.4000000060
24499  23.625  -52.830  -13.227 0.4000000060
101071  22.693  -51.611  -13.650 0.3000000119
107711  22.338  -51.411  -13.878 0.4000000060
26271  21.831  -50.720  -14.269 0.4000000060
27209  21.710  -49.891  -14.697 0.4000000060
25383  22.198  -50.980  -14.965 0.4000000060
26291  22.075  -50.056  -15.122 0.4000000060
25362  23.172  -51.106  -13.325 0.4000000060
25363  22.727  -50.862  -13.459 0.5000000000
26270  21.644  -50.365  -14.096 0.4000000060
27197  21.450  -49.792  -14.230 0.4000000060
27208  22.560  -49.511  -15.293 0.3000000119
117253  21.445  -48.600  -14.534 0.3000000119
16888  19.250  -61.788  -16.415 0.6999999881
15978  19.235  -62.767  -12.836 0.8000000119
104316  20.423  -59.742  -16.094 0.6000000238
117111  18.524  -61.591  -15.129 0.6999999881
17724  19.729  -60.510  -15.977 0.6999999881
21160  24.531  -56.752  -15.147 0.6000000238
111247  22.028  -61.764  -10.931 0.4000000060
16823  22.196  -61.347  -12.347 0.4000000060
16840  20.812  -61.301  -13.362 0.6999999881
17695  20.379  -60.837  -14.273 0.6999999881
117819  20.625  -58.926  -16.104 0.6999999881
16779  23.327  -61.570  -9.914 0.5000000000
18584  21.121  -59.855  -14.766 0.5000000000
18582  22.471  -59.367  -13.866 0.4000000060
21172  21.477  -56.374  -16.056 0.6000000238
22035  22.915  -55.330  -15.757 0.5000000000
20297  24.011  -57.015  -12.720 0.3000000119
104378  22.471  -55.045  -14.303 0.4000000060
18516  26.666  -59.861  -7.718 0.4000000060
101642  22.591  -52.069  -13.917 0.3000000119
25347  22.368  -51.135  -13.755 0.3000000119
104075  21.863  -49.254  -14.871 0.3000000119
11829  22.425  -66.685  -12.819 0.6000000238
12677  22.548  -66.119  -13.005 0.6000000238
13469  23.946  -65.526  -13.715 0.6000000238
14299  24.958  -64.674  -14.064 0.6000000238
10993  22.076  -68.676  -13.028 0.5000000000
11830  22.383  -67.541  -12.866 0.6000000238
13448  21.264  -65.844  -12.163 0.6999999881
12668  22.071  -66.192  -12.431 0.6999999881
13458  22.634  -65.158  -12.941 0.6000000238
14278  23.799  -63.872  -13.416 0.6000000238
13456  24.336  -64.640  -13.607 0.6000000238
102258  24.745  -63.881  -13.863 0.6000000238
15150  25.828  -63.414  -15.517 0.6999999881
10985  21.999  -68.952  -12.271 0.6000000238
12661  22.071  -66.595  -11.617 0.6999999881
11814  22.287  -67.176  -12.153 0.6999999881
101962  22.268  -68.173  -12.283 0.6999999881
120228  21.101  -64.449  -12.853 0.6999999881
14280  21.878  -64.710  -12.798 0.6999999881
15108  22.922  -63.550  -13.447 0.5000000000
15130  24.502  -63.091  -14.457 0.6000000238
15151  25.115  -62.928  -15.407 0.6000000238
15162  25.497  -62.823  -16.384 0.6999999881
16060  25.456  -62.189  -17.526 0.6999999881
16049  26.530  -62.707  -16.863 0.6999999881
16059  26.278  -62.292  -17.528 0.6999999881
19489  32.602  -58.150  -17.652 0.4000000060
109658  30.695  -58.609  -18.219 0.5000000000
17741  29.251  -60.354  -18.090 0.6000000238
16889  28.773  -60.957  -17.871 0.6000000238
16896  27.412  -61.320  -18.124 0.6999999881
10100  20.313  -69.530  -9.796 0.5000000000
10947  22.058  -69.106  -10.323 0.5000000000
12660  22.569  -67.274  -10.980 0.6000000238
10111  21.468  -69.642  -10.790 0.5000000000
10946  22.478  -68.391  -10.864 0.5000000000
10969  22.179  -68.698  -11.637 0.6000000238
12662  21.118  -65.994  -11.822 0.6999999881
14281  20.587  -64.367  -12.623 0.6999999881
15109  21.818  -63.789  -13.278 0.6999999881
15131  23.518  -63.082  -13.989 0.6000000238
16013  24.398  -62.658  -15.463 0.6000000238
108882  25.016  -62.467  -17.113 0.6999999881
119278  26.065  -61.688  -17.842 0.6999999881
16897  26.857  -61.189  -18.136 0.6999999881
16895  28.040  -61.148  -18.137 0.6000000238
17749  27.514  -60.681  -18.307 0.6000000238
11765  20.570  -68.302  -8.205 0.5000000000
10925  19.967  -69.101  -9.152 0.4000000060
10924  21.965  -68.823  -9.413 0.5000000000
10909  21.294  -68.591  -8.657 0.5000000000
110275  22.578  -68.519  -10.053 0.5000000000
116042  23.217  -67.397  -9.627 0.6000000238
11798  22.946  -67.752  -10.245 0.6000000238
13430  20.940  -65.554  -11.079 0.6999999881
12647  22.149  -66.426  -10.938 0.6000000238
13440  20.790  -65.572  -11.535 0.6999999881
14269  20.686  -65.257  -12.094 0.6999999881
15132  22.314  -63.005  -13.967 0.6999999881
16037  23.830  -62.428  -16.238 0.6999999881
16051  24.142  -62.348  -17.062 0.6999999881
16892  25.121  -61.788  -17.652 0.8000000119
17742  26.334  -60.923  -17.994 0.6999999881
19498  29.172  -58.845  -18.285 0.5000000000
19499  28.441  -59.068  -18.222 0.6000000238
119746  26.885  -60.583  -18.258 0.6000000238
119374  19.911  -67.992  -7.957 0.4000000060
11763  22.707  -67.505  -8.280 0.6000000238
10908  22.325  -68.144  -8.602 0.6000000238
12630  23.361  -66.743  -9.234 0.6000000238
12632  22.377  -65.854  -10.391 0.6000000238
14253  20.880  -64.794  -11.100 0.6000000238
14261  20.639  -64.910  -11.714 0.6999999881
15092  20.290  -64.064  -12.446 0.6999999881
15134  19.664  -63.524  -14.061 0.6999999881
15110  20.526  -63.941  -13.329 0.6999999881
16017  19.721  -62.860  -15.051 0.8000000119
16016  20.651  -62.695  -15.379 0.8000000119
122489  22.113  -62.463  -15.789 0.6000000238
16052  23.219  -62.172  -16.837 0.6000000238
119051  24.881  -61.390  -17.527 0.8000000119
17743  25.574  -61.253  -17.723 0.6999999881
108754  30.156  -57.904  -18.254 0.5000000000
20365  28.734  -58.419  -18.025 0.6000000238
18636  27.081  -59.391  -17.358 0.6999999881
20364  29.329  -57.993  -18.076 0.6000000238
11747  21.679  -67.420  -7.502 0.5000000000
12597  20.081  -66.879  -7.025 0.4000000060
12598  19.072  -66.770  -7.039 0.4000000060
12612  23.197  -66.821  -8.266 0.5000000000
11764  21.486  -68.035  -8.031 0.5000000000
13418  23.177  -65.762  -9.628 0.6000000238
13419  22.483  -65.165  -10.030 0.6000000238
15072  21.073  -63.941  -10.905 0.6000000238
15082  19.837  -63.271  -12.308 0.6999999881
15111  19.823  -63.830  -13.236 0.8000000119
15135  18.872  -62.969  -14.768 0.8000000119
16040  19.848  -62.422  -16.195 0.6000000238
16053  22.069  -62.091  -16.512 0.6000000238
16894  23.427  -61.726  -17.219 0.6999999881
17744  24.320  -61.139  -17.171 0.6999999881
18610  26.792  -59.464  -16.077 0.6999999881
19491  28.203  -58.563  -17.695 0.6000000238
19478  27.512  -58.890  -16.499 0.6000000238
20330  28.593  -57.906  -15.214 0.6000000238
20351  29.283  -57.436  -17.510 0.6000000238
20339  28.615  -57.848  -16.330 0.6000000238
13387  23.058  -65.787  -7.167 0.5000000000
105655  22.055  -66.763  -7.043 0.5000000000
12577  19.597  -66.322  -6.428 0.5000000000
13399  23.432  -65.205  -8.220 0.5000000000
12594  23.318  -65.938  -7.829 0.5000000000
14243  22.859  -64.770  -9.444 0.6000000238
16055  19.711  -62.060  -16.506 0.6999999881
16887  20.428  -61.586  -16.562 0.6000000238
17736  22.738  -60.668  -16.649 0.6000000238
113927  23.699  -60.650  -16.580 0.6000000238
17723  25.006  -60.321  -16.117 0.6999999881
18624  24.149  -60.158  -15.911 0.6000000238
112232  25.862  -59.891  -15.725 0.6000000238
19463  27.375  -58.952  -15.366 0.6999999881
116033  29.566  -56.957  -17.328 0.5000000000
21169  29.626  -56.858  -15.181 0.4000000060
13372  22.947  -65.346  -6.732 0.5000000000
13373  21.827  -65.583  -6.024 0.5000000000
13374  20.978  -65.794  -5.978 0.5000000000
13376  19.207  -65.854  -5.749 0.5000000000
13363  18.617  -65.529  -4.969 0.5000000000
13365  16.640  -65.716  -4.344 0.5000000000
18626  22.274  -59.587  -16.375 0.6000000238
18625  23.218  -60.001  -16.060 0.6000000238
18611  24.795  -59.568  -15.386 0.4000000060
20331  27.106  -58.653  -14.421 0.5000000000
20317  27.587  -57.953  -13.915 0.4000000060
20315  29.108  -57.344  -14.626 0.4000000060
19445  27.924  -58.375  -14.727 0.5000000000
13371  23.116  -64.528  -6.551 0.6000000238
113584  22.549  -65.164  -6.162 0.5000000000
13360  21.254  -65.215  -5.540 0.5000000000
13362  19.732  -65.312  -5.193 0.5000000000
13364  17.582  -65.601  -4.629 0.5000000000
13352  17.124  -65.047  -3.894 0.5000000000
112239  15.047  -65.907  -4.056 0.4000000060
12552  14.457  -66.218  -4.276 0.5000000000
12553  13.655  -66.450  -4.665 0.4000000060
13366  13.150  -65.757  -5.194 0.4000000060
12564  11.972  -66.890  -5.681 0.4000000060
113014  24.896  -58.813  -14.944 0.6000000238
19447  25.324  -58.355  -14.651 0.4000000060
20304  28.898  -57.061  -13.762 0.4000000060
14188  22.618  -64.396  -5.770 0.5000000000
14190  20.622  -64.892  -5.120 0.4000000060
112312  19.906  -64.600  -4.751 0.4000000060
13351  18.075  -65.020  -4.184 0.5000000000
14178  16.601  -64.262  -3.676 0.4000000060
13354  15.312  -65.231  -3.840 0.5000000000
14179  15.620  -64.399  -3.762 0.4000000060
14191  14.310  -64.203  -4.655 0.5000000000
14180  14.800  -64.606  -4.002 0.5000000000
14181  13.534  -64.761  -5.083 0.3000000119
13377  12.820  -65.124  -5.866 0.3000000119
13378  11.751  -65.615  -6.657 0.3000000119
21158  26.157  -57.012  -14.053 0.4000000060
15010  22.445  -63.486  -5.400 0.5000000000
14175  20.772  -64.089  -4.701 0.5000000000
121143  19.975  -63.966  -4.549 0.4000000060
15900  22.270  -61.704  -6.416 0.4000000060
15885  22.240  -62.396  -5.477 0.4000000060
14991  21.158  -63.168  -4.585 0.4000000060
113759  19.803  -62.779  -4.619 0.4000000060
16758  22.240  -61.045  -7.175 0.4000000060
15011  21.877  -62.848  -4.847 0.4000000060
15874  21.292  -62.263  -4.649 0.4000000060
16749  22.145  -60.964  -6.298 0.4000000060
121682  21.295  -61.292  -4.773 0.4000000060
16739  20.633  -61.652  -4.595 0.4000000060
15887  18.314  -62.368  -5.023 0.4000000060
16744  21.919  -61.366  -5.566 0.4000000060
17628  22.671  -60.800  -7.267 0.3000000119
103453  20.000  -61.100  -4.624 0.4000000060
16740  18.763  -61.766  -5.074 0.4000000060
17619  23.661  -60.359  -6.590 0.4000000060
16745  18.007  -61.774  -5.613 0.4000000060
17610  17.724  -60.891  -5.866 0.4000000060
17618  24.861  -60.311  -6.764 0.3000000119
18503  23.496  -59.892  -5.850 0.4000000060
17606  22.687  -59.939  -5.477 0.4000000060
112137  21.223  -60.155  -4.768 0.4000000060
109499  20.528  -59.946  -4.561 0.4000000060
17609  18.372  -60.844  -5.331 0.4000000060
18473  20.915  -59.296  -4.423 0.3000000119
116284  21.225  -61.337  -16.644 0.6000000238
13400  23.359  -65.194  -8.967 0.5000000000
18612  23.704  -59.320  -15.700 0.6000000238
20318  26.657  -57.947  -13.955 0.4000000060
16050  25.822  -62.628  -17.055 0.6999999881
18639  31.012  -59.037  -17.896 0.5000000000
115988  30.398  -57.121  -18.171 0.5000000000
118499  29.826  -60.216  -17.833 0.5000000000
19497  29.906  -58.669  -18.316 0.4000000060
17747  28.980  -59.698  -18.318 0.6000000238
114229  20.885  -69.130  -9.229 0.5000000000
115009  21.671  -62.692  -15.016 0.6999999881
19492  27.726  -59.160  -17.974 0.6000000238
12633  21.478  -65.881  -10.850 0.6000000238
16038  22.937  -62.396  -15.967 0.6999999881
16893  24.235  -61.710  -17.415 0.8000000119
18637  26.623  -60.089  -17.984 0.6999999881
11748  20.627  -67.591  -7.582 0.4000000060
16039  21.151  -62.429  -16.101 0.6000000238
16063  22.710  -61.808  -16.959 0.6000000238
18623  25.626  -60.342  -16.695 0.6999999881
18622  26.283  -59.951  -16.962 0.6999999881
21176  30.039  -56.459  -17.605 0.5000000000
21193  30.621  -56.433  -18.119 0.5000000000
19477  28.115  -58.369  -16.887 0.6000000238
16886  21.540  -61.702  -16.678 0.6999999881
17746  22.897  -61.426  -16.980 0.6999999881
17735  24.425  -60.617  -16.588 0.6999999881
20338  29.196  -57.240  -16.778 0.6000000238
112483  29.493  -56.827  -16.114 0.6000000238
12574  22.451  -65.960  -6.649 0.5000000000
12576  20.566  -66.345  -6.462 0.5000000000
12578  18.547  -66.225  -6.319 0.4000000060
19465  25.633  -59.225  -14.874 0.6000000238
11722  12.488  -67.522  -5.133 0.3000000119
19446  26.191  -58.621  -14.428 0.5000000000
20305  28.060  -57.221  -13.598 0.4000000060
12582  11.495  -66.380  -6.309 0.4000000060
17620  22.607  -60.534  -6.361 0.4000000060
17608  21.643  -60.750  -5.192 0.4000000060
11849  32.268  -67.211  -15.510 0.3000000119
12680  33.600  -66.217  -15.593 0.3000000119
16010  31.513  -62.335  -14.221 0.4000000060
16857  33.529  -61.119  -14.360 0.4000000060
16032  32.951  -62.779  -15.390 0.4000000060
16031  33.833  -62.696  -15.628 0.4000000060
17690  30.746  -60.353  -13.632 0.4000000060
15992  29.953  -61.777  -13.499 0.4000000060
15993  29.192  -62.048  -13.615 0.4000000060
16839  28.838  -61.697  -13.865 0.5000000000
15107  28.398  -63.068  -13.747 0.5000000000
15126  27.960  -63.663  -13.858 0.5000000000
17687  32.984  -59.616  -14.046 0.4000000060
16835  32.100  -60.756  -13.717 0.5000000000
16011  30.580  -62.468  -13.842 0.5000000000
14296  27.521  -64.447  -14.041 0.5000000000
17707  33.344  -60.242  -14.041 0.5000000000
16858  32.668  -61.399  -14.182 0.5000000000
120961  33.858  -60.567  -14.284 0.5000000000
16877  34.160  -61.890  -15.044 0.4000000060
16876  35.107  -61.850  -15.239 0.4000000060
107902  34.788  -62.686  -15.844 0.4000000060
15143  34.471  -63.373  -16.406 0.4000000060
15157  35.194  -64.064  -17.171 0.3000000119
14318  36.342  -65.191  -17.563 0.4000000060
19444  31.909  -58.799  -15.141 0.4000000060
18596  30.812  -59.554  -14.532 0.4000000060
17721  30.074  -59.969  -14.820 0.4000000060
19443  32.596  -58.649  -15.098 0.4000000060
17689  31.601  -60.155  -13.666 0.4000000060
18580  31.164  -59.737  -13.867 0.4000000060
17710  29.634  -60.498  -14.160 0.4000000060
16860  28.827  -61.132  -14.472 0.5000000000
15994  28.601  -62.395  -13.819 0.5000000000
19442  33.390  -58.640  -15.024 0.4000000060
17688  32.492  -60.099  -13.779 0.4000000060
16836  31.197  -60.837  -13.532 0.4000000060
16012  27.929  -62.824  -14.281 0.5000000000
15127  27.201  -63.609  -14.708 0.6000000238
15148  26.786  -63.094  -15.915 0.6000000238
15128  26.744  -64.337  -14.539 0.6000000238
16058  26.936  -62.380  -17.310 0.6000000238
16048  27.190  -62.614  -16.596 0.6000000238
14297  26.237  -64.871  -14.491 0.5000000000
15129  25.350  -63.598  -14.643 0.5000000000
16046  35.547  -63.487  -16.697 0.4000000060
16045  36.701  -63.668  -16.949 0.4000000060
15156  36.374  -64.443  -17.393 0.4000000060
17731  30.067  -60.184  -16.101 0.4000000060
16878  28.819  -61.155  -15.887 0.5000000000
16884  28.935  -61.232  -17.095 0.5000000000
16034  27.871  -62.311  -15.018 0.5000000000
16890  28.290  -61.539  -17.542 0.5000000000
16035  27.383  -62.832  -15.476 0.6000000238
110333  27.687  -61.624  -17.840 0.6000000238
16057  27.646  -62.105  -17.230 0.6000000238
13462  33.793  -65.443  -15.051 0.3000000119
14289  37.432  -65.062  -16.339 0.3000000119
19459  33.045  -58.327  -15.944 0.4000000060
19475  32.612  -58.377  -17.015 0.4000000060
19476  31.789  -58.824  -16.808 0.4000000060
18609  30.654  -59.614  -15.635 0.4000000060
18621  30.618  -59.770  -16.836 0.4000000060
17732  29.471  -60.718  -16.575 0.5000000000
18634  30.414  -59.715  -17.739 0.4000000060
113706  29.423  -60.672  -17.534 0.5000000000
15149  26.456  -63.604  -15.274 0.6000000238
14310  26.063  -64.075  -14.787 0.5000000000
18633  31.147  -59.225  -17.343 0.4000000060
17691  30.073  -60.577  -13.681 0.4000000060
103078  27.053  -65.111  -14.253 0.5000000000
13470  36.950  -65.305  -17.028 0.3000000119
18608  31.292  -59.173  -15.300 0.4000000060
17722  29.399  -60.532  -15.245 0.5000000000
16879  28.263  -61.741  -15.343 0.5000000000
16047  27.797  -62.314  -16.135 0.6000000238
101074  22.777  -53.574  -14.455 0.3000000119
10099  21.267  -69.463  -9.965 0.5000000000
10148  21.596  -69.554  -12.674 0.5000000000
10923  22.844  -68.110  -9.448 0.5000000000
10926  19.158  -68.896  -9.159 0.4000000060
10968  22.387  -67.738  -11.630 0.6999999881
11746  22.513  -67.191  -7.681 0.5000000000
11762  23.084  -67.514  -8.887 0.6000000238
12563  12.820  -66.658  -5.225 0.3000000119
12575  21.520  -66.251  -6.493 0.5000000000
12581  12.325  -65.964  -5.922 0.4000000060
12595  22.840  -66.454  -7.397 0.5000000000
12596  21.102  -66.913  -6.977 0.5000000000
12631  23.053  -66.741  -10.224 0.6000000238
12648  21.225  -66.039  -11.273 0.6999999881
12669  21.817  -66.376  -12.069 0.6999999881
13350  19.005  -64.901  -4.512 0.4000000060
13353  16.166  -65.105  -3.810 0.5000000000
13355  14.614  -65.390  -4.054 0.5000000000
13356  13.872  -65.554  -4.485 0.5000000000
13359  22.016  -64.916  -5.578 0.5000000000
13361  20.545  -65.419  -5.538 0.5000000000
13375  20.113  -65.863  -5.879 0.5000000000
13386  23.276  -65.127  -7.349 0.5000000000
13417  23.441  -65.967  -8.703 0.5000000000
13420  21.586  -65.168  -10.555 0.6000000238
13447  21.886  -65.557  -12.530 0.6999999881
14166  17.078  -63.950  -3.729 0.4000000060
14177  17.560  -64.321  -3.786 0.4000000060
14189  21.434  -64.542  -5.145 0.4000000060
14199  22.994  -63.749  -6.076 0.6000000238
14211  23.333  -64.302  -7.258 0.6000000238
14227  23.135  -64.323  -8.624 0.5000000000
14244  21.998  -64.439  -9.977 0.6000000238
14252  21.402  -64.348  -10.531 0.6000000238
14268  21.125  -65.094  -12.434 0.6999999881
14277  28.653  -63.629  -13.672 0.5000000000
14279  22.822  -64.236  -13.077 0.5000000000
14304  37.974  -65.014  -17.047 0.3000000119
14312  35.739  -64.729  -17.575 0.4000000060
14998  15.100  -63.882  -4.280 0.5000000000
15029  22.780  -62.907  -6.097 0.5000000000
15056  22.501  -63.089  -8.652 0.5000000000
15081  20.522  -63.898  -11.606 0.6999999881
15094  18.694  -62.876  -13.610 0.8000000119
15112  18.993  -63.402  -13.875 0.8000000119
15133  20.919  -63.109  -14.179 0.8000000119
15152  18.277  -62.656  -15.336 0.8000000119
15161  26.176  -63.097  -16.256 0.6999999881
15875  20.525  -62.539  -4.559 0.4000000060
15876  19.723  -61.935  -4.731 0.4000000060
15886  21.759  -61.958  -4.974 0.4000000060
15915  22.142  -61.682  -7.471 0.5000000000
15928  21.978  -61.917  -8.412 0.5000000000
15952  21.393  -62.631  -10.507 0.6999999881
15977  19.811  -62.687  -12.314 0.8000000119
15991  30.867  -61.632  -13.613 0.5000000000
16008  33.273  -62.039  -14.820 0.4000000060
16014  23.693  -62.637  -15.084 0.6999999881
16015  22.740  -62.669  -14.904 0.6999999881
16018  17.973  -62.360  -15.267 0.8000000119
16036  24.680  -62.580  -16.395 0.6999999881
16054  20.729  -62.046  -16.511 0.6999999881
16056  18.889  -62.207  -16.300 0.8000000119
16061  24.607  -62.113  -17.397 0.8000000119
16062  23.706  -62.023  -17.242 0.6000000238
16757  22.666  -61.049  -7.978 0.5000000000
16781  21.856  -62.024  -9.631 0.5000000000
16787  24.980  -61.336  -10.086 0.5000000000
16805  23.425  -61.410  -11.394 0.4000000060
16806  22.528  -61.541  -11.522 0.4000000060
16807  21.554  -61.807  -11.600 0.5000000000
16808  20.497  -62.200  -12.090 0.8000000119
16837  30.330  -61.006  -13.481 0.4000000060
16838  29.477  -61.184  -13.671 0.4000000060
16842  18.661  -61.842  -14.362 0.6999999881
16859  31.801  -61.530  -13.896 0.5000000000
16861  28.354  -61.977  -14.333 0.5000000000
16863  17.970  -62.110  -15.728 0.8000000119
16880  18.396  -61.990  -16.172 0.8000000119
16885  28.330  -61.756  -16.619 0.6000000238
16891  26.972  -61.853  -17.839 0.6999999881
17594  20.606  -60.728  -4.615 0.4000000060
17595  19.774  -60.217  -4.599 0.3000000119
17607  22.126  -60.531  -5.697 0.4000000060
17627  23.944  -60.802  -7.452 0.3000000119
17635  25.574  -60.977  -8.433 0.4000000060
17656  26.782  -59.794  -10.181 0.4000000060
17671  25.460  -60.507  -11.081 0.4000000060
17672  24.755  -60.650  -11.576 0.4000000060
17692  23.095  -59.869  -13.330 0.3000000119
17708  32.835  -60.710  -13.955 0.4000000060
17709  30.355  -60.035  -13.958 0.4000000060
17712  19.067  -61.200  -15.609 0.6999999881
17733  25.938  -60.600  -17.506 0.6999999881
17734  25.095  -60.805  -17.177 0.8000000119
17737  21.977  -61.178  -16.777 0.6000000238
17739  19.965  -60.822  -16.317 0.6000000238
17740  30.038  -60.300  -17.236 0.4000000060
17745  23.548  -61.303  -17.083 0.6999999881
17748  28.412  -60.459  -18.248 0.6000000238
18487  21.981  -59.946  -5.108 0.4000000060
18532  27.526  -59.078  -8.777 0.4000000060
18533  27.119  -59.751  -8.661 0.4000000060
18559  26.145  -60.162  -10.676 0.4000000060
18573  23.750  -59.396  -12.938 0.3000000119
18579  32.106  -59.489  -13.966 0.4000000060
18594  32.818  -59.021  -14.373 0.4000000060
18595  31.561  -59.216  -14.440 0.4000000060
18597  21.191  -58.858  -15.118 0.5000000000
18613  20.430  -59.531  -15.914 0.6999999881
18620  31.203  -59.274  -16.387 0.4000000060
18628  20.779  -58.953  -16.292 0.5000000000
18635  29.801  -59.823  -18.137 0.5000000000
18640  30.316  -59.275  -18.162 0.5000000000
18641  29.676  -59.298  -18.296 0.6000000238
18642  27.919  -59.842  -18.347 0.6000000238
18643  27.200  -60.138  -18.335 0.6000000238
19390  27.457  -58.597  -9.980 0.3000000119
19409  26.577  -58.403  -10.972 0.4000000060
19448  24.630  -58.090  -14.984 0.5000000000
19460  32.285  -58.612  -15.992 0.4000000060
19461  31.704  -58.913  -15.926 0.4000000060
19462  28.039  -58.415  -15.835 0.6000000238
19464  26.549  -59.289  -15.017 0.5000000000
19496  31.459  -58.435  -18.061 0.5000000000
20306  27.146  -57.236  -13.643 0.4000000060
20316  28.416  -57.721  -14.188 0.4000000060
20329  29.113  -57.343  -15.725 0.6000000238
20332  24.060  -57.314  -15.445 0.6000000238
20334  21.098  -56.971  -16.092 0.6000000238
20340  22.558  -57.310  -16.293 0.6000000238
20342  21.355  -57.109  -16.352 0.6000000238
20343  21.127  -57.743  -16.477 0.6000000238
20352  28.732  -57.916  -17.384 0.6000000238
21132  25.752  -56.437  -11.635 0.4000000060
21157  29.600  -56.761  -14.197 0.4000000060
21182  29.755  -57.273  -17.857 0.6000000238
22000  23.993  -55.557  -12.735 0.3000000119
22034  23.756  -55.506  -15.634 0.5000000000
22037  21.828  -55.883  -15.694 0.5000000000
22042  22.268  -55.973  -16.175 0.6000000238
22814  26.781  -53.995  -14.232 0.4000000060
22825  24.481  -54.055  -15.292 0.4000000060
24500  22.915  -52.468  -13.684 0.3000000119
25372  22.038  -51.007  -14.087 0.4000000060
25382  22.695  -51.456  -15.146 0.4000000060
25384  21.958  -50.906  -14.543 0.4000000060
25392  22.323  -50.730  -15.158 0.4000000060
26260  22.058  -50.354  -13.703 0.5000000000
26261  22.089  -50.799  -13.873 0.3000000119
27187  21.406  -49.693  -13.834 0.4000000060
27198  21.303  -49.224  -14.372 0.4000000060
101825  22.193  -51.323  -14.454 0.4000000060
104888  19.292  -64.199  -4.376 0.4000000060
105875  21.810  -50.448  -14.561 0.4000000060
106582  17.955  -61.963  -15.145 0.8000000119
107759  21.809  -60.254  -16.522 0.6000000238
107803  34.099  -60.041  -14.222 0.5000000000
109098  22.278  -66.752  -12.399 0.6999999881
109342  25.729  -57.709  -14.352 0.4000000060
109970  22.037  -69.161  -11.046 0.5000000000
110365  20.756  -65.281  -11.355 0.6999999881
111072  23.963  -54.121  -12.910 0.3000000119
111803  27.261  -59.671  -18.145 0.6000000238
111930  19.219  -60.996  -4.829 0.4000000060
112122  21.693  -63.756  -4.888 0.5000000000
112206  18.802  -62.600  -15.748 0.8000000119
112260  23.342  -51.929  -13.352 0.4000000060
112380  21.454  -57.595  -16.531 0.6000000238
113378  21.923  -59.873  -14.187 0.5000000000
114228  22.095  -64.254  -5.286 0.5000000000
115172  20.469  -68.764  -8.732 0.5000000000
116130  22.261  -50.817  -13.738 0.5000000000
118699  23.843  -61.154  -8.205 0.4000000060
118936  20.975  -57.497  -16.288 0.5000000000
119075  27.709  -58.826  -17.335 0.6000000238
119204  22.179  -67.712  -7.982 0.5000000000
119383  32.178  -58.949  -14.513 0.4000000060
119406  12.301  -65.271  -6.425 0.3000000119
119756  22.832  -59.091  -16.100 0.6999999881
119966  21.648  -61.367  -5.090 0.4000000060
119967  25.372  -56.944  -11.881 0.4000000060
120692  24.198  -63.455  -13.806 0.6000000238
121281  33.528  -59.770  -14.135 0.5000000000
121697  22.012  -50.315  -15.041 0.4000000060
122374  14.161  -64.855  -4.332 0.5000000000
