#!ascii label  , from subject sub-v2s17x50035_ses-1 vox2ras=TkReg
1884
54774  -35.280  -12.158  63.325 0.0000000000
66282  -46.974  0.389  43.063 0.0000000000
63405  -36.452  -3.235  55.066 0.0000000000
115976  -4.543  -20.867  64.870 0.0000000000
48222  -21.706  -18.773  64.428 0.0000000000
52175  -4.404  -14.577  66.116 0.0000000000
55570  -8.315  -11.065  73.220 0.0000000000
67082  -40.732  0.981  48.121 0.0000000000
53104  -3.881  -14.628  56.307 0.0000000000
44958  -4.356  -21.955  72.786 0.0000000000
57574  -32.657  -10.179  56.729 0.0000000000
50281  -30.381  -16.963  60.227 0.0000000000
48238  -29.059  -18.404  63.386 0.0000000000
68005  -49.304  1.791  40.098 0.0000000000
66199  -37.972  0.310  51.633 0.0000000000
49258  -16.587  -17.550  63.093 0.0000000000
58499  -4.740  -8.555  60.481 0.0000000000
50242  -9.110  -17.136  65.974 0.0000000000
51261  -9.261  -16.349  61.795 0.0000000000
47168  -6.950  -21.280  61.177 0.0000000000
49148  -10.355  -17.561  73.953 0.0000000000
49134  -7.434  -17.828  75.677 0.0000000000
63363  -32.493  -2.054  57.729 0.0000000000
47083  -27.105  -19.144  67.584 0.0000000000
121281  -23.120  -20.489  60.313 0.0000000000
53844  -6.330  -12.817  70.070 0.0000000000
51224  -7.374  -17.022  70.182 0.0000000000
66254  -44.453  -0.409  46.048 0.0000000000
48139  -12.587  -18.171  70.315 0.0000000000
125270  -15.523  -18.473  66.886 0.0000000000
53083  -4.202  -14.571  61.651 0.0000000000
51307  -8.874  -16.371  57.127 0.0000000000
57393  -10.033  -10.441  76.679 0.0000000000
51199  -5.325  -16.578  73.869 0.0000000000
138730  -3.800  -21.346  68.726 0.0000000000
58478  -33.908  -9.692  63.427 0.0000000000
53094  -33.815  -13.577  59.759 0.0000000000
135996  -34.021  -11.731  59.705 0.0000000000
51280  -32.814  -15.618  61.171 0.0000000000
51312  -32.299  -16.007  57.775 0.0000000000
50260  -32.572  -16.697  63.036 0.0000000000
67142  -48.160  1.104  42.035 0.0000000000
65341  -43.985  -0.623  42.112 0.0000000000
66291  -45.161  0.272  40.565 0.0000000000
129903  -47.151  0.818  39.160 0.0000000000
132085  -36.778  -2.563  53.115 0.0000000000
62494  -32.056  -2.833  53.883 0.0000000000
63459  -33.754  -2.636  52.492 0.0000000000
63505  -36.092  -2.851  50.912 0.0000000000
49230  -7.177  -19.073  65.980 0.0000000000
48230  -7.816  -19.537  63.558 0.0000000000
123581  -5.346  -20.857  63.037 0.0000000000
44001  -5.413  -23.772  60.640 0.0000000000
46021  -4.834  -22.655  62.412 0.0000000000
47024  -10.321  -20.238  71.264 0.0000000000
47008  -8.200  -20.267  73.684 0.0000000000
62423  -30.895  -2.885  59.412 0.0000000000
59528  -30.235  -7.778  60.658 0.0000000000
57571  -30.938  -9.336  56.792 0.0000000000
61509  -29.593  -5.860  59.682 0.0000000000
61532  -29.866  -4.496  57.573 0.0000000000
49198  -30.458  -16.621  68.794 0.0000000000
48286  -26.234  -18.982  59.734 0.0000000000
127389  -26.375  -20.122  61.294 0.0000000000
67180  -49.289  -0.032  35.251 0.0000000000
133191  -50.275  0.881  34.031 0.0000000000
54685  -6.947  -11.543  71.303 0.0000000000
53042  -8.905  -13.775  69.950 0.0000000000
53034  -8.836  -14.047  72.236 0.0000000000
66240  -42.557  0.100  47.042 0.0000000000
64373  -38.232  -1.722  47.525 0.0000000000
63559  -40.222  -1.760  45.789 0.0000000000
64388  -41.464  -2.250  45.244 0.0000000000
50193  -14.832  -17.267  73.219 0.0000000000
49187  -15.300  -18.234  71.332 0.0000000000
130606  -4.235  -12.029  66.228 0.0000000000
55661  -3.751  -11.725  63.804 0.0000000000
52191  -4.318  -14.696  63.989 0.0000000000
48281  -9.432  -18.403  59.193 0.0000000000
51289  -9.152  -16.203  59.412 0.0000000000
49314  -9.690  -18.016  57.634 0.0000000000
119979  -12.093  -11.061  76.931 0.0000000000
45955  -5.549  -20.113  74.343 0.0000000000
51183  -5.711  -16.952  74.996 0.0000000000
48093  -4.397  -19.474  73.007 0.0000000000
120944  -4.469  -19.159  71.301 0.0000000000
123347  -3.776  -22.075  71.050 0.0000000000
57540  -32.834  -9.619  60.309 0.0000000000
49220  -30.805  -17.103  67.797 0.0000000000
49246  -31.648  -16.760  65.476 0.0000000000
49277  -29.956  -17.761  61.619 0.0000000000
68012  -50.870  2.499  38.906 0.0000000000
67161  -48.271  0.653  37.824 0.0000000000
67069  -39.494  1.225  49.594 0.0000000000
138120  -36.263  -2.842  49.521 0.0000000000
49275  -20.338  -18.232  60.871 0.0000000000
120638  -19.399  -17.336  63.967 0.0000000000
55697  -5.862  -11.156  58.218 0.0000000000
52178  -7.356  -15.055  66.167 0.0000000000
51249  -6.980  -15.879  63.663 0.0000000000
50249  -9.412  -16.701  63.497 0.0000000000
49269  -9.033  -18.686  61.306 0.0000000000
46045  -8.402  -20.831  59.275 0.0000000000
51177  -11.027  -15.245  75.408 0.0000000000
130125  -10.078  -15.538  76.705 0.0000000000
49141  -8.785  -17.466  75.159 0.0000000000
45957  -6.217  -20.693  74.316 0.0000000000
63391  -34.401  -2.609  56.178 0.0000000000
62461  -31.176  -3.094  55.862 0.0000000000
47105  -24.226  -20.427  65.208 0.0000000000
47123  -27.969  -19.130  65.063 0.0000000000
121285  -24.632  -20.519  63.532 0.0000000000
48247  -22.557  -20.141  62.493 0.0000000000
54723  -4.067  -12.266  68.324 0.0000000000
55591  -3.429  -11.076  69.925 0.0000000000
53053  -4.443  -13.646  68.483 0.0000000000
116804  -7.500  -14.072  68.065 0.0000000000
51230  -8.838  -16.527  68.211 0.0000000000
49223  -5.857  -19.126  67.030 0.0000000000
118250  -45.811  -0.217  44.905 0.0000000000
64400  -43.444  -2.130  43.875 0.0000000000
50171  -13.222  -15.628  74.118 0.0000000000
49172  -11.790  -18.061  72.168 0.0000000000
47047  -11.181  -19.965  69.352 0.0000000000
48207  -18.855  -18.266  66.022 0.0000000000
133533  -17.569  -19.219  68.137 0.0000000000
48153  -16.866  -19.121  69.605 0.0000000000
49212  -13.866  -18.104  68.681 0.0000000000
126097  -12.085  -19.831  68.200 0.0000000000
57506  -3.131  -8.910  63.310 0.0000000000
54781  -4.679  -12.001  61.524 0.0000000000
53914  -3.739  -14.345  59.085 0.0000000000
50255  -5.802  -16.746  61.982 0.0000000000
50290  -5.515  -16.768  59.401 0.0000000000
49313  -5.004  -16.684  56.575 0.0000000000
56486  -8.239  -10.469  75.294 0.0000000000
52988  -8.639  -14.248  77.373 0.0000000000
53004  -6.606  -14.403  75.496 0.0000000000
53021  -7.659  -13.754  74.244 0.0000000000
51215  -5.586  -16.571  71.770 0.0000000000
49209  -4.933  -19.131  69.054 0.0000000000
47087  -4.316  -20.978  67.005 0.0000000000
42868  -3.250  -24.529  70.865 0.0000000000
130198  -2.883  -24.205  68.924 0.0000000000
43943  -4.221  -23.258  64.057 0.0000000000
56585  -34.562  -10.555  63.284 0.0000000000
128570  -34.568  -10.534  64.809 0.0000000000
53903  -34.393  -13.318  61.450 0.0000000000
131608  -34.782  -12.230  61.443 0.0000000000
52208  -33.998  -14.195  61.845 0.0000000000
52214  -33.562  -14.303  60.337 0.0000000000
122580  -34.831  -12.973  64.508 0.0000000000
52201  -34.408  -14.676  63.495 0.0000000000
67136  -47.566  0.737  42.546 0.0000000000
66280  -45.467  -0.021  42.467 0.0000000000
66286  -45.174  0.139  41.542 0.0000000000
66287  -46.049  0.332  41.914 0.0000000000
67140  -46.667  0.651  41.373 0.0000000000
64324  -37.177  -2.842  53.988 0.0000000000
65240  -37.615  -1.321  54.723 0.0000000000
65239  -37.771  -2.090  55.119 0.0000000000
62495  -33.085  -2.878  53.578 0.0000000000
63439  -35.356  -3.204  53.678 0.0000000000
63462  -36.282  -3.071  52.700 0.0000000000
48200  -5.539  -19.693  65.489 0.0000000000
48228  -6.092  -19.940  63.973 0.0000000000
122114  -4.888  -20.900  63.561 0.0000000000
46011  -4.990  -21.884  62.645 0.0000000000
46003  -4.774  -21.545  63.458 0.0000000000
45978  -10.079  -21.022  70.100 0.0000000000
45974  -9.350  -21.339  71.355 0.0000000000
60549  -30.008  -6.281  61.552 0.0000000000
59527  -29.722  -7.178  60.089 0.0000000000
131868  -29.823  -4.853  60.214 0.0000000000
124555  -30.080  -4.138  59.658 0.0000000000
68021  -50.520  1.050  36.054 0.0000000000
67189  -50.087  0.480  34.627 0.0000000000
68923  -51.744  2.133  34.844 0.0000000000
55583  -7.203  -10.911  71.985 0.0000000000
54686  -8.092  -11.515  71.820 0.0000000000
54676  -8.619  -11.749  72.772 0.0000000000
67099  -42.114  0.539  47.564 0.0000000000
67073  -43.538  1.406  49.126 0.0000000000
66237  -39.652  -0.220  47.590 0.0000000000
64376  -38.898  -1.884  46.707 0.0000000000
65300  -40.182  -0.732  46.864 0.0000000000
65304  -40.902  -0.953  46.206 0.0000000000
49160  -16.313  -18.052  73.342 0.0000000000
122585  -16.907  -18.890  72.264 0.0000000000
47092  -22.871  -19.762  66.017 0.0000000000
48210  -21.584  -18.983  65.754 0.0000000000
54810  -4.576  -12.615  56.575 0.0000000000
53885  -4.371  -13.723  66.241 0.0000000000
53890  -4.248  -13.600  65.408 0.0000000000
52183  -4.419  -14.800  65.388 0.0000000000
47195  -9.297  -19.811  57.994 0.0000000000
49304  -9.570  -18.160  58.418 0.0000000000
120351  -9.597  -19.632  57.275 0.0000000000
57400  -13.819  -9.877  74.897 0.0000000000
55536  -12.822  -11.979  77.046 0.0000000000
45958  -4.853  -20.761  73.756 0.0000000000
48082  -4.828  -19.575  74.164 0.0000000000
47007  -4.573  -20.727  73.230 0.0000000000
47011  -4.145  -20.783  72.039 0.0000000000
128444  -3.932  -22.097  71.691 0.0000000000
58492  -33.388  -10.027  62.058 0.0000000000
57541  -33.419  -10.333  59.921 0.0000000000
59518  -32.499  -8.906  62.649 0.0000000000
59516  -31.353  -7.925  62.110 0.0000000000
50282  -31.262  -16.976  61.278 0.0000000000
121108  -31.022  -17.344  61.908 0.0000000000
49290  -29.830  -17.315  60.557 0.0000000000
49299  -28.281  -17.544  59.692 0.0000000000
120165  -49.932  2.098  39.581 0.0000000000
120137  -47.814  1.116  39.377 0.0000000000
67156  -47.648  0.802  38.540 0.0000000000
67157  -48.544  1.261  38.664 0.0000000000
67162  -49.095  1.124  37.777 0.0000000000
66207  -38.169  0.446  50.822 0.0000000000
67056  -39.978  1.721  51.262 0.0000000000
67055  -38.835  1.189  51.618 0.0000000000
64349  -36.303  -2.769  51.829 0.0000000000
63507  -36.262  -3.096  50.528 0.0000000000
65274  -36.760  -1.128  50.429 0.0000000000
65285  -37.081  -0.993  49.575 0.0000000000
58513  -5.162  -8.259  59.375 0.0000000000
57545  -5.939  -8.999  57.990 0.0000000000
138425  -5.855  -10.012  60.146 0.0000000000
52180  -8.794  -15.517  66.267 0.0000000000
51246  -8.619  -15.762  64.526 0.0000000000
120680  -9.314  -17.082  65.090 0.0000000000
47138  -6.960  -20.406  62.363 0.0000000000
48242  -8.678  -19.079  62.146 0.0000000000
133003  -7.892  -20.223  61.157 0.0000000000
47156  -8.273  -20.027  60.482 0.0000000000
46034  -7.482  -21.558  60.269 0.0000000000
46043  -7.157  -22.368  59.970 0.0000000000
50170  -10.748  -16.302  74.641 0.0000000000
120125  -10.406  -15.896  75.331 0.0000000000
49144  -9.690  -17.418  74.568 0.0000000000
44962  -7.463  -21.856  72.924 0.0000000000
47005  -7.528  -19.851  74.142 0.0000000000
44957  -6.412  -21.790  73.625 0.0000000000
44955  -6.017  -21.712  73.845 0.0000000000
63364  -33.039  -2.102  57.030 0.0000000000
120686  -30.822  -3.299  57.293 0.0000000000
61533  -30.397  -3.692  57.014 0.0000000000
62452  -31.188  -3.087  56.610 0.0000000000
62462  -31.901  -2.801  56.015 0.0000000000
116479  -26.720  -19.426  68.055 0.0000000000
47081  -25.446  -20.411  67.040 0.0000000000
47095  -25.520  -20.428  66.226 0.0000000000
48214  -30.232  -17.529  65.593 0.0000000000
116354  -29.146  -18.013  65.886 0.0000000000
48237  -28.371  -18.804  63.718 0.0000000000
117493  -24.041  -20.575  60.338 0.0000000000
47144  -25.408  -20.474  62.472 0.0000000000
127607  -24.146  -20.571  62.042 0.0000000000
47142  -23.928  -20.552  62.916 0.0000000000
47173  -22.587  -20.335  61.017 0.0000000000
48274  -21.448  -19.525  60.184 0.0000000000
54683  -4.745  -12.245  71.069 0.0000000000
54698  -4.413  -12.595  70.424 0.0000000000
53853  -4.019  -13.104  68.954 0.0000000000
53866  -5.168  -13.631  69.136 0.0000000000
53055  -6.586  -14.026  68.242 0.0000000000
53868  -7.588  -13.571  68.753 0.0000000000
52165  -8.753  -15.539  69.978 0.0000000000
52166  -8.950  -15.188  69.207 0.0000000000
50225  -7.740  -17.337  69.384 0.0000000000
50233  -7.355  -18.165  68.009 0.0000000000
50229  -7.022  -17.905  68.853 0.0000000000
66255  -45.377  -0.278  45.573 0.0000000000
67110  -46.516  0.439  46.543 0.0000000000
66249  -45.574  0.318  47.083 0.0000000000
65312  -42.543  -1.537  45.359 0.0000000000
64389  -42.234  -2.073  45.061 0.0000000000
65320  -43.621  -1.451  44.920 0.0000000000
65321  -44.338  -1.111  44.238 0.0000000000
51187  -14.581  -15.832  74.878 0.0000000000
49174  -13.561  -17.513  71.623 0.0000000000
49173  -12.756  -17.379  72.270 0.0000000000
116007  -12.552  -17.832  71.490 0.0000000000
134261  -11.281  -19.206  70.839 0.0000000000
47036  -11.673  -19.264  69.873 0.0000000000
49252  -18.444  -17.103  63.465 0.0000000000
135906  -19.427  -17.626  64.874 0.0000000000
49242  -17.179  -17.371  64.509 0.0000000000
48204  -15.314  -18.538  65.208 0.0000000000
117015  -16.988  -18.382  66.445 0.0000000000
48177  -16.496  -18.603  67.136 0.0000000000
48166  -17.189  -19.215  68.758 0.0000000000
48165  -16.289  -18.876  68.699 0.0000000000
48152  -15.631  -18.457  68.991 0.0000000000
48176  -14.986  -18.428  67.440 0.0000000000
47089  -12.798  -20.208  66.572 0.0000000000
57498  -3.001  -9.108  64.109 0.0000000000
54775  -3.932  -13.191  63.036 0.0000000000
55676  -4.316  -11.960  62.250 0.0000000000
53902  -4.065  -13.639  61.457 0.0000000000
54788  -4.292  -13.155  60.342 0.0000000000
53088  -4.028  -14.424  60.597 0.0000000000
51259  -7.685  -15.891  62.831 0.0000000000
129875  -6.610  -16.206  62.989 0.0000000000
51266  -8.155  -16.084  61.476 0.0000000000
51299  -8.864  -16.293  57.963 0.0000000000
51287  -7.677  -16.302  59.705 0.0000000000
50305  -7.198  -16.483  57.779 0.0000000000
50303  -5.397  -16.606  58.546 0.0000000000
50316  -6.325  -16.643  57.337 0.0000000000
49325  -5.306  -16.922  55.720 0.0000000000
56477  -9.210  -10.813  76.173 0.0000000000
50158  -8.777  -16.930  75.921 0.0000000000
118124  -9.865  -15.134  76.920 0.0000000000
51169  -8.164  -16.806  76.319 0.0000000000
51192  -5.550  -16.878  74.623 0.0000000000
52122  -5.797  -15.927  75.082 0.0000000000
52125  -5.689  -15.770  74.951 0.0000000000
53814  -7.094  -13.461  74.931 0.0000000000
118823  -6.253  -15.277  74.167 0.0000000000
52143  -6.948  -15.339  73.260 0.0000000000
117747  -5.080  -16.776  72.305 0.0000000000
48136  -4.255  -20.281  70.260 0.0000000000
49192  -4.638  -18.877  70.690 0.0000000000
48160  -4.606  -20.182  69.028 0.0000000000
48171  -4.413  -20.306  68.225 0.0000000000
47073  -4.189  -20.817  67.867 0.0000000000
120186  -2.752  -26.203  69.756 0.0000000000
42874  -2.781  -24.610  69.576 0.0000000000
59505  -33.270  -8.899  63.527 0.0000000000
53098  -33.223  -13.986  58.378 0.0000000000
53925  -33.189  -13.195  58.010 0.0000000000
54797  -34.351  -12.440  60.064 0.0000000000
57521  -33.746  -10.440  62.019 0.0000000000
50283  -31.423  -16.449  60.486 0.0000000000
116725  -32.192  -15.717  59.430 0.0000000000
51302  -33.016  -14.883  58.911 0.0000000000
51270  -32.964  -15.893  61.961 0.0000000000
68000  -48.665  1.462  40.639 0.0000000000
66289  -43.819  -0.246  40.275 0.0000000000
66295  -44.330  -0.171  39.299 0.0000000000
66301  -45.202  0.125  38.746 0.0000000000
66297  -45.777  0.506  40.100 0.0000000000
67146  -47.295  0.922  40.834 0.0000000000
65266  -36.960  -1.127  52.354 0.0000000000
122028  -38.216  0.658  52.491 0.0000000000
137716  -38.058  0.053  53.866 0.0000000000
123998  -39.079  1.122  54.992 0.0000000000
61589  -30.596  -3.421  53.928 0.0000000000
122438  -31.151  -2.938  53.347 0.0000000000
63458  -32.737  -2.531  52.272 0.0000000000
63483  -32.876  -2.394  51.408 0.0000000000
63515  -34.069  -2.223  49.764 0.0000000000
63486  -35.588  -2.678  51.561 0.0000000000
63488  -36.256  -2.942  51.865 0.0000000000
49226  -8.525  -18.170  66.061 0.0000000000
49232  -8.877  -18.004  65.379 0.0000000000
48218  -7.630  -19.414  64.402 0.0000000000
48240  -7.157  -19.958  63.136 0.0000000000
47154  -6.446  -21.018  61.743 0.0000000000
132335  -6.196  -22.383  61.225 0.0000000000
46023  -5.695  -22.180  61.788 0.0000000000
45025  -5.321  -23.219  61.366 0.0000000000
123819  -10.463  -19.003  73.040 0.0000000000
48095  -9.936  -19.013  73.558 0.0000000000
47013  -9.557  -20.338  72.593 0.0000000000
63351  -31.488  -2.360  58.792 0.0000000000
57550  -31.956  -9.432  58.319 0.0000000000
117137  -31.850  -9.621  56.410 0.0000000000
58526  -30.601  -8.794  58.817 0.0000000000
58538  -29.201  -7.958  58.229 0.0000000000
59558  -28.899  -7.089  58.348 0.0000000000
61531  -29.448  -5.457  58.155 0.0000000000
62431  -30.230  -3.832  58.681 0.0000000000
47071  -28.116  -17.431  67.588 0.0000000000
48262  -27.379  -18.847  61.563 0.0000000000
131772  -27.103  -19.661  62.352 0.0000000000
119456  -26.594  -19.657  60.841 0.0000000000
47187  -24.530  -20.491  59.505 0.0000000000
67186  -47.834  1.272  34.532 0.0000000000
68036  -48.852  2.138  33.858 0.0000000000
68037  -49.663  2.268  33.601 0.0000000000
132108  -50.105  3.055  32.735 0.0000000000
54700  -6.668  -12.192  70.660 0.0000000000
135516  -7.232  -13.079  69.502 0.0000000000
54701  -8.004  -12.116  70.885 0.0000000000
53041  -8.914  -13.952  70.971 0.0000000000
52160  -8.806  -15.102  70.667 0.0000000000
117869  -42.962  -0.277  46.551 0.0000000000
67085  -43.968  0.955  48.501 0.0000000000
62604  -38.875  -2.947  46.527 0.0000000000
62626  -39.643  -3.122  46.182 0.0000000000
62627  -40.542  -3.501  45.662 0.0000000000
64382  -40.633  -1.805  45.487 0.0000000000
65305  -41.669  -0.913  46.035 0.0000000000
136745  -15.162  -16.509  74.357 0.0000000000
50194  -15.636  -17.436  73.658 0.0000000000
49158  -14.882  -17.690  72.596 0.0000000000
49186  -14.290  -17.824  70.911 0.0000000000
48220  -15.033  -18.875  64.273 0.0000000000
48190  -14.286  -19.064  66.263 0.0000000000
56566  -3.445  -9.832  66.025 0.0000000000
56574  -3.470  -9.928  64.623 0.0000000000
139053  -4.083  -12.668  64.953 0.0000000000
124866  -3.932  -13.402  63.786 0.0000000000
52198  -4.374  -14.934  63.203 0.0000000000
50278  -9.569  -16.944  60.390 0.0000000000
51279  -9.308  -16.354  60.026 0.0000000000
50293  -9.510  -16.780  59.340 0.0000000000
50306  -9.536  -17.222  58.289 0.0000000000
50318  -9.587  -17.356  57.356 0.0000000000
58377  -13.522  -9.385  73.603 0.0000000000
58357  -12.564  -9.561  75.449 0.0000000000
57384  -10.828  -10.694  77.518 0.0000000000
48078  -6.166  -18.846  75.164 0.0000000000
50164  -6.363  -17.770  75.736 0.0000000000
48076  -5.509  -18.953  74.909 0.0000000000
49147  -5.067  -18.358  74.449 0.0000000000
50189  -4.633  -18.337  73.334 0.0000000000
50209  -4.509  -18.274  72.180 0.0000000000
48108  -4.340  -19.469  72.281 0.0000000000
48122  -4.169  -20.156  71.052 0.0000000000
119927  -3.748  -21.223  70.033 0.0000000000
139358  -33.292  -11.675  56.633 0.0000000000
55705  -33.451  -12.090  58.325 0.0000000000
56631  -33.228  -11.085  57.849 0.0000000000
116655  -32.656  -9.976  58.198 0.0000000000
58505  -31.738  -8.837  60.619 0.0000000000
60550  -30.654  -7.064  62.199 0.0000000000
117987  -30.221  -17.996  63.904 0.0000000000
50247  -32.540  -16.292  64.704 0.0000000000
49255  -30.575  -17.845  63.001 0.0000000000
48249  -29.077  -18.237  62.545 0.0000000000
131935  -27.462  -18.360  60.571 0.0000000000
138708  -46.358  0.331  36.878 0.0000000000
67167  -48.565  -0.111  36.206 0.0000000000
68014  -49.752  0.919  36.939 0.0000000000
67081  -39.937  1.078  48.632 0.0000000000
67927  -41.250  1.869  50.107 0.0000000000
67915  -41.004  2.061  51.018 0.0000000000
63516  -35.167  -2.309  49.527 0.0000000000
64369  -37.424  -1.617  48.369 0.0000000000
65296  -38.725  -0.460  48.120 0.0000000000
48245  -21.448  -18.842  62.950 0.0000000000
48234  -21.249  -18.492  63.853 0.0000000000
130327  -20.239  -17.749  62.626 0.0000000000
49260  -18.383  -17.125  62.393 0.0000000000
138647  -5.131  -11.138  56.798 0.0000000000
54806  -4.681  -12.601  57.202 0.0000000000
52177  -5.622  -15.146  66.509 0.0000000000
52194  -4.958  -15.611  65.200 0.0000000000
52186  -6.989  -15.430  65.445 0.0000000000
51250  -8.218  -15.739  63.658 0.0000000000
50250  -9.348  -16.422  62.572 0.0000000000
49249  -9.216  -18.057  63.435 0.0000000000
133251  -9.095  -18.298  62.694 0.0000000000
49270  -9.439  -17.792  61.031 0.0000000000
49281  -9.211  -18.457  60.686 0.0000000000
122695  -12.525  -13.676  76.532 0.0000000000
120172  -11.047  -15.048  75.737 0.0000000000
50160  -9.703  -16.354  75.925 0.0000000000
119905  -8.291  -17.427  75.512 0.0000000000
48091  -8.594  -18.462  74.389 0.0000000000
48086  -7.342  -18.519  74.936 0.0000000000
46998  -6.261  -19.345  74.791 0.0000000000
45956  -6.193  -20.931  74.502 0.0000000000
45959  -5.597  -21.166  74.039 0.0000000000
44959  -4.958  -22.202  73.443 0.0000000000
63403  -34.677  -2.990  55.687 0.0000000000
64303  -37.426  -2.372  56.337 0.0000000000
64290  -35.680  -2.366  57.009 0.0000000000
57595  -32.132  -9.880  54.869 0.0000000000
61571  -30.157  -3.986  54.384 0.0000000000
117243  -33.382  -3.029  54.979 0.0000000000
47080  -24.188  -20.349  66.835 0.0000000000
47103  -22.971  -19.971  64.898 0.0000000000
49207  -30.820  -16.817  68.104 0.0000000000
48183  -29.198  -17.366  67.080 0.0000000000
47108  -27.368  -19.473  66.207 0.0000000000
47146  -26.878  -20.051  62.965 0.0000000000
47132  -26.426  -20.238  63.700 0.0000000000
134585  -26.326  -20.290  65.259 0.0000000000
47119  -24.349  -20.499  64.388 0.0000000000
47117  -23.046  -20.118  64.025 0.0000000000
48236  -22.415  -19.951  63.393 0.0000000000
122348  -21.529  -19.145  62.025 0.0000000000
68948  -50.640  3.261  32.197 0.0000000000
125952  -51.173  3.583  31.527 0.0000000000
120290  -51.058  4.048  30.751 0.0000000000
131733  -4.342  -12.245  67.018 0.0000000000
53878  -4.451  -13.675  66.999 0.0000000000
54711  -3.755  -12.011  68.967 0.0000000000
53865  -4.160  -13.235  68.323 0.0000000000
53061  -4.690  -14.210  67.586 0.0000000000
52171  -6.185  -14.684  67.007 0.0000000000
53071  -8.004  -14.739  66.672 0.0000000000
52172  -8.879  -15.457  66.945 0.0000000000
53056  -8.274  -14.094  68.331 0.0000000000
52168  -8.978  -15.340  67.770 0.0000000000
50235  -8.939  -17.030  66.938 0.0000000000
49219  -7.616  -18.422  67.195 0.0000000000
48189  -6.196  -19.289  66.206 0.0000000000
48188  -5.160  -19.554  66.497 0.0000000000
66275  -46.355  0.070  43.612 0.0000000000
63583  -42.187  -3.951  44.201 0.0000000000
136066  -42.425  -3.674  43.028 0.0000000000
63590  -42.752  -2.988  42.484 0.0000000000
64404  -43.739  -1.859  43.139 0.0000000000
65331  -44.978  -0.628  43.770 0.0000000000
51185  -12.354  -15.366  74.434 0.0000000000
119714  -11.791  -15.953  74.059 0.0000000000
50180  -14.001  -16.104  73.855 0.0000000000
50179  -12.919  -16.093  73.523 0.0000000000
49156  -11.075  -17.577  73.324 0.0000000000
47025  -10.776  -19.867  70.864 0.0000000000
49237  -20.174  -18.057  65.229 0.0000000000
48208  -19.821  -18.377  66.143 0.0000000000
126060  -19.063  -19.106  67.358 0.0000000000
48206  -17.370  -18.100  65.758 0.0000000000
123791  -18.060  -18.500  66.492 0.0000000000
138821  -18.682  -19.466  68.482 0.0000000000
48155  -18.279  -19.522  69.677 0.0000000000
48142  -17.542  -19.380  70.133 0.0000000000
48111  -16.986  -19.081  71.596 0.0000000000
49196  -15.906  -18.713  70.830 0.0000000000
49195  -15.191  -18.240  70.474 0.0000000000
49202  -13.622  -17.972  69.436 0.0000000000
48174  -13.101  -19.457  67.242 0.0000000000
47075  -12.671  -19.456  67.897 0.0000000000
48149  -12.288  -18.900  69.322 0.0000000000
47060  -11.371  -20.156  68.518 0.0000000000
57515  -4.094  -8.976  61.809 0.0000000000
56581  -3.761  -10.625  63.798 0.0000000000
56587  -4.593  -10.317  62.075 0.0000000000
56596  -5.178  -10.444  61.266 0.0000000000
55691  -5.324  -11.973  59.884 0.0000000000
54802  -4.701  -12.865  58.667 0.0000000000
53918  -3.825  -14.570  58.291 0.0000000000
118643  -4.949  -16.131  63.930 0.0000000000
51248  -4.788  -16.100  63.233 0.0000000000
50263  -4.958  -16.242  61.989 0.0000000000
51276  -7.837  -16.242  60.674 0.0000000000
123106  -5.859  -16.923  60.796 0.0000000000
131853  -4.757  -16.167  61.005 0.0000000000
50288  -4.341  -15.972  59.535 0.0000000000
51297  -3.968  -15.572  57.993 0.0000000000
51316  -3.633  -15.894  56.298 0.0000000000
120919  -4.650  -17.055  55.223 0.0000000000
129565  -11.350  -13.846  76.877 0.0000000000
53790  -10.089  -13.327  77.648 0.0000000000
54647  -9.152  -12.118  76.920 0.0000000000
51167  -6.571  -15.998  76.181 0.0000000000
52994  -7.330  -14.187  76.565 0.0000000000
55539  -9.029  -11.676  76.150 0.0000000000
54657  -7.769  -12.475  76.000 0.0000000000
53815  -7.301  -12.570  74.966 0.0000000000
139284  -8.367  -11.922  73.607 0.0000000000
53028  -8.203  -14.312  73.390 0.0000000000
52153  -7.235  -15.614  72.203 0.0000000000
51220  -6.960  -16.661  70.938 0.0000000000
50211  -5.006  -17.237  71.504 0.0000000000
50217  -5.264  -17.513  70.670 0.0000000000
50223  -5.556  -17.796  69.892 0.0000000000
49210  -5.310  -18.682  68.672 0.0000000000
48187  -4.480  -19.944  66.946 0.0000000000
47100  -4.436  -20.683  65.745 0.0000000000
42863  -3.959  -24.121  72.052 0.0000000000
127220  -3.432  -25.069  71.190 0.0000000000
43905  -3.603  -23.626  71.327 0.0000000000
127205  -3.358  -23.600  70.714 0.0000000000
126100  -3.199  -23.390  70.033 0.0000000000
126851  -3.421  -22.581  68.879 0.0000000000
130195  -3.250  -24.122  67.443 0.0000000000
44979  -3.470  -22.664  67.907 0.0000000000
45989  -3.985  -22.024  66.884 0.0000000000
45998  -4.289  -22.425  65.326 0.0000000000
45999  -4.462  -22.029  64.932 0.0000000000
45004  -4.433  -23.262  63.069 0.0000000000
132556  -4.430  -24.058  62.115 0.0000000000
126732  -35.192  -12.134  62.595 0.0000000000
56580  -34.839  -10.536  64.001 0.0000000000
55665  -35.155  -11.425  63.722 0.0000000000
53899  -34.785  -13.112  62.131 0.0000000000
54776  -35.010  -12.459  62.064 0.0000000000
131783  -34.826  -13.504  62.731 0.0000000000
53089  -34.162  -13.723  61.448 0.0000000000
123435  -35.138  -12.929  63.734 0.0000000000
53896  -34.940  -13.584  63.375 0.0000000000
55659  -34.883  -11.379  64.492 0.0000000000
67132  -47.707  0.620  43.348 0.0000000000
67137  -48.300  1.002  42.852 0.0000000000
66281  -46.230  0.185  42.773 0.0000000000
67135  -46.821  0.535  42.245 0.0000000000
63421  -36.792  -3.177  54.325 0.0000000000
124605  -37.414  -2.781  54.762 0.0000000000
64314  -37.166  -3.092  55.093 0.0000000000
63419  -34.909  -3.234  54.408 0.0000000000
63438  -34.466  -3.136  53.780 0.0000000000
63420  -35.888  -3.316  54.378 0.0000000000
63440  -36.164  -3.234  53.550 0.0000000000
48215  -4.775  -20.205  65.107 0.0000000000
48216  -5.437  -19.943  64.501 0.0000000000
47112  -4.859  -20.523  64.285 0.0000000000
134070  -4.668  -21.029  64.089 0.0000000000
45977  -9.508  -21.502  70.518 0.0000000000
122672  -29.843  -5.148  61.065 0.0000000000
55569  -7.587  -10.463  72.705 0.0000000000
55584  -8.112  -11.041  72.450 0.0000000000
67083  -41.646  1.085  48.283 0.0000000000
67072  -42.564  1.413  48.978 0.0000000000
66229  -40.148  0.480  47.838 0.0000000000
66238  -40.404  -0.048  47.268 0.0000000000
67098  -41.115  0.459  47.484 0.0000000000
49161  -17.635  -18.271  73.077 0.0000000000
49178  -17.084  -18.483  72.876 0.0000000000
136866  -17.357  -18.863  72.499 0.0000000000
48211  -22.422  -19.437  65.403 0.0000000000
47091  -22.153  -19.341  66.304 0.0000000000
135613  -21.921  -19.009  65.006 0.0000000000
53928  -4.262  -13.677  56.649 0.0000000000
53933  -4.238  -13.629  55.753 0.0000000000
53067  -4.386  -14.156  66.242 0.0000000000
53074  -4.332  -14.279  65.567 0.0000000000
139436  -4.365  -14.447  65.836 0.0000000000
55538  -13.511  -11.994  76.832 0.0000000000
45965  -4.629  -21.319  73.265 0.0000000000
45964  -4.367  -21.341  72.717 0.0000000000
45969  -4.132  -21.394  72.167 0.0000000000
44963  -4.121  -22.027  72.251 0.0000000000
59504  -32.745  -8.568  63.402 0.0000000000
58491  -32.930  -9.486  62.070 0.0000000000
59503  -32.287  -8.339  63.166 0.0000000000
60540  -32.018  -7.671  63.527 0.0000000000
136676  -30.922  -16.853  60.565 0.0000000000
133455  -30.483  -17.202  60.890 0.0000000000
68004  -48.556  1.467  39.706 0.0000000000
68010  -49.265  1.711  39.189 0.0000000000
135460  -36.451  -1.792  51.907 0.0000000000
65273  -36.188  -1.970  51.098 0.0000000000
119281  -37.193  -0.663  51.279 0.0000000000
66206  -37.626  -0.272  50.156 0.0000000000
59523  -4.020  -7.384  60.633 0.0000000000
57536  -5.828  -9.039  59.200 0.0000000000
57535  -5.387  -8.994  60.086 0.0000000000
51237  -9.157  -16.082  65.956 0.0000000000
51240  -9.196  -16.218  65.218 0.0000000000
47155  -7.261  -20.644  61.485 0.0000000000
48256  -7.852  -19.970  61.861 0.0000000000
47169  -7.592  -20.859  60.744 0.0000000000
124643  -7.226  -21.397  60.777 0.0000000000
46033  -6.873  -21.966  60.829 0.0000000000
49149  -10.943  -16.812  73.965 0.0000000000
49145  -10.302  -16.931  74.423 0.0000000000
45966  -6.999  -21.516  73.529 0.0000000000
64277  -33.461  -1.672  57.710 0.0000000000
55715  -33.410  -11.329  55.229 0.0000000000
62443  -31.449  -2.891  57.269 0.0000000000
62453  -32.206  -2.634  56.658 0.0000000000
47070  -27.414  -18.084  67.617 0.0000000000
119019  -26.940  -18.818  67.853 0.0000000000
116477  -26.239  -20.218  66.745 0.0000000000
48225  -29.107  -18.462  64.224 0.0000000000
47160  -24.566  -20.555  61.174 0.0000000000
47159  -23.486  -20.522  61.280 0.0000000000
128739  -22.433  -20.312  60.259 0.0000000000
54699  -5.432  -12.560  70.606 0.0000000000
55593  -3.951  -11.989  70.904 0.0000000000
128800  -5.043  -13.169  69.910 0.0000000000
53855  -6.011  -13.289  69.518 0.0000000000
53867  -6.342  -13.595  68.916 0.0000000000
51221  -8.056  -16.242  70.570 0.0000000000
51225  -8.436  -16.404  69.686 0.0000000000
138273  -45.189  -0.069  46.343 0.0000000000
66248  -44.646  0.020  46.827 0.0000000000
66247  -43.457  -0.593  46.045 0.0000000000
65313  -43.164  -1.047  45.535 0.0000000000
65314  -43.934  -0.867  45.452 0.0000000000
49185  -13.141  -17.766  70.877 0.0000000000
49184  -12.372  -18.147  70.875 0.0000000000
116748  -17.554  -17.186  62.981 0.0000000000
49251  -17.407  -17.183  63.775 0.0000000000
48191  -15.028  -18.639  66.104 0.0000000000
48192  -15.946  -18.335  66.209 0.0000000000
129172  -15.970  -18.593  67.743 0.0000000000
48164  -15.403  -18.421  68.269 0.0000000000
57487  -2.971  -9.143  65.013 0.0000000000
53081  -4.164  -14.225  62.356 0.0000000000
53897  -4.060  -13.711  62.266 0.0000000000
53901  -4.043  -14.075  61.471 0.0000000000
133176  -3.932  -13.995  60.680 0.0000000000
52206  -4.209  -15.033  61.039 0.0000000000
137574  -9.020  -16.043  62.245 0.0000000000
51260  -8.461  -15.938  62.207 0.0000000000
51267  -8.973  -15.974  61.582 0.0000000000
51306  -8.136  -16.267  57.408 0.0000000000
51298  -8.165  -16.240  58.232 0.0000000000
50317  -7.177  -16.458  56.955 0.0000000000
131869  -7.234  -16.423  56.298 0.0000000000
51317  -8.075  -16.252  56.636 0.0000000000
58350  -10.800  -10.096  76.345 0.0000000000
57392  -9.571  -10.623  76.476 0.0000000000
50157  -7.960  -17.302  76.008 0.0000000000
50153  -8.844  -16.842  76.038 0.0000000000
50156  -7.172  -17.450  76.115 0.0000000000
52133  -5.456  -16.589  74.440 0.0000000000
52121  -5.587  -16.258  74.813 0.0000000000
52134  -5.577  -15.973  74.487 0.0000000000
53019  -5.952  -15.172  74.854 0.0000000000
52142  -5.725  -15.927  73.557 0.0000000000
51210  -5.205  -16.562  73.093 0.0000000000
47046  -3.823  -21.026  69.306 0.0000000000
48148  -4.571  -19.971  69.855 0.0000000000
48147  -4.243  -20.510  69.358 0.0000000000
47059  -4.293  -20.524  68.595 0.0000000000
118993  -3.948  -21.345  68.063 0.0000000000
39884  -2.761  -27.777  69.954 0.0000000000
40935  -2.853  -26.956  70.176 0.0000000000
121350  -2.756  -27.048  69.377 0.0000000000
58469  -33.803  -9.022  63.774 0.0000000000
53099  -33.447  -13.915  59.220 0.0000000000
121264  -33.509  -13.547  59.111 0.0000000000
133090  -33.947  -13.215  59.688 0.0000000000
127511  -34.514  -11.082  62.394 0.0000000000
56601  -34.379  -11.305  61.537 0.0000000000
122280  -34.031  -10.408  62.801 0.0000000000
58493  -33.606  -10.046  62.787 0.0000000000
137841  -32.350  -15.944  60.863 0.0000000000
51291  -32.011  -16.057  60.294 0.0000000000
51292  -32.580  -15.465  60.275 0.0000000000
130498  -33.943  -13.722  60.269 0.0000000000
51293  -33.063  -14.834  59.843 0.0000000000
52220  -33.305  -14.333  59.467 0.0000000000
52225  -33.166  -14.428  58.589 0.0000000000
52204  -33.817  -14.922  62.207 0.0000000000
51263  -33.493  -15.588  62.506 0.0000000000
51269  -32.436  -16.173  61.495 0.0000000000
67997  -48.787  1.429  41.521 0.0000000000
67998  -49.581  1.721  41.877 0.0000000000
65334  -43.485  -1.417  42.268 0.0000000000
65340  -42.864  -1.252  41.458 0.0000000000
130481  -43.406  -0.790  41.630 0.0000000000
66290  -44.502  0.016  40.897 0.0000000000
124769  -44.566  0.084  40.143 0.0000000000
66296  -45.107  0.230  39.704 0.0000000000
67141  -47.425  0.859  41.713 0.0000000000
67147  -48.050  1.136  41.178 0.0000000000
67151  -47.914  1.198  40.285 0.0000000000
65258  -37.008  -1.602  53.208 0.0000000000
121308  -37.560  -0.388  52.840 0.0000000000
66182  -37.639  -0.555  53.581 0.0000000000
117965  -37.936  -0.482  55.147 0.0000000000
67033  -38.444  0.348  54.969 0.0000000000
62493  -31.221  -3.022  54.121 0.0000000000
62511  -33.196  -2.731  52.970 0.0000000000
63484  -33.733  -2.413  51.701 0.0000000000
63485  -34.681  -2.392  51.215 0.0000000000
126960  -34.573  -2.553  51.998 0.0000000000
135511  -36.868  -2.803  53.235 0.0000000000
63463  -36.528  -2.945  52.586 0.0000000000
64341  -36.578  -2.801  52.570 0.0000000000
65257  -36.585  -2.346  52.621 0.0000000000
49231  -8.055  -18.744  65.690 0.0000000000
48202  -7.416  -19.266  65.228 0.0000000000
47125  -6.247  -20.322  63.205 0.0000000000
48229  -6.928  -19.814  63.838 0.0000000000
125034  -5.925  -20.898  62.424 0.0000000000
47137  -5.771  -21.515  62.058 0.0000000000
46022  -5.175  -22.556  61.953 0.0000000000
45016  -4.922  -23.186  61.863 0.0000000000
44000  -5.074  -23.748  61.246 0.0000000000
43980  -4.751  -23.735  61.731 0.0000000000
47014  -10.210  -19.984  72.074 0.0000000000
47010  -10.069  -19.633  72.910 0.0000000000
58519  -31.521  -9.035  59.759 0.0000000000
58527  -31.349  -9.137  58.957 0.0000000000
58518  -30.686  -8.660  59.473 0.0000000000
60559  -29.644  -6.426  60.074 0.0000000000
59539  -29.611  -7.452  59.543 0.0000000000
59549  -29.232  -7.279  58.980 0.0000000000
60575  -29.179  -6.368  58.676 0.0000000000
61518  -29.497  -5.608  58.995 0.0000000000
62432  -30.481  -3.478  59.225 0.0000000000
48159  -29.481  -16.758  68.545 0.0000000000
48275  -26.937  -18.964  60.893 0.0000000000
47175  -26.410  -19.368  60.279 0.0000000000
67179  -48.292  0.053  35.341 0.0000000000
67187  -48.510  0.620  34.683 0.0000000000
67188  -49.417  0.718  34.335 0.0000000000
67199  -49.634  1.466  34.015 0.0000000000
68038  -50.479  1.606  33.798 0.0000000000
53838  -8.829  -12.604  72.144 0.0000000000
138145  -8.770  -13.019  71.178 0.0000000000
52154  -8.471  -15.142  71.809 0.0000000000
66241  -43.335  0.161  47.184 0.0000000000
67101  -43.648  0.560  47.832 0.0000000000
63545  -38.220  -2.329  47.171 0.0000000000
64377  -39.651  -1.664  46.289 0.0000000000
139000  -39.388  -2.055  46.206 0.0000000000
63565  -39.603  -2.417  46.071 0.0000000000
63566  -40.194  -2.132  45.639 0.0000000000
138780  -40.154  -2.653  45.792 0.0000000000
66239  -41.758  -0.009  46.945 0.0000000000
66246  -42.161  -0.414  46.479 0.0000000000
50195  -16.370  -17.554  73.913 0.0000000000
49177  -16.277  -18.388  72.570 0.0000000000
49159  -15.523  -17.972  73.011 0.0000000000
49176  -15.475  -18.153  72.186 0.0000000000
49175  -14.592  -17.755  71.876 0.0000000000
48219  -14.689  -19.104  64.784 0.0000000000
47116  -14.484  -19.361  64.281 0.0000000000
55644  -4.004  -10.864  66.166 0.0000000000
55653  -4.053  -11.779  65.367 0.0000000000
53076  -4.225  -14.172  64.734 0.0000000000
53893  -4.099  -13.589  64.537 0.0000000000
53079  -4.118  -14.038  63.894 0.0000000000
130901  -4.257  -14.445  63.180 0.0000000000
52199  -4.517  -15.287  63.523 0.0000000000
49294  -9.515  -17.673  59.726 0.0000000000
51300  -9.286  -16.700  57.694 0.0000000000
125498  -9.802  -17.925  57.009 0.0000000000
57396  -12.882  -10.717  75.875 0.0000000000
58362  -13.429  -9.555  74.977 0.0000000000
57399  -12.688  -10.149  75.610 0.0000000000
58352  -11.700  -10.203  76.034 0.0000000000
57385  -11.396  -10.802  77.474 0.0000000000
48084  -5.731  -19.424  74.720 0.0000000000
48077  -5.922  -18.897  75.099 0.0000000000
48083  -5.310  -19.551  74.511 0.0000000000
48089  -4.551  -19.539  73.633 0.0000000000
49146  -4.661  -18.947  74.093 0.0000000000
50177  -4.800  -18.335  73.866 0.0000000000
49155  -4.490  -18.889  73.474 0.0000000000
49171  -4.432  -18.746  72.745 0.0000000000
45972  -3.916  -21.385  71.556 0.0000000000
48107  -4.227  -20.134  71.815 0.0000000000
122341  -3.766  -21.309  70.819 0.0000000000
47033  -3.921  -20.712  70.577 0.0000000000
45976  -3.637  -21.946  70.266 0.0000000000
137212  -33.524  -11.875  55.888 0.0000000000
54803  -33.681  -12.403  59.007 0.0000000000
54807  -33.320  -12.665  58.222 0.0000000000
55699  -33.712  -11.808  59.074 0.0000000000
57530  -33.238  -9.929  60.489 0.0000000000
57553  -33.231  -10.610  59.200 0.0000000000
133625  -33.062  -9.945  59.870 0.0000000000
56624  -32.971  -10.485  58.243 0.0000000000
57539  -32.630  -9.733  59.507 0.0000000000
129756  -32.280  -9.352  60.047 0.0000000000
58506  -32.482  -9.141  60.871 0.0000000000
51311  -31.580  -16.263  57.644 0.0000000000
49238  -31.761  -16.550  65.961 0.0000000000
122268  -30.983  -17.135  65.602 0.0000000000
49245  -31.387  -17.247  64.702 0.0000000000
50253  -33.243  -16.054  64.068 0.0000000000
50252  -32.692  -16.576  63.898 0.0000000000
49263  -31.161  -17.476  62.518 0.0000000000
48250  -29.878  -18.009  62.354 0.0000000000
48265  -29.180  -18.035  61.744 0.0000000000
48264  -28.613  -18.120  61.243 0.0000000000
48288  -27.519  -18.036  59.978 0.0000000000
127200  -50.676  2.117  37.987 0.0000000000
66302  -45.970  0.405  38.835 0.0000000000
119069  -45.872  0.269  38.093 0.0000000000
67160  -47.369  0.475  37.719 0.0000000000
67159  -46.523  0.364  37.555 0.0000000000
120580  -47.080  0.314  36.905 0.0000000000
118246  -47.977  0.174  36.998 0.0000000000
67166  -47.596  0.195  36.001 0.0000000000
120025  -49.897  1.558  37.821 0.0000000000
68015  -50.581  1.597  37.092 0.0000000000
67070  -40.530  1.492  49.402 0.0000000000
67063  -40.228  1.626  50.319 0.0000000000
67906  -40.811  2.237  51.894 0.0000000000
67045  -38.926  1.309  53.427 0.0000000000
63504  -34.901  -2.315  50.402 0.0000000000
63517  -35.831  -2.647  50.225 0.0000000000
63519  -36.267  -2.985  49.813 0.0000000000
63531  -36.395  -2.636  48.986 0.0000000000
64368  -36.426  -2.298  48.958 0.0000000000
66218  -38.524  0.624  49.843 0.0000000000
66217  -38.177  -0.077  49.063 0.0000000000
117954  -38.989  0.740  49.033 0.0000000000
130680  -20.915  -18.425  62.338 0.0000000000
49262  -20.303  -18.001  61.732 0.0000000000
49273  -18.782  -17.216  61.449 0.0000000000
57557  -5.318  -8.746  57.201 0.0000000000
55704  -5.895  -10.133  57.588 0.0000000000
55703  -5.521  -10.979  57.312 0.0000000000
121047  -5.173  -12.044  57.609 0.0000000000
121432  -6.258  -15.348  65.998 0.0000000000
115803  -8.983  -15.921  63.802 0.0000000000
51251  -8.873  -15.857  62.971 0.0000000000
49248  -8.569  -18.875  64.005 0.0000000000
49240  -9.236  -17.751  64.419 0.0000000000
49257  -9.341  -17.866  61.937 0.0000000000
48269  -8.844  -19.167  60.641 0.0000000000
47180  -8.056  -20.874  59.963 0.0000000000
47181  -8.536  -20.113  59.628 0.0000000000
137447  -5.684  -22.975  61.151 0.0000000000
45026  -6.398  -22.780  60.481 0.0000000000
45035  -5.951  -23.485  60.157 0.0000000000
52112  -11.474  -14.571  76.049 0.0000000000
49142  -9.423  -17.121  75.067 0.0000000000
50166  -9.825  -16.535  75.242 0.0000000000
50165  -9.118  -16.966  75.570 0.0000000000
48094  -9.200  -18.761  73.977 0.0000000000
47006  -8.408  -19.293  74.017 0.0000000000
47004  -6.761  -20.372  74.252 0.0000000000
47001  -7.018  -19.419  74.538 0.0000000000
48085  -6.667  -18.985  74.895 0.0000000000
47000  -6.445  -19.841  74.527 0.0000000000
43892  -5.812  -22.349  73.478 0.0000000000
45960  -5.948  -21.246  74.123 0.0000000000
44954  -5.649  -21.762  73.740 0.0000000000
63392  -35.402  -2.921  56.171 0.0000000000
63377  -34.931  -2.454  56.625 0.0000000000
57582  -32.277  -9.890  55.761 0.0000000000
57581  -31.602  -9.618  55.543 0.0000000000
61544  -30.567  -3.578  56.268 0.0000000000
61543  -30.119  -4.185  55.922 0.0000000000
61558  -30.655  -3.506  55.545 0.0000000000
62463  -32.717  -2.637  56.033 0.0000000000
62474  -32.639  -2.810  55.509 0.0000000000
63402  -33.671  -2.799  55.669 0.0000000000
118392  -34.358  -3.132  55.070 0.0000000000
116478  -24.777  -20.456  66.496 0.0000000000
133702  -24.725  -20.441  67.131 0.0000000000
47094  -24.179  -20.378  66.045 0.0000000000
47104  -23.501  -20.147  65.513 0.0000000000
48212  -28.544  -18.559  65.480 0.0000000000
48196  -29.189  -17.657  66.606 0.0000000000
47110  -28.474  -18.254  66.258 0.0000000000
47098  -28.381  -18.008  66.844 0.0000000000
129965  -27.554  -19.414  65.469 0.0000000000
117459  -26.611  -20.096  62.131 0.0000000000
117508  -25.290  -20.503  63.025 0.0000000000
47145  -26.078  -20.352  62.824 0.0000000000
47131  -25.577  -20.450  63.629 0.0000000000
47121  -26.687  -20.180  64.523 0.0000000000
47120  -25.830  -20.439  64.516 0.0000000000
116474  -24.932  -20.518  64.912 0.0000000000
131610  -25.014  -20.508  64.203 0.0000000000
47129  -23.126  -20.264  63.155 0.0000000000
48246  -21.966  -19.638  62.693 0.0000000000
132008  -22.015  -20.021  61.701 0.0000000000
48273  -20.911  -18.908  60.551 0.0000000000
68058  -50.805  2.848  32.917 0.0000000000
69888  -51.752  4.010  30.886 0.0000000000
55621  -4.049  -11.522  67.805 0.0000000000
120034  -4.460  -13.128  67.046 0.0000000000
54736  -4.303  -12.520  67.707 0.0000000000
55592  -3.556  -11.540  70.392 0.0000000000
54696  -3.549  -11.780  69.664 0.0000000000
53060  -4.357  -13.621  67.690 0.0000000000
53069  -5.133  -14.759  67.012 0.0000000000
53062  -5.737  -14.388  67.662 0.0000000000
53063  -6.891  -14.321  67.525 0.0000000000
53064  -7.889  -14.402  67.444 0.0000000000
53072  -8.507  -15.061  66.597 0.0000000000
53065  -8.563  -14.765  67.135 0.0000000000
139645  -8.015  -13.248  69.340 0.0000000000
135233  -8.477  -13.640  69.215 0.0000000000
51226  -8.939  -15.822  68.752 0.0000000000
121099  -8.840  -14.739  68.397 0.0000000000
51234  -8.969  -16.251  67.376 0.0000000000
131917  -8.701  -17.087  67.740 0.0000000000
50239  -8.488  -17.971  66.737 0.0000000000
50234  -8.279  -17.787  67.556 0.0000000000
49218  -6.585  -18.640  67.519 0.0000000000
49224  -6.881  -18.863  66.723 0.0000000000
66264  -46.455  0.088  44.517 0.0000000000
136169  -46.885  0.317  45.204 0.0000000000
65215  -37.582  -1.494  56.551 0.0000000000
63573  -41.440  -3.169  45.123 0.0000000000
62645  -41.324  -4.160  44.967 0.0000000000
64399  -43.091  -2.466  44.427 0.0000000000
63584  -43.036  -3.185  43.759 0.0000000000
64403  -43.425  -2.361  43.097 0.0000000000
65322  -44.889  -0.690  44.538 0.0000000000
66263  -45.653  -0.312  44.209 0.0000000000
51186  -13.504  -15.307  74.636 0.0000000000
50181  -14.882  -16.720  73.940 0.0000000000
50192  -13.962  -16.609  73.359 0.0000000000
50191  -12.868  -16.766  72.987 0.0000000000
116541  -11.909  -17.348  72.851 0.0000000000
139635  -11.410  -17.868  72.781 0.0000000000
48110  -11.002  -18.473  72.726 0.0000000000
48125  -11.208  -18.871  71.819 0.0000000000
47035  -11.022  -19.894  70.194 0.0000000000
45979  -10.596  -20.462  69.687 0.0000000000
49244  -20.358  -17.917  64.212 0.0000000000
48221  -21.018  -18.295  64.759 0.0000000000
49235  -18.654  -17.827  65.361 0.0000000000
49236  -19.389  -18.049  65.535 0.0000000000
48194  -19.784  -18.932  66.901 0.0000000000
121667  -18.997  -18.696  66.687 0.0000000000
49241  -16.416  -17.666  64.280 0.0000000000
49233  -16.787  -17.758  64.985 0.0000000000
48178  -17.511  -19.011  67.273 0.0000000000
48193  -18.377  -19.006  67.102 0.0000000000
48179  -18.328  -19.253  67.869 0.0000000000
117812  -18.076  -19.414  68.780 0.0000000000
48154  -17.550  -19.356  69.395 0.0000000000
129249  -16.971  -19.199  70.422 0.0000000000
48128  -17.470  -19.329  71.061 0.0000000000
48127  -16.645  -19.078  70.997 0.0000000000
48141  -16.349  -19.015  70.276 0.0000000000
48151  -14.870  -18.154  68.791 0.0000000000
49204  -15.253  -18.256  69.616 0.0000000000
49203  -14.432  -18.009  69.304 0.0000000000
49194  -14.423  -17.988  70.005 0.0000000000
122165  -13.317  -20.026  65.943 0.0000000000
47090  -13.543  -19.499  66.467 0.0000000000
47074  -12.401  -20.039  67.439 0.0000000000
47062  -12.512  -19.168  68.563 0.0000000000
47061  -11.855  -19.563  68.987 0.0000000000
58461  -2.874  -8.389  63.620 0.0000000000
118833  -3.294  -8.157  62.743 0.0000000000
58472  -3.737  -8.286  62.037 0.0000000000
57507  -3.669  -9.123  62.657 0.0000000000
55654  -3.819  -11.142  64.628 0.0000000000
55667  -4.463  -10.958  62.490 0.0000000000
55677  -4.801  -11.174  61.871 0.0000000000
55685  -5.502  -11.255  60.527 0.0000000000
54789  -4.871  -12.267  60.688 0.0000000000
53908  -3.820  -14.167  59.872 0.0000000000
54795  -4.199  -13.385  59.433 0.0000000000
53915  -3.816  -13.896  59.269 0.0000000000
53919  -3.889  -14.016  58.462 0.0000000000
129557  -3.761  -14.843  58.801 0.0000000000
51243  -5.361  -15.961  64.640 0.0000000000
125182  -5.779  -16.176  63.957 0.0000000000
51257  -5.658  -16.584  62.691 0.0000000000
126945  -5.231  -16.415  63.330 0.0000000000
51256  -5.009  -16.437  62.667 0.0000000000
116233  -4.811  -16.073  62.709 0.0000000000
50254  -5.201  -16.677  62.014 0.0000000000
51278  -9.083  -16.046  60.130 0.0000000000
126726  -8.830  -15.986  60.822 0.0000000000
51277  -8.596  -16.043  60.170 0.0000000000
50291  -6.348  -16.772  59.524 0.0000000000
50277  -6.628  -16.688  60.381 0.0000000000
118689  -5.663  -16.904  60.144 0.0000000000
50276  -5.268  -16.784  60.674 0.0000000000
50275  -5.000  -16.493  60.483 0.0000000000
51275  -4.458  -15.877  60.354 0.0000000000
117213  -4.815  -16.329  59.786 0.0000000000
50315  -5.248  -16.554  57.545 0.0000000000
50302  -4.839  -16.380  58.149 0.0000000000
138976  -4.495  -16.266  57.547 0.0000000000
51305  -3.818  -15.658  57.016 0.0000000000
50313  -4.190  -16.219  56.976 0.0000000000
50325  -3.956  -16.426  56.112 0.0000000000
49324  -4.692  -16.819  55.865 0.0000000000
52109  -10.700  -14.882  76.321 0.0000000000
52986  -11.800  -13.645  76.723 0.0000000000
52990  -10.772  -14.825  76.424 0.0000000000
126875  -9.292  -14.988  77.153 0.0000000000
52989  -9.731  -14.470  77.296 0.0000000000
53797  -9.022  -13.590  77.409 0.0000000000
54640  -9.147  -12.606  77.243 0.0000000000
53796  -8.392  -13.578  77.147 0.0000000000
50163  -5.998  -17.336  75.632 0.0000000000
50155  -6.455  -16.968  76.117 0.0000000000
51176  -6.067  -16.607  75.667 0.0000000000
53000  -6.317  -15.156  75.529 0.0000000000
53001  -6.929  -14.303  75.919 0.0000000000
53805  -7.427  -13.551  76.217 0.0000000000
54651  -7.905  -12.793  76.204 0.0000000000
54654  -8.504  -12.077  76.108 0.0000000000
53020  -6.689  -14.449  74.640 0.0000000000
53823  -7.792  -12.573  74.355 0.0000000000
53830  -8.589  -12.931  73.474 0.0000000000
52152  -5.919  -16.052  72.489 0.0000000000
51216  -6.464  -16.222  71.626 0.0000000000
52159  -7.704  -15.934  71.376 0.0000000000
50210  -4.621  -17.905  71.676 0.0000000000
50215  -4.510  -18.555  71.490 0.0000000000
49200  -4.816  -18.957  69.834 0.0000000000
50222  -4.869  -18.198  70.217 0.0000000000
49201  -5.116  -18.449  69.459 0.0000000000
50228  -5.900  -18.101  69.125 0.0000000000
48186  -4.319  -20.455  67.422 0.0000000000
48172  -4.536  -19.916  67.825 0.0000000000
47088  -4.339  -20.552  66.593 0.0000000000
121705  -4.352  -21.061  66.319 0.0000000000
136155  -4.089  -24.785  71.973 0.0000000000
127130  -3.102  -25.435  70.785 0.0000000000
131324  -3.116  -26.147  70.712 0.0000000000
42862  -3.643  -24.345  71.452 0.0000000000
43910  -2.994  -23.857  69.464 0.0000000000
139279  -3.222  -23.180  69.355 0.0000000000
43913  -3.172  -23.447  68.611 0.0000000000
43916  -3.305  -23.507  67.667 0.0000000000
122397  -3.526  -22.993  67.214 0.0000000000
44983  -3.720  -22.466  67.212 0.0000000000
123170  -3.809  -22.794  66.584 0.0000000000
44986  -4.038  -22.864  65.688 0.0000000000
44990  -4.170  -22.926  64.873 0.0000000000
44991  -4.378  -22.632  64.387 0.0000000000
119307  -4.492  -22.777  63.480 0.0000000000
57511  -34.193  -9.876  63.499 0.0000000000
58470  -34.141  -9.257  63.878 0.0000000000
57505  -34.420  -9.712  63.901 0.0000000000
56573  -34.444  -9.697  64.498 0.0000000000
135561  -34.152  -13.316  60.202 0.0000000000
54782  -34.651  -12.754  61.414 0.0000000000
55681  -34.892  -11.772  61.984 0.0000000000
52207  -33.647  -14.613  61.278 0.0000000000
51281  -33.164  -14.995  60.766 0.0000000000
52215  -33.956  -13.999  60.949 0.0000000000
53080  -34.681  -14.226  63.778 0.0000000000
53894  -34.864  -13.670  64.114 0.0000000000
52205  -34.299  -14.490  62.719 0.0000000000
54762  -34.686  -12.222  64.896 0.0000000000
67143  -48.911  1.391  42.363 0.0000000000
66273  -44.945  -0.482  42.973 0.0000000000
66279  -44.723  -0.269  42.246 0.0000000000
66292  -45.895  0.441  40.999 0.0000000000
64333  -37.013  -2.396  53.706 0.0000000000
65249  -37.367  -1.456  53.974 0.0000000000
64325  -37.396  -2.257  54.404 0.0000000000
65227  -37.766  -1.234  55.484 0.0000000000
118983  -33.720  -3.058  53.861 0.0000000000
63437  -33.941  -2.921  53.234 0.0000000000
119150  -34.858  -2.993  53.120 0.0000000000
63460  -35.232  -2.815  52.396 0.0000000000
63461  -35.694  -3.067  52.913 0.0000000000
63441  -36.735  -3.065  53.391 0.0000000000
48201  -6.573  -19.387  65.525 0.0000000000
48217  -6.522  -19.626  64.704 0.0000000000
47113  -5.428  -20.380  63.742 0.0000000000
47124  -5.298  -21.400  62.568 0.0000000000
134782  -4.971  -21.291  62.987 0.0000000000
46010  -4.700  -22.311  63.048 0.0000000000
45975  -9.938  -20.891  70.917 0.0000000000
47023  -9.770  -20.675  71.739 0.0000000000
44968  -9.013  -22.016  70.999 0.0000000000
60560  -29.836  -6.830  60.743 0.0000000000
61502  -29.680  -5.759  60.393 0.0000000000
61510  -29.754  -4.950  59.427 0.0000000000
62422  -30.446  -3.566  60.003 0.0000000000
50220  -30.744  -16.489  69.028 0.0000000000
47189  -25.916  -19.634  59.617 0.0000000000
67169  -49.912  0.260  36.088 0.0000000000
67181  -50.143  0.318  35.390 0.0000000000
68029  -50.667  0.749  34.973 0.0000000000
67084  -43.210  0.938  48.379 0.0000000000
128866  -42.516  0.891  48.167 0.0000000000
65298  -38.368  -1.117  47.844 0.0000000000
64374  -39.048  -1.372  47.032 0.0000000000
65299  -39.289  -0.840  47.341 0.0000000000
65302  -39.712  -1.204  46.725 0.0000000000
65303  -40.240  -1.323  46.222 0.0000000000
65310  -40.636  -1.475  45.788 0.0000000000
122132  -40.964  -0.279  46.822 0.0000000000
131842  -16.915  -17.548  74.050 0.0000000000
49150  -16.990  -18.025  73.583 0.0000000000
49188  -16.210  -18.683  71.684 0.0000000000
47078  -22.774  -19.745  66.947 0.0000000000
55708  -4.558  -11.658  55.937 0.0000000000
134844  -4.484  -11.588  55.386 0.0000000000
54817  -4.450  -12.570  55.712 0.0000000000
116956  -4.340  -12.995  66.220 0.0000000000
54756  -4.215  -12.786  65.529 0.0000000000
53077  -4.352  -14.629  64.851 0.0000000000
48293  -9.367  -19.127  58.607 0.0000000000
48304  -9.574  -18.876  57.807 0.0000000000
56478  -13.378  -10.842  75.854 0.0000000000
56470  -12.395  -11.492  77.078 0.0000000000
47003  -5.324  -20.747  74.093 0.0000000000
47002  -4.859  -20.019  74.032 0.0000000000
121955  -4.710  -20.161  73.704 0.0000000000
133684  -4.482  -20.135  73.177 0.0000000000
47012  -4.335  -20.126  72.535 0.0000000000
133800  -4.358  -20.762  72.664 0.0000000000
56609  -33.848  -10.817  60.364 0.0000000000
58508  -33.300  -9.930  61.273 0.0000000000
58507  -32.926  -9.510  61.081 0.0000000000
58490  -32.523  -9.039  61.729 0.0000000000
59517  -32.127  -8.506  62.347 0.0000000000
120242  -32.158  -16.897  62.370 0.0000000000
50259  -31.591  -17.136  62.114 0.0000000000
49278  -30.553  -17.422  61.490 0.0000000000
119933  -30.049  -17.509  61.102 0.0000000000
49276  -29.310  -17.762  60.995 0.0000000000
49289  -29.068  -17.406  60.169 0.0000000000
68011  -50.037  1.975  38.727 0.0000000000
67155  -46.707  0.545  38.478 0.0000000000
135473  -49.344  1.556  38.414 0.0000000000
67062  -39.127  1.230  50.547 0.0000000000
67905  -39.853  1.854  52.190 0.0000000000
63518  -36.261  -3.060  50.203 0.0000000000
64357  -36.375  -2.973  50.752 0.0000000000
65284  -36.067  -2.025  50.068 0.0000000000
65294  -36.531  -1.786  49.167 0.0000000000
58523  -5.318  -8.130  58.111 0.0000000000
58514  -5.576  -8.500  58.660 0.0000000000
56613  -6.194  -10.062  58.755 0.0000000000
52179  -8.253  -15.150  66.114 0.0000000000
52187  -7.861  -15.305  65.619 0.0000000000
52188  -8.598  -15.611  65.514 0.0000000000
50245  -9.264  -16.438  64.422 0.0000000000
48241  -7.851  -19.706  62.703 0.0000000000
48231  -8.618  -19.015  63.115 0.0000000000
48257  -8.434  -19.544  61.271 0.0000000000
46044  -7.947  -21.787  59.338 0.0000000000
50167  -11.336  -15.629  74.806 0.0000000000
50169  -9.937  -16.638  74.934 0.0000000000
48088  -9.017  -17.686  74.724 0.0000000000
45967  -7.845  -21.123  73.305 0.0000000000
45963  -7.276  -20.781  73.875 0.0000000000
45962  -6.454  -21.229  73.983 0.0000000000
45961  -6.038  -21.269  74.109 0.0000000000
44956  -6.098  -21.746  73.795 0.0000000000
43893  -5.993  -22.136  73.564 0.0000000000
63390  -33.326  -2.441  56.344 0.0000000000
63376  -34.085  -2.191  56.722 0.0000000000
64278  -33.969  -1.852  57.236 0.0000000000
118043  -30.018  -9.068  57.033 0.0000000000
61520  -30.259  -3.801  57.791 0.0000000000
116480  -26.067  -20.105  67.794 0.0000000000
116476  -24.836  -20.461  65.715 0.0000000000
48198  -30.595  -17.141  66.416 0.0000000000
118661  -30.355  -17.169  66.993 0.0000000000
48213  -29.629  -17.913  65.527 0.0000000000
124817  -29.128  -18.329  65.062 0.0000000000
47134  -27.795  -19.306  64.138 0.0000000000
47161  -25.555  -20.402  61.146 0.0000000000
122358  -25.904  -20.352  61.944 0.0000000000
123409  -25.052  -20.521  61.907 0.0000000000
47143  -24.738  -20.552  62.652 0.0000000000
47141  -23.287  -20.420  62.283 0.0000000000
131348  -22.747  -20.302  61.775 0.0000000000
47172  -21.954  -20.028  60.687 0.0000000000
68035  -48.155  2.354  33.538 0.0000000000
54697  -3.733  -12.236  70.098 0.0000000000
53854  -4.081  -12.928  69.718 0.0000000000
132410  -4.444  -13.359  69.253 0.0000000000
53054  -5.365  -14.054  68.411 0.0000000000
52161  -8.984  -14.501  69.604 0.0000000000
51229  -8.516  -16.845  68.993 0.0000000000
50230  -8.131  -17.531  68.469 0.0000000000
49211  -6.248  -18.377  68.324 0.0000000000
122432  -45.314  -0.465  44.896 0.0000000000
66256  -46.164  0.033  45.358 0.0000000000
66250  -45.893  0.086  46.133 0.0000000000
64383  -41.636  -1.752  45.358 0.0000000000
64390  -43.037  -1.909  44.620 0.0000000000
65329  -43.865  -1.709  43.852 0.0000000000
134751  -44.298  -0.992  44.892 0.0000000000
65315  -44.716  -0.656  45.257 0.0000000000
50172  -14.498  -16.036  74.402 0.0000000000
50206  -13.931  -17.168  72.548 0.0000000000
48126  -11.824  -18.460  71.269 0.0000000000
48138  -11.961  -18.670  70.502 0.0000000000
49243  -18.334  -17.292  64.533 0.0000000000
48205  -16.364  -18.110  65.508 0.0000000000
124314  -16.868  -19.025  67.980 0.0000000000
48140  -16.041  -18.774  69.561 0.0000000000
48163  -14.375  -18.314  68.009 0.0000000000
45988  -12.024  -20.712  66.984 0.0000000000
45985  -11.682  -20.441  67.760 0.0000000000
54770  -3.904  -12.312  63.027 0.0000000000
53898  -4.093  -12.997  62.248 0.0000000000
54780  -4.321  -12.863  61.351 0.0000000000
137997  -4.072  -13.587  60.772 0.0000000000
53909  -3.920  -13.777  60.059 0.0000000000
53093  -3.874  -14.622  59.604 0.0000000000
135015  -5.999  -16.317  63.361 0.0000000000
51258  -6.657  -16.333  62.326 0.0000000000
130872  -8.867  -16.129  58.779 0.0000000000
51288  -8.757  -16.048  59.523 0.0000000000
135205  -8.217  -16.185  58.979 0.0000000000
50292  -7.118  -16.518  58.715 0.0000000000
50304  -6.000  -16.797  58.723 0.0000000000
50289  -5.061  -16.482  59.229 0.0000000000
134832  -6.403  -16.697  58.119 0.0000000000
122748  -5.759  -16.690  57.902 0.0000000000
50327  -5.598  -16.676  56.908 0.0000000000
128007  -6.316  -16.668  56.313 0.0000000000
51170  -9.771  -16.134  76.035 0.0000000000
119532  -10.121  -15.263  76.748 0.0000000000
50154  -9.471  -16.395  76.102 0.0000000000
51162  -8.961  -16.266  76.468 0.0000000000
51161  -8.043  -15.752  76.901 0.0000000000
51184  -5.840  -16.459  75.175 0.0000000000
132753  -5.679  -16.426  74.881 0.0000000000
53009  -6.047  -15.186  75.201 0.0000000000
120925  -6.829  -13.702  75.395 0.0000000000
132844  -7.136  -14.659  74.006 0.0000000000
48137  -4.435  -19.634  70.713 0.0000000000
49199  -4.654  -19.444  70.142 0.0000000000
49208  -4.787  -19.615  69.450 0.0000000000
48161  -4.752  -19.810  68.643 0.0000000000
47072  -4.100  -21.404  67.295 0.0000000000
138285  -2.920  -26.376  70.360 0.0000000000
41882  -2.847  -25.778  70.306 0.0000000000
42871  -2.836  -25.027  70.265 0.0000000000
41893  -2.708  -25.365  69.683 0.0000000000
131325  -2.747  -25.662  69.068 0.0000000000
42881  -2.800  -24.906  68.790 0.0000000000
43922  -3.796  -23.446  65.981 0.0000000000
52229  -33.373  -14.587  57.678 0.0000000000
53105  -33.454  -14.125  57.460 0.0000000000
53101  -33.205  -13.597  58.226 0.0000000000
53920  -33.518  -13.051  58.918 0.0000000000
118254  -34.072  -12.160  59.624 0.0000000000
54790  -34.519  -12.447  60.684 0.0000000000
55693  -34.309  -11.885  60.256 0.0000000000
56610  -34.197  -11.325  60.717 0.0000000000
58476  -33.214  -9.608  62.849 0.0000000000
50296  -30.955  -16.549  59.953 0.0000000000
50297  -31.536  -16.148  59.669 0.0000000000
122548  -32.668  -15.216  59.366 0.0000000000
116696  -32.580  -15.470  58.455 0.0000000000
130268  -33.744  -15.631  63.784 0.0000000000
52200  -33.983  -15.229  63.160 0.0000000000
51253  -33.507  -15.841  63.295 0.0000000000
51262  -33.065  -16.147  62.739 0.0000000000
50269  -32.017  -16.694  61.745 0.0000000000
120676  -31.900  -16.354  61.035 0.0000000000
68001  -49.424  1.801  41.003 0.0000000000
68006  -50.086  2.184  40.454 0.0000000000
66284  -43.868  -0.347  41.252 0.0000000000
65360  -42.908  -0.614  40.025 0.0000000000
135186  -43.499  -0.466  39.443 0.0000000000
119298  -45.686  0.393  39.376 0.0000000000
67149  -46.418  0.643  39.478 0.0000000000
67145  -46.532  0.703  40.460 0.0000000000
67150  -47.181  0.919  39.935 0.0000000000
66198  -37.608  -0.241  52.085 0.0000000000
66183  -38.118  0.351  53.398 0.0000000000
66176  -38.553  0.674  54.213 0.0000000000
66175  -37.920  -0.359  54.314 0.0000000000
62510  -32.281  -2.703  53.105 0.0000000000
117564  -31.536  -2.704  52.455 0.0000000000
63502  -32.389  -2.416  50.630 0.0000000000
63503  -33.669  -2.280  50.740 0.0000000000
117386  -35.984  -2.934  52.129 0.0000000000
63506  -36.219  -2.935  51.152 0.0000000000
58484  -4.126  -8.209  61.137 0.0000000000
49239  -8.393  -18.822  64.905 0.0000000000
46024  -6.329  -21.746  61.526 0.0000000000
46012  -5.360  -21.868  62.249 0.0000000000
48096  -10.439  -18.336  73.465 0.0000000000
120946  -9.819  -18.182  73.974 0.0000000000
47009  -9.212  -19.751  73.468 0.0000000000
45971  -9.113  -21.088  72.191 0.0000000000
45968  -8.750  -20.708  73.015 0.0000000000
45970  -8.308  -21.470  72.552 0.0000000000
63362  -31.600  -2.606  57.956 0.0000000000
64268  -32.926  -1.563  58.358 0.0000000000
63352  -32.112  -2.040  58.326 0.0000000000
57565  -32.346  -9.724  57.814 0.0000000000
57573  -32.408  -9.940  56.389 0.0000000000
57572  -31.714  -9.461  57.425 0.0000000000
57563  -30.565  -9.119  57.577 0.0000000000
59540  -30.096  -8.005  59.882 0.0000000000
58517  -29.863  -8.154  59.070 0.0000000000
123729  -30.108  -8.682  58.282 0.0000000000
127696  -29.575  -8.653  57.567 0.0000000000
58548  -28.783  -8.217  57.350 0.0000000000
59557  -28.666  -7.426  57.658 0.0000000000
60584  -28.918  -6.386  57.786 0.0000000000
61519  -29.827  -4.688  58.429 0.0000000000
62442  -30.858  -3.213  57.909 0.0000000000
125007  -28.631  -16.856  68.730 0.0000000000
47084  -27.557  -18.537  67.245 0.0000000000
48248  -28.257  -18.601  62.806 0.0000000000
47163  -27.476  -19.049  62.210 0.0000000000
47162  -26.945  -19.575  61.581 0.0000000000
118842  -26.015  -20.077  60.377 0.0000000000
47174  -25.059  -20.426  60.327 0.0000000000
47186  -23.605  -20.553  59.518 0.0000000000
67197  -47.993  1.878  34.005 0.0000000000
67198  -48.730  1.409  34.262 0.0000000000
68045  -48.749  2.652  33.127 0.0000000000
68046  -49.613  2.775  33.062 0.0000000000
68047  -50.316  2.508  33.334 0.0000000000
68926  -51.478  2.028  33.933 0.0000000000
54684  -5.683  -11.960  71.240 0.0000000000
122871  -7.434  -12.517  70.158 0.0000000000
53845  -8.348  -12.973  70.028 0.0000000000
120516  -43.824  -0.184  46.689 0.0000000000
66242  -44.087  0.229  47.327 0.0000000000
63556  -38.207  -3.112  46.757 0.0000000000
63567  -40.725  -2.367  45.449 0.0000000000
138860  -41.027  -1.846  45.336 0.0000000000
65311  -41.165  -1.443  45.649 0.0000000000
130796  -41.858  -1.316  45.688 0.0000000000
65306  -42.506  -0.839  45.939 0.0000000000
50174  -16.097  -16.740  74.646 0.0000000000
50182  -15.713  -16.974  74.282 0.0000000000
135837  -16.132  -17.750  62.432 0.0000000000
124537  -15.715  -18.118  62.859 0.0000000000
48233  -16.033  -17.943  63.635 0.0000000000
117688  -15.843  -18.175  64.436 0.0000000000
48203  -14.541  -19.099  65.466 0.0000000000
47102  -13.871  -19.583  65.698 0.0000000000
120660  -3.314  -9.635  65.423 0.0000000000
125590  -3.764  -10.502  65.426 0.0000000000
55660  -3.846  -12.220  64.494 0.0000000000
131821  -4.157  -13.183  64.964 0.0000000000
54763  -3.928  -13.004  64.407 0.0000000000
54769  -3.771  -12.670  63.752 0.0000000000
53895  -4.106  -13.837  63.082 0.0000000000
124628  -4.330  -14.784  62.534 0.0000000000
50267  -9.548  -16.897  61.369 0.0000000000
51268  -9.256  -16.222  60.869 0.0000000000
120308  -9.592  -17.602  58.999 0.0000000000
51290  -9.235  -16.449  58.585 0.0000000000
51318  -8.884  -16.351  56.344 0.0000000000
58361  -13.192  -9.169  74.749 0.0000000000
59386  -12.919  -8.711  74.621 0.0000000000
59384  -12.513  -8.880  75.259 0.0000000000
58351  -11.230  -10.143  76.224 0.0000000000
57387  -10.293  -10.603  76.953 0.0000000000
117192  -6.444  -18.528  75.369 0.0000000000
49133  -6.710  -18.132  75.643 0.0000000000
49138  -6.184  -18.425  75.414 0.0000000000
49137  -5.718  -18.339  75.216 0.0000000000
136454  -5.542  -18.026  75.097 0.0000000000
49143  -5.000  -18.990  74.635 0.0000000000
132126  -5.378  -18.399  74.914 0.0000000000
50168  -5.474  -17.698  74.834 0.0000000000
50178  -5.220  -17.683  74.226 0.0000000000
50190  -4.936  -17.806  73.623 0.0000000000
121689  -4.935  -17.420  73.408 0.0000000000
51209  -4.860  -17.194  72.917 0.0000000000
50205  -4.686  -17.904  72.928 0.0000000000
49183  -4.382  -18.962  71.937 0.0000000000
48123  -4.343  -19.569  71.534 0.0000000000
129301  -3.986  -20.738  69.902 0.0000000000
44972  -3.630  -21.775  69.330 0.0000000000
133609  -33.271  -11.197  56.118 0.0000000000
56636  -32.970  -10.612  56.428 0.0000000000
53106  -33.397  -13.619  57.307 0.0000000000
55711  -33.240  -12.365  57.606 0.0000000000
56618  -33.664  -10.933  59.690 0.0000000000
55698  -33.408  -11.596  58.349 0.0000000000
55710  -33.275  -11.755  57.496 0.0000000000
56630  -32.907  -10.574  57.256 0.0000000000
57566  -32.656  -10.072  57.513 0.0000000000
57551  -32.437  -9.748  58.601 0.0000000000
59529  -31.065  -8.265  61.189 0.0000000000
59530  -31.952  -8.632  61.485 0.0000000000
59515  -30.444  -7.411  61.481 0.0000000000
49228  -31.192  -16.934  67.126 0.0000000000
48226  -29.770  -18.061  64.707 0.0000000000
118614  -29.579  -18.252  63.860 0.0000000000
49247  -32.072  -16.483  65.312 0.0000000000
49264  -31.865  -17.248  62.928 0.0000000000
49256  -31.720  -17.361  63.829 0.0000000000
48239  -31.014  -17.642  63.899 0.0000000000
116806  -29.738  -18.165  63.164 0.0000000000
48263  -28.263  -18.414  61.863 0.0000000000
125149  -27.837  -18.415  61.112 0.0000000000
48287  -26.829  -18.661  60.195 0.0000000000
49288  -28.302  -17.941  60.576 0.0000000000
66309  -45.748  0.268  37.240 0.0000000000
66315  -45.819  0.375  36.453 0.0000000000
116830  -48.911  0.301  37.129 0.0000000000
67168  -49.377  0.009  36.416 0.0000000000
132686  -40.876  1.308  48.701 0.0000000000
67071  -41.535  1.561  49.216 0.0000000000
122623  -39.094  1.445  52.554 0.0000000000
67897  -39.773  1.914  53.053 0.0000000000
65295  -37.630  -0.934  48.658 0.0000000000
66228  -39.251  0.266  48.347 0.0000000000
48235  -21.913  -19.172  63.586 0.0000000000
49254  -20.770  -18.177  63.243 0.0000000000
133673  -20.097  -17.632  63.422 0.0000000000
49261  -19.532  -17.363  62.035 0.0000000000
49253  -19.404  -17.253  62.993 0.0000000000
49259  -17.038  -17.319  62.243 0.0000000000
57558  -5.543  -9.428  57.130 0.0000000000
55702  -4.800  -11.670  56.540 0.0000000000
52176  -4.809  -15.035  66.356 0.0000000000
52184  -4.642  -15.161  65.669 0.0000000000
52185  -5.255  -15.477  65.904 0.0000000000
51239  -5.862  -15.690  65.344 0.0000000000
51244  -6.644  -15.747  64.619 0.0000000000
52195  -7.792  -15.564  64.989 0.0000000000
51245  -7.699  -15.668  64.270 0.0000000000
50256  -9.422  -17.356  62.731 0.0000000000
50257  -9.495  -16.909  62.102 0.0000000000
49282  -9.433  -17.888  60.379 0.0000000000
48270  -9.222  -18.643  60.011 0.0000000000
118791  -8.789  -19.477  60.025 0.0000000000
48280  -9.087  -19.339  59.377 0.0000000000
47194  -8.887  -20.166  58.789 0.0000000000
51166  -11.101  -14.874  75.962 0.0000000000
136060  -10.550  -15.507  75.642 0.0000000000
50161  -10.013  -15.784  75.859 0.0000000000
51171  -10.025  -15.804  76.303 0.0000000000
50159  -9.314  -16.712  75.728 0.0000000000
49136  -8.780  -17.135  75.633 0.0000000000
49140  -7.575  -17.848  75.484 0.0000000000
48092  -9.204  -18.037  74.396 0.0000000000
132693  -8.759  -17.957  74.632 0.0000000000
48090  -7.782  -18.869  74.444 0.0000000000
48087  -8.221  -18.008  74.857 0.0000000000
48081  -7.780  -17.834  75.328 0.0000000000
48080  -7.055  -18.334  75.309 0.0000000000
49139  -6.896  -18.268  75.472 0.0000000000
48079  -6.435  -18.754  75.178 0.0000000000
46997  -6.102  -19.298  74.843 0.0000000000
46996  -5.927  -19.950  74.514 0.0000000000
132573  -5.765  -20.734  74.262 0.0000000000
44953  -5.070  -21.411  73.745 0.0000000000
132012  -4.655  -21.882  73.259 0.0000000000
43895  -4.425  -22.636  72.898 0.0000000000
63404  -35.433  -3.207  55.227 0.0000000000
122831  -36.984  -3.037  55.695 0.0000000000
64302  -36.171  -3.152  55.723 0.0000000000
122388  -36.756  -2.201  57.010 0.0000000000
64289  -34.768  -1.986  57.142 0.0000000000
56647  -32.676  -10.255  54.246 0.0000000000
57594  -31.316  -9.604  54.680 0.0000000000
62482  -31.767  -2.993  54.670 0.0000000000
62473  -31.830  -2.924  55.391 0.0000000000
129789  -32.495  -2.965  54.967 0.0000000000
116481  -25.136  -20.367  67.784 0.0000000000
134775  -24.296  -20.390  67.589 0.0000000000
47079  -23.592  -20.206  67.287 0.0000000000
47093  -23.539  -20.148  66.456 0.0000000000
138679  -22.954  -19.886  65.424 0.0000000000
48223  -22.378  -19.473  64.359 0.0000000000
49206  -30.562  -16.696  68.490 0.0000000000
48184  -29.943  -17.277  67.088 0.0000000000
134768  -30.071  -17.038  67.604 0.0000000000
119834  -29.771  -16.897  68.006 0.0000000000
48170  -29.059  -17.141  67.501 0.0000000000
47085  -28.252  -17.728  67.203 0.0000000000
47096  -27.319  -19.270  67.032 0.0000000000
47147  -27.501  -19.256  63.133 0.0000000000
47133  -27.176  -19.987  63.824 0.0000000000
47122  -27.363  -19.740  64.691 0.0000000000
119017  -27.025  -20.029  65.347 0.0000000000
47107  -26.664  -20.140  66.027 0.0000000000
116475  -26.070  -20.401  65.944 0.0000000000
47130  -23.759  -20.418  63.784 0.0000000000
47118  -23.630  -20.292  64.639 0.0000000000
48260  -20.942  -18.671  61.432 0.0000000000
48261  -21.516  -19.360  61.095 0.0000000000
68057  -49.051  3.120  32.301 0.0000000000
138420  -49.915  3.330  32.082 0.0000000000
69887  -50.267  3.663  31.337 0.0000000000
69899  -51.754  4.293  30.201 0.0000000000
55633  -4.089  -11.171  66.955 0.0000000000
55610  -3.743  -11.399  68.546 0.0000000000
54712  -3.794  -12.468  69.327 0.0000000000
54724  -3.976  -12.735  68.626 0.0000000000
134599  -4.257  -13.101  67.890 0.0000000000
117967  -4.427  -14.067  66.858 0.0000000000
53068  -4.634  -14.515  66.758 0.0000000000
139251  -6.551  -14.954  66.506 0.0000000000
53070  -7.200  -14.599  66.845 0.0000000000
127113  -9.073  -16.117  66.633 0.0000000000
123836  -8.784  -14.281  68.880 0.0000000000
132216  -8.556  -14.557  67.775 0.0000000000
131388  -9.123  -16.572  66.363 0.0000000000
49225  -7.805  -18.604  66.419 0.0000000000
66276  -47.094  0.330  43.862 0.0000000000
67123  -47.829  0.571  44.160 0.0000000000
66265  -47.208  0.382  44.555 0.0000000000
67928  -42.222  1.960  49.927 0.0000000000
65226  -37.917  -1.874  55.908 0.0000000000
66168  -37.612  -1.051  56.165 0.0000000000
62663  -41.177  -4.605  44.031 0.0000000000
63574  -42.393  -2.881  44.927 0.0000000000
125459  -41.644  -4.139  42.968 0.0000000000
63598  -41.821  -3.395  42.157 0.0000000000
64411  -41.997  -2.574  41.658 0.0000000000
64412  -42.882  -2.112  41.928 0.0000000000
65335  -43.999  -1.265  42.862 0.0000000000
65330  -44.400  -0.977  43.405 0.0000000000
65336  -44.397  -0.714  42.712 0.0000000000
66274  -45.634  -0.218  43.294 0.0000000000
51178  -12.128  -14.947  74.900 0.0000000000
50173  -15.296  -16.376  74.557 0.0000000000
49157  -11.866  -16.743  73.467 0.0000000000
48109  -10.631  -19.288  72.365 0.0000000000
48124  -10.745  -19.585  71.535 0.0000000000
47034  -10.458  -20.389  70.487 0.0000000000
130493  -21.470  -18.554  65.118 0.0000000000
48209  -20.846  -18.416  65.685 0.0000000000
48195  -20.558  -18.772  66.500 0.0000000000
48180  -19.756  -19.206  67.550 0.0000000000
49234  -17.756  -17.699  65.202 0.0000000000
126341  -18.154  -18.114  65.781 0.0000000000
48168  -19.774  -19.614  68.764 0.0000000000
48167  -19.028  -19.587  69.075 0.0000000000
48156  -19.159  -19.711  70.045 0.0000000000
48129  -18.426  -19.420  71.494 0.0000000000
123225  -15.768  -18.611  70.148 0.0000000000
49193  -13.473  -17.867  70.198 0.0000000000
48175  -13.992  -18.791  67.141 0.0000000000
48162  -13.307  -18.762  68.035 0.0000000000
119516  -12.989  -18.457  68.913 0.0000000000
48150  -12.762  -18.257  69.650 0.0000000000
118499  -12.185  -18.649  69.924 0.0000000000
45984  -10.977  -20.797  68.086 0.0000000000
45982  -10.721  -20.564  68.877 0.0000000000
58485  -4.498  -8.950  61.213 0.0000000000
57499  -3.507  -9.635  63.589 0.0000000000
55666  -4.079  -11.283  63.080 0.0000000000
56586  -4.113  -10.186  62.888 0.0000000000
57508  -4.246  -9.632  62.239 0.0000000000
57516  -4.653  -9.615  61.629 0.0000000000
57525  -5.077  -9.419  60.866 0.0000000000
55692  -5.893  -11.165  59.445 0.0000000000
54796  -4.770  -12.683  59.668 0.0000000000
138498  -4.566  -12.952  57.911 0.0000000000
53924  -4.320  -13.436  57.592 0.0000000000
53923  -3.847  -14.764  57.400 0.0000000000
135365  -4.609  -15.249  65.015 0.0000000000
52192  -4.505  -15.150  64.446 0.0000000000
51242  -4.662  -15.700  63.762 0.0000000000
119977  -4.635  -15.741  63.073 0.0000000000
52203  -4.537  -15.321  62.716 0.0000000000
51254  -4.648  -15.476  62.042 0.0000000000
50266  -6.709  -16.538  61.382 0.0000000000
50265  -5.482  -16.835  61.368 0.0000000000
50264  -5.066  -16.561  61.259 0.0000000000
120102  -4.728  -15.835  61.654 0.0000000000
51264  -4.496  -15.468  61.380 0.0000000000
51274  -4.334  -15.478  60.600 0.0000000000
52213  -4.120  -15.022  60.114 0.0000000000
52219  -3.907  -15.185  59.278 0.0000000000
50301  -4.555  -16.168  58.931 0.0000000000
51286  -3.976  -15.616  58.969 0.0000000000
52223  -3.868  -15.285  58.440 0.0000000000
129556  -3.755  -14.892  58.059 0.0000000000
52227  -3.834  -15.448  57.504 0.0000000000
132894  -3.699  -15.130  56.870 0.0000000000
51327  -3.586  -16.076  55.546 0.0000000000
50337  -3.926  -16.753  55.116 0.0000000000
49336  -4.204  -17.036  54.856 0.0000000000
49337  -5.007  -17.279  54.923 0.0000000000
56504  -7.855  -10.473  73.731 0.0000000000
53799  -12.739  -13.195  76.884 0.0000000000
54645  -12.170  -12.444  77.365 0.0000000000
54644  -11.848  -12.557  77.490 0.0000000000
52106  -10.254  -14.699  76.984 0.0000000000
53791  -10.931  -13.551  77.352 0.0000000000
55530  -11.401  -11.714  77.904 0.0000000000
125238  -10.016  -11.623  77.878 0.0000000000
55535  -9.666  -11.225  77.205 0.0000000000
56466  -9.566  -11.093  76.789 0.0000000000
51168  -7.225  -16.397  76.477 0.0000000000
52107  -7.701  -14.978  77.073 0.0000000000
52116  -6.165  -15.879  75.569 0.0000000000
52117  -6.785  -15.062  76.192 0.0000000000
52987  -7.868  -14.224  77.139 0.0000000000
53795  -7.975  -13.237  76.660 0.0000000000
55533  -9.082  -11.876  76.410 0.0000000000
55540  -9.318  -11.332  76.404 0.0000000000
56472  -9.183  -11.197  76.184 0.0000000000
132024  -8.799  -11.353  75.922 0.0000000000
121392  -8.263  -11.707  75.912 0.0000000000
53809  -7.191  -12.932  75.468 0.0000000000
54658  -7.579  -11.997  75.389 0.0000000000
55545  -8.017  -11.134  75.408 0.0000000000
55552  -7.862  -11.272  74.707 0.0000000000
55561  -7.993  -11.510  74.134 0.0000000000
135955  -8.900  -13.543  72.924 0.0000000000
52144  -8.123  -15.062  72.696 0.0000000000
130704  -4.705  -17.536  72.256 0.0000000000
50216  -4.677  -17.987  71.020 0.0000000000
51219  -5.828  -16.809  71.103 0.0000000000
50218  -6.231  -17.244  70.417 0.0000000000
50224  -6.643  -17.604  69.663 0.0000000000
49217  -5.511  -18.849  67.833 0.0000000000
49216  -4.899  -19.311  68.251 0.0000000000
48173  -4.951  -19.448  67.398 0.0000000000
48199  -4.578  -19.979  66.000 0.0000000000
43901  -4.107  -23.280  72.378 0.0000000000
41872  -3.492  -25.740  71.154 0.0000000000
41866  -3.748  -24.960  71.540 0.0000000000
43900  -3.847  -23.471  71.877 0.0000000000
43894  -4.095  -22.673  72.330 0.0000000000
127294  -3.856  -22.796  71.799 0.0000000000
44966  -3.658  -22.860  71.217 0.0000000000
44969  -3.473  -22.770  70.540 0.0000000000
43908  -3.016  -24.213  70.178 0.0000000000
132820  -3.406  -22.604  69.747 0.0000000000
44975  -3.678  -21.910  68.399 0.0000000000
41903  -2.848  -25.576  68.229 0.0000000000
121531  -3.023  -24.158  68.183 0.0000000000
45986  -3.825  -21.935  67.601 0.0000000000
45993  -4.147  -22.224  66.174 0.0000000000
47086  -4.253  -21.531  66.462 0.0000000000
45994  -4.341  -21.882  65.757 0.0000000000
47099  -4.413  -21.376  65.568 0.0000000000
47111  -4.582  -21.467  64.445 0.0000000000
46002  -4.587  -22.168  63.913 0.0000000000
131486  -4.630  -22.859  62.819 0.0000000000
42987  -4.630  -24.247  61.475 0.0000000000
46999  -6.121  -20.026  74.520 0.0000000000
47022  -3.960  -20.741  71.331 0.0000000000
47058  -4.027  -20.882  68.623 0.0000000000
47068  -25.489  -20.221  68.607 0.0000000000
47069  -26.483  -19.042  68.541 0.0000000000
47082  -26.828  -19.789  67.409 0.0000000000
47097  -27.830  -18.732  66.653 0.0000000000
47106  -25.600  -20.443  65.425 0.0000000000
47109  -27.958  -18.894  65.905 0.0000000000
48157  -27.441  -17.537  68.110 0.0000000000
48158  -28.623  -17.013  68.097 0.0000000000
48185  -30.497  -17.019  67.504 0.0000000000
48197  -29.891  -17.512  66.365 0.0000000000
48224  -28.512  -18.802  64.621 0.0000000000
48227  -30.596  -17.578  64.743 0.0000000000
49135  -8.199  -17.465  75.619 0.0000000000
49197  -29.830  -16.773  68.911 0.0000000000
49205  -29.998  -16.916  68.243 0.0000000000
49213  -30.440  -17.009  67.873 0.0000000000
49221  -31.241  -16.877  67.728 0.0000000000
49222  -31.628  -16.718  66.969 0.0000000000
49250  -16.641  -17.474  63.851 0.0000000000
49323  -4.193  -16.773  55.570 0.0000000000
50162  -5.729  -17.618  75.234 0.0000000000
50226  -30.813  -16.603  68.427 0.0000000000
50243  -32.329  -16.166  65.532 0.0000000000
50246  -32.123  -16.898  64.551 0.0000000000
50251  -32.278  -17.048  63.657 0.0000000000
50270  -32.543  -16.437  62.215 0.0000000000
50300  -4.115  -15.879  58.533 0.0000000000
50312  -4.119  -16.069  57.548 0.0000000000
50314  -4.711  -16.435  57.164 0.0000000000
50324  -3.790  -16.036  56.573 0.0000000000
50326  -4.422  -16.564  56.341 0.0000000000
50336  -3.741  -16.463  55.093 0.0000000000
51163  -9.552  -15.759  76.621 0.0000000000
51164  -9.789  -15.915  76.565 0.0000000000
51165  -10.292  -15.416  76.416 0.0000000000
51172  -10.678  -15.368  75.829 0.0000000000
51175  -5.861  -16.985  75.304 0.0000000000
51222  -30.816  -16.417  69.088 0.0000000000
51247  -33.551  -15.618  64.302 0.0000000000
51252  -33.062  -16.278  63.442 0.0000000000
51255  -4.743  -15.795  62.410 0.0000000000
51265  -4.534  -15.791  61.002 0.0000000000
51271  -33.322  -15.286  61.659 0.0000000000
52108  -8.383  -14.936  77.246 0.0000000000
52110  -11.316  -14.452  76.339 0.0000000000
52111  -7.223  -15.427  76.675 0.0000000000
52193  -4.763  -15.675  64.507 0.0000000000
52202  -4.433  -15.097  61.914 0.0000000000
52221  -33.660  -13.915  59.825 0.0000000000
52983  -9.685  -13.762  77.475 0.0000000000
52984  -10.333  -14.108  77.268 0.0000000000
52985  -10.936  -14.101  77.008 0.0000000000
52991  -11.274  -14.317  76.510 0.0000000000
52992  -11.905  -13.942  76.427 0.0000000000
53010  -6.473  -14.407  75.151 0.0000000000
53082  -34.664  -14.086  63.068 0.0000000000
53084  -34.446  -13.777  62.245 0.0000000000
53789  -9.473  -13.161  77.461 0.0000000000
53792  -11.594  -13.198  77.240 0.0000000000
53793  -11.940  -13.092  77.121 0.0000000000
53794  -12.337  -12.973  77.093 0.0000000000
53798  -12.312  -13.402  76.742 0.0000000000
53808  -7.222  -13.456  75.831 0.0000000000
53910  -34.384  -13.052  60.700 0.0000000000
54641  -9.689  -12.501  77.661 0.0000000000
54642  -10.616  -12.652  77.910 0.0000000000
54643  -11.383  -12.489  77.762 0.0000000000
54646  -8.699  -12.662  76.804 0.0000000000
54648  -12.658  -12.619  77.108 0.0000000000
54649  -12.978  -12.543  77.104 0.0000000000
54652  -8.588  -12.335  76.297 0.0000000000
54663  -7.565  -11.966  74.719 0.0000000000
54768  -35.143  -12.192  64.164 0.0000000000
54801  -4.164  -13.503  58.576 0.0000000000
55527  -9.435  -11.822  77.226 0.0000000000
55528  -10.130  -11.033  77.660 0.0000000000
55529  -10.674  -11.215  77.993 0.0000000000
55531  -11.915  -11.822  77.618 0.0000000000
55532  -12.358  -11.957  77.308 0.0000000000
55534  -9.373  -11.484  76.727 0.0000000000
55537  -13.146  -11.978  76.934 0.0000000000
55541  -13.178  -11.586  76.656 0.0000000000
55652  -34.472  -11.415  65.182 0.0000000000
55672  -35.020  -11.440  62.941 0.0000000000
55687  -34.545  -11.819  61.085 0.0000000000
55696  -5.401  -12.104  58.905 0.0000000000
56462  -10.655  -10.858  77.751 0.0000000000
56463  -10.982  -11.001  77.920 0.0000000000
56464  -11.663  -11.277  77.662 0.0000000000
56465  -12.039  -11.406  77.363 0.0000000000
56467  -9.880  -10.934  77.166 0.0000000000
56468  -10.333  -10.743  77.301 0.0000000000
56469  -11.772  -11.052  77.366 0.0000000000
56471  -12.838  -11.524  76.792 0.0000000000
56473  -12.448  -11.083  76.595 0.0000000000
56474  -12.924  -11.197  76.369 0.0000000000
56476  -8.924  -10.959  75.952 0.0000000000
56619  -34.043  -11.332  60.049 0.0000000000
56625  -33.380  -11.157  58.872 0.0000000000
56637  -33.193  -11.115  56.955 0.0000000000
56642  -32.648  -10.262  55.204 0.0000000000
57386  -9.843  -10.805  76.870 0.0000000000
57388  -10.717  -10.548  77.101 0.0000000000
57389  -11.185  -10.597  77.168 0.0000000000
57390  -11.830  -10.795  76.834 0.0000000000
57391  -12.098  -10.881  76.641 0.0000000000
57394  -11.870  -10.567  76.376 0.0000000000
57395  -12.354  -10.648  76.109 0.0000000000
57485  -34.155  -9.208  64.804 0.0000000000
57520  -33.588  -10.324  61.420 0.0000000000
57531  -33.582  -10.333  60.721 0.0000000000
57532  -33.920  -10.783  61.209 0.0000000000
57552  -32.869  -10.120  59.082 0.0000000000
57564  -31.078  -9.182  58.242 0.0000000000
58345  -10.535  -10.322  76.635 0.0000000000
58346  -10.995  -10.350  76.738 0.0000000000
58347  -11.409  -10.476  76.650 0.0000000000
58353  -12.177  -10.183  75.807 0.0000000000
58356  -12.117  -9.618  75.625 0.0000000000
58358  -13.038  -9.530  75.266 0.0000000000
58477  -33.567  -9.490  63.353 0.0000000000
58504  -30.846  -8.510  60.291 0.0000000000
58528  -32.082  -9.459  59.164 0.0000000000
58550  -30.171  -9.189  56.315 0.0000000000
59378  -11.653  -9.685  75.757 0.0000000000
60568  -29.446  -6.559  59.476 0.0000000000
63557  -38.821  -2.507  46.622 0.0000000000
63558  -39.832  -2.000  45.881 0.0000000000
64301  -36.439  -2.798  56.359 0.0000000000
64315  -37.569  -2.627  55.477 0.0000000000
64365  -36.293  -2.851  49.901 0.0000000000
66245  -41.501  -0.523  46.468 0.0000000000
66285  -44.443  -0.166  41.619 0.0000000000
67100  -42.918  0.507  47.696 0.0000000000
115857  -5.219  -17.138  73.985 0.0000000000
115907  -31.093  -9.413  56.068 0.0000000000
116582  -30.540  -17.652  62.127 0.0000000000
117778  -26.949  -19.965  66.724 0.0000000000
117962  -5.146  -16.655  60.001 0.0000000000
118639  -9.441  -11.010  76.501 0.0000000000
120243  -31.286  -17.541  63.212 0.0000000000
120658  -7.337  -14.740  76.774 0.0000000000
121123  -3.699  -16.223  55.846 0.0000000000
122105  -30.849  -16.967  67.129 0.0000000000
122163  -32.316  -9.816  57.023 0.0000000000
122640  -34.029  -12.703  59.625 0.0000000000
122857  -3.866  -16.548  55.543 0.0000000000
123027  -4.195  -15.544  59.782 0.0000000000
123470  -35.096  -12.838  62.835 0.0000000000
123778  -34.161  -13.493  60.772 0.0000000000
123877  -19.250  -19.423  68.178 0.0000000000
125257  -5.036  -16.998  73.480 0.0000000000
125735  -13.320  -10.130  75.411 0.0000000000
126342  -5.958  -17.935  75.495 0.0000000000
127112  -4.630  -17.303  54.556 0.0000000000
127441  -3.626  -24.054  66.197 0.0000000000
127491  -10.888  -11.855  78.066 0.0000000000
127595  -11.437  -10.739  77.213 0.0000000000
127875  -34.350  -12.892  60.157 0.0000000000
127953  -3.724  -15.702  56.766 0.0000000000
129791  -8.978  -15.594  76.905 0.0000000000
130261  -14.736  -18.641  66.745 0.0000000000
131492  -33.783  -11.417  59.514 0.0000000000
132326  -5.967  -19.230  74.881 0.0000000000
132486  -34.080  -10.853  61.969 0.0000000000
133162  -36.245  -2.975  51.922 0.0000000000
133411  -4.037  -14.194  57.631 0.0000000000
133461  -4.687  -16.178  60.221 0.0000000000
133506  -12.052  -9.123  75.524 0.0000000000
133613  -32.841  -9.172  62.976 0.0000000000
134923  -12.879  -9.098  75.140 0.0000000000
135108  -4.316  -16.089  57.947 0.0000000000
135450  -7.570  -16.093  62.051 0.0000000000
136346  -34.965  -10.975  63.470 0.0000000000
136382  -9.139  -14.327  77.411 0.0000000000
138302  -34.468  -2.774  52.669 0.0000000000
138584  -4.010  -14.379  57.011 0.0000000000
138701  -9.208  -16.642  76.158 0.0000000000
139156  -50.356  2.289  39.245 0.0000000000
139199  -5.090  -11.454  61.240 0.0000000000
139333  -11.208  -12.999  77.601 0.0000000000
