#!ascii label  , from subject sub-v2s17x50035_ses-1 vox2ras=TkReg
762
38969  -18.501  -28.540  66.850 0.0000000000
54791  -39.113  -12.186  60.511 0.0000000000
62475  -39.996  -4.542  55.638 0.0000000000
63509  -49.645  -3.658  51.029 0.0000000000
137593  -39.213  -16.629  60.221 0.0000000000
63466  -44.452  -3.658  52.723 0.0000000000
62677  -49.674  -4.362  42.347 0.0000000000
64423  -53.435  -1.416  40.866 0.0000000000
55689  -42.558  -11.575  60.778 0.0000000000
136860  -41.684  -6.374  59.812 0.0000000000
59551  -38.202  -7.218  58.891 0.0000000000
42880  -21.029  -25.192  69.447 0.0000000000
40961  -24.232  -25.953  66.963 0.0000000000
40975  -28.449  -26.470  65.458 0.0000000000
40989  -32.663  -25.973  64.870 0.0000000000
45000  -36.371  -22.700  63.400 0.0000000000
47152  -40.409  -20.432  62.408 0.0000000000
50285  -41.820  -16.598  61.174 0.0000000000
61536  -45.305  -5.770  57.293 0.0000000000
117417  -56.078  -0.879  40.204 0.0000000000
55674  -39.836  -11.553  62.190 0.0000000000
58480  -39.193  -8.526  62.051 0.0000000000
127261  -38.852  -9.218  60.199 0.0000000000
118887  -20.417  -24.405  67.561 0.0000000000
41912  -22.706  -25.204  68.552 0.0000000000
46017  -36.802  -21.685  62.522 0.0000000000
45003  -38.799  -21.575  63.340 0.0000000000
48251  -38.434  -20.151  62.502 0.0000000000
53096  -39.465  -14.396  60.390 0.0000000000
126343  -40.015  -16.145  61.995 0.0000000000
53905  -40.280  -13.673  61.684 0.0000000000
128219  -42.327  -13.891  61.032 0.0000000000
63353  -40.973  -3.459  59.364 0.0000000000
61523  -43.203  -4.967  58.724 0.0000000000
135575  -42.813  -2.760  57.670 0.0000000000
62517  -46.998  -4.137  52.560 0.0000000000
62487  -48.235  -4.271  54.975 0.0000000000
61593  -50.287  -4.668  53.686 0.0000000000
132816  -51.782  -5.465  51.637 0.0000000000
62668  -53.754  -3.732  44.320 0.0000000000
62632  -52.433  -3.883  45.780 0.0000000000
48290  -38.610  -18.992  60.011 0.0000000000
61644  -45.735  -5.454  49.254 0.0000000000
64413  -51.749  -2.722  41.550 0.0000000000
117414  -54.330  -3.712  43.492 0.0000000000
62716  -54.925  -4.148  40.058 0.0000000000
124443  -43.199  -11.354  58.155 0.0000000000
58497  -41.866  -8.817  60.548 0.0000000000
61496  -39.571  -5.942  60.950 0.0000000000
39896  -19.730  -27.212  68.520 0.0000000000
116730  -24.947  -27.468  64.965 0.0000000000
40973  -26.180  -26.448  66.081 0.0000000000
38994  -27.147  -28.483  64.240 0.0000000000
39007  -29.501  -28.584  64.153 0.0000000000
39009  -31.789  -27.812  63.333 0.0000000000
39970  -33.940  -26.563  62.974 0.0000000000
42952  -34.290  -24.280  64.093 0.0000000000
42998  -38.174  -24.667  61.442 0.0000000000
49266  -39.482  -18.193  62.187 0.0000000000
49268  -40.864  -18.222  62.032 0.0000000000
48279  -43.428  -19.150  59.737 0.0000000000
51296  -43.800  -16.198  59.513 0.0000000000
122514  -43.658  -13.582  58.944 0.0000000000
64307  -45.054  -3.077  55.848 0.0000000000
62607  -49.860  -4.077  46.772 0.0000000000
63521  -51.151  -3.553  49.384 0.0000000000
38961  -18.190  -28.640  68.689 0.0000000000
55683  -39.296  -11.938  61.929 0.0000000000
56602  -38.948  -10.572  61.448 0.0000000000
56611  -38.991  -10.648  60.325 0.0000000000
47176  -37.186  -21.192  61.149 0.0000000000
47149  -37.915  -20.742  62.583 0.0000000000
47177  -37.589  -20.756  60.969 0.0000000000
54799  -39.192  -12.983  60.177 0.0000000000
130899  -39.687  -14.026  61.234 0.0000000000
134862  -39.547  -13.326  61.400 0.0000000000
54785  -39.911  -12.871  61.865 0.0000000000
63366  -41.730  -2.993  58.839 0.0000000000
63393  -41.428  -3.080  56.789 0.0000000000
63491  -48.567  -3.931  52.107 0.0000000000
63470  -48.926  -3.793  52.785 0.0000000000
63471  -49.762  -3.702  52.429 0.0000000000
61607  -51.115  -4.828  52.765 0.0000000000
62540  -50.826  -3.929  51.987 0.0000000000
118688  -54.215  -4.043  44.668 0.0000000000
62634  -54.001  -4.358  45.551 0.0000000000
60756  -53.492  -6.382  44.942 0.0000000000
63611  -51.541  -2.563  40.621 0.0000000000
64414  -52.681  -2.031  41.581 0.0000000000
63592  -53.547  -2.809  43.309 0.0000000000
64406  -54.490  -2.018  42.714 0.0000000000
62679  -54.555  -3.865  42.735 0.0000000000
64416  -55.102  -1.996  42.247 0.0000000000
63623  -56.358  -2.704  40.174 0.0000000000
55695  -43.378  -11.639  59.322 0.0000000000
56622  -43.246  -10.756  59.191 0.0000000000
56604  -42.287  -10.184  60.618 0.0000000000
120921  -38.794  -7.796  60.858 0.0000000000
137315  -39.262  -7.302  61.621 0.0000000000
60561  -38.823  -6.141  60.702 0.0000000000
117712  -38.468  -5.019  59.414 0.0000000000
60576  -37.639  -6.056  58.376 0.0000000000
39902  -20.356  -26.816  67.911 0.0000000000
40950  -21.589  -25.810  68.941 0.0000000000
41921  -23.248  -25.340  68.050 0.0000000000
41934  -27.360  -26.083  65.745 0.0000000000
40974  -27.196  -26.552  65.839 0.0000000000
39931  -26.987  -27.786  65.575 0.0000000000
131740  -27.740  -27.860  65.488 0.0000000000
38995  -28.059  -28.578  64.370 0.0000000000
38985  -29.003  -27.994  65.112 0.0000000000
41000  -32.356  -26.667  64.495 0.0000000000
39969  -33.095  -27.044  63.300 0.0000000000
41010  -33.500  -26.542  63.707 0.0000000000
44999  -35.647  -22.860  63.340 0.0000000000
44998  -34.689  -23.161  63.389 0.0000000000
42954  -35.593  -23.670  63.648 0.0000000000
41967  -35.713  -24.899  63.323 0.0000000000
42969  -36.805  -24.039  63.270 0.0000000000
41975  -36.893  -25.168  62.100 0.0000000000
43977  -37.582  -23.787  63.016 0.0000000000
46019  -39.155  -20.835  63.313 0.0000000000
45013  -39.365  -22.189  62.772 0.0000000000
138657  -40.085  -21.073  62.569 0.0000000000
47165  -41.198  -20.511  61.708 0.0000000000
49291  -38.813  -18.490  61.012 0.0000000000
50284  -39.067  -17.653  61.008 0.0000000000
51272  -40.906  -16.205  61.805 0.0000000000
50273  -40.343  -16.935  62.120 0.0000000000
50286  -42.110  -17.505  60.851 0.0000000000
49292  -42.606  -18.345  60.681 0.0000000000
50287  -43.153  -17.612  60.295 0.0000000000
51285  -43.307  -16.106  60.199 0.0000000000
53912  -42.964  -12.922  60.572 0.0000000000
129445  -43.567  -13.995  59.612 0.0000000000
54794  -43.297  -12.349  59.885 0.0000000000
54805  -43.318  -12.750  58.419 0.0000000000
42886  -20.018  -24.719  69.036 0.0000000000
41901  -19.903  -25.205  70.052 0.0000000000
40941  -19.811  -26.264  69.923 0.0000000000
124456  -42.095  -7.766  59.408 0.0000000000
59552  -42.115  -7.285  58.686 0.0000000000
130682  -44.456  -5.532  57.701 0.0000000000
63443  -42.810  -3.480  53.147 0.0000000000
64326  -44.069  -2.806  55.096 0.0000000000
63425  -44.793  -2.997  54.681 0.0000000000
133945  -49.346  -6.133  55.117 0.0000000000
61563  -47.949  -5.229  55.954 0.0000000000
62609  -52.321  -3.701  46.720 0.0000000000
117033  -50.374  -4.224  46.047 0.0000000000
62592  -51.448  -3.618  47.094 0.0000000000
63532  -50.403  -3.516  48.227 0.0000000000
63535  -52.295  -3.986  48.720 0.0000000000
61633  -52.320  -5.279  49.873 0.0000000000
64430  -53.545  -1.398  39.690 0.0000000000
65351  -55.312  -1.017  40.837 0.0000000000
65361  -54.455  -0.975  39.386 0.0000000000
65387  -55.663  -0.683  38.179 0.0000000000
55684  -41.924  -11.572  61.254 0.0000000000
56595  -40.694  -10.267  61.972 0.0000000000
129802  -39.374  -10.096  62.256 0.0000000000
58494  -38.820  -8.798  61.114 0.0000000000
58520  -38.617  -8.134  58.976 0.0000000000
42887  -20.745  -24.842  69.271 0.0000000000
41911  -21.804  -25.304  69.053 0.0000000000
42908  -23.742  -24.621  67.220 0.0000000000
128111  -36.832  -22.247  63.217 0.0000000000
45001  -37.363  -22.283  63.341 0.0000000000
46008  -37.428  -21.730  63.171 0.0000000000
47150  -38.531  -20.429  63.046 0.0000000000
47151  -39.139  -20.192  63.116 0.0000000000
51294  -39.281  -16.022  59.824 0.0000000000
118774  -39.653  -16.337  61.504 0.0000000000
52216  -39.671  -15.604  61.201 0.0000000000
52210  -40.354  -15.353  61.724 0.0000000000
52211  -41.210  -15.294  61.607 0.0000000000
52212  -42.094  -15.281  61.002 0.0000000000
53906  -41.280  -13.660  61.490 0.0000000000
54786  -41.402  -12.746  61.542 0.0000000000
42894  -19.746  -24.638  68.040 0.0000000000
62426  -41.322  -4.432  59.880 0.0000000000
60570  -42.496  -5.193  59.263 0.0000000000
63355  -42.358  -3.535  59.201 0.0000000000
63368  -42.997  -3.461  58.642 0.0000000000
129192  -44.403  -4.064  57.722 0.0000000000
62515  -45.188  -4.019  52.404 0.0000000000
63447  -46.388  -3.534  53.831 0.0000000000
115791  -47.317  -3.802  53.470 0.0000000000
61576  -49.073  -4.486  54.528 0.0000000000
62666  -51.203  -4.415  43.360 0.0000000000
61707  -50.635  -4.775  43.793 0.0000000000
125223  -53.014  -3.936  45.204 0.0000000000
130329  -53.698  -4.235  46.067 0.0000000000
54804  -39.314  -12.483  58.405 0.0000000000
137097  -39.257  -13.914  58.464 0.0000000000
62485  -40.951  -4.176  54.424 0.0000000000
125977  -43.786  -4.128  51.673 0.0000000000
62551  -44.868  -4.868  51.174 0.0000000000
62553  -46.637  -4.827  50.806 0.0000000000
62562  -46.920  -4.839  49.998 0.0000000000
63600  -50.142  -3.720  41.765 0.0000000000
63591  -52.490  -3.339  43.104 0.0000000000
62669  -54.141  -4.002  44.156 0.0000000000
61729  -53.633  -5.688  43.691 0.0000000000
64424  -55.678  -1.871  41.459 0.0000000000
62705  -54.940  -3.863  41.089 0.0000000000
56633  -42.804  -10.614  57.677 0.0000000000
57543  -42.630  -9.305  59.492 0.0000000000
127442  -41.849  -7.710  59.975 0.0000000000
58482  -40.567  -8.923  61.855 0.0000000000
121232  -40.938  -7.766  61.135 0.0000000000
61497  -40.292  -5.932  60.735 0.0000000000
62424  -39.888  -4.606  60.352 0.0000000000
62445  -39.343  -3.937  58.756 0.0000000000
56626  -38.986  -9.770  57.926 0.0000000000
57567  -38.703  -9.090  57.712 0.0000000000
59559  -37.038  -6.750  57.308 0.0000000000
38970  -18.972  -28.152  67.672 0.0000000000
39909  -19.556  -27.394  66.448 0.0000000000
125350  -25.465  -27.872  63.756 0.0000000000
42921  -23.859  -24.489  66.114 0.0000000000
42909  -24.809  -25.017  67.013 0.0000000000
40962  -25.163  -26.295  66.319 0.0000000000
117154  -26.245  -27.859  65.214 0.0000000000
39017  -29.569  -28.947  62.632 0.0000000000
119167  -30.879  -28.489  62.148 0.0000000000
43939  -33.009  -23.996  64.277 0.0000000000
43940  -33.643  -23.757  63.980 0.0000000000
42931  -33.578  -24.627  64.474 0.0000000000
41965  -34.436  -25.615  63.800 0.0000000000
41012  -34.719  -25.939  63.011 0.0000000000
43978  -38.353  -23.480  62.751 0.0000000000
48277  -38.444  -19.353  61.052 0.0000000000
49265  -39.118  -18.952  62.331 0.0000000000
48253  -39.715  -18.900  62.559 0.0000000000
50272  -39.664  -16.922  61.999 0.0000000000
49267  -40.104  -18.216  62.327 0.0000000000
47153  -40.881  -19.700  62.214 0.0000000000
47166  -41.702  -19.784  61.481 0.0000000000
48291  -43.101  -19.797  59.950 0.0000000000
126736  -43.576  -15.987  57.984 0.0000000000
52218  -43.603  -15.439  59.745 0.0000000000
52226  -43.735  -15.378  58.585 0.0000000000
52231  -43.453  -15.121  57.870 0.0000000000
53108  -42.876  -14.275  56.960 0.0000000000
39889  -19.023  -27.565  69.961 0.0000000000
63407  -42.803  -2.848  55.649 0.0000000000
64306  -44.508  -3.044  56.430 0.0000000000
62456  -45.607  -4.235  56.846 0.0000000000
118465  -46.537  -3.545  55.236 0.0000000000
62466  -46.462  -4.508  56.442 0.0000000000
60602  -46.646  -6.819  56.980 0.0000000000
61656  -46.292  -5.119  48.678 0.0000000000
62564  -48.708  -3.938  49.671 0.0000000000
137632  -50.098  -4.946  44.282 0.0000000000
61688  -48.756  -4.787  45.196 0.0000000000
62605  -47.978  -4.404  46.950 0.0000000000
62576  -49.458  -3.729  48.445 0.0000000000
63510  -50.500  -3.598  50.733 0.0000000000
62556  -51.474  -4.127  50.723 0.0000000000
38968  -17.857  -29.061  67.236 0.0000000000
54783  -39.157  -12.087  61.468 0.0000000000
55688  -39.069  -11.390  60.941 0.0000000000
46053  -36.321  -21.513  60.032 0.0000000000
123807  -37.610  -20.631  60.034 0.0000000000
54792  -39.285  -12.817  61.104 0.0000000000
54784  -39.502  -12.676  61.726 0.0000000000
124919  -39.676  -4.375  56.361 0.0000000000
63378  -40.583  -3.416  57.573 0.0000000000
62464  -40.507  -3.872  56.345 0.0000000000
62539  -48.622  -3.957  51.210 0.0000000000
63492  -49.351  -3.687  51.920 0.0000000000
63472  -50.392  -3.754  52.158 0.0000000000
63493  -50.110  -3.609  51.666 0.0000000000
60775  -53.511  -6.193  44.300 0.0000000000
60757  -54.078  -5.644  44.897 0.0000000000
64415  -53.958  -1.570  42.088 0.0000000000
64405  -53.653  -2.161  42.697 0.0000000000
64407  -54.843  -2.297  42.649 0.0000000000
65337  -54.785  -1.735  42.262 0.0000000000
55690  -43.063  -11.593  60.132 0.0000000000
56612  -43.119  -11.002  59.768 0.0000000000
126946  -42.732  -10.902  60.365 0.0000000000
59542  -38.561  -7.306  59.855 0.0000000000
59531  -38.745  -6.904  60.806 0.0000000000
59541  -38.112  -6.455  59.179 0.0000000000
60577  -37.998  -5.727  59.072 0.0000000000
40942  -20.337  -25.906  69.621 0.0000000000
40943  -20.990  -25.564  69.276 0.0000000000
41922  -23.790  -25.353  67.570 0.0000000000
40960  -23.416  -25.788  67.625 0.0000000000
126855  -27.942  -26.345  65.578 0.0000000000
124370  -28.035  -26.847  65.655 0.0000000000
39916  -27.514  -27.301  65.731 0.0000000000
120931  -28.359  -27.518  65.454 0.0000000000
39917  -28.943  -27.130  65.482 0.0000000000
41949  -32.018  -25.712  65.192 0.0000000000
40988  -32.014  -26.367  64.993 0.0000000000
41001  -33.127  -26.321  64.326 0.0000000000
43957  -35.600  -23.112  63.551 0.0000000000
43958  -36.249  -23.413  63.575 0.0000000000
42968  -36.022  -24.215  63.486 0.0000000000
43959  -37.037  -23.133  63.430 0.0000000000
46020  -39.684  -20.529  63.020 0.0000000000
46031  -40.659  -21.319  61.787 0.0000000000
50298  -39.035  -17.292  60.178 0.0000000000
125398  -42.716  -16.771  60.463 0.0000000000
51284  -42.427  -16.010  60.730 0.0000000000
54793  -42.907  -12.145  60.539 0.0000000000
53913  -43.474  -13.205  59.721 0.0000000000
54800  -43.581  -12.572  59.116 0.0000000000
42879  -20.548  -24.992  69.794 0.0000000000
42878  -20.208  -24.874  69.674 0.0000000000
41902  -20.456  -25.387  69.691 0.0000000000
59533  -41.857  -7.006  59.675 0.0000000000
59543  -42.035  -6.881  59.161 0.0000000000
136115  -44.756  -6.025  57.366 0.0000000000
136047  -45.475  -6.268  57.130 0.0000000000
60601  -45.982  -6.715  56.891 0.0000000000
137542  -44.006  -3.368  53.150 0.0000000000
116594  -44.084  -3.055  54.306 0.0000000000
63445  -44.563  -3.273  53.686 0.0000000000
62664  -49.214  -4.837  42.916 0.0000000000
62610  -52.973  -3.796  47.283 0.0000000000
63547  -52.160  -3.619  47.452 0.0000000000
63548  -52.333  -3.704  48.063 0.0000000000
55675  -40.570  -11.708  62.004 0.0000000000
56594  -40.241  -10.945  62.156 0.0000000000
56593  -39.548  -10.781  62.246 0.0000000000
57533  -38.906  -9.807  60.797 0.0000000000
57522  -38.896  -9.648  61.740 0.0000000000
58509  -38.781  -8.366  60.056 0.0000000000
57542  -38.895  -9.100  59.338 0.0000000000
42895  -21.224  -24.565  68.485 0.0000000000
46029  -36.060  -21.779  61.897 0.0000000000
128380  -36.128  -22.125  62.778 0.0000000000
127796  -36.831  -21.991  62.993 0.0000000000
46018  -37.431  -21.381  62.877 0.0000000000
48266  -38.009  -20.263  61.776 0.0000000000
48252  -38.887  -19.757  62.754 0.0000000000
51295  -39.500  -15.353  60.500 0.0000000000
53090  -39.734  -14.873  61.166 0.0000000000
53085  -40.031  -14.487  61.549 0.0000000000
53086  -40.720  -14.518  61.601 0.0000000000
53087  -41.682  -14.551  61.249 0.0000000000
54778  -40.139  -12.273  62.035 0.0000000000
53900  -40.551  -12.938  61.780 0.0000000000
54779  -40.764  -12.342  61.851 0.0000000000
129969  -41.354  -11.966  61.612 0.0000000000
132861  -20.448  -24.597  68.490 0.0000000000
62436  -41.220  -3.845  59.820 0.0000000000
62437  -41.938  -3.892  59.649 0.0000000000
63354  -41.793  -3.386  59.367 0.0000000000
64281  -42.329  -2.820  58.206 0.0000000000
63367  -42.365  -3.067  58.819 0.0000000000
64282  -42.926  -2.917  58.191 0.0000000000
63369  -43.775  -3.797  58.135 0.0000000000
64293  -43.439  -2.930  57.413 0.0000000000
62516  -46.018  -4.097  52.450 0.0000000000
63468  -46.452  -3.807  53.121 0.0000000000
63450  -49.467  -3.886  53.230 0.0000000000
63449  -48.597  -3.894  53.543 0.0000000000
62499  -49.661  -4.250  53.863 0.0000000000
123206  -49.853  -5.813  54.566 0.0000000000
60639  -50.812  -6.089  53.545 0.0000000000
62667  -52.425  -3.832  43.791 0.0000000000
62647  -51.662  -4.368  44.103 0.0000000000
62648  -52.870  -3.862  44.569 0.0000000000
62611  -53.529  -4.413  46.698 0.0000000000
53916  -39.325  -13.260  59.085 0.0000000000
120044  -44.019  -4.583  51.211 0.0000000000
139731  -45.236  -5.575  49.770 0.0000000000
61631  -45.974  -5.237  50.127 0.0000000000
61645  -46.409  -5.095  49.422 0.0000000000
115795  -50.673  -3.116  41.053 0.0000000000
119062  -51.386  -3.375  42.190 0.0000000000
137104  -51.623  -3.956  42.990 0.0000000000
63586  -54.085  -3.349  43.714 0.0000000000
127972  -54.100  -4.724  43.737 0.0000000000
62680  -54.943  -2.933  42.796 0.0000000000
65343  -55.259  -1.598  41.653 0.0000000000
65352  -55.720  -1.353  40.995 0.0000000000
63622  -55.582  -3.409  40.609 0.0000000000
55707  -42.837  -11.532  57.470 0.0000000000
57534  -42.313  -9.415  60.197 0.0000000000
57544  -43.050  -9.930  59.041 0.0000000000
58511  -42.160  -8.527  59.922 0.0000000000
58510  -41.547  -8.007  60.479 0.0000000000
57514  -40.244  -9.515  62.111 0.0000000000
57523  -41.045  -9.516  61.628 0.0000000000
58481  -39.870  -8.753  62.124 0.0000000000
60552  -39.307  -6.831  61.317 0.0000000000
59521  -40.113  -7.435  61.493 0.0000000000
60553  -39.804  -6.690  61.234 0.0000000000
139035  -40.735  -6.905  60.860 0.0000000000
61504  -40.020  -5.140  60.572 0.0000000000
61503  -39.471  -5.261  60.659 0.0000000000
62444  -38.113  -4.725  58.351 0.0000000000
62433  -38.703  -4.412  58.854 0.0000000000
138993  -19.301  -27.725  68.053 0.0000000000
39901  -19.587  -27.439  67.454 0.0000000000
40969  -21.125  -26.528  67.478 0.0000000000
40951  -22.389  -25.626  68.648 0.0000000000
39946  -24.210  -27.396  64.796 0.0000000000
39964  -24.712  -27.589  63.977 0.0000000000
39947  -25.519  -27.751  64.642 0.0000000000
139369  -24.336  -24.760  66.939 0.0000000000
119708  -25.600  -25.909  66.344 0.0000000000
39914  -25.904  -26.886  66.075 0.0000000000
39948  -26.824  -28.184  64.901 0.0000000000
39966  -26.237  -28.178  64.204 0.0000000000
39004  -26.726  -28.431  63.329 0.0000000000
38996  -28.901  -28.473  64.576 0.0000000000
39006  -28.818  -28.846  63.487 0.0000000000
122621  -29.891  -28.732  63.553 0.0000000000
39967  -31.572  -27.632  63.869 0.0000000000
38999  -30.856  -27.921  64.163 0.0000000000
133813  -31.213  -28.034  63.646 0.0000000000
117428  -30.628  -28.391  63.618 0.0000000000
39019  -31.203  -28.283  63.011 0.0000000000
39020  -31.870  -27.984  62.797 0.0000000000
39983  -33.423  -27.091  62.596 0.0000000000
39996  -33.696  -27.079  61.860 0.0000000000
39984  -34.132  -26.646  62.206 0.0000000000
43941  -34.222  -23.622  63.801 0.0000000000
43955  -34.253  -23.420  63.639 0.0000000000
125235  -33.747  -24.047  64.177 0.0000000000
41958  -34.065  -25.143  64.321 0.0000000000
41959  -34.642  -24.954  64.006 0.0000000000
41973  -35.642  -25.469  62.719 0.0000000000
41966  -35.111  -25.284  63.520 0.0000000000
41021  -35.236  -25.927  62.199 0.0000000000
42997  -37.508  -24.925  61.837 0.0000000000
41983  -37.134  -25.269  61.536 0.0000000000
45002  -38.149  -22.112  63.411 0.0000000000
43960  -37.864  -22.863  63.307 0.0000000000
45012  -38.633  -22.545  63.119 0.0000000000
48289  -38.145  -19.859  59.944 0.0000000000
137759  -39.111  -18.070  61.775 0.0000000000
133628  -38.815  -18.848  61.736 0.0000000000
50262  -40.430  -17.635  62.127 0.0000000000
48254  -40.474  -18.942  62.388 0.0000000000
48255  -41.361  -18.990  61.887 0.0000000000
48278  -42.890  -19.115  60.386 0.0000000000
123232  -43.913  -16.858  59.229 0.0000000000
51304  -43.904  -16.310  58.730 0.0000000000
53091  -42.652  -14.606  60.701 0.0000000000
52217  -42.964  -15.350  60.380 0.0000000000
53092  -43.393  -14.654  60.015 0.0000000000
53097  -43.766  -14.721  59.216 0.0000000000
126746  -43.517  -14.440  58.429 0.0000000000
53103  -43.177  -14.302  57.671 0.0000000000
118048  -43.070  -12.099  57.954 0.0000000000
54809  -42.922  -12.819  57.701 0.0000000000
39891  -19.966  -26.486  69.390 0.0000000000
39890  -19.495  -26.830  70.061 0.0000000000
119161  -19.462  -27.232  69.374 0.0000000000
38962  -18.944  -28.034  68.651 0.0000000000
60578  -42.815  -5.683  58.740 0.0000000000
125029  -43.014  -5.998  58.161 0.0000000000
134799  -41.659  -3.676  54.223 0.0000000000
63406  -41.499  -3.590  54.997 0.0000000000
64327  -44.781  -2.913  55.356 0.0000000000
64317  -44.309  -2.805  55.826 0.0000000000
63396  -45.201  -3.440  56.460 0.0000000000
116974  -47.062  -3.574  54.229 0.0000000000
63427  -46.362  -3.387  54.600 0.0000000000
63428  -47.444  -3.749  54.672 0.0000000000
62467  -47.156  -5.049  56.353 0.0000000000
61550  -47.293  -5.892  56.712 0.0000000000
61549  -46.714  -5.473  56.743 0.0000000000
130734  -47.209  -6.713  56.952 0.0000000000
62573  -47.136  -4.713  49.062 0.0000000000
62574  -47.746  -4.396  48.372 0.0000000000
62646  -50.916  -4.634  44.543 0.0000000000
62629  -49.282  -4.432  46.004 0.0000000000
123847  -47.769  -4.859  45.142 0.0000000000
62628  -48.096  -4.567  46.060 0.0000000000
62606  -48.849  -4.243  46.845 0.0000000000
63533  -51.045  -3.451  48.745 0.0000000000
63520  -50.305  -3.448  49.168 0.0000000000
62565  -49.376  -3.665  49.214 0.0000000000
132889  -50.646  -3.510  49.911 0.0000000000
63495  -51.106  -3.789  50.762 0.0000000000
62566  -51.599  -3.985  50.098 0.0000000000
55673  -39.339  -11.387  62.103 0.0000000000
55682  -39.055  -11.347  61.846 0.0000000000
128212  -38.980  -9.905  59.751 0.0000000000
46030  -36.927  -21.400  61.818 0.0000000000
47148  -37.360  -21.228  62.377 0.0000000000
47164  -37.527  -20.943  61.790 0.0000000000
53917  -39.273  -13.679  59.971 0.0000000000
53911  -39.402  -13.544  60.772 0.0000000000
53904  -39.835  -13.506  61.592 0.0000000000
54777  -39.616  -12.124  62.027 0.0000000000
63365  -40.228  -3.508  58.636 0.0000000000
129717  -41.028  -3.164  58.540 0.0000000000
63379  -41.574  -2.913  57.939 0.0000000000
63380  -42.259  -2.724  57.359 0.0000000000
62538  -47.632  -4.280  51.767 0.0000000000
63469  -48.004  -4.031  52.746 0.0000000000
62518  -50.192  -3.908  52.814 0.0000000000
61594  -50.842  -5.171  53.372 0.0000000000
62519  -50.727  -4.144  52.520 0.0000000000
62520  -51.193  -4.444  52.126 0.0000000000
62649  -53.742  -3.964  45.033 0.0000000000
61708  -54.199  -4.593  44.993 0.0000000000
61689  -54.146  -5.133  45.395 0.0000000000
63601  -52.554  -2.663  42.430 0.0000000000
138867  -54.487  -2.760  43.193 0.0000000000
139433  -54.651  -3.278  43.161 0.0000000000
63602  -55.227  -2.852  42.189 0.0000000000
64431  -56.188  -1.690  40.743 0.0000000000
64432  -56.698  -1.576  39.888 0.0000000000
62728  -54.912  -4.494  39.061 0.0000000000
133543  -43.376  -11.276  58.714 0.0000000000
56621  -42.914  -10.172  59.819 0.0000000000
59506  -39.028  -7.903  61.890 0.0000000000
59507  -39.234  -7.648  61.768 0.0000000000
59519  -38.922  -7.400  61.477 0.0000000000
60551  -39.054  -6.710  61.281 0.0000000000
61495  -39.163  -5.981  61.021 0.0000000000
130474  -38.915  -5.415  60.457 0.0000000000
60569  -38.463  -5.839  59.846 0.0000000000
61522  -37.769  -5.399  58.474 0.0000000000
61534  -37.592  -5.172  57.704 0.0000000000
127900  -20.365  -26.520  68.714 0.0000000000
40957  -21.074  -26.286  68.472 0.0000000000
39913  -25.086  -26.755  66.202 0.0000000000
39915  -26.704  -27.092  65.923 0.0000000000
39949  -27.508  -28.251  65.019 0.0000000000
39932  -28.286  -28.212  65.134 0.0000000000
38997  -29.559  -28.200  64.648 0.0000000000
39952  -31.973  -27.190  64.133 0.0000000000
39968  -32.288  -27.360  63.579 0.0000000000
39953  -32.746  -26.906  63.923 0.0000000000
126526  -35.179  -22.967  63.289 0.0000000000
43956  -34.924  -23.202  63.510 0.0000000000
43942  -35.130  -23.726  63.747 0.0000000000
42953  -35.178  -24.383  63.736 0.0000000000
42984  -36.414  -24.888  62.841 0.0000000000
42985  -37.231  -24.608  62.574 0.0000000000
42986  -37.988  -24.355  62.319 0.0000000000
135491  -39.557  -21.318  63.034 0.0000000000
45014  -40.021  -21.823  62.294 0.0000000000
46032  -41.317  -21.195  61.131 0.0000000000
49302  -38.861  -18.108  60.103 0.0000000000
50274  -41.174  -17.315  61.784 0.0000000000
49280  -41.698  -18.255  61.376 0.0000000000
49293  -43.401  -18.449  59.996 0.0000000000
126432  -43.547  -16.867  59.880 0.0000000000
135295  -42.718  -13.460  60.813 0.0000000000
122973  -43.098  -13.821  60.360 0.0000000000
53922  -43.214  -13.557  58.111 0.0000000000
55701  -43.412  -11.948  58.596 0.0000000000
42877  -19.578  -24.916  69.652 0.0000000000
61535  -43.587  -5.496  58.167 0.0000000000
60588  -43.907  -5.929  57.744 0.0000000000
118702  -42.884  -3.259  53.868 0.0000000000
63423  -42.463  -3.187  54.669 0.0000000000
63424  -43.407  -3.067  54.436 0.0000000000
63426  -45.591  -3.132  55.190 0.0000000000
61564  -48.696  -5.023  55.262 0.0000000000
62631  -51.182  -4.298  45.408 0.0000000000
124246  -51.413  -3.870  46.282 0.0000000000
62608  -50.706  -3.857  46.715 0.0000000000
62591  -50.552  -3.671  47.389 0.0000000000
63546  -51.422  -3.496  47.988 0.0000000000
63534  -51.703  -3.638  48.772 0.0000000000
63522  -51.707  -3.815  49.412 0.0000000000
65342  -54.589  -1.263  41.461 0.0000000000
65350  -54.489  -0.973  40.455 0.0000000000
65362  -55.356  -0.725  39.921 0.0000000000
65373  -55.263  -0.684  39.059 0.0000000000
118410  -56.015  -0.562  39.218 0.0000000000
129900  -42.099  -10.929  61.049 0.0000000000
130041  -41.229  -11.100  61.709 0.0000000000
57513  -39.529  -9.435  62.218 0.0000000000
56592  -39.106  -10.500  62.084 0.0000000000
57512  -39.111  -9.500  62.085 0.0000000000
58479  -38.954  -8.725  61.864 0.0000000000
117834  -38.862  -8.113  61.547 0.0000000000
42888  -21.448  -24.945  69.184 0.0000000000
115800  -22.080  -24.828  68.794 0.0000000000
42898  -23.511  -24.935  68.068 0.0000000000
41931  -24.219  -25.010  67.520 0.0000000000
42929  -31.932  -24.965  65.193 0.0000000000
46016  -35.579  -22.619  63.059 0.0000000000
46007  -36.235  -22.462  63.164 0.0000000000
46009  -38.093  -21.562  63.327 0.0000000000
47135  -38.030  -21.072  63.168 0.0000000000
47136  -38.649  -20.899  63.281 0.0000000000
121150  -39.926  -19.669  62.809 0.0000000000
51283  -39.452  -16.128  60.747 0.0000000000
52209  -39.943  -15.457  61.542 0.0000000000
51273  -41.655  -15.869  61.291 0.0000000000
53907  -42.198  -13.169  61.133 0.0000000000
54787  -42.227  -12.301  61.087 0.0000000000
61506  -41.419  -5.141  59.905 0.0000000000
60563  -41.819  -5.568  59.670 0.0000000000
61512  -42.010  -4.675  59.661 0.0000000000
62438  -42.670  -4.237  59.205 0.0000000000
62447  -43.369  -4.244  58.590 0.0000000000
61524  -44.041  -4.733  58.133 0.0000000000
62455  -44.984  -4.806  57.459 0.0000000000
63467  -45.513  -3.612  53.198 0.0000000000
63448  -47.835  -3.737  53.933 0.0000000000
131710  -48.206  -3.901  53.370 0.0000000000
63429  -48.277  -3.898  54.200 0.0000000000
137368  -48.646  -4.105  54.390 0.0000000000
61565  -49.263  -5.369  54.929 0.0000000000
62665  -50.227  -4.726  43.069 0.0000000000
124371  -52.032  -4.192  44.887 0.0000000000
119256  -53.169  -3.876  46.382 0.0000000000
54798  -39.217  -12.316  59.424 0.0000000000
55694  -39.091  -11.462  59.825 0.0000000000
55700  -39.279  -11.527  58.648 0.0000000000
118344  -39.092  -16.879  59.282 0.0000000000
137178  -39.344  -15.147  59.370 0.0000000000
53095  -39.334  -14.174  59.277 0.0000000000
61575  -39.707  -5.142  54.350 0.0000000000
62476  -40.738  -4.094  55.332 0.0000000000
62497  -41.269  -4.081  53.439 0.0000000000
63464  -42.692  -3.738  52.333 0.0000000000
63465  -43.515  -3.568  52.709 0.0000000000
63490  -43.901  -3.829  52.147 0.0000000000
62535  -44.528  -4.225  51.865 0.0000000000
62536  -45.472  -4.485  51.770 0.0000000000
62537  -46.509  -4.513  51.655 0.0000000000
62552  -45.751  -4.945  51.016 0.0000000000
139673  -47.088  -4.573  51.241 0.0000000000
62554  -47.570  -4.460  50.739 0.0000000000
62555  -48.360  -4.117  50.371 0.0000000000
62678  -50.714  -4.187  42.600 0.0000000000
63585  -53.399  -3.343  43.737 0.0000000000
61730  -54.179  -5.006  44.360 0.0000000000
61749  -54.044  -4.653  43.018 0.0000000000
64417  -55.357  -2.046  41.950 0.0000000000
63603  -55.447  -2.391  41.833 0.0000000000
63613  -55.897  -2.513  41.153 0.0000000000
63612  -55.403  -3.119  41.543 0.0000000000
56628  -43.187  -10.603  58.505 0.0000000000
56627  -42.837  -9.777  58.312 0.0000000000
57555  -42.702  -9.108  58.870 0.0000000000
58521  -42.396  -8.617  59.307 0.0000000000
59532  -41.458  -7.105  60.233 0.0000000000
56603  -41.560  -10.248  61.338 0.0000000000
57524  -41.795  -9.462  60.961 0.0000000000
58496  -41.201  -8.678  61.204 0.0000000000
59508  -39.605  -7.947  61.906 0.0000000000
58495  -40.389  -8.230  61.705 0.0000000000
136455  -41.211  -7.462  60.635 0.0000000000
60562  -41.192  -6.017  60.235 0.0000000000
61505  -40.738  -5.142  60.219 0.0000000000
62425  -40.564  -4.492  60.098 0.0000000000
62435  -40.402  -3.999  60.016 0.0000000000
61511  -39.251  -4.719  60.233 0.0000000000
132646  -39.187  -4.305  59.555 0.0000000000
62434  -39.958  -3.827  59.493 0.0000000000
61548  -39.248  -4.693  55.902 0.0000000000
56620  -39.161  -10.667  59.240 0.0000000000
128342  -39.050  -9.864  58.800 0.0000000000
57554  -38.851  -9.060  58.437 0.0000000000
58529  -38.164  -7.592  58.266 0.0000000000
59550  -37.657  -6.817  58.171 0.0000000000
60586  -37.271  -6.270  57.722 0.0000000000
61562  -39.338  -5.027  55.104 0.0000000000
38977  -19.133  -27.947  66.891 0.0000000000
40958  -22.008  -26.201  68.220 0.0000000000
41923  -24.421  -25.433  67.025 0.0000000000
139621  -24.852  -25.830  66.603 0.0000000000
39930  -25.583  -27.331  65.612 0.0000000000
119065  -26.328  -27.400  65.754 0.0000000000
39005  -27.653  -28.714  63.420 0.0000000000
38986  -29.584  -27.747  64.968 0.0000000000
39008  -30.128  -28.343  64.175 0.0000000000
39982  -32.544  -27.554  62.894 0.0000000000
39995  -32.945  -27.486  62.039 0.0000000000
42950  -32.514  -24.383  64.704 0.0000000000
42930  -32.790  -24.971  64.922 0.0000000000
132892  -33.766  -23.428  63.665 0.0000000000
42951  -33.209  -24.256  64.414 0.0000000000
41950  -33.378  -25.490  64.592 0.0000000000
41002  -33.819  -25.934  64.125 0.0000000000
41011  -34.087  -26.158  63.525 0.0000000000
41020  -34.555  -26.257  62.399 0.0000000000
43979  -39.099  -23.109  62.380 0.0000000000
43997  -38.723  -23.991  61.934 0.0000000000
48276  -37.991  -20.110  60.864 0.0000000000
136862  -38.266  -19.803  61.455 0.0000000000
48267  -38.575  -19.561  62.021 0.0000000000
123336  -39.346  -19.501  62.738 0.0000000000
51282  -39.274  -16.867  60.952 0.0000000000
50271  -39.382  -17.243  61.576 0.0000000000
49279  -39.445  -17.575  61.918 0.0000000000
50261  -39.871  -17.546  62.156 0.0000000000
47178  -41.901  -20.646  60.819 0.0000000000
48268  -42.147  -19.057  61.125 0.0000000000
47167  -42.383  -19.808  60.644 0.0000000000
52222  -43.903  -15.606  59.170 0.0000000000
53927  -42.865  -13.537  57.361 0.0000000000
138021  -18.767  -28.297  68.049 0.0000000000
126691  -42.094  -6.111  59.272 0.0000000000
62465  -41.275  -3.425  55.845 0.0000000000
138447  -41.720  -3.009  56.133 0.0000000000
64292  -42.964  -2.697  56.954 0.0000000000
63408  -43.299  -2.926  55.139 0.0000000000
64304  -43.113  -2.694  56.276 0.0000000000
64305  -43.723  -2.797  56.516 0.0000000000
64294  -44.095  -3.023  56.955 0.0000000000
63383  -44.848  -3.788  57.168 0.0000000000
61537  -45.997  -5.379  57.033 0.0000000000
63446  -45.553  -3.252  54.220 0.0000000000
63409  -45.802  -3.391  55.830 0.0000000000
63410  -46.392  -3.773  55.888 0.0000000000
63397  -45.921  -3.761  56.271 0.0000000000
60589  -46.066  -6.252  57.041 0.0000000000
62563  -47.772  -4.409  49.815 0.0000000000
63508  -49.066  -3.778  50.465 0.0000000000
61728  -49.672  -4.977  43.650 0.0000000000
133517  -49.222  -4.964  44.381 0.0000000000
62630  -49.974  -4.724  45.126 0.0000000000
61706  -48.267  -4.962  44.436 0.0000000000
62589  -48.509  -4.171  47.765 0.0000000000
62590  -49.582  -3.884  47.572 0.0000000000
62575  -48.615  -4.021  48.750 0.0000000000
127242  -49.790  -3.539  50.046 0.0000000000
62541  -51.209  -4.105  51.412 0.0000000000
128873  -51.600  -4.793  51.584 0.0000000000
62557  -51.914  -4.508  50.341 0.0000000000
61620  -52.019  -5.232  50.893 0.0000000000
60663  -51.753  -6.175  51.177 0.0000000000
59520  -39.107  -7.315  61.656 0.0000000000
60542  -39.341  -7.299  61.560 0.0000000000
60590  -46.676  -6.195  56.967 0.0000000000
60640  -51.287  -5.861  52.842 0.0000000000
60651  -51.612  -6.116  52.070 0.0000000000
61577  -49.804  -4.931  54.292 0.0000000000
62498  -48.971  -3.998  53.948 0.0000000000
62500  -50.585  -4.410  53.105 0.0000000000
62542  -51.659  -4.475  51.020 0.0000000000
62633  -53.429  -3.987  45.688 0.0000000000
63381  -43.442  -3.226  57.986 0.0000000000
63382  -44.089  -3.397  57.452 0.0000000000
63394  -42.321  -2.762  56.391 0.0000000000
63395  -44.558  -3.297  56.886 0.0000000000
63422  -42.190  -3.523  53.663 0.0000000000
63444  -43.593  -3.264  53.594 0.0000000000
63494  -50.666  -3.741  51.481 0.0000000000
63593  -55.135  -2.386  42.322 0.0000000000
64316  -43.594  -2.727  55.771 0.0000000000
116014  -51.148  -3.680  50.047 0.0000000000
119186  -38.562  -6.471  60.104 0.0000000000
119748  -44.954  -5.819  49.081 0.0000000000
122469  -41.970  -3.028  55.588 0.0000000000
128823  -39.867  -10.194  62.289 0.0000000000
129828  -38.722  -4.199  58.069 0.0000000000
133262  -47.974  -4.277  49.115 0.0000000000
136362  -46.877  -3.544  54.682 0.0000000000
137673  -43.134  -14.912  57.265 0.0000000000
138661  -50.087  -4.129  53.369 0.0000000000
139334  -39.720  -4.246  60.050 0.0000000000
