#!ascii label  , from subject sub-v2s17x50035_ses-1 vox2ras=TkReg
1310
6252  -41.126  -69.500  -13.008 0.5000000000
5731  -39.735  -70.233  -13.213 0.6000000238
7415  -44.778  -67.705  -7.407 0.3000000119
5742  -40.139  -70.506  -14.244 0.5000000000
7461  -44.749  -66.543  -10.589 0.4000000060
8162  -45.220  -66.108  -9.928 0.4000000060
8163  -45.691  -65.411  -9.392 0.4000000060
8142  -45.527  -66.362  -8.880 0.3000000119
8907  -44.806  -65.934  -10.469 0.4000000060
6217  -39.245  -69.574  -9.672 0.5000000000
6228  -39.492  -69.658  -10.583 0.5000000000
6251  -40.258  -69.786  -12.634 0.5000000000
5686  -38.123  -70.409  -9.884 0.6000000238
6227  -38.766  -70.094  -10.141 0.5000000000
5719  -39.325  -70.192  -12.063 0.6000000238
7408  -44.941  -67.718  -6.578 0.3000000119
5730  -38.731  -70.592  -12.569 0.5000000000
8182  -43.723  -66.308  -11.025 0.5000000000
7477  -44.052  -66.964  -11.592 0.5000000000
7416  -45.339  -67.146  -7.343 0.3000000119
5718  -38.484  -70.596  -11.488 0.6000000238
5741  -39.169  -70.564  -13.799 0.5000000000
136643  -44.099  -65.563  -10.163 0.5000000000
8183  -44.306  -66.436  -11.106 0.4000000060
8889  -45.317  -65.395  -9.764 0.4000000060
8143  -45.958  -65.646  -8.684 0.3000000119
8119  -45.835  -66.353  -7.826 0.3000000119
9611  -43.859  -65.274  -9.410 0.4000000060
120703  -44.683  -65.469  -10.024 0.4000000060
9613  -45.506  -64.717  -9.420 0.4000000060
9612  -44.690  -64.832  -9.393 0.4000000060
7406  -38.602  -67.792  -6.527 0.6999999881
6806  -39.149  -68.226  -7.120 0.6999999881
134819  -39.560  -68.382  -7.754 0.6999999881
6853  -41.497  -68.563  -12.199 0.5000000000
7405  -37.260  -67.251  -5.834 0.6999999881
6790  -37.788  -68.031  -6.430 0.6999999881
6184  -38.904  -68.975  -7.802 0.8000000119
6203  -39.075  -69.384  -8.766 0.5000000000
6215  -37.791  -70.094  -8.751 0.6999999881
6854  -42.245  -67.975  -12.194 0.5000000000
6182  -36.990  -69.364  -7.528 0.6999999881
7474  -42.126  -67.517  -11.467 0.4000000060
8196  -43.251  -66.800  -11.432 0.5000000000
7409  -45.871  -66.645  -6.003 0.3000000119
5661  -37.038  -70.219  -8.819 0.6000000238
8180  -42.183  -66.859  -10.110 0.5000000000
8181  -42.943  -66.437  -10.663 0.5000000000
139303  -45.765  -66.706  -6.852 0.3000000119
5704  -37.464  -70.765  -10.233 0.5000000000
8161  -42.616  -66.291  -9.629 0.5000000000
8852  -42.980  -64.949  -7.362 0.4000000060
8869  -43.272  -65.270  -8.354 0.4000000060
9600  -44.860  -64.205  -8.610 0.4000000060
10328  -46.080  -64.320  -9.058 0.4000000060
9602  -46.172  -64.471  -8.956 0.4000000060
9587  -43.352  -64.205  -6.972 0.3000000119
9599  -43.902  -64.665  -8.182 0.4000000060
8827  -34.845  -65.610  -6.915 0.5000000000
8828  -35.837  -65.335  -6.360 0.6000000238
8849  -36.368  -64.788  -6.970 0.6000000238
8071  -37.053  -66.150  -5.490 0.6000000238
134613  -38.074  -67.305  -6.077 0.6000000238
8136  -33.768  -66.372  -8.493 0.5000000000
8115  -34.266  -65.939  -7.776 0.5000000000
8070  -36.189  -66.280  -5.528 0.6000000238
7394  -36.550  -66.843  -5.587 0.6999999881
6827  -39.766  -69.006  -9.298 0.6000000238
6715  -44.741  -67.711  -2.751 0.3000000119
8134  -31.754  -66.515  -8.460 0.6999999881
127314  -33.523  -66.131  -7.670 0.6000000238
8114  -33.882  -65.958  -6.950 0.6000000238
8092  -35.122  -65.827  -6.012 0.6000000238
8069  -35.448  -66.380  -5.576 0.6999999881
6789  -36.910  -68.197  -6.336 0.6999999881
6817  -40.296  -68.399  -9.065 0.6000000238
7440  -40.948  -68.047  -9.931 0.6000000238
6839  -41.406  -68.099  -11.224 0.5000000000
8154  -31.334  -66.829  -9.468 0.6999999881
128221  -32.043  -66.310  -7.475 0.6000000238
8113  -32.929  -66.167  -7.027 0.6000000238
8068  -33.988  -66.631  -5.775 0.6000000238
6767  -35.046  -67.756  -5.715 0.6999999881
6803  -36.513  -68.886  -6.875 0.6999999881
7458  -41.750  -67.453  -10.571 0.5000000000
7395  -45.097  -67.671  -5.599 0.3000000119
8153  -30.466  -66.468  -9.441 0.6999999881
8133  -30.842  -66.476  -8.630 0.6000000238
125207  -31.149  -66.322  -7.682 0.6999999881
7391  -33.754  -67.206  -5.570 0.6000000238
6786  -34.115  -68.460  -6.164 0.6000000238
6200  -36.514  -69.800  -8.218 0.6999999881
7425  -40.813  -67.710  -8.835 0.5000000000
8140  -41.722  -66.608  -8.293 0.5000000000
132779  -32.176  -66.326  -6.710 0.6000000238
7390  -32.996  -67.374  -5.644 0.6000000238
129599  -35.249  -69.401  -7.497 0.6000000238
5660  -36.018  -70.346  -8.958 0.6000000238
127649  -36.010  -70.769  -9.711 0.6000000238
8139  -41.294  -66.733  -7.766 0.5000000000
127140  -46.306  -65.412  -7.876 0.3000000119
8132  -30.208  -66.229  -7.905 0.6999999881
127360  -31.107  -66.536  -6.269 0.6000000238
8066  -32.273  -66.951  -5.770 0.6000000238
6785  -33.295  -68.513  -6.236 0.6000000238
6160  -33.735  -68.945  -6.672 0.5000000000
6179  -33.653  -69.400  -7.334 0.5000000000
5683  -35.279  -70.625  -9.554 0.5000000000
5703  -36.453  -71.048  -10.368 0.5000000000
8118  -41.802  -66.145  -7.460 0.5000000000
10997  -43.186  -62.720  -6.688 0.3000000119
138089  -43.564  -63.542  -6.796 0.3000000119
9588  -44.182  -63.880  -7.412 0.3000000119
10307  -45.605  -62.855  -7.672 0.4000000060
10316  -46.066  -63.485  -8.438 0.4000000060
5702  -35.539  -71.005  -10.230 0.5000000000
10305  -42.777  -63.544  -6.586 0.3000000119
10315  -45.112  -63.475  -7.809 0.4000000060
117611  -34.164  -66.795  -9.371 0.5000000000
8137  -34.572  -66.229  -8.710 0.5000000000
137991  -35.197  -66.064  -8.951 0.5000000000
8138  -35.772  -65.584  -8.732 0.5000000000
7469  -33.161  -67.531  -11.271 0.5000000000
130241  -33.232  -67.419  -10.553 0.5000000000
8156  -33.272  -66.820  -9.215 0.5000000000
8116  -35.019  -65.674  -8.111 0.5000000000
8848  -35.646  -65.203  -7.511 0.5000000000
8830  -37.587  -64.745  -5.998 0.6000000238
8072  -37.802  -65.507  -5.599 0.6000000238
8174  -31.990  -67.265  -10.060 0.5000000000
8094  -38.629  -65.841  -5.761 0.6000000238
7413  -39.886  -67.792  -7.304 0.8000000119
7359  -44.402  -67.736  -1.974 0.3000000119
8173  -30.967  -66.868  -11.048 0.6000000238
122556  -31.332  -67.061  -10.328 0.6000000238
8155  -32.331  -66.852  -9.225 0.6000000238
8832  -39.464  -65.325  -5.947 0.4000000060
7367  -44.675  -67.563  -2.384 0.3000000119
115972  -30.723  -66.724  -10.203 0.6999999881
8117  -40.156  -67.009  -6.717 0.5000000000
7424  -40.181  -68.093  -8.170 0.6000000238
7381  -45.457  -67.341  -4.075 0.3000000119
119659  -45.485  -67.255  -4.887 0.3000000119
8172  -30.053  -66.289  -10.162 0.6999999881
8833  -40.585  -65.387  -6.240 0.4000000060
8073  -45.999  -66.355  -5.424 0.3000000119
8152  -29.671  -66.089  -9.363 0.6000000238
134109  -30.173  -66.282  -8.781 0.6999999881
124192  -40.938  -66.428  -6.859 0.4000000060
8871  -46.506  -64.699  -8.255 0.3000000119
8151  -28.827  -65.813  -9.667 0.6000000238
132995  -29.665  -66.103  -8.515 0.6999999881
8065  -31.238  -66.898  -5.825 0.6000000238
6784  -32.507  -68.604  -6.339 0.5000000000
6159  -33.031  -69.089  -6.802 0.5000000000
5659  -34.961  -70.221  -8.846 0.6000000238
8834  -41.278  -65.048  -6.425 0.4000000060
8851  -42.050  -65.220  -6.839 0.4000000060
11741  -42.536  -61.395  -8.189 0.3000000119
11010  -42.201  -62.119  -7.412 0.3000000119
11742  -43.333  -60.970  -7.993 0.3000000119
11721  -44.052  -61.298  -7.247 0.3000000119
121445  -44.870  -62.638  -7.078 0.4000000060
9603  -46.470  -64.279  -8.558 0.3000000119
8064  -30.507  -66.986  -5.739 0.6000000238
6783  -31.642  -68.660  -6.442 0.5000000000
135769  -31.552  -69.176  -7.083 0.5000000000
5658  -33.929  -70.283  -8.926 0.5000000000
5701  -34.611  -70.865  -10.158 0.6000000238
5143  -34.249  -71.113  -10.997 0.5000000000
9575  -41.552  -64.399  -6.409 0.3000000119
116611  -42.238  -62.846  -6.743 0.3000000119
7388  -30.892  -67.407  -5.718 0.5000000000
6177  -31.927  -69.530  -7.612 0.5000000000
5681  -33.288  -70.489  -9.601 0.5000000000
5679  -31.781  -70.288  -9.780 0.5000000000
7470  -33.894  -67.651  -11.826 0.5000000000
7454  -33.886  -67.512  -10.857 0.5000000000
8176  -35.490  -66.860  -10.259 0.5000000000
8177  -36.234  -66.481  -10.293 0.5000000000
8158  -36.183  -65.905  -9.556 0.5000000000
8885  -36.533  -65.324  -9.080 0.5000000000
7485  -31.697  -67.036  -12.581 0.5000000000
8175  -34.624  -67.184  -10.320 0.5000000000
9596  -37.582  -64.163  -7.886 0.4000000060
7452  -31.754  -67.269  -10.901 0.5000000000
9584  -37.620  -64.289  -6.871 0.4000000060
120564  -43.049  -67.593  -1.435 0.3000000119
8051  -43.711  -66.331  -2.190 0.3000000119
8193  -30.944  -66.672  -11.980 0.6000000238
9572  -38.378  -64.384  -6.416 0.4000000060
8831  -38.479  -64.935  -5.803 0.4000000060
8205  -30.282  -66.150  -12.303 0.6000000238
8192  -30.341  -66.363  -11.472 0.6000000238
7368  -45.110  -67.157  -2.687 0.3000000119
7377  -45.740  -66.854  -3.686 0.3000000119
8204  -29.766  -65.983  -11.788 0.6000000238
123750  -39.864  -64.490  -6.230 0.4000000060
8917  -29.034  -65.731  -11.649 0.6000000238
10293  -40.176  -63.771  -6.661 0.4000000060
9574  -40.739  -64.463  -6.318 0.4000000060
8812  -46.231  -66.007  -5.998 0.3000000119
8903  -28.676  -65.750  -10.698 0.6999999881
10294  -40.953  -63.792  -6.512 0.3000000119
10996  -41.487  -62.707  -7.195 0.3000000119
7455  -34.632  -67.530  -11.296 0.5000000000
7456  -35.350  -67.274  -11.026 0.5000000000
7457  -35.954  -67.020  -10.855 0.5000000000
8178  -36.965  -66.271  -10.733 0.4000000060
129384  -33.093  -67.596  -12.014 0.5000000000
8886  -37.223  -65.126  -9.468 0.4000000060
121256  -37.029  -64.694  -8.501 0.4000000060
8206  -32.296  -67.155  -13.530 0.6000000238
9597  -38.244  -63.905  -8.321 0.4000000060
9585  -38.290  -63.919  -7.278 0.4000000060
135558  -45.501  -66.358  -2.612 0.3000000119
8052  -44.730  -66.290  -2.300 0.3000000119
8928  -29.451  -65.714  -12.561 0.6000000238
9573  -39.184  -63.885  -6.772 0.4000000060
133996  -39.067  -64.536  -6.160 0.4000000060
10302  -39.764  -63.344  -7.461 0.4000000060
10314  -40.229  -62.839  -8.061 0.4000000060
10303  -40.705  -63.156  -7.113 0.3000000119
11008  -40.742  -62.452  -8.546 0.3000000119
122875  -27.767  -65.581  -10.756 0.6000000238
133758  -34.643  -67.684  -12.034 0.5000000000
7472  -36.024  -67.334  -11.667 0.5000000000
7473  -36.871  -67.166  -11.984 0.4000000060
8194  -36.536  -66.844  -11.156 0.4000000060
123085  -33.488  -67.653  -12.680 0.5000000000
119920  -34.303  -67.750  -12.688 0.5000000000
8904  -37.450  -65.607  -10.341 0.4000000060
8215  -32.194  -66.824  -14.593 0.6000000238
132179  -32.779  -67.243  -14.283 0.6000000238
116275  -37.950  -64.930  -9.841 0.4000000060
127137  -30.905  -66.395  -12.894 0.6000000238
8214  -31.474  -66.602  -13.786 0.6000000238
9610  -38.405  -64.221  -9.311 0.4000000060
9598  -38.823  -63.692  -8.758 0.4000000060
8929  -30.214  -65.928  -13.177 0.6000000238
10301  -38.935  -63.558  -7.820 0.4000000060
10326  -39.753  -63.267  -9.594 0.4000000060
10327  -40.164  -62.787  -9.093 0.4000000060
120062  -40.286  -62.974  -10.046 0.4000000060
8055  -46.065  -66.359  -4.024 0.3000000119
8791  -46.358  -65.637  -3.651 0.3000000119
8940  -29.593  -65.503  -13.582 0.6000000238
8836  -46.863  -64.837  -6.476 0.3000000119
8059  -46.283  -65.890  -5.226 0.3000000119
8939  -28.836  -65.171  -13.070 0.6000000238
137638  -27.999  -65.294  -12.106 0.6000000238
9683  -28.702  -64.026  -14.301 0.6999999881
10411  -30.011  -63.134  -16.336 0.6999999881
9633  -27.978  -64.839  -12.584 0.6000000238
10410  -28.914  -62.584  -15.632 0.6999999881
11095  -29.523  -62.068  -16.363 0.6999999881
10396  -28.160  -62.990  -14.682 0.6000000238
11107  -30.540  -62.056  -16.818 0.6999999881
12604  -30.617  -60.576  -17.256 0.6000000238
11083  -28.019  -62.239  -15.397 0.6999999881
11854  -30.206  -60.720  -17.316 0.6999999881
118683  -35.698  -67.649  -12.400 0.5000000000
7487  -36.376  -67.608  -12.631 0.5000000000
123907  -34.280  -67.810  -14.605 0.5000000000
7500  -34.758  -67.870  -13.576 0.5000000000
120583  -35.712  -67.901  -13.407 0.5000000000
7488  -37.260  -67.565  -13.084 0.5000000000
8207  -37.771  -66.790  -12.140 0.4000000060
8179  -37.673  -66.118  -11.184 0.4000000060
117957  -32.104  -66.497  -15.775 0.6000000238
7511  -32.898  -67.105  -15.505 0.6000000238
7512  -33.804  -67.489  -15.637 0.6000000238
7513  -34.609  -67.724  -15.786 0.6000000238
8905  -38.200  -65.392  -10.744 0.4000000060
8226  -30.946  -66.132  -14.564 0.6000000238
7521  -32.804  -66.441  -16.708 0.6000000238
7522  -33.567  -66.942  -16.684 0.6000000238
9621  -38.658  -64.628  -10.251 0.4000000060
8956  -29.828  -65.282  -14.557 0.6000000238
8957  -30.500  -65.643  -15.146 0.6000000238
8975  -31.544  -65.443  -16.519 0.6000000238
8990  -32.151  -65.183  -16.820 0.6000000238
8251  -32.837  -65.763  -17.146 0.6000000238
130280  -39.168  -63.838  -9.686 0.4000000060
128487  -40.546  -63.331  -10.979 0.4000000060
9685  -30.172  -65.006  -15.557 0.6000000238
9704  -31.370  -64.834  -16.596 0.6000000238
9718  -31.696  -64.397  -16.577 0.6000000238
9705  -32.709  -64.640  -16.519 0.6000000238
9686  -32.928  -64.203  -15.465 0.6000000238
135086  -40.851  -62.722  -10.458 0.4000000060
9684  -29.498  -64.548  -14.919 0.6000000238
9716  -30.639  -63.909  -16.464 0.5000000000
10426  -31.421  -63.579  -16.623 0.6000000238
10427  -31.862  -63.888  -16.473 0.6000000238
10398  -32.592  -63.577  -15.168 0.6000000238
10380  -32.876  -63.848  -14.305 0.6999999881
9666  -29.151  -64.855  -13.953 0.6999999881
9702  -30.013  -64.203  -15.896 0.6000000238
11108  -31.190  -62.639  -16.714 0.6000000238
11096  -31.839  -62.616  -16.175 0.6000000238
11071  -32.311  -63.088  -14.346 0.6000000238
10363  -32.578  -63.668  -13.279 0.6000000238
139613  -33.177  -64.093  -11.812 0.6000000238
11084  -31.923  -62.417  -15.202 0.6000000238
11070  -31.768  -62.316  -14.086 0.6000000238
11058  -31.843  -62.995  -13.083 0.6000000238
120219  -32.449  -63.644  -12.137 0.6000000238
11855  -30.739  -61.268  -16.836 0.6000000238
11845  -31.596  -61.883  -15.962 0.6000000238
11824  -31.227  -61.771  -13.887 0.5000000000
11057  -31.222  -62.547  -12.580 0.6000000238
10362  -31.672  -63.054  -11.955 0.6000000238
11834  -31.012  -61.198  -14.611 0.5000000000
11853  -29.547  -60.856  -17.832 0.6999999881
12603  -30.465  -60.012  -17.768 0.6999999881
12597  -30.241  -59.829  -16.047 0.5000000000
12576  -30.260  -60.754  -14.300 0.6000000238
11823  -30.541  -61.421  -13.624 0.5000000000
11810  -30.838  -62.028  -13.066 0.5000000000
11822  -29.718  -61.122  -13.352 0.6000000238
11078  -18.182  -61.766  -13.723 0.6000000238
11079  -18.998  -62.141  -13.692 0.6000000238
11080  -20.552  -62.941  -14.561 0.6000000238
7501  -36.549  -67.901  -13.542 0.5000000000
123993  -36.219  -68.102  -14.572 0.5000000000
8208  -38.611  -66.533  -12.662 0.5000000000
8918  -38.491  -65.886  -11.735 0.4000000060
8252  -33.519  -66.224  -17.223 0.5000000000
132732  -34.225  -67.302  -16.573 0.5000000000
7534  -35.341  -67.003  -17.048 0.5000000000
8919  -39.267  -65.367  -11.922 0.4000000060
9655  -39.891  -64.946  -12.227 0.4000000060
8253  -34.299  -66.699  -17.127 0.5000000000
8978  -35.262  -66.107  -16.597 0.5000000000
124519  -39.362  -64.329  -10.693 0.4000000060
9638  -40.002  -64.049  -11.184 0.4000000060
10351  -40.547  -63.894  -11.764 0.4000000060
9687  -33.476  -64.819  -16.080 0.5000000000
8959  -34.070  -65.318  -16.256 0.5000000000
8977  -34.384  -65.858  -16.860 0.5000000000
9667  -33.481  -64.474  -14.424 0.6000000238
9688  -34.094  -65.040  -15.043 0.6000000238
9650  -33.091  -64.150  -13.488 0.6000000238
9651  -33.619  -64.439  -13.159 0.5000000000
10347  -32.986  -63.755  -11.181 0.4000000060
10348  -33.909  -63.985  -11.189 0.4000000060
9635  -34.764  -64.203  -11.765 0.4000000060
10345  -31.621  -62.839  -11.030 0.6000000238
11032  -32.279  -63.064  -10.399 0.6000000238
10323  -33.068  -63.116  -9.792 0.5000000000
10334  -33.550  -63.516  -10.445 0.4000000060
10335  -34.442  -63.469  -10.414 0.4000000060
10324  -34.090  -63.127  -9.681 0.4000000060
11843  -28.526  -61.358  -16.988 0.6999999881
11045  -31.038  -62.574  -11.734 0.6000000238
138462  -32.323  -62.857  -9.712 0.5000000000
11020  -33.623  -62.704  -8.980 0.4000000060
13348  -29.486  -59.562  -15.453 0.6000000238
11809  -30.137  -61.745  -12.634 0.5000000000
11044  -30.337  -62.205  -11.716 0.5000000000
11017  -30.977  -62.419  -9.707 0.5000000000
11005  -32.205  -62.398  -8.392 0.5000000000
11019  -32.730  -62.745  -9.006 0.4000000060
11006  -33.082  -62.333  -8.307 0.4000000060
12589  -29.904  -60.074  -14.919 0.6000000238
118212  -29.339  -61.868  -10.387 0.5000000000
12564  -16.479  -60.539  -13.729 0.6999999881
11829  -17.782  -61.164  -14.061 0.6000000238
12582  -17.066  -60.182  -14.294 0.6999999881
11830  -18.185  -61.273  -13.893 0.6000000238
14189  -18.132  -59.212  -14.542 0.6000000238
11831  -20.831  -62.351  -14.367 0.6000000238
117808  -18.630  -60.328  -13.617 0.6000000238
13343  -18.294  -59.715  -14.205 0.6000000238
14190  -19.040  -58.455  -14.182 0.6000000238
14174  -19.807  -57.863  -13.388 0.6000000238
121825  -20.918  -61.736  -13.707 0.6000000238
12566  -19.412  -60.940  -13.125 0.6000000238
125920  -18.989  -60.061  -13.106 0.6000000238
13321  -19.304  -59.358  -12.853 0.6000000238
7489  -38.155  -67.223  -13.234 0.5000000000
120533  -21.855  -61.648  -15.190 0.5000000000
11832  -21.500  -61.720  -14.531 0.5000000000
12548  -19.939  -60.870  -12.298 0.5000000000
13322  -19.694  -59.508  -11.986 0.5000000000
122624  -35.244  -68.044  -14.827 0.4000000060
127370  -36.773  -68.225  -15.585 0.5000000000
8209  -39.280  -66.283  -13.112 0.5000000000
8930  -39.050  -65.936  -12.398 0.4000000060
11833  -22.257  -61.267  -14.695 0.5000000000
11821  -21.886  -61.255  -13.719 0.5000000000
12549  -21.182  -61.215  -11.693 0.5000000000
12534  -20.056  -59.851  -11.241 0.5000000000
7525  -36.520  -67.840  -16.612 0.5000000000
8931  -39.603  -65.598  -12.671 0.4000000060
8932  -40.262  -65.217  -13.004 0.4000000060
9657  -41.272  -64.102  -13.019 0.4000000060
12595  -22.954  -60.789  -15.083 0.5000000000
12568  -22.635  -60.884  -13.329 0.5000000000
12567  -21.834  -61.174  -12.594 0.6000000238
12536  -22.182  -61.231  -11.574 0.6000000238
9656  -40.573  -64.452  -12.499 0.4000000060
12587  -24.504  -60.131  -14.452 0.6000000238
12569  -23.599  -60.541  -13.613 0.6000000238
12550  -22.951  -60.909  -12.614 0.6999999881
8960  -34.782  -65.502  -15.607 0.4000000060
9668  -34.646  -65.127  -14.373 0.5000000000
117355  -26.738  -60.738  -19.125 0.6000000238
120085  -34.944  -64.956  -13.419 0.5000000000
9653  -35.280  -64.538  -12.574 0.4000000060
12620  -28.204  -60.207  -19.309 0.6000000238
9652  -34.404  -64.636  -12.739 0.4000000060
11876  -28.906  -60.247  -19.004 0.6000000238
12613  -29.453  -59.658  -18.791 0.6000000238
10336  -35.206  -63.280  -10.552 0.4000000060
13347  -28.645  -59.184  -15.516 0.6000000238
12614  -30.085  -59.994  -18.233 0.6999999881
12557  -28.867  -60.827  -13.111 0.6000000238
11807  -28.462  -61.149  -12.339 0.6000000238
11808  -29.280  -61.375  -12.495 0.5000000000
134514  -29.294  -61.786  -11.169 0.5000000000
12581  -16.117  -59.774  -13.978 0.6999999881
14188  -17.630  -59.016  -14.616 0.6999999881
14995  -17.328  -57.961  -14.254 0.6000000238
121553  -18.169  -58.452  -14.542 0.6000000238
15805  -18.347  -57.040  -14.380 0.6000000238
14998  -19.240  -57.667  -14.347 0.6000000238
14999  -19.988  -56.995  -14.319 0.6999999881
14967  -20.300  -57.527  -12.928 0.6000000238
14161  -19.770  -58.502  -12.503 0.6000000238
7515  -37.588  -68.254  -15.311 0.5000000000
7502  -37.828  -67.796  -14.177 0.5000000000
8216  -38.874  -66.971  -13.584 0.5000000000
14150  -20.009  -58.886  -11.428 0.6000000238
14951  -20.396  -57.939  -11.896 0.5000000000
7504  -39.056  -67.472  -14.600 0.5000000000
8944  -39.932  -65.923  -13.469 0.5000000000
8945  -40.592  -65.585  -13.894 0.4000000060
132396  -22.135  -61.324  -9.893 0.6000000238
12535  -21.128  -61.152  -10.753 0.6000000238
129428  -21.035  -58.790  -10.219 0.5000000000
7535  -36.155  -67.190  -16.996 0.5000000000
12612  -25.350  -59.280  -18.011 0.6000000238
13382  -25.070  -59.201  -17.198 0.4000000060
13357  -24.773  -59.737  -15.421 0.6000000238
12551  -23.942  -60.618  -12.648 0.6000000238
11790  -22.875  -61.250  -11.015 0.6000000238
12508  -21.726  -61.005  -9.543 0.6000000238
8961  -35.788  -65.703  -15.452 0.4000000060
8240  -36.602  -66.839  -17.004 0.4000000060
13383  -25.865  -58.685  -17.636 0.5000000000
13358  -25.436  -59.354  -15.795 0.5000000000
13344  -25.325  -59.698  -14.858 0.6000000238
12570  -24.567  -60.343  -13.414 0.6999999881
12552  -24.806  -60.524  -12.572 0.6000000238
11791  -23.740  -61.141  -11.049 0.6000000238
11771  -23.032  -61.433  -10.104 0.6000000238
8942  -35.382  -65.240  -14.333 0.5000000000
13384  -26.953  -58.518  -18.206 0.6000000238
13331  -26.095  -59.770  -14.290 0.6000000238
117512  -25.213  -60.306  -13.178 0.6000000238
12539  -25.182  -60.782  -11.811 0.6000000238
135053  -24.052  -61.366  -10.383 0.6000000238
11750  -23.284  -61.477  -9.143 0.6000000238
9669  -35.791  -64.814  -13.322 0.4000000060
13373  -26.691  -58.528  -17.000 0.5000000000
13359  -26.792  -59.002  -15.827 0.6000000238
12572  -26.675  -60.149  -13.486 0.6000000238
12523  -25.633  -61.101  -10.951 0.6000000238
122281  -25.812  -61.351  -10.137 0.6000000238
13385  -28.007  -58.777  -18.889 0.6000000238
123332  -29.177  -58.761  -17.492 0.6000000238
13360  -27.964  -58.646  -16.463 0.6000000238
12573  -27.569  -60.144  -13.567 0.6000000238
12554  -26.363  -60.482  -12.680 0.6000000238
12588  -28.984  -59.808  -14.593 0.6000000238
11794  -28.156  -61.353  -11.572 0.5000000000
122401  -28.537  -61.636  -10.195 0.5000000000
14171  -15.590  -59.063  -13.725 0.6999999881
14172  -16.065  -58.439  -13.837 0.6999999881
14159  -13.347  -58.621  -12.303 0.6999999881
14966  -14.316  -57.525  -12.440 0.6999999881
131558  -15.409  -58.454  -13.384 0.6999999881
14980  -15.748  -57.671  -13.278 0.6999999881
15804  -17.405  -57.205  -13.933 0.6000000238
15792  -17.842  -56.524  -13.959 0.6000000238
125803  -19.405  -56.137  -14.328 0.5000000000
15806  -19.162  -56.800  -14.537 0.6999999881
15808  -20.366  -56.314  -14.140 0.5000000000
14984  -20.759  -56.746  -13.360 0.5000000000
14968  -20.889  -57.061  -12.417 0.5000000000
7503  -38.420  -68.060  -15.198 0.4000000060
8228  -39.652  -67.361  -15.126 0.5000000000
8229  -40.247  -66.854  -15.074 0.5000000000
8218  -40.262  -66.242  -14.233 0.5000000000
8946  -41.355  -65.315  -14.497 0.4000000060
7536  -37.272  -67.480  -16.997 0.4000000060
7516  -39.227  -67.936  -15.742 0.4000000060
14129  -21.456  -59.273  -9.517 0.6000000238
11749  -22.462  -61.275  -9.303 0.6000000238
12509  -22.153  -60.686  -8.873 0.6000000238
132609  -25.004  -61.545  -9.063 0.6000000238
11728  -22.861  -61.191  -8.591 0.6000000238
11792  -26.527  -61.127  -11.228 0.6000000238
11774  -26.309  -61.304  -10.516 0.6000000238
11709  -23.968  -61.237  -7.727 0.6000000238
12555  -27.181  -60.529  -12.788 0.6000000238
11752  -25.684  -61.480  -9.429 0.5000000000
11793  -27.357  -61.234  -11.385 0.6000000238
11775  -27.107  -61.391  -10.482 0.5000000000
134170  -27.837  -61.534  -10.104 0.5000000000
14950  -12.063  -57.711  -11.613 0.6999999881
15777  -13.531  -56.961  -12.006 0.6999999881
117903  -14.480  -56.633  -12.242 0.6999999881
15790  -15.094  -57.183  -12.686 0.6999999881
15778  -15.303  -56.377  -12.466 0.6000000238
15791  -15.745  -56.863  -12.916 0.6999999881
16610  -17.105  -56.295  -13.391 0.4000000060
117181  -11.694  -56.989  -11.333 0.6999999881
15762  -12.471  -56.832  -11.603 0.6999999881
15763  -12.990  -55.955  -11.533 0.6000000238
16596  -13.893  -56.087  -11.866 0.6000000238
116576  -18.184  -55.471  -13.533 0.5000000000
15747  -9.321  -56.433  -9.836 0.6999999881
15760  -10.054  -56.413  -10.284 0.6999999881
16612  -19.176  -55.417  -13.880 0.5000000000
15728  -9.033  -56.356  -9.179 0.6999999881
16625  -19.984  -55.680  -14.204 0.5000000000
15687  -9.415  -56.655  -8.585 0.6000000238
14891  -10.133  -57.388  -8.056 0.6000000238
122646  -11.777  -58.533  -7.944 0.6000000238
13266  -13.185  -59.350  -7.742 0.5000000000
130628  -14.123  -59.185  -8.046 0.5000000000
120742  -40.077  -67.618  -16.214 0.4000000060
8965  -40.861  -66.160  -14.888 0.4000000060
11730  -24.607  -61.492  -8.228 0.6000000238
17306  -14.723  -55.698  -11.941 0.5000000000
131873  -15.566  -55.716  -12.295 0.5000000000
16585  -11.115  -55.425  -10.721 0.6000000238
16586  -12.063  -55.374  -11.090 0.6000000238
122824  -12.807  -55.061  -11.209 0.6000000238
138597  -14.532  -54.846  -11.538 0.6000000238
17307  -15.432  -54.937  -11.837 0.5000000000
138365  -16.954  -55.148  -12.552 0.5000000000
119768  -17.715  -54.941  -12.872 0.5000000000
15729  -9.555  -55.927  -9.565 0.6999999881
16565  -10.177  -55.323  -9.812 0.6000000238
16567  -11.375  -54.575  -10.485 0.6000000238
17293  -12.186  -54.438  -10.765 0.6000000238
18059  -11.814  -53.074  -10.091 0.6000000238
17309  -18.042  -54.237  -12.545 0.5000000000
15703  -9.688  -55.897  -9.077 0.6999999881
16524  -10.240  -55.332  -9.456 0.6000000238
16525  -10.891  -54.727  -9.135 0.6000000238
16506  -11.504  -54.413  -8.765 0.6000000238
17268  -11.719  -53.135  -9.127 0.6000000238
15688  -10.332  -56.478  -8.511 0.6000000238
123910  -10.579  -55.552  -8.871 0.6000000238
16526  -11.663  -55.349  -8.612 0.6000000238
16507  -12.338  -54.657  -8.499 0.6000000238
14114  -11.276  -57.475  -8.214 0.6000000238
14908  -12.846  -57.322  -8.544 0.6000000238
127742  -13.209  -56.699  -8.681 0.6000000238
16527  -13.020  -55.730  -8.597 0.6000000238
14116  -13.184  -58.111  -8.473 0.5000000000
14099  -13.439  -58.764  -8.215 0.5000000000
14117  -13.964  -58.377  -8.534 0.5000000000
14909  -13.785  -57.439  -8.763 0.6000000238
15706  -13.937  -56.448  -8.866 0.6000000238
8981  -40.948  -66.954  -15.999 0.4000000060
12487  -15.333  -60.294  -7.076 0.5000000000
130843  -14.624  -58.636  -8.485 0.5000000000
14910  -14.627  -57.960  -8.870 0.6000000238
15707  -14.686  -57.063  -9.087 0.6000000238
12488  -16.265  -60.223  -7.218 0.5000000000
13269  -16.477  -59.524  -7.720 0.5000000000
14101  -15.923  -58.982  -8.228 0.4000000060
14118  -15.322  -58.432  -8.634 0.5000000000
14119  -16.238  -58.117  -8.698 0.6000000238
122845  -14.772  -54.085  -11.362 0.6000000238
17296  -15.711  -54.000  -11.532 0.5000000000
17308  -17.208  -54.437  -12.249 0.5000000000
17295  -13.875  -54.194  -11.181 0.6000000238
18068  -13.981  -53.243  -10.973 0.5000000000
18055  -11.967  -52.536  -9.643 0.6999999881
18803  -12.509  -51.924  -9.909 0.6999999881
17254  -12.789  -53.918  -8.444 0.6000000238
18035  -12.809  -53.123  -8.468 0.6999999881
16508  -13.409  -54.817  -8.562 0.6000000238
17255  -13.721  -54.127  -8.534 0.6999999881
16528  -14.074  -55.549  -8.854 0.6000000238
17269  -14.312  -54.746  -8.756 0.6999999881
15708  -15.614  -56.639  -9.237 0.6000000238
130223  -15.450  -55.811  -9.237 0.6999999881
12456  -18.681  -60.957  -5.399 0.5000000000
13253  -17.751  -59.936  -6.986 0.5000000000
14102  -16.771  -58.804  -8.139 0.4000000060
14120  -17.135  -58.089  -8.443 0.6000000238
133303  -16.156  -57.300  -9.074 0.6000000238
12472  -18.227  -60.568  -6.256 0.5000000000
13270  -17.273  -59.359  -7.595 0.4000000060
14103  -17.558  -58.630  -7.915 0.5000000000
17297  -16.616  -53.841  -11.742 0.5000000000
18070  -15.931  -53.110  -11.371 0.5000000000
18061  -13.112  -52.400  -10.461 0.6000000238
18804  -13.297  -51.476  -10.090 0.5000000000
18805  -14.354  -51.465  -10.381 0.5000000000
18777  -13.078  -52.458  -8.534 0.6999999881
18036  -13.755  -53.363  -8.440 0.6999999881
17256  -14.490  -54.017  -8.608 0.6000000238
123465  -16.216  -55.843  -9.305 0.6999999881
17270  -15.141  -54.527  -8.876 0.6000000238
14912  -16.873  -57.415  -8.859 0.6000000238
15709  -16.606  -56.642  -9.173 0.6000000238
13254  -18.694  -59.658  -6.522 0.5000000000
13271  -18.059  -59.133  -7.308 0.4000000060
14892  -17.823  -57.945  -8.175 0.6000000238
13236  -19.433  -59.586  -5.578 0.4000000060
13255  -19.262  -59.014  -6.310 0.4000000060
14081  -18.734  -58.721  -6.955 0.5000000000
14104  -18.241  -58.357  -7.634 0.5000000000
18790  -12.961  -51.482  -9.120 0.6000000238
19553  -13.537  -51.111  -9.388 0.5000000000
18778  -14.086  -52.534  -8.393 0.6000000238
19538  -14.133  -51.653  -8.488 0.5000000000
18037  -14.557  -53.360  -8.477 0.6000000238
18046  -15.226  -53.740  -8.651 0.6000000238
18047  -15.869  -53.262  -8.572 0.5000000000
17271  -16.090  -54.185  -8.949 0.6000000238
123450  -17.178  -55.843  -9.198 0.6999999881
128199  -17.662  -54.988  -9.127 0.5000000000
14913  -18.106  -57.304  -8.400 0.6000000238
132388  -18.374  -57.729  -7.919 0.5000000000
14066  -19.755  -58.663  -5.720 0.4000000060
14105  -18.857  -57.918  -7.354 0.5000000000
18011  -16.216  -53.812  -5.088 0.4000000060
18755  -16.014  -52.892  -4.928 0.3000000119
18012  -17.006  -53.844  -4.715 0.4000000060
19539  -15.048  -51.521  -8.205 0.5000000000
16487  -16.649  -55.415  -4.921 0.3000000119
17229  -16.839  -54.555  -4.851 0.4000000060
18048  -16.767  -53.460  -8.698 0.5000000000
18791  -15.526  -52.452  -8.287 0.5000000000
133224  -17.801  -55.985  -3.747 0.3000000119
16472  -17.523  -55.208  -4.261 0.4000000060
17272  -17.143  -54.250  -8.981 0.5000000000
15645  -18.444  -56.461  -3.117 0.3000000119
123184  -18.205  -55.803  -8.810 0.6000000238
15711  -18.351  -56.642  -8.505 0.6999999881
16530  -18.956  -55.449  -8.415 0.6000000238
14082  -19.380  -58.257  -6.581 0.5000000000
14893  -18.834  -57.097  -7.904 0.5000000000
14894  -19.587  -57.340  -6.997 0.4000000060
132384  -19.974  -56.611  -6.913 0.4000000060
18754  -15.223  -52.590  -5.083 0.3000000119
18738  -16.610  -52.362  -4.577 0.3000000119
17999  -16.791  -53.166  -4.673 0.3000000119
18792  -16.418  -52.672  -8.362 0.5000000000
17218  -17.569  -54.263  -4.363 0.4000000060
18793  -17.350  -52.819  -8.408 0.5000000000
16473  -18.307  -55.573  -3.393 0.4000000060
133281  -17.921  -54.288  -8.857 0.5000000000
18050  -18.466  -53.847  -8.565 0.5000000000
130313  -18.576  -54.756  -8.664 0.5000000000
15689  -19.489  -56.464  -7.550 0.5000000000
16509  -19.518  -55.638  -7.874 0.5000000000
14860  -20.299  -58.207  -4.962 0.3000000119
14861  -20.547  -57.424  -5.291 0.4000000060
14874  -20.247  -57.043  -6.247 0.4000000060
15690  -20.046  -55.915  -7.171 0.4000000060
19517  -14.918  -51.722  -4.967 0.3000000119
18737  -15.819  -52.069  -4.772 0.3000000119
18739  -17.383  -52.642  -4.335 0.4000000060
19540  -16.075  -51.126  -7.865 0.4000000060
18000  -17.530  -53.450  -4.378 0.4000000060
126304  -18.209  -54.707  -3.744 0.4000000060
18001  -18.195  -53.838  -3.912 0.4000000060
17257  -19.233  -54.088  -8.295 0.5000000000
16463  -19.209  -56.014  -2.709 0.4000000060
129162  -19.989  -56.630  -2.720 0.3000000119
17258  -19.419  -54.853  -8.159 0.5000000000
15646  -20.981  -56.941  -4.678 0.3000000119
19506  -15.694  -51.238  -4.659 0.3000000119
19507  -16.455  -51.578  -4.501 0.3000000119
19508  -17.203  -51.825  -4.276 0.4000000060
19509  -18.016  -52.095  -4.027 0.3000000119
18740  -18.117  -52.973  -3.991 0.4000000060
20278  -15.762  -50.107  -7.819 0.4000000060
116800  -15.582  -49.306  -7.911 0.4000000060
19541  -17.359  -51.306  -7.730 0.4000000060
18794  -18.230  -53.051  -8.372 0.4000000060
132471  -18.773  -55.142  -3.072 0.3000000119
18039  -19.012  -53.310  -8.189 0.4000000060
122660  -19.481  -55.145  -2.687 0.3000000119
116118  -20.708  -56.438  -3.033 0.3000000119
15674  -20.444  -56.296  -6.436 0.4000000060
20238  -15.640  -50.397  -4.574 0.3000000119
129490  -16.989  -51.158  -4.282 0.4000000060
19495  -17.780  -51.120  -3.974 0.4000000060
21019  -15.503  -48.546  -8.200 0.4000000060
122579  -16.566  -49.631  -7.588 0.4000000060
18729  -18.720  -52.503  -3.539 0.4000000060
17988  -18.752  -53.363  -3.442 0.4000000060
18782  -18.028  -52.148  -8.048 0.4000000060
132862  -18.465  -51.252  -7.614 0.4000000060
123673  -18.865  -54.313  -3.156 0.3000000119
130366  -18.760  -52.646  -8.060 0.4000000060
16464  -20.223  -55.879  -2.585 0.3000000119
18040  -19.772  -53.512  -7.832 0.5000000000
123188  -19.850  -54.261  -7.842 0.5000000000
15664  -21.215  -56.391  -5.119 0.3000000119
16499  -20.599  -55.530  -6.604 0.4000000060
15663  -20.756  -56.697  -5.627 0.4000000060
19496  -18.679  -51.586  -3.568 0.3000000119
117904  -16.285  -48.804  -7.664 0.4000000060
21021  -17.695  -49.937  -7.456 0.4000000060
21020  -17.283  -49.084  -7.420 0.3000000119
123278  -18.993  -52.027  -7.777 0.4000000060
137050  -18.404  -50.479  -7.455 0.4000000060
16458  -20.331  -54.999  -2.473 0.3000000119
18784  -20.342  -52.797  -7.336 0.4000000060
15647  -21.473  -56.370  -4.300 0.3000000119
16489  -21.547  -55.681  -5.129 0.3000000119
17244  -20.875  -54.725  -6.575 0.3000000119
20227  -19.429  -51.104  -3.166 0.3000000119
18730  -19.298  -52.949  -3.110 0.3000000119
21022  -18.709  -49.826  -7.352 0.4000000060
16459  -21.127  -54.625  -2.432 0.3000000119
19543  -19.800  -52.015  -7.476 0.4000000060
19542  -19.320  -51.437  -7.480 0.4000000060
16465  -21.200  -55.552  -2.742 0.3000000119
15638  -21.443  -56.098  -3.458 0.3000000119
18025  -20.519  -53.903  -7.220 0.3000000119
17245  -21.483  -54.784  -5.721 0.3000000119
17976  -21.056  -53.742  -2.379 0.3000000119
19528  -20.508  -51.885  -7.045 0.3000000119
19527  -19.986  -51.265  -7.178 0.3000000119
16466  -21.929  -55.368  -3.305 0.3000000119
125921  -20.944  -53.193  -6.758 0.3000000119
16474  -21.961  -55.692  -4.077 0.3000000119
18026  -21.333  -53.892  -6.263 0.3000000119
17977  -21.870  -53.443  -2.381 0.3000000119
18719  -22.046  -52.561  -2.252 0.3000000119
17212  -21.852  -54.786  -2.770 0.3000000119
16488  -20.954  -55.992  -5.842 0.4000000060
15637  -20.968  -56.868  -3.719 0.3000000119
6816  -39.631  -68.717  -8.468 0.6000000238
6838  -40.611  -68.649  -10.580 0.5000000000
6238  -39.825  -69.690  -11.581 0.5000000000
5706  -39.057  -70.216  -11.031 0.5000000000
120441  -40.889  -68.726  -11.448 0.5000000000
7476  -43.502  -67.257  -11.939 0.5000000000
6805  -38.322  -68.562  -7.045 0.6999999881
7407  -39.359  -67.416  -6.611 0.6999999881
6201  -37.432  -69.756  -8.200 0.6999999881
7490  -42.957  -67.723  -12.326 0.4000000060
8160  -41.918  -66.734  -9.120 0.5000000000
8835  -46.477  -65.469  -6.738 0.3000000119
8141  -42.290  -66.233  -8.557 0.5000000000
9586  -42.442  -64.337  -6.618 0.3000000119
9571  -37.040  -64.593  -6.623 0.6000000238
8811  -37.112  -65.327  -5.662 0.6000000238
8867  -36.963  -64.489  -7.469 0.5000000000
8135  -32.802  -66.404  -8.226 0.6000000238
7393  -35.871  -67.005  -5.516 0.6999999881
6730  -44.803  -67.882  -3.151 0.3000000119
8067  -33.198  -66.807  -5.790 0.6000000238
130486  -34.384  -66.996  -5.494 0.6000000238
6788  -36.020  -68.337  -6.258 0.6999999881
7414  -40.691  -67.308  -7.718 0.5000000000
7441  -41.490  -67.329  -9.516 0.6000000238
6180  -34.561  -69.090  -6.912 0.6000000238
6199  -35.544  -69.797  -8.192 0.6999999881
7389  -31.676  -67.420  -5.716 0.5000000000
6198  -34.465  -69.749  -7.977 0.5000000000
8853  -46.683  -64.820  -7.436 0.3000000119
8110  -29.771  -66.219  -7.117 0.6000000238
6197  -33.356  -69.858  -8.149 0.5000000000
137693  -44.688  -61.883  -6.921 0.3000000119
8096  -40.142  -66.135  -6.313 0.5000000000
9589  -46.853  -64.198  -7.932 0.3000000119
6196  -32.431  -69.860  -8.246 0.5000000000
9609  -37.712  -64.463  -8.906 0.4000000060
8053  -46.045  -65.874  -3.096 0.3000000119
8958  -31.307  -65.978  -15.774 0.6000000238
10397  -29.204  -63.586  -15.269 0.6999999881
10425  -30.955  -63.286  -16.769 0.6000000238
11844  -31.150  -61.191  -16.605 0.6000000238
8238  -32.086  -65.906  -16.683 0.6000000238
127368  -35.272  -67.850  -16.068 0.5000000000
8906  -38.936  -65.069  -11.127 0.4000000060
137766  -33.144  -65.064  -16.869 0.6000000238
8976  -33.586  -65.476  -17.020 0.5000000000
11097  -32.201  -63.101  -15.603 0.6000000238
9634  -33.769  -64.375  -12.156 0.4000000060
11865  -29.467  -60.354  -18.525 0.6000000238
13375  -30.082  -59.345  -17.550 0.6999999881
11819  -19.905  -61.832  -13.531 0.6000000238
128327  -37.060  -68.073  -14.327 0.4000000060
8239  -35.689  -66.693  -16.972 0.4000000060
9636  -35.720  -63.954  -11.967 0.4000000060
11030  -30.808  -62.448  -10.780 0.4000000060
118065  -28.777  -61.070  -18.132 0.6000000238
13342  -17.977  -59.949  -14.412 0.6000000238
133163  -20.757  -61.218  -12.304 0.6000000238
8217  -39.605  -66.711  -14.131 0.5000000000
12586  -23.630  -60.414  -14.668 0.5000000000
13304  -20.812  -59.865  -9.916 0.6000000238
12596  -23.644  -60.402  -15.527 0.4000000060
13333  -28.034  -59.683  -14.419 0.5000000000
8979  -36.169  -66.249  -16.525 0.5000000000
12553  -25.583  -60.499  -12.580 0.6000000238
13345  -26.675  -59.429  -14.961 0.5000000000
14890  -9.205  -57.444  -8.070 0.6000000238
13268  -15.639  -59.670  -7.679 0.5000000000
17294  -13.027  -54.335  -10.946 0.5000000000
16547  -10.714  -54.657  -9.675 0.6000000238
17277  -11.132  -54.111  -9.925 0.6000000238
18060  -12.296  -52.676  -10.235 0.6000000238
14907  -12.059  -57.139  -8.407 0.6000000238
12471  -17.125  -60.667  -6.613 0.5000000000
18811  -14.133  -52.328  -10.686 0.5000000000
124116  -16.692  -55.025  -9.238 0.6000000238
18779  -14.760  -52.209  -8.344 0.5000000000
18781  -16.885  -52.021  -8.051 0.4000000060
14873  -20.013  -57.843  -5.995 0.4000000060
14842  -20.670  -57.630  -4.225 0.3000000119
16510  -20.167  -54.973  -7.427 0.5000000000
20279  -16.866  -50.482  -7.600 0.4000000060
18783  -19.467  -52.716  -7.804 0.4000000060
16500  -21.098  -55.338  -5.998 0.3000000119
17989  -19.438  -53.695  -2.884 0.3000000119
20980  -16.345  -49.043  -4.243 0.3000000119
17975  -20.251  -54.100  -2.505 0.3000000119
17207  -21.710  -54.161  -2.503 0.3000000119
6211  -28.646  -69.103  -9.445 0.5000000000
130200  -29.176  -69.305  -9.979 0.5000000000
6213  -30.398  -69.760  -9.362 0.5000000000
5678  -31.037  -70.095  -9.788 0.4000000060
6825  -27.102  -68.589  -9.187 0.5000000000
6815  -27.982  -68.860  -8.808 0.5000000000
6192  -28.925  -69.207  -8.385 0.5000000000
6193  -29.910  -69.449  -8.511 0.5000000000
6194  -30.741  -69.654  -8.472 0.5000000000
6195  -31.571  -69.782  -8.340 0.4000000060
6813  -26.578  -68.567  -7.916 0.4000000060
6814  -27.294  -68.700  -8.267 0.5000000000
136624  -29.602  -69.220  -7.636 0.5000000000
6176  -31.041  -69.379  -7.629 0.4000000060
6798  -26.387  -68.395  -7.038 0.5000000000
122181  -28.098  -68.832  -6.931 0.5000000000
116025  -28.075  -68.941  -7.776 0.5000000000
124171  -26.978  -68.034  -6.380 0.5000000000
137193  -28.784  -69.030  -7.274 0.5000000000
7401  -28.460  -67.900  -5.859 0.5000000000
7402  -29.105  -68.225  -6.039 0.5000000000
6782  -30.326  -68.583  -6.448 0.4000000060
6778  -26.072  -67.809  -6.475 0.5000000000
7400  -27.638  -67.428  -5.799 0.5000000000
7385  -28.463  -67.175  -5.731 0.5000000000
7387  -30.133  -67.441  -5.730 0.5000000000
8880  -24.180  -65.355  -9.691 0.5000000000
7399  -25.662  -67.084  -6.161 0.5000000000
8824  -25.321  -65.828  -6.781 0.5000000000
8825  -26.382  -65.827  -6.576 0.5000000000
127786  -25.919  -65.545  -7.493 0.5000000000
8826  -27.191  -66.167  -6.145 0.5000000000
8846  -26.879  -65.539  -7.432 0.5000000000
8084  -28.001  -66.609  -5.944 0.5000000000
8062  -28.972  -66.794  -5.904 0.5000000000
127849  -24.829  -65.326  -9.066 0.5000000000
8900  -25.011  -64.927  -10.016 0.5000000000
10360  -25.718  -63.554  -12.850 0.5000000000
8863  -26.455  -65.488  -8.523 0.5000000000
9620  -25.557  -64.698  -10.623 0.5000000000
9648  -26.086  -63.871  -12.154 0.5000000000
8882  -26.481  -65.443  -9.517 0.5000000000
8902  -26.993  -65.449  -10.261 0.5000000000
8864  -27.502  -65.528  -8.258 0.5000000000
8883  -27.267  -65.541  -9.270 0.5000000000
8108  -27.903  -66.002  -6.496 0.5000000000
116985  -29.185  -66.129  -6.879 0.5000000000
8086  -29.642  -66.491  -6.340 0.5000000000
138499  -27.632  -61.849  -18.009 0.5000000000
11093  -27.548  -61.877  -16.015 0.6000000238
10377  -26.233  -63.142  -13.630 0.5000000000
9631  -26.632  -64.530  -11.598 0.5000000000
10378  -27.069  -63.331  -13.404 0.5000000000
8915  -27.212  -65.203  -11.162 0.5000000000
9632  -27.490  -65.006  -11.899 0.5000000000
8884  -28.174  -65.634  -8.997 0.5000000000
119806  -27.938  -65.689  -9.976 0.5000000000
8865  -28.393  -65.694  -8.022 0.5000000000
11874  -27.555  -61.034  -19.223 0.5000000000
11851  -28.048  -61.432  -18.595 0.5000000000
11082  -27.242  -62.385  -14.958 0.6000000238
11043  -18.388  -63.254  -11.259 0.5000000000
11067  -18.099  -62.204  -13.036 0.6000000238
11042  -17.590  -62.800  -10.798 0.5000000000
11805  -17.432  -61.718  -12.445 0.5000000000
11818  -17.600  -61.471  -13.587 0.6000000238
11816  -16.119  -60.746  -12.665 0.6000000238
11787  -16.333  -61.566  -10.874 0.5000000000
12547  -15.251  -60.444  -12.238 0.6000000238
126496  -14.422  -60.178  -11.917 0.5000000000
12563  -15.575  -60.246  -13.280 0.6000000238
12562  -14.761  -59.962  -12.840 0.6000000238
13312  -12.869  -59.487  -11.748 0.5000000000
13319  -13.584  -59.289  -12.397 0.6000000238
121546  -14.756  -58.914  -13.178 0.6000000238
134379  -12.013  -58.879  -11.713 0.5000000000
14158  -12.455  -58.478  -11.844 0.5000000000
14147  -9.973  -57.948  -10.699 0.5000000000
125494  -8.852  -56.889  -9.636 0.6000000238
117653  -9.447  -59.003  -7.427 0.6000000238
14095  -8.215  -58.223  -8.123 0.5000000000
14948  -10.468  -57.339  -10.767 0.6000000238
14149  -11.623  -58.378  -11.516 0.5000000000
14906  -8.750  -57.035  -8.697 0.5000000000
13264  -11.137  -59.313  -7.417 0.6000000238
121923  -10.779  -58.335  -7.833 0.6000000238
14098  -12.709  -58.692  -8.093 0.6000000238
10318  -46.929  -63.472  -8.147 0.3000000119
12503  -48.125  -60.656  -8.140 0.3000000119
11011  -46.306  -62.493  -7.871 0.3000000119
13287  -47.942  -59.816  -8.361 0.3000000119
11723  -45.968  -61.482  -7.447 0.3000000119
122067  -46.624  -63.102  -8.308 0.3000000119
10317  -46.477  -63.807  -8.572 0.3000000119
6801  -30.953  -68.932  -6.825 0.4000000060
9649  -27.528  -63.940  -12.992 0.5000000000
11068  -19.041  -62.688  -13.397 0.5000000000
129995  -30.305  -69.378  -7.884 0.4000000060
6800  -30.274  -69.056  -7.179 0.5000000000
8083  -26.467  -66.494  -6.047 0.5000000000
122637  -24.250  -65.618  -8.831 0.5000000000
8845  -25.093  -65.640  -7.552 0.5000000000
9629  -24.595  -64.383  -11.559 0.5000000000
9630  -25.570  -64.260  -11.372 0.5000000000
8901  -26.018  -65.127  -10.089 0.5000000000
116549  -27.088  -64.233  -12.291 0.5000000000
116111  -46.901  -62.949  -8.233 0.3000000119
12502  -46.280  -60.075  -7.864 0.3000000119
115765  -47.260  -60.361  -7.982 0.3000000119
11743  -47.376  -61.423  -7.945 0.3000000119
11724  -46.557  -60.900  -7.684 0.3000000119
13286  -46.920  -59.513  -8.343 0.3000000119
20262  -19.278  -50.629  -7.320 0.3000000119
5144  -35.092  -71.258  -10.865 0.5000000000
5656  -32.072  -70.107  -8.989 0.4000000060
5657  -32.925  -70.208  -8.899 0.5000000000
5680  -32.516  -70.370  -9.572 0.5000000000
5682  -34.552  -70.520  -9.438 0.6000000238
5684  -36.768  -70.632  -9.551 0.6000000238
5685  -37.616  -70.404  -9.379 0.5000000000
6158  -32.233  -69.156  -6.944 0.5000000000
6178  -32.767  -69.511  -7.511 0.5000000000
6181  -36.069  -69.371  -7.533 0.6999999881
6183  -37.916  -69.244  -7.607 0.6999999881
6202  -38.287  -69.645  -8.354 0.8000000119
6212  -29.492  -69.420  -9.293 0.5000000000
6214  -31.250  -70.008  -9.113 0.5000000000
6216  -38.438  -70.024  -9.229 0.6000000238
6225  -28.490  -68.939  -10.435 0.5000000000
6229  -40.244  -69.191  -11.055 0.5000000000
6239  -40.766  -69.190  -12.141 0.5000000000
6729  -44.331  -68.239  -2.797 0.3000000119
6761  -29.796  -68.140  -5.968 0.5000000000
6762  -30.554  -68.023  -5.914 0.5000000000
6763  -31.287  -68.021  -5.900 0.5000000000
6764  -32.795  -68.033  -5.814 0.6000000238
6765  -33.563  -67.916  -5.732 0.6000000238
6766  -34.428  -67.691  -5.677 0.6000000238
6779  -27.829  -68.344  -6.309 0.5000000000
6780  -28.614  -68.560  -6.454 0.5000000000
6781  -29.487  -68.760  -6.659 0.5000000000
6787  -35.062  -68.348  -6.129 0.6999999881
6799  -27.316  -68.624  -7.192 0.5000000000
6802  -35.589  -68.942  -6.845 0.6999999881
6804  -37.421  -68.774  -6.944 0.6999999881
6837  -39.962  -69.164  -10.132 0.5000000000
7358  -43.760  -67.732  -1.669 0.3000000119
7360  -44.922  -67.111  -2.161 0.3000000119
7369  -45.615  -66.657  -3.100 0.3000000119
7376  -45.231  -67.364  -3.294 0.3000000119
7382  -45.801  -66.883  -4.398 0.3000000119
7386  -29.246  -67.481  -5.754 0.5000000000
7392  -35.068  -67.144  -5.525 0.6000000238
7396  -45.804  -66.811  -5.160 0.3000000119
7403  -35.587  -67.730  -5.769 0.6999999881
7404  -36.378  -67.590  -5.826 0.6999999881
7426  -41.338  -67.103  -8.542 0.5000000000
7438  -32.842  -67.235  -9.942 0.5000000000
7439  -33.691  -67.267  -10.006 0.5000000000
7453  -32.539  -67.413  -10.724 0.5000000000
7459  -42.505  -67.027  -11.070 0.5000000000
7460  -44.374  -67.051  -11.111 0.5000000000
7467  -31.511  -67.105  -11.636 0.6000000238
7468  -32.319  -67.413  -11.680 0.5000000000
7471  -35.252  -67.578  -11.819 0.5000000000
7475  -42.804  -67.366  -11.820 0.4000000060
7486  -32.650  -67.452  -12.645 0.5000000000
7498  -33.089  -67.487  -13.492 0.5000000000
7499  -33.896  -67.724  -13.547 0.5000000000
7514  -35.943  -68.100  -15.840 0.4000000060
7523  -34.915  -67.313  -16.817 0.5000000000
7524  -35.693  -67.587  -16.721 0.5000000000
8044  -43.324  -67.002  -1.751 0.3000000119
8045  -44.247  -67.079  -1.897 0.3000000119
8058  -45.998  -66.374  -4.776 0.3000000119
8063  -29.844  -66.911  -5.811 0.5000000000
8085  -28.697  -66.305  -6.354 0.5000000000
8087  -30.481  -66.683  -6.039 0.6000000238
8088  -31.824  -66.597  -6.193 0.6000000238
8089  -32.638  -66.517  -6.233 0.6000000238
8090  -33.493  -66.318  -6.281 0.6000000238
8091  -34.337  -66.101  -6.243 0.6000000238
8093  -37.928  -66.457  -5.698 0.6000000238
8095  -39.433  -66.446  -6.157 0.6999999881
8097  -46.113  -66.125  -6.882 0.3000000119
8109  -28.545  -65.879  -7.098 0.5000000000
8111  -30.552  -66.335  -6.818 0.6000000238
8112  -31.475  -66.332  -6.801 0.6000000238
8131  -29.010  -65.869  -8.729 0.6999999881
8157  -35.650  -66.276  -9.573 0.5000000000
8159  -36.757  -65.799  -9.939 0.4000000060
8171  -29.400  -65.949  -10.182 0.6999999881
8191  -29.668  -66.063  -10.969 0.6000000238
8195  -37.163  -66.657  -11.433 0.4000000060
8197  -43.821  -66.732  -11.504 0.5000000000
8213  -30.748  -66.179  -13.686 0.6000000238
8227  -31.577  -66.440  -14.899 0.6000000238
8809  -35.777  -65.795  -5.743 0.6000000238
8810  -36.430  -65.576  -5.695 0.6000000238
8829  -36.714  -64.961  -6.109 0.6000000238
8847  -27.755  -65.661  -7.308 0.5000000000
8850  -41.366  -65.682  -6.668 0.4000000060
8861  -24.644  -65.600  -8.229 0.5000000000
8862  -25.429  -65.474  -8.356 0.5000000000
8866  -36.337  -64.921  -8.064 0.5000000000
8868  -42.592  -65.637  -7.887 0.4000000060
8870  -46.205  -64.902  -8.917 0.3000000119
8881  -25.677  -65.364  -9.284 0.5000000000
8887  -42.988  -65.724  -9.034 0.5000000000
8888  -43.497  -65.871  -10.150 0.5000000000
8899  -24.364  -64.865  -10.671 0.5000000000
8914  -26.341  -64.850  -10.839 0.5000000000
8916  -28.068  -65.523  -11.551 0.6000000238
8927  -28.548  -65.418  -12.274 0.6000000238
8941  -30.259  -65.822  -14.123 0.6000000238
8974  -30.885  -65.291  -16.077 0.6000000238
8991  -33.380  -65.754  -17.257 0.6000000238
8992  -33.993  -66.073  -17.291 0.5000000000
8993  -34.826  -66.475  -17.067 0.5000000000
9601  -45.619  -64.062  -8.820 0.4000000060
9614  -45.918  -64.869  -9.369 0.4000000060
9619  -24.954  -64.506  -10.828 0.5000000000
9622  -39.846  -63.633  -10.376 0.4000000060
9637  -39.584  -64.691  -11.497 0.4000000060
9647  -25.188  -63.824  -12.172 0.5000000000
9665  -28.353  -64.419  -13.421 0.6000000238
9703  -30.702  -64.599  -16.308 0.5000000000
9717  -31.161  -64.114  -16.634 0.5000000000
9719  -32.264  -64.672  -16.636 0.6000000238
9720  -32.894  -65.245  -17.044 0.6000000238
10304  -41.707  -63.471  -6.557 0.3000000119
10306  -44.221  -63.143  -6.887 0.3000000119
10313  -39.501  -63.256  -8.636 0.4000000060
10333  -32.816  -63.386  -10.588 0.4000000060
10346  -32.276  -63.325  -11.193 0.6000000238
10349  -35.456  -63.617  -11.207 0.4000000060
10352  -41.082  -63.322  -11.812 0.4000000060
10357  -19.024  -63.624  -11.673 0.5000000000
10361  -26.612  -63.585  -12.841 0.5000000000
10364  -33.035  -64.161  -12.629 0.6000000238
10379  -27.835  -63.553  -13.752 0.6000000238
10395  -27.130  -62.892  -14.088 0.5000000000
10412  -31.973  -63.262  -16.321 0.6000000238
10413  -32.300  -63.876  -16.075 0.6000000238
10994  -33.286  -61.777  -7.803 0.4000000060
10995  -40.876  -62.641  -7.747 0.3000000119
10998  -44.059  -62.240  -6.771 0.3000000119
10999  -46.699  -61.752  -7.850 0.3000000119
11004  -31.236  -62.344  -8.709 0.5000000000
11009  -41.348  -62.245  -7.996 0.3000000119
11012  -46.923  -62.350  -8.104 0.3000000119
11018  -31.855  -62.628  -9.256 0.5000000000
11021  -34.572  -62.412  -9.152 0.4000000060
11031  -31.642  -62.720  -10.144 0.5000000000
11054  -17.938  -62.467  -11.740 0.5000000000
11055  -18.704  -62.954  -12.262 0.5000000000
11056  -30.684  -62.253  -12.353 0.5000000000
11094  -28.558  -61.829  -16.189 0.6999999881
11105  -26.967  -62.033  -16.324 0.5000000000
11106  -29.490  -61.266  -16.920 0.6999999881
11109  -31.615  -63.029  -16.539 0.6000000238
11135  -27.455  -61.930  -19.199 0.5000000000
11711  -25.408  -61.393  -7.716 0.6000000238
11720  -43.174  -61.713  -7.256 0.3000000119
11729  -23.650  -61.361  -8.386 0.6000000238
11731  -25.554  -61.527  -8.579 0.5000000000
11751  -24.195  -61.531  -9.063 0.6000000238
11770  -21.577  -61.194  -10.106 0.6000000238
11772  -23.869  -61.473  -9.713 0.6000000238
11773  -24.887  -61.388  -9.988 0.6000000238
11776  -27.942  -61.467  -10.785 0.5000000000
11777  -28.689  -61.620  -10.977 0.5000000000
11778  -29.899  -62.110  -10.995 0.5000000000
11788  -17.169  -61.986  -11.199 0.5000000000
11789  -22.100  -61.326  -10.544 0.6000000238
11795  -28.917  -61.517  -11.724 0.5000000000
11796  -29.647  -61.788  -11.783 0.5000000000
11803  -15.868  -60.906  -11.438 0.5000000000
11804  -16.688  -61.264  -11.878 0.6000000238
11806  -20.324  -61.411  -12.998 0.6000000238
11817  -16.918  -61.126  -13.159 0.6000000238
11820  -21.156  -61.399  -13.045 0.5000000000
11835  -31.546  -61.738  -14.873 0.6000000238
11840  -21.409  -62.122  -15.255 0.5000000000
11842  -22.433  -61.377  -15.486 0.5000000000
11852  -27.744  -61.620  -17.246 0.6000000238
11856  -31.413  -62.150  -16.579 0.6000000238
11866  -30.027  -60.339  -17.980 0.6999999881
11867  -30.374  -60.274  -17.550 0.6999999881
11875  -28.120  -61.081  -19.011 0.5000000000
12520  -20.548  -60.329  -10.589 0.5000000000
12521  -21.087  -60.728  -9.968 0.6000000238
12522  -24.664  -61.085  -11.024 0.6000000238
12533  -19.456  -60.201  -12.474 0.6000000238
12537  -23.364  -61.027  -11.821 0.6000000238
12538  -24.315  -60.852  -11.843 0.6000000238
12540  -26.832  -60.875  -12.031 0.6000000238
12541  -27.644  -61.004  -12.185 0.6000000238
12546  -13.647  -59.854  -11.813 0.5000000000
12556  -28.029  -60.606  -12.910 0.6000000238
12565  -17.288  -60.842  -14.020 0.6000000238
12571  -25.859  -60.207  -13.361 0.6000000238
12574  -28.467  -60.231  -13.717 0.6000000238
12575  -29.369  -60.431  -13.948 0.6000000238
12583  -18.233  -60.642  -13.973 0.6000000238
12584  -19.007  -61.162  -13.511 0.6000000238
12585  -22.826  -60.775  -14.169 0.5000000000
12590  -30.796  -60.599  -15.598 0.6000000238
12600  -23.091  -60.946  -15.887 0.5000000000
12619  -27.221  -59.964  -19.143 0.6000000238
13252  -16.989  -60.004  -7.300 0.5000000000
13292  -21.453  -60.287  -9.402 0.6000000238
13311  -12.050  -59.259  -11.621 0.5000000000
13318  -12.723  -59.027  -12.006 0.5000000000
13320  -14.383  -59.416  -12.908 0.6000000238
13327  -13.997  -58.992  -12.800 0.6000000238
13328  -15.159  -59.592  -13.388 0.6999999881
13329  -18.834  -59.347  -13.754 0.6000000238
13330  -25.255  -60.065  -13.938 0.6000000238
13332  -27.073  -59.733  -14.290 0.5000000000
13340  -16.946  -59.429  -14.443 0.6999999881
13341  -17.640  -59.743  -14.501 0.6999999881
13346  -27.513  -59.246  -15.207 0.6000000238
13356  -24.185  -60.112  -15.203 0.4000000060
13361  -29.618  -59.192  -16.485 0.6000000238
13370  -24.275  -59.940  -15.925 0.4000000060
13371  -24.900  -59.426  -16.301 0.6000000238
13372  -25.605  -58.912  -16.697 0.5000000000
13374  -28.005  -58.423  -17.911 0.6000000238
13386  -29.019  -58.867  -18.686 0.6000000238
13387  -29.870  -59.430  -18.245 0.6999999881
13393  -26.262  -58.997  -18.398 0.6000000238
13394  -27.159  -59.049  -18.890 0.6000000238
13395  -27.927  -59.412  -19.291 0.6000000238
13396  -28.701  -59.446  -19.238 0.6000000238
14096  -8.885  -58.236  -7.774 0.5000000000
14097  -9.809  -58.230  -7.744 0.6000000238
14100  -15.069  -59.136  -8.144 0.5000000000
14113  -7.838  -58.281  -8.700 0.5000000000
14115  -12.329  -57.922  -8.333 0.6000000238
14141  -20.438  -59.357  -10.666 0.6000000238
14151  -20.631  -58.330  -10.978 0.5000000000
14160  -14.164  -58.388  -12.639 0.6000000238
14173  -19.377  -58.536  -13.505 0.6000000238
14186  -16.288  -59.076  -14.157 0.6999999881
14187  -16.919  -58.593  -14.333 0.6999999881
14889  -8.584  -57.654  -8.226 0.5000000000
14905  -8.230  -57.579  -8.717 0.5000000000
14911  -15.435  -57.610  -9.030 0.6000000238
14923  -8.585  -57.005  -9.299 0.6000000238
14934  -8.497  -57.514  -9.701 0.6000000238
14935  -9.168  -57.495  -10.126 0.5000000000
14947  -9.786  -57.125  -10.304 0.6999999881
14949  -11.257  -57.568  -11.237 0.6999999881
14952  -21.069  -57.384  -11.468 0.5000000000
14964  -12.920  -57.784  -11.944 0.6999999881
14965  -13.654  -57.880  -12.262 0.6999999881
14979  -14.934  -58.056  -12.881 0.6999999881
14981  -16.640  -57.799  -13.835 0.6000000238
14982  -19.588  -57.730  -14.014 0.6000000238
14983  -20.243  -57.214  -13.837 0.6999999881
14996  -17.999  -57.805  -14.483 0.6000000238
14997  -18.772  -57.624  -14.481 0.6000000238
15704  -11.351  -56.370  -8.489 0.6000000238
15705  -12.371  -56.448  -8.523 0.6000000238
15710  -17.567  -56.752  -8.866 0.6000000238
15712  -18.931  -56.194  -8.253 0.6000000238
15748  -9.774  -55.816  -9.897 0.6999999881
15761  -10.945  -56.508  -10.846 0.6999999881
15793  -20.541  -56.495  -13.964 0.5000000000
15807  -19.902  -56.456  -14.353 0.5000000000
16529  -14.917  -55.318  -9.036 0.6999999881
16566  -10.703  -54.829  -10.124 0.6000000238
16584  -10.369  -55.609  -10.256 0.6000000238
16587  -13.715  -55.185  -11.469 0.6000000238
16597  -16.146  -56.171  -12.830 0.6999999881
16598  -16.746  -55.709  -12.874 0.5000000000
16611  -17.798  -55.987  -13.687 0.5000000000
16624  -18.567  -56.193  -14.156 0.5000000000
16626  -20.479  -55.788  -14.071 0.5000000000
17211  -19.623  -54.440  -2.679 0.3000000119
17253  -11.824  -53.792  -8.664 0.6000000238
17267  -11.257  -53.931  -9.311 0.6000000238
17278  -11.532  -53.368  -9.730 0.6000000238
17283  -11.658  -53.795  -10.222 0.6000000238
17284  -12.293  -53.577  -10.488 0.6000000238
17321  -17.402  -55.582  -13.156 0.5000000000
17322  -18.586  -54.795  -13.170 0.5000000000
18034  -12.128  -53.194  -8.587 0.6999999881
18038  -15.031  -52.952  -8.432 0.6000000238
18045  -12.219  -52.444  -8.877 0.6999999881
18049  -17.658  -53.612  -8.682 0.5000000000
18067  -13.096  -53.399  -10.716 0.6000000238
18069  -14.960  -53.180  -11.176 0.5000000000
18780  -15.976  -51.969  -8.060 0.5000000000
18789  -12.689  -51.874  -8.887 0.6999999881
18798  -12.453  -51.864  -9.332 0.6999999881
18799  -12.847  -51.533  -9.565 0.6000000238
19537  -13.323  -51.767  -8.672 0.6000000238
19548  -13.610  -51.175  -8.841 0.5000000000
20280  -17.775  -50.704  -7.547 0.4000000060
115925  -11.754  -56.198  -11.211 0.6000000238
115926  -18.981  -61.671  -13.671 0.6000000238
116142  -40.323  -68.670  -9.783 0.6000000238
116224  -17.745  -60.528  -14.261 0.6000000238
116808  -16.194  -55.390  -12.413 0.5000000000
117067  -26.644  -68.557  -8.688 0.5000000000
117110  -34.165  -64.805  -13.791 0.6000000238
117671  -29.260  -65.987  -7.751 0.6000000238
118068  -16.368  -54.651  -12.019 0.5000000000
118376  -35.070  -67.779  -12.622 0.5000000000
118393  -26.660  -67.251  -5.965 0.5000000000
118438  -20.383  -60.738  -11.447 0.5000000000
118633  -19.949  -62.436  -13.816 0.6000000238
118906  -44.251  -65.876  -10.623 0.4000000060
118981  -26.091  -59.880  -18.695 0.6000000238
119354  -26.068  -59.002  -16.130 0.6000000238
119504  -34.972  -66.607  -9.530 0.5000000000
120114  -26.030  -59.366  -15.298 0.6000000238
120543  -27.193  -66.707  -5.866 0.5000000000
120584  -29.836  -69.595  -10.072 0.5000000000
121365  -19.468  -57.102  -14.478 0.6999999881
121484  -16.457  -56.987  -13.350 0.6999999881
121753  -31.297  -61.285  -15.572 0.5000000000
121895  -48.640  -59.420  -8.630 0.3000000119
122182  -45.429  -62.097  -7.241 0.4000000060
122521  -33.450  -67.511  -14.477 0.6000000238
123618  -14.771  -56.144  -9.125 0.6000000238
124065  -47.206  -62.643  -7.965 0.3000000119
124652  -15.749  -55.108  -9.177 0.6999999881
124758  -33.995  -70.607  -9.694 0.6000000238
124883  -26.023  -60.765  -11.875 0.6000000238
124925  -30.698  -60.368  -16.895 0.5000000000
125268  -17.651  -58.399  -14.512 0.6000000238
125740  -30.329  -59.713  -17.034 0.6999999881
126007  -9.010  -56.464  -9.503 0.6999999881
127058  -38.696  -66.891  -6.077 0.6000000238
127194  -28.748  -60.749  -18.745 0.6000000238
127202  -34.713  -66.463  -5.692 0.6000000238
127270  -30.945  -68.447  -6.289 0.5000000000
127298  -22.751  -60.627  -8.356 0.6000000238
127329  -38.471  -67.507  -14.113 0.5000000000
127926  -24.840  -65.820  -7.119 0.5000000000
128652  -34.777  -63.749  -10.981 0.4000000060
129273  -19.860  -60.248  -11.832 0.5000000000
130710  -32.040  -68.069  -5.898 0.5000000000
131379  -15.076  -49.747  -8.213 0.4000000060
132390  -25.742  -66.297  -6.306 0.5000000000
132595  -45.986  -66.288  -3.476 0.3000000119
132681  -17.503  -57.508  -8.578 0.6000000238
132952  -18.614  -58.407  -14.385 0.6000000238
133252  -30.134  -62.195  -10.141 0.4000000060
133298  -10.303  -58.906  -7.485 0.6000000238
133825  -45.459  -67.196  -6.296 0.3000000119
133832  -14.146  -59.691  -12.486 0.5000000000
134269  -32.350  -67.531  -5.703 0.5000000000
134879  -30.351  -66.479  -10.778 0.6000000238
135798  -40.120  -64.413  -11.822 0.4000000060
135934  -47.192  -64.274  -6.315 0.3000000119
135953  -45.576  -67.131  -5.563 0.3000000119
136366  -28.881  -58.798  -16.458 0.6000000238
136554  -27.223  -65.762  -6.706 0.5000000000
136685  -32.223  -64.318  -16.476 0.6000000238
136847  -44.982  -66.799  -10.026 0.4000000060
137080  -45.472  -66.835  -8.121 0.3000000119
137639  -13.308  -53.670  -8.443 0.6999999881
137816  -45.129  -65.083  -9.797 0.4000000060
137995  -26.644  -59.423  -18.804 0.6000000238
138464  -12.330  -56.099  -11.391 0.6999999881
138491  -29.695  -62.005  -9.788 0.5000000000
138494  -18.557  -59.020  -14.304 0.6000000238
138662  -39.594  -70.740  -14.625 0.5000000000
138771  -31.376  -62.319  -13.324 0.6000000238
139276  -34.851  -66.850  -17.073 0.5000000000
