#!ascii label  , from subject sub-v2s17x50035_ses-1 vox2ras=TkReg
941
129026  15.302  1.218  -16.320 0.2500000000
70111  15.442  0.982  -16.517 0.2500000000
68290  16.052  -0.035  -17.002 0.7500000000
72744  14.462  4.809  -16.246 0.2500000000
71832  14.680  3.725  -16.414 0.1250000000
72762  15.963  4.339  -17.476 0.3750000000
137618  15.451  2.493  -16.882 0.2500000000
70956  15.249  1.773  -16.431 0.2500000000
69235  15.874  0.742  -17.018 0.7500000000
70112  15.324  1.546  -16.488 0.3750000000
68289  16.580  -0.479  -17.394 0.8750000000
69234  16.485  0.419  -17.478 0.8750000000
71831  15.849  3.252  -17.354 0.3750000000
70969  15.777  2.408  -17.174 0.3750000000
70968  16.327  2.062  -17.627 0.8750000000
70129  15.721  1.583  -16.983 0.7500000000
69242  17.404  0.526  -18.554 1.0000000000
69243  16.989  0.897  -18.023 1.0000000000
70128  16.385  1.236  -17.542 0.8750000000
131072  17.151  -0.589  -17.866 1.0000000000
68296  18.102  -0.669  -18.754 1.0000000000
71830  16.311  2.934  -17.708 0.7500000000
70982  16.837  2.530  -18.275 0.8750000000
69252  17.739  0.911  -19.213 1.0000000000
70141  17.310  1.284  -18.718 1.0000000000
70150  17.343  2.136  -18.912 1.0000000000
68309  18.649  -0.279  -19.285 1.0000000000
68310  17.937  0.133  -18.993 1.0000000000
68297  17.538  -0.253  -18.384 1.0000000000
126286  15.995  4.997  -17.457 0.1250000000
72761  16.299  3.909  -17.735 0.6250000000
70995  17.286  3.031  -18.874 1.0000000000
71844  16.799  3.442  -18.304 0.8750000000
69266  19.182  0.888  -20.086 1.0000000000
136830  18.605  1.111  -19.990 1.0000000000
129555  17.651  1.580  -19.262 1.0000000000
70165  17.858  2.197  -19.583 1.0000000000
69250  19.411  0.010  -19.834 1.0000000000
69251  18.480  0.587  -19.624 1.0000000000
68330  21.459  -0.190  -19.989 1.0000000000
68308  20.032  -0.680  -19.650 1.0000000000
75466  17.651  6.936  -20.081 0.2500000000
73678  16.314  4.921  -17.710 0.3750000000
71856  17.299  3.936  -18.922 1.0000000000
72777  16.779  4.414  -18.334 0.6250000000
71011  18.126  3.091  -19.911 1.0000000000
71855  17.676  3.535  -19.479 1.0000000000
70162  20.610  1.444  -20.627 1.0000000000
70164  18.826  1.590  -20.245 1.0000000000
129043  18.653  2.993  -20.428 1.0000000000
69264  21.080  0.639  -20.419 1.0000000000
70161  21.434  1.592  -20.546 1.0000000000
69263  21.805  0.651  -20.151 1.0000000000
116015  17.821  6.995  -20.510 0.5000000000
75467  17.321  6.478  -19.102 0.3750000000
74581  17.033  6.046  -18.552 0.3750000000
73708  17.345  5.780  -19.254 0.5000000000
74595  17.746  6.283  -20.133 0.5000000000
73707  17.713  5.406  -19.855 0.8750000000
72789  17.687  4.461  -19.640 1.0000000000
72814  18.525  5.548  -20.896 1.0000000000
71024  19.152  3.460  -20.743 1.0000000000
71870  18.119  4.100  -20.049 1.0000000000
71022  20.674  2.872  -20.930 1.0000000000
71023  19.890  3.139  -20.891 1.0000000000
71020  21.934  3.027  -20.730 1.0000000000
70177  20.883  2.131  -20.850 1.0000000000
70160  22.187  1.433  -20.213 0.8750000000
75478  17.995  7.669  -21.073 0.5000000000
74596  17.500  6.484  -19.583 0.5000000000
74606  18.051  6.862  -20.813 0.6250000000
73732  18.430  6.404  -21.262 1.0000000000
73715  18.155  5.963  -20.563 0.7500000000
130504  21.310  4.345  -21.083 1.0000000000
72811  20.653  4.915  -21.296 1.0000000000
126534  20.723  4.256  -21.061 1.0000000000
71887  18.993  4.375  -20.845 1.0000000000
71884  21.909  3.778  -20.902 1.0000000000
119034  21.187  3.504  -20.939 1.0000000000
71885  20.381  3.766  -20.989 1.0000000000
122583  22.535  3.967  -20.888 0.8750000000
71007  22.712  2.673  -20.479 0.8750000000
135158  18.089  7.458  -21.176 0.5000000000
74620  18.368  7.406  -21.640 0.8750000000
74638  19.198  6.879  -22.185 1.0000000000
73747  18.972  6.135  -21.812 1.0000000000
118410  21.310  5.123  -21.399 1.0000000000
132364  20.611  5.531  -21.598 1.0000000000
72813  19.278  4.995  -21.181 1.0000000000
122803  22.069  6.302  -21.669 1.0000000000
72810  23.118  4.505  -20.951 1.0000000000
123315  22.140  4.608  -21.136 1.0000000000
73727  22.073  5.540  -21.495 1.0000000000
75488  18.251  8.133  -21.718 0.5000000000
74640  18.592  7.646  -22.168 1.0000000000
76453  19.353  8.186  -22.668 1.0000000000
75501  19.193  7.520  -22.443 1.0000000000
75502  18.732  7.748  -22.392 1.0000000000
76441  22.500  8.678  -21.295 1.0000000000
75499  20.955  7.713  -21.886 1.0000000000
75485  23.576  7.727  -21.131 1.0000000000
75487  21.995  7.785  -21.426 1.0000000000
74618  21.562  6.912  -21.746 1.0000000000
118147  23.733  6.074  -21.090 1.0000000000
74617  22.616  7.111  -21.288 1.0000000000
73725  23.967  5.225  -20.932 0.8750000000
80124  18.176  11.632  -24.588 1.0000000000
79168  17.651  10.820  -22.918 0.3750000000
78308  18.033  11.119  -23.848 0.8750000000
77393  19.731  9.690  -22.990 1.0000000000
77372  21.750  9.109  -21.617 1.0000000000
116898  21.026  9.476  -21.938 1.0000000000
80136  18.512  11.749  -25.266 0.8750000000
80123  19.080  12.080  -24.698 1.0000000000
79179  18.762  11.301  -24.184 1.0000000000
119022  19.655  12.059  -23.977 1.0000000000
138034  20.183  10.360  -22.811 1.0000000000
77381  21.989  9.983  -21.670 1.0000000000
79147  21.956  11.259  -22.190 1.0000000000
78275  23.095  10.128  -21.433 1.0000000000
81032  16.914  11.411  -25.095 0.7500000000
80122  19.890  12.795  -24.419 1.0000000000
81016  20.540  12.677  -23.715 1.0000000000
79163  22.213  12.017  -22.615 1.0000000000
80108  21.371  12.360  -23.161 1.0000000000
79164  21.158  11.574  -22.728 1.0000000000
115855  19.422  12.591  -25.086 1.0000000000
86186  19.579  19.969  -26.216 0.1250000000
86876  20.003  20.253  -26.156 0.1250000000
86194  19.311  19.838  -27.570 0.2500000000
134015  19.422  20.461  -27.364 0.1250000000
87567  19.548  21.125  -28.359 0.2500000000
86202  19.570  19.765  -28.298 0.5000000000
86907  19.532  20.485  -28.854 0.2500000000
86913  19.565  20.477  -29.657 0.3750000000
87557  19.952  21.348  -27.882 0.2500000000
87575  19.573  21.153  -29.201 0.2500000000
87566  19.988  21.416  -28.712 0.2500000000
87583  20.577  22.143  -30.238 0.2500000000
87584  19.659  21.152  -30.051 0.2500000000
88207  20.028  22.076  -30.689 0.2500000000
87589  19.670  21.096  -30.908 0.3750000000
87574  20.157  21.620  -29.653 0.2500000000
87588  20.041  22.231  -31.652 0.2500000000
70097  14.992  1.270  -15.414 0.1250000000
70130  15.385  2.022  -16.672 0.2500000000
71814  14.348  3.457  -15.700 0.1250000000
67349  20.729  -1.319  -19.316 1.0000000000
74636  20.567  6.834  -22.015 1.0000000000
69211  15.175  0.406  -15.383 0.1250000000
68285  16.136  -0.713  -16.876 0.6250000000
66421  16.560  -1.982  -16.798 0.7500000000
121788  14.155  4.225  -15.587 0.1250000000
135635  17.235  -2.113  -17.331 1.0000000000
70943  14.698  2.179  -15.257 0.1250000000
67330  18.298  -1.416  -18.405 1.0000000000
67350  19.723  -1.247  -19.079 1.0000000000
73679  16.311  5.405  -17.530 0.3750000000
75440  17.002  6.167  -18.432 0.2500000000
69262  22.560  0.613  -19.904 0.8750000000
71867  23.394  3.198  -20.549 0.8750000000
71006  23.327  2.093  -20.163 0.8750000000
72809  24.115  4.394  -20.836 0.8750000000
79150  17.639  10.881  -22.394 0.1250000000
78276  17.837  10.193  -22.176 0.1250000000
76432  18.171  8.647  -21.747 0.3750000000
76454  18.110  8.997  -22.840 0.6250000000
74616  23.570  6.903  -21.127 1.0000000000
122835  17.498  11.756  -23.942 0.5000000000
78297  17.968  10.036  -22.782 0.3750000000
77396  17.544  9.265  -22.981 0.8750000000
77371  22.553  9.473  -21.411 1.0000000000
78274  24.030  10.007  -21.576 1.0000000000
78283  23.640  10.791  -21.725 1.0000000000
81038  18.923  12.777  -26.802 0.8750000000
81920  19.741  13.687  -26.118 1.0000000000
81910  21.017  14.327  -24.527 1.0000000000
81015  21.539  13.153  -23.564 1.0000000000
86875  20.274  19.975  -25.722 0.1250000000
85450  18.693  18.822  -26.014 0.1250000000
84677  18.472  17.385  -27.158 0.6250000000
85468  19.206  19.147  -27.528 0.6250000000
86201  19.817  19.632  -28.694 0.5000000000
136535  19.814  20.942  -26.932 0.2500000000
86209  19.997  19.764  -29.562 0.5000000000
87556  20.559  21.368  -28.318 0.2500000000
87565  20.781  21.626  -28.952 0.2500000000
86918  19.486  20.387  -30.411 0.5000000000
86917  19.560  19.760  -30.745 0.5000000000
87573  21.036  21.912  -29.621 0.1250000000
88220  19.454  23.691  -32.625 0.2500000000
120637  19.742  20.909  -31.826 0.3750000000
88226  19.096  23.735  -33.783 0.2500000000
88206  20.528  22.763  -30.903 0.1250000000
69225  15.407  0.397  -16.211 0.1250000000
69224  15.620  0.245  -16.514 0.3750000000
68287  15.482  -0.220  -16.151 0.5000000000
70970  15.271  2.141  -16.569 0.1250000000
67317  16.389  -1.182  -17.006 0.7500000000
68298  17.066  0.111  -17.913 0.8750000000
67321  16.993  -1.334  -17.523 1.0000000000
67331  17.614  -1.024  -18.150 1.0000000000
70142  16.898  1.689  -18.177 1.0000000000
67351  18.831  -1.015  -18.956 1.0000000000
122164  19.315  -0.647  -19.386 1.0000000000
70994  17.643  2.777  -19.360 1.0000000000
69265  20.154  0.601  -20.296 1.0000000000
70149  18.160  1.440  -19.785 1.0000000000
122409  18.411  2.273  -20.157 1.0000000000
68331  20.791  -0.004  -20.252 1.0000000000
68307  20.801  -0.564  -19.849 1.0000000000
114982  16.597  5.593  -17.892 0.3750000000
73694  16.847  5.324  -18.410 0.5000000000
72790  17.268  4.886  -19.072 0.8750000000
71869  18.592  3.795  -20.420 1.0000000000
70163  19.693  1.520  -20.476 1.0000000000
71010  19.215  2.431  -20.628 1.0000000000
71008  22.011  2.240  -20.498 1.0000000000
72798  18.152  5.056  -20.276 1.0000000000
73731  18.829  5.802  -21.464 1.0000000000
71886  19.638  4.088  -20.971 1.0000000000
72797  18.560  4.712  -20.574 1.0000000000
71021  21.358  2.564  -20.786 1.0000000000
71868  22.560  3.386  -20.711 0.8750000000
70159  22.968  1.378  -19.990 0.8750000000
74619  18.662  6.734  -21.795 1.0000000000
73730  19.357  5.613  -21.553 1.0000000000
72812  20.003  4.745  -21.229 1.0000000000
71883  23.273  3.815  -20.751 0.8750000000
74637  19.846  7.039  -22.247 1.0000000000
74639  18.829  6.876  -22.082 1.0000000000
73745  20.044  6.232  -21.948 1.0000000000
73746  19.309  6.195  -21.899 1.0000000000
73728  21.170  6.015  -21.770 1.0000000000
73729  19.965  5.534  -21.600 1.0000000000
119513  22.836  6.187  -21.315 1.0000000000
73726  22.962  5.315  -21.173 1.0000000000
76443  18.018  8.934  -21.815 0.6250000000
116084  18.206  8.453  -21.980 0.7500000000
75503  18.605  8.422  -22.789 1.0000000000
75514  18.930  7.936  -22.772 1.0000000000
76467  18.762  8.403  -23.009 1.0000000000
75500  19.986  7.503  -22.318 1.0000000000
77382  19.165  8.949  -23.096 1.0000000000
76452  20.105  8.983  -22.508 1.0000000000
128195  20.227  8.172  -22.283 1.0000000000
76440  23.546  8.552  -21.210 1.0000000000
76451  20.900  8.638  -21.900 1.0000000000
79167  17.756  10.896  -23.359 0.7500000000
78307  18.324  10.587  -23.623 1.0000000000
78296  18.046  10.059  -23.061 0.7500000000
77395  18.472  9.043  -23.074 1.0000000000
78293  19.585  10.394  -23.332 1.0000000000
78285  21.211  10.153  -22.013 1.0000000000
81030  19.245  12.642  -25.831 0.8750000000
78294  18.877  10.492  -23.676 1.0000000000
79166  19.565  11.199  -23.647 1.0000000000
79165  20.271  11.043  -23.005 1.0000000000
79148  20.958  10.728  -22.376 1.0000000000
78284  22.624  10.805  -21.697 1.0000000000
133998  20.063  13.515  -25.039 1.0000000000
80109  20.393  11.846  -23.349 1.0000000000
81025  20.728  13.482  -24.122 1.0000000000
86176  20.039  19.856  -25.453 0.1250000000
86187  19.037  19.374  -26.439 0.1250000000
116234  19.350  19.378  -25.474 0.1250000000
119488  19.981  21.090  -27.113 0.2500000000
86899  19.457  20.496  -28.013 0.2500000000
138324  18.587  18.563  -26.668 0.3750000000
86195  18.966  19.210  -27.108 0.5000000000
86210  19.670  19.931  -29.234 0.5000000000
85467  19.571  19.124  -27.913 0.7500000000
88215  19.966  23.194  -31.667 0.2500000000
127969  20.036  22.401  -32.622 0.2500000000
68273  15.431  -0.452  -16.016 0.2500000000
69193  15.549  -0.370  -14.786 0.1250000000
126365  15.319  -0.270  -15.128 0.1250000000
67318  15.941  -1.328  -16.437 0.6250000000
66433  17.748  -1.793  -17.835 1.0000000000
78287  17.866  10.171  -22.468 0.5000000000
75515  18.611  8.382  -22.801 0.8750000000
138890  17.626  8.892  -22.852 0.7500000000
75516  17.752  8.583  -22.893 0.8750000000
77383  17.873  9.409  -22.748 0.7500000000
76455  17.800  9.154  -22.742 0.8750000000
120136  17.915  8.896  -22.922 1.0000000000
78295  18.372  9.793  -23.259 1.0000000000
81919  20.486  14.532  -25.410 1.0000000000
81024  21.792  13.924  -23.943 1.0000000000
85451  18.100  18.111  -26.178 0.3750000000
119096  19.128  18.277  -27.342 0.7500000000
85458  18.766  18.292  -27.113 0.5000000000
135723  20.005  20.107  -32.282 0.3750000000
63629  18.095  -5.822  -15.638 0.7500000000
62726  19.436  -6.111  -16.518 0.7500000000
63615  17.526  -5.701  -15.373 0.7500000000
64544  17.197  -4.668  -15.753 0.7500000000
63645  19.914  -5.855  -17.048 0.7500000000
136213  18.461  -5.408  -16.120 0.7500000000
64543  18.515  -4.713  -16.508 0.7500000000
64560  19.791  -5.134  -17.267 0.7500000000
118234  19.257  -4.761  -16.983 0.7500000000
66411  16.453  -2.795  -16.471 0.7500000000
130489  18.311  -3.975  -16.788 0.7500000000
65442  17.749  -3.388  -16.859 0.8750000000
66410  17.071  -2.759  -16.956 0.8750000000
63657  20.860  -4.946  -17.984 0.7500000000
64575  19.717  -4.422  -17.526 0.7500000000
138931  19.332  -3.823  -17.546 0.7500000000
66419  18.780  -2.788  -17.755 0.8750000000
66420  17.976  -2.618  -17.415 0.8750000000
124688  21.277  -4.281  -18.436 0.7500000000
130944  19.946  -3.757  -17.947 0.7500000000
65471  20.079  -3.009  -18.320 0.8750000000
66432  18.535  -2.161  -18.050 0.8750000000
66430  20.875  -2.805  -18.733 0.7500000000
67328  20.174  -2.092  -18.720 0.8750000000
66446  22.214  -2.323  -19.259 0.8750000000
67348  21.651  -1.655  -19.299 0.8750000000
67347  22.366  -1.603  -19.394 0.8750000000
68306  21.953  -0.871  -19.501 0.8750000000
116896  24.962  -1.279  -19.796 0.3750000000
68304  23.387  -0.939  -19.555 0.6250000000
68328  23.044  -0.210  -19.664 0.7500000000
68329  22.205  -0.169  -19.779 0.7500000000
68326  25.621  -0.740  -20.021 0.5000000000
68327  24.318  -0.395  -19.685 0.5000000000
136422  24.533  0.645  -19.736 0.7500000000
69261  23.513  0.581  -19.744 0.7500000000
69282  26.923  0.166  -21.248 0.1250000000
69283  26.328  0.683  -20.505 0.3750000000
70157  25.328  1.316  -19.987 0.6250000000
70158  24.000  1.412  -19.837 0.6250000000
71005  24.488  2.242  -20.122 0.6250000000
69292  27.879  0.105  -22.968 0.1250000000
69294  27.275  0.523  -22.018 0.1250000000
70176  26.353  1.589  -20.695 0.1250000000
71018  26.912  1.860  -21.700 0.1250000000
71865  25.334  2.769  -20.505 0.6250000000
129336  25.136  3.331  -20.675 0.6250000000
71882  24.357  3.685  -20.692 0.7500000000
70195  27.004  1.043  -23.648 0.1250000000
71042  26.760  1.916  -23.610 0.1250000000
71898  26.699  3.427  -22.583 0.1250000000
126284  26.315  3.718  -21.650 0.5000000000
127922  25.508  3.790  -21.071 0.6250000000
73724  25.119  5.033  -21.219 0.7500000000
69317  27.484  0.694  -23.994 0.1250000000
72826  26.392  4.332  -22.282 0.5000000000
73743  26.306  4.932  -22.879 0.5000000000
73723  26.034  5.062  -21.980 0.6250000000
129286  16.442  12.221  -26.054 0.6250000000
81932  16.512  14.220  -27.076 0.5000000000
81921  17.620  13.015  -27.560 0.7500000000
74634  25.623  6.361  -22.101 0.6250000000
127422  25.026  7.725  -22.014 0.6250000000
75484  24.359  7.433  -21.366 0.8750000000
75512  25.593  7.053  -23.458 0.5000000000
75498  25.488  7.055  -22.545 0.6250000000
75513  25.447  7.779  -22.977 0.6250000000
76439  24.422  8.252  -21.499 0.7500000000
81943  17.502  14.630  -27.776 0.7500000000
79146  23.133  11.609  -22.079 0.8750000000
126369  23.129  12.288  -22.652 0.8750000000
77369  24.326  9.147  -21.541 0.7500000000
78282  24.379  10.504  -22.130 0.8750000000
79145  24.155  11.271  -22.285 0.8750000000
79162  23.915  12.006  -22.694 0.8750000000
80106  23.672  12.688  -23.191 0.8750000000
74654  25.180  6.498  -24.323 0.3750000000
76466  25.359  8.468  -23.544 0.5000000000
77380  24.743  9.718  -22.301 0.6250000000
75522  24.726  7.250  -24.801 0.2500000000
116373  25.366  7.563  -24.000 0.3750000000
124936  25.182  9.234  -23.099 0.5000000000
82924  18.234  15.387  -27.942 0.7500000000
81931  19.215  13.823  -27.209 0.8750000000
81942  18.604  14.412  -27.940 0.7500000000
81930  20.088  14.655  -26.492 0.8750000000
81023  22.896  14.062  -23.936 0.7500000000
81013  23.336  13.389  -23.584 0.8750000000
138558  24.751  10.266  -22.584 0.6250000000
79161  24.599  11.496  -23.095 0.7500000000
76480  24.956  8.258  -24.597 0.3750000000
125107  25.238  9.221  -24.042 0.5000000000
80120  24.711  12.344  -24.317 0.7500000000
136212  24.451  7.737  -25.248 0.2500000000
82925  17.533  15.800  -27.542 0.6250000000
128369  19.483  14.905  -27.293 0.8750000000
82894  20.788  15.493  -25.657 0.8750000000
81918  21.374  15.172  -24.907 0.8750000000
83816  21.321  16.433  -26.053 0.7500000000
81909  22.298  14.735  -24.428 0.8750000000
81907  24.086  14.281  -24.722 0.7500000000
79178  24.866  11.625  -23.993 0.5000000000
77420  24.313  9.515  -26.092 0.2500000000
78315  24.762  10.178  -25.356 0.5000000000
122787  25.071  10.072  -24.357 0.5000000000
76487  24.455  8.317  -25.386 0.2500000000
83843  17.777  16.799  -27.145 0.5000000000
83842  18.228  16.400  -27.500 0.5000000000
84676  18.980  17.408  -27.318 0.6250000000
83841  19.622  17.052  -27.155 0.7500000000
83830  20.411  16.734  -26.685 0.7500000000
84665  20.767  17.572  -27.245 0.7500000000
83829  21.400  17.180  -26.689 0.7500000000
83815  22.364  16.307  -25.848 0.7500000000
84664  21.916  17.747  -27.299 0.7500000000
82892  22.837  15.795  -25.445 0.7500000000
82891  23.864  15.536  -25.673 0.7500000000
82906  24.057  15.965  -26.557 0.7500000000
124601  24.674  13.377  -25.428 0.5000000000
81037  24.708  13.836  -26.017 0.3750000000
81915  24.470  14.254  -25.360 0.6250000000
78325  24.374  10.480  -26.273 0.2500000000
80149  24.453  12.049  -26.455 0.3750000000
133438  24.557  12.981  -26.442 0.3750000000
85457  19.578  18.566  -27.670 0.6250000000
84675  20.082  17.968  -27.579 0.7500000000
84674  21.165  18.439  -27.976 0.7500000000
83840  22.970  17.535  -27.474 0.7500000000
82922  24.199  16.172  -27.454 0.6250000000
131091  24.399  14.003  -27.527 0.3750000000
81940  24.531  14.763  -27.085 0.3750000000
78326  23.605  10.332  -27.075 0.1250000000
79236  23.109  11.601  -28.402 0.1250000000
80160  23.955  12.094  -27.377 0.2500000000
85456  20.197  18.893  -28.186 0.6250000000
85465  20.866  19.003  -28.750 0.7500000000
84673  22.339  18.196  -28.143 0.6250000000
81953  24.353  15.388  -27.797 0.3750000000
83839  23.795  16.987  -27.959 0.3750000000
83827  23.579  16.758  -26.934 0.7500000000
81056  24.009  13.608  -28.251 0.2500000000
81941  24.277  14.519  -28.074 0.3750000000
82921  24.400  15.543  -27.019 0.6250000000
80169  22.595  11.630  -29.304 0.1250000000
130770  23.134  12.280  -28.940 0.1250000000
79220  22.692  10.618  -28.356 0.1250000000
116425  19.824  19.249  -28.241 0.6250000000
85466  20.237  19.457  -29.006 0.6250000000
84685  21.799  18.755  -28.883 0.3750000000
84693  23.138  17.886  -29.474 0.3750000000
82954  23.527  15.595  -30.445 0.2500000000
117291  24.151  16.095  -28.617 0.3750000000
84672  23.192  17.761  -28.473 0.3750000000
81069  23.188  13.397  -30.029 0.1250000000
81962  23.779  14.222  -29.154 0.3750000000
129543  24.169  15.121  -28.638 0.3750000000
79266  22.509  10.948  -30.771 0.1250000000
117681  23.438  13.098  -29.051 0.1250000000
86226  19.972  19.316  -31.132 0.3750000000
85482  21.468  18.886  -30.588 0.3750000000
85475  21.085  19.165  -29.653 0.3750000000
83857  22.870  17.613  -30.439 0.3750000000
135541  22.302  18.589  -29.884 0.3750000000
131370  23.153  16.460  -30.753 0.3750000000
125949  23.739  16.315  -29.760 0.3750000000
131041  23.369  17.119  -29.904 0.3750000000
115993  22.876  13.173  -32.399 0.1250000000
81969  23.439  14.526  -30.485 0.1250000000
80191  22.333  11.910  -31.181 0.1250000000
86225  20.802  19.035  -31.483 0.2500000000
84703  21.713  18.373  -31.587 0.2500000000
83874  22.611  16.540  -32.271 0.1250000000
135049  22.312  17.461  -31.726 0.3750000000
84702  22.275  18.105  -30.979 0.3750000000
116817  22.864  16.187  -31.646 0.1250000000
123441  23.475  14.857  -33.200 0.1250000000
82955  23.218  15.355  -31.370 0.1250000000
86216  20.600  19.157  -30.815 0.3750000000
85490  21.513  18.660  -32.250 0.2500000000
83882  22.569  16.623  -33.386 0.1250000000
84720  22.373  17.252  -33.455 0.1250000000
83887  22.330  16.854  -34.633 0.1250000000
80246  23.382  13.604  -33.162 0.1250000000
117771  22.535  16.109  -34.653 0.1250000000
85500  22.236  18.472  -34.515 0.1250000000
82988  21.585  16.571  -35.214 0.1250000000
83890  21.244  16.792  -35.571 0.1250000000
81124  23.744  14.412  -34.325 0.1250000000
81116  23.599  13.991  -33.674 0.1250000000
66431  19.348  -2.518  -18.224 0.8750000000
73744  26.044  5.662  -22.603 0.6250000000
116765  25.015  10.848  -23.644 0.5000000000
77405  24.725  9.170  -25.139 0.3750000000
82923  18.881  15.277  -27.639 0.8750000000
82908  20.182  15.715  -26.495 0.8750000000
82909  19.489  15.937  -27.129 0.7500000000
82893  21.817  15.819  -25.406 0.7500000000
81917  23.210  15.208  -24.948 0.7500000000
81908  23.447  14.548  -24.492 0.7500000000
79190  24.831  11.749  -24.948 0.5000000000
115320  24.708  12.438  -25.526 0.5000000000
80135  24.678  12.912  -24.755 0.7500000000
119674  24.786  10.962  -25.451 0.5000000000
124251  23.223  14.237  -32.541 0.1250000000
84711  22.313  17.301  -32.424 0.2500000000
119620  21.415  16.451  -35.281 0.1250000000
81997  23.370  15.274  -34.235 0.1250000000
71004  25.610  2.110  -20.345 0.5000000000
134753  23.584  2.658  -20.349 0.7500000000
73754  25.969  5.334  -23.547 0.3750000000
74647  25.819  6.270  -23.327 0.3750000000
74655  24.582  6.455  -25.154 0.2500000000
80121  24.263  13.069  -23.966 0.7500000000
82965  23.002  15.677  -32.243 0.1250000000
62713  18.431  -6.610  -15.587 0.7500000000
62714  17.669  -6.243  -15.214 0.7500000000
63616  17.158  -5.943  -14.988 0.7500000000
64530  17.094  -5.278  -15.324 0.7500000000
61825  19.711  -7.380  -16.132 0.7500000000
62727  18.788  -5.989  -16.096 0.7500000000
61841  20.989  -7.082  -17.097 0.7500000000
64546  16.181  -3.351  -16.076 0.6250000000
64545  16.699  -4.090  -15.991 0.7500000000
63643  21.155  -5.647  -17.798 0.6250000000
65486  22.142  -3.112  -19.051 0.6250000000
120017  22.730  -2.225  -19.394 0.5000000000
66460  24.898  -2.176  -19.867 0.3750000000
117573  23.919  -2.186  -19.598 0.5000000000
67369  25.780  -1.649  -20.165 0.1250000000
68348  27.020  -0.634  -21.176 0.1250000000
68358  27.468  -0.086  -21.811 0.1250000000
69291  28.625  0.248  -23.088 0.1250000000
70194  28.649  0.733  -24.016 0.1250000000
70205  27.983  0.755  -24.576 0.1250000000
70225  27.560  1.269  -25.130 0.1250000000
81922  16.131  13.487  -26.394 0.3750000000
71049  26.582  2.035  -24.359 0.1250000000
71910  26.446  2.658  -24.099 0.1250000000
72832  25.805  4.068  -24.114 0.1250000000
115016  25.424  4.712  -24.299 0.2500000000
73761  25.298  5.480  -24.295 0.2500000000
83818  16.529  16.273  -25.724 0.5000000000
75542  23.878  7.925  -26.553 0.1250000000
75531  24.318  7.170  -25.505 0.2500000000
77422  23.008  8.927  -27.212 0.1250000000
78334  22.883  10.073  -27.732 0.1250000000
126067  22.377  10.360  -28.951 0.1250000000
84678  18.124  17.686  -26.869 0.3750000000
78356  22.605  10.281  -30.086 0.1250000000
78387  22.750  10.660  -31.351 0.1250000000
78373  22.888  10.261  -30.683 0.1250000000
79296  22.811  12.165  -32.381 0.1250000000
80244  24.146  12.706  -33.570 0.1250000000
86897  20.778  20.940  -27.582 0.1250000000
86928  20.946  19.913  -33.005 0.2500000000
86234  21.730  19.572  -34.025 0.1250000000
86237  21.840  20.083  -34.607 0.1250000000
116546  21.234  16.741  -35.593 0.1250000000
129051  22.332  17.882  -35.349 0.1250000000
82003  22.435  15.999  -34.984 0.1250000000
80262  23.909  13.483  -33.945 0.1250000000
82002  23.505  15.410  -35.431 0.1250000000
74615  24.300  6.722  -21.236 0.7500000000
74614  24.791  6.031  -21.302 0.7500000000
80137  17.327  11.692  -24.422 0.3750000000
80107  22.546  12.809  -23.138 0.8750000000
67329  19.151  -1.740  -18.558 0.8750000000
71866  24.335  2.997  -20.445 0.6250000000
77370  23.387  9.362  -21.304 0.8750000000
81014  22.435  13.492  -23.585 0.8750000000
86217  20.002  19.557  -30.382 0.3750000000
129787  19.630  19.825  -31.496 0.3750000000
86929  20.548  21.118  -32.900 0.1250000000
63630  17.782  -5.125  -15.815 0.7500000000
62725  20.067  -6.701  -16.694 0.7500000000
62744  20.664  -6.206  -17.327 0.7500000000
64531  16.730  -4.623  -15.524 0.7500000000
63628  19.183  -5.407  -16.624 0.7500000000
121513  17.603  -4.190  -16.275 0.7500000000
64561  18.966  -4.193  -17.108 0.7500000000
65443  16.907  -3.438  -16.452 0.7500000000
66412  15.916  -2.370  -16.118 0.6250000000
65455  18.639  -3.445  -17.329 0.8750000000
64574  20.460  -4.332  -18.025 0.7500000000
65454  19.363  -3.229  -17.848 0.8750000000
65470  20.683  -3.611  -18.404 0.7500000000
65469  21.454  -3.391  -18.757 0.7500000000
66447  21.605  -2.561  -19.024 0.7500000000
66448  21.064  -2.088  -19.013 0.8750000000
123207  22.712  -2.872  -19.307 0.6250000000
68305  22.628  -0.912  -19.487 0.7500000000
67345  24.063  -1.453  -19.633 0.5000000000
69260  25.480  0.228  -19.965 0.5000000000
69259  26.369  -0.247  -20.509 0.2500000000
68325  26.461  -1.141  -20.580 0.1250000000
70175  26.854  0.967  -21.383 0.2500000000
69301  27.472  0.519  -23.339 0.1250000000
131096  27.951  0.385  -23.746 0.1250000000
137728  27.088  1.078  -22.170 0.1250000000
71019  26.274  2.447  -20.923 0.5000000000
71036  26.934  2.407  -22.576 0.1250000000
71880  26.689  2.886  -21.704 0.5000000000
137359  26.712  2.749  -23.309 0.1250000000
71905  26.389  3.419  -23.662 0.1250000000
72807  25.829  4.401  -21.470 0.6250000000
72831  26.392  4.183  -23.189 0.1250000000
131886  25.618  5.671  -21.761 0.6250000000
74635  24.966  6.933  -21.686 0.6250000000
76450  25.041  8.648  -22.368 0.6250000000
80105  24.406  12.233  -23.504 0.7500000000
77392  25.042  10.034  -23.239 0.5000000000
83831  18.745  16.166  -27.438 0.6250000000
136677  22.298  15.396  -24.958 0.7500000000
81021  24.368  13.648  -24.712 0.6250000000
81916  24.024  14.877  -25.066 0.7500000000
78306  24.964  10.916  -24.623 0.5000000000
77421  23.539  8.970  -26.657 0.1250000000
77414  24.169  8.665  -25.990 0.2500000000
76494  23.733  8.339  -26.446 0.1250000000
83828  22.469  17.009  -26.521 0.7500000000
82890  24.397  14.962  -25.660 0.6250000000
81929  24.611  14.532  -26.180 0.3750000000
79205  24.141  11.230  -26.848 0.1250000000
81045  24.263  13.198  -27.452 0.3750000000
79219  23.397  10.986  -27.650 0.1250000000
80168  23.651  12.648  -28.236 0.1250000000
83850  23.715  17.093  -29.047 0.3750000000
117955  22.398  11.700  -30.229 0.1250000000
79237  22.468  10.975  -28.934 0.1250000000
80178  22.816  12.449  -29.700 0.1250000000
86208  20.376  19.529  -29.994 0.3750000000
82944  23.871  15.315  -29.551 0.2500000000
81070  22.588  12.619  -30.608 0.1250000000
119879  22.545  12.796  -31.359 0.1250000000
81084  22.943  13.542  -31.008 0.1250000000
135640  20.774  19.257  -30.321 0.3750000000
83867  22.617  17.027  -31.343 0.3750000000
80208  22.477  12.412  -31.915 0.1250000000
81096  22.885  13.590  -31.863 0.1250000000
80227  23.133  12.987  -32.799 0.1250000000
81970  23.198  14.333  -31.440 0.1250000000
81977  23.199  14.739  -32.091 0.1250000000
79281  22.528  11.325  -31.806 0.1250000000
86231  20.487  19.357  -32.053 0.2500000000
84712  22.028  17.901  -32.475 0.2500000000
82975  22.859  15.998  -33.145 0.1250000000
81991  23.316  15.388  -33.893 0.1250000000
81984  23.283  15.238  -32.831 0.1250000000
81117  23.568  14.472  -33.464 0.1250000000
85497  21.709  18.973  -33.201 0.1250000000
84725  22.260  18.056  -34.236 0.1250000000
85499  22.157  17.340  -35.401 0.1250000000
82983  22.559  16.295  -34.274 0.1250000000
80245  23.515  13.091  -33.321 0.1250000000
122842  23.092  15.708  -33.725 0.1250000000
132154  22.241  19.121  -34.841 0.1250000000
61813  18.498  -7.520  -15.354 0.7500000000
61826  19.231  -6.656  -16.135 0.7500000000
135453  19.032  -7.239  -15.773 0.7500000000
61814  17.818  -6.983  -15.043 0.7500000000
65432  15.751  -3.127  -15.721 0.5000000000
65468  22.020  -3.924  -18.814 0.6250000000
65485  23.182  -3.297  -19.380 0.5000000000
71050  26.317  2.668  -24.838 0.1250000000
116280  26.788  2.445  -25.358 0.1250000000
71911  25.998  3.471  -24.517 0.1250000000
77430  23.155  9.518  -27.185 0.1250000000
80226  23.450  12.341  -32.793 0.1250000000
62702  17.222  -6.555  -14.803 0.7500000000
64521  16.508  -4.945  -15.148 0.5000000000
60855  19.312  -8.056  -15.675 0.6250000000
60868  21.377  -8.096  -16.905 0.3750000000
61824  20.487  -7.636  -16.541 0.6250000000
61840  22.798  -7.629  -17.739 0.2500000000
124611  21.854  -7.371  -17.450 0.3750000000
66444  24.310  -2.899  -19.687 0.3750000000
82910  16.641  15.410  -26.911 0.3750000000
118938  16.995  17.053  -25.879 0.2500000000
62756  21.924  -5.831  -18.051 0.5000000000
63655  22.308  -5.207  -18.485 0.5000000000
64573  22.569  -4.505  -18.841 0.3750000000
59958  21.434  -9.005  -16.494 0.5000000000
60869  20.693  -8.504  -16.306 0.6250000000
64584  22.744  -3.702  -19.157 0.5000000000
58986  19.168  -9.919  -15.141 0.6250000000
63603  16.304  -5.394  -14.808 0.3750000000
62703  16.732  -6.257  -14.680 0.3750000000
60856  18.579  -8.424  -15.176 0.6250000000
61801  17.269  -7.339  -14.642 0.6250000000
118373  21.271  -10.243  -15.819 0.3750000000
59946  20.777  -9.464  -15.973 0.5000000000
119309  19.268  -9.020  -15.424 0.6250000000
64522  15.192  -4.421  -14.218 0.2500000000
59957  22.232  -9.461  -16.551 0.3750000000
60882  22.951  -8.381  -17.423 0.2500000000
62742  22.320  -6.697  -17.895 0.2500000000
63654  23.194  -5.295  -18.822 0.2500000000
130746  23.402  -3.834  -19.361 0.2500000000
65484  23.818  -3.454  -19.516 0.2500000000
133990  16.585  6.803  -16.911 0.1250000000
128730  25.989  -2.583  -20.282 0.2500000000
77374  18.031  9.561  -22.387 0.3750000000
77373  18.069  9.186  -21.898 0.2500000000
84656  17.662  17.657  -25.551 0.2500000000
114438  16.700  5.877  -17.924 0.2500000000
67314  15.643  -1.672  -16.056 0.2500000000
76444  17.903  9.076  -22.765 0.3750000000
63656  21.566  -5.078  -18.240 0.5000000000
63602  16.684  -5.670  -14.902 0.5000000000
60870  20.055  -8.064  -16.084 0.6250000000
62743  21.481  -6.466  -17.603 0.5000000000
66459  25.323  -3.177  -20.000 0.2500000000
134552  16.089  -4.529  -15.164 0.3750000000
64532  16.091  -4.097  -15.610 0.3750000000
60857  17.890  -7.868  -14.852 0.6250000000
65420  15.758  -3.672  -15.442 0.3750000000
64583  23.288  -4.435  -19.171 0.2500000000
60854  19.996  -8.795  -15.865 0.6250000000
60883  22.258  -8.212  -17.296 0.2500000000
126148  21.984  -8.792  -16.948 0.2500000000
60881  23.565  -8.153  -17.616 0.2500000000
129628  21.560  -9.690  -16.193 0.5000000000
59945  22.017  -10.111  -15.989 0.3750000000
62704  16.309  -5.998  -14.615 0.3750000000
59947  19.920  -9.649  -15.571 0.5000000000
62755  22.743  -6.029  -18.345 0.2500000000
133477  23.855  -5.013  -19.207 0.2500000000
59931  17.737  -9.698  -14.377 0.5000000000
58096  20.974  -10.899  -15.411 0.2500000000
58967  19.485  -10.762  -14.959 0.3750000000
60841  17.949  -8.911  -14.661 0.5000000000
58957  17.241  -10.190  -13.948 0.3750000000
59932  16.655  -8.594  -14.017 0.5000000000
117719  17.170  -9.215  -14.224 0.5000000000
60843  16.740  -7.708  -14.297 0.3750000000
58944  16.411  -11.002  -12.779 0.1250000000
58958  16.696  -10.356  -13.351 0.3750000000
136702  16.379  -7.314  -14.270 0.2500000000
57056  16.814  -12.471  -12.722 0.1250000000
58084  17.778  -11.036  -13.988 0.3750000000
58082  20.649  -11.482  -14.925 0.2500000000
120685  19.062  -11.287  -14.527 0.3750000000
137291  18.422  -11.005  -14.325 0.5000000000
58057  15.952  -11.352  -12.025 0.1250000000
121181  17.085  -11.024  -13.445 0.3750000000
59907  16.205  -9.804  -12.517 0.1250000000
60831  16.178  -8.336  -13.611 0.1250000000
73762  24.802  5.603  -24.881 0.1250000000
61802  16.736  -6.920  -14.521 0.3750000000
58985  19.854  -10.330  -15.322 0.3750000000
59948  18.650  -9.206  -15.034 0.5000000000
59930  18.386  -9.784  -14.697 0.5000000000
61803  16.269  -6.646  -14.398 0.2500000000
62687  16.116  -6.245  -14.420 0.2500000000
58969  18.053  -10.383  -14.334 0.5000000000
58097  20.217  -10.916  -15.212 0.3750000000
58968  18.762  -10.536  -14.671 0.3750000000
59918  16.590  -9.526  -13.594 0.2500000000
122796  16.256  -8.814  -13.499 0.1250000000
60830  16.329  -8.007  -13.914 0.1250000000
60842  17.255  -8.266  -14.452 0.5000000000
59919  16.308  -10.091  -12.961 0.1250000000
58945  16.175  -10.510  -12.319 0.1250000000
61788  16.229  -7.364  -14.076 0.1250000000
57043  16.171  -12.007  -12.307 0.1250000000
58069  17.634  -11.769  -13.563 0.3750000000
57068  19.371  -12.093  -14.256 0.2500000000
130936  16.225  -9.448  -13.106 0.1250000000
57055  17.433  -12.479  -13.165 0.2500000000
137044  18.827  -12.263  -13.908 0.2500000000
122405  15.671  -2.885  -15.542 0.2500000000
57067  20.297  -12.094  -14.431 0.2500000000
58070  16.878  -11.794  -13.023 0.1250000000
133375  18.489  -11.711  -14.020 0.2500000000
57054  18.293  -12.491  -13.566 0.1250000000
66389  15.649  -2.401  -15.784 0.1250000000
81911  16.066  12.689  -24.592 0.1250000000
121810  15.809  13.720  -24.966 0.1250000000
135218  16.362  14.009  -23.765 0.1250000000
82881  16.411  15.088  -24.169 0.1250000000
83807  16.698  16.112  -24.600 0.1250000000
82895  15.890  15.003  -25.616 0.1250000000
82876  17.954  15.762  -23.296 0.1250000000
82880  17.305  15.985  -23.772 0.1250000000
81017  17.087  13.312  -23.204 0.1250000000
83806  17.575  16.869  -24.170 0.1250000000
84639  18.340  17.462  -23.166 0.1250000000
80110  17.217  12.469  -23.183 0.1250000000
118739  17.013  12.400  -23.709 0.1250000000
76420  17.641  8.537  -19.477 0.1250000000
118767  16.135  -5.852  -14.567 0.1250000000
65401  15.038  -3.722  -14.041 0.1250000000
77362  17.939  9.722  -21.947 0.1250000000
81010  17.427  13.401  -22.586 0.1250000000
81901  17.471  14.203  -22.777 0.1250000000
81900  17.980  14.823  -22.391 0.1250000000
83796  18.540  16.334  -22.087 0.1250000000
85427  18.814  18.244  -22.782 0.1250000000
131472  18.539  18.365  -23.452 0.1250000000
126889  17.461  11.542  -23.336 0.1250000000
124977  15.558  -0.888  -16.128 0.1250000000
68272  15.522  -1.215  -16.014 0.1250000000
83817  17.220  16.982  -25.019 0.1250000000
64510  14.350  -4.330  -13.411 0.1250000000
67291  15.587  -1.903  -15.893 0.1250000000
66404  15.673  -2.370  -15.807 0.1250000000
67237  15.631  -2.566  -13.972 0.1250000000
66360  15.392  -3.037  -14.114 0.1250000000
81904  17.023  14.144  -23.150 0.1250000000
83800  18.045  16.659  -23.574 0.1250000000
82873  18.206  15.620  -22.686 0.1250000000
117048  18.193  17.559  -23.848 0.1250000000
83798  18.309  16.498  -22.934 0.1250000000
81893  18.542  14.333  -21.559 0.1250000000
85426  19.501  18.825  -22.470 0.1250000000
58982  22.509  -10.386  -15.451 0.1250000000
59943  23.554  -9.620  -15.805 0.1250000000
59956  23.149  -9.373  -16.589 0.1250000000
60866  23.446  -8.767  -17.108 0.1250000000
61839  23.573  -7.561  -18.011 0.1250000000
62741  23.163  -6.888  -18.179 0.1250000000
62740  23.995  -7.088  -18.352 0.1250000000
63653  24.124  -5.736  -19.024 0.1250000000
63651  26.001  -6.218  -19.211 0.1250000000
63652  25.051  -6.015  -19.152 0.1250000000
64580  26.927  -5.099  -20.068 0.1250000000
121103  24.105  -4.327  -19.459 0.1250000000
64593  27.291  -4.484  -20.220 0.1250000000
65482  26.685  -4.413  -20.299 0.1250000000
65490  26.327  -3.522  -20.364 0.1250000000
57066  21.100  -11.883  -14.436 0.1250000000
58966  22.299  -10.931  -14.867 0.1250000000
58981  23.164  -10.099  -15.418 0.1250000000
58965  23.133  -10.534  -14.757 0.1250000000
134597  24.083  -9.009  -16.390 0.1250000000
60865  24.825  -8.394  -16.588 0.1250000000
61837  25.178  -7.579  -17.727 0.1250000000
126023  24.813  -7.195  -18.349 0.1250000000
62738  25.990  -6.672  -18.468 0.1250000000
64579  27.481  -4.687  -19.639 0.1250000000
66458  26.917  -2.902  -20.642 0.1250000000
66457  27.596  -3.035  -20.639 0.1250000000
66443  27.930  -3.364  -20.273 0.1250000000
58983  21.749  -10.687  -15.460 0.1250000000
59944  22.775  -9.898  -16.037 0.1250000000
126896  24.720  -3.761  -19.733 0.1250000000
60880  24.192  -8.423  -17.205 0.1250000000
63664  24.649  -5.226  -19.380 0.1250000000
138778  21.593  -11.663  -14.388 0.1250000000
57052  19.942  -12.744  -13.911 0.1250000000
61838  24.320  -7.791  -17.867 0.1250000000
61823  24.813  -8.047  -17.282 0.1250000000
62753  24.485  -6.512  -18.733 0.1250000000
63663  25.585  -5.493  -19.570 0.1250000000
62752  25.332  -6.668  -18.743 0.1250000000
63650  26.994  -5.501  -19.300 0.1250000000
64582  25.157  -4.660  -19.717 0.1250000000
65489  27.277  -3.756  -20.460 0.1250000000
65467  27.971  -3.941  -19.343 0.1250000000
56104  20.422  -13.280  -13.311 0.1250000000
123959  21.667  -12.586  -13.364 0.1250000000
59942  24.354  -9.368  -15.404 0.1250000000
58081  21.485  -11.326  -14.892 0.1250000000
58083  19.845  -11.486  -14.780 0.2500000000
58984  20.501  -10.285  -15.587 0.2500000000
59929  23.861  -9.981  -14.931 0.1250000000
60867  22.667  -8.888  -17.056 0.2500000000
62754  23.607  -6.263  -18.597 0.2500000000
63644  20.440  -5.444  -17.544 0.7500000000
63662  26.398  -5.576  -19.639 0.1250000000
64559  20.262  -4.864  -17.690 0.7500000000
64581  26.147  -4.975  -19.999 0.1250000000
65481  27.760  -4.046  -20.055 0.1250000000
65483  25.725  -4.111  -20.078 0.1250000000
66445  23.366  -2.663  -19.480 0.5000000000
67346  23.148  -1.715  -19.493 0.6250000000
68286  15.752  -0.486  -16.472 0.5000000000
68357  27.841  -0.163  -22.177 0.1250000000
69249  20.242  -0.174  -20.052 1.0000000000
69293  27.546  0.272  -22.584 0.1250000000
69302  27.190  0.762  -22.823 0.1250000000
70188  26.999  1.459  -22.795 0.1250000000
70206  27.194  1.051  -24.468 0.1250000000
70207  26.775  1.477  -24.229 0.1250000000
71009  20.182  2.245  -20.789 1.0000000000
71048  26.792  1.722  -24.907 0.1250000000
71881  25.996  3.194  -21.050 0.6250000000
72732  13.874  4.660  -14.835 0.1250000000
72808  25.015  4.263  -20.983 0.6250000000
72840  25.007  4.939  -24.738 0.1250000000
73666  14.421  5.702  -16.119 0.1250000000
73753  26.069  4.676  -23.603 0.3750000000
75486  22.820  7.973  -21.129 1.0000000000
75532  24.049  7.869  -25.893 0.1250000000
75543  23.318  8.449  -26.933 0.1250000000
76442  21.605  8.379  -21.596 1.0000000000
76468  18.134  8.603  -22.856 0.8750000000
76469  17.239  8.758  -23.149 1.0000000000
76503  23.050  8.659  -27.639 0.1250000000
77394  19.006  9.680  -23.395 1.0000000000
77431  22.775  9.309  -27.782 0.1250000000
78286  20.518  9.901  -22.430 1.0000000000
78372  23.452  10.195  -30.832 0.1250000000
78386  23.053  10.385  -31.268 0.1250000000
79204  24.645  11.488  -25.948 0.5000000000
79253  22.407  10.771  -29.671 0.1250000000
79280  23.016  10.744  -31.747 0.1250000000
81022  23.780  13.851  -24.208 0.7500000000
81026  16.535  12.641  -23.666 0.1250000000
81031  18.030  11.780  -26.392 0.8750000000
81044  24.587  13.904  -26.774 0.3750000000
81108  23.260  13.839  -32.878 0.1250000000
81996  23.289  15.401  -34.743 0.1250000000
82871  18.352  15.444  -21.898 0.1250000000
82877  17.247  15.062  -23.398 0.1250000000
82905  24.441  15.271  -26.327 0.6250000000
82907  23.276  16.280  -26.112 0.7500000000
83832  17.035  16.476  -26.721 0.5000000000
84634  18.671  17.249  -22.497 0.1250000000
84647  18.475  18.250  -24.039 0.1250000000
84655  18.090  17.758  -24.590 0.1250000000
84666  17.460  17.349  -26.462 0.3750000000
84684  22.631  18.348  -28.962 0.3750000000
84721  22.101  18.019  -33.264 0.2500000000
84724  22.327  17.256  -34.676 0.1250000000
84727  21.455  17.161  -35.838 0.1250000000
86167  20.428  19.681  -24.730 0.1250000000
86218  19.805  19.939  -30.020 0.5000000000
86886  20.055  20.619  -26.510 0.1250000000
86887  19.664  20.602  -26.792 0.1250000000
86888  19.243  20.000  -26.944 0.1250000000
86898  19.627  21.018  -27.452 0.2500000000
86924  19.403  20.286  -31.053 0.5000000000
87582  21.431  22.359  -30.277 0.1250000000
118101  16.435  6.575  -16.557 0.1250000000
120340  20.421  20.658  -26.812 0.1250000000
122968  21.370  -0.899  -19.555 0.8750000000
124919  23.779  9.749  -26.676 0.1250000000
127136  22.585  1.998  -20.261 0.8750000000
129975  21.736  10.602  -21.958 1.0000000000
131690  21.943  -4.585  -18.560 0.6250000000
133720  26.523  -5.892  -19.280 0.1250000000
134661  24.731  10.769  -22.769 0.6250000000
134817  24.538  13.263  -34.288 0.1250000000
135550  22.662  15.921  -35.153 0.1250000000
135927  22.309  19.764  -34.921 0.1250000000
137560  18.841  5.128  -21.019 1.0000000000
138241  24.775  12.380  -24.861 0.5000000000
