#!ascii label  , from subject sub-v2s17x50035_ses-1 vox2ras=TkReg
2078
13370  29.835  -59.427  -5.844 0.6000000238
13381  31.549  -59.348  -7.178 0.5000000000
15867  29.565  -56.630  -6.254 0.6999999881
15857  29.080  -56.991  -5.646 0.6000000238
15018  27.759  -56.753  -4.713 0.6000000238
15859  27.803  -55.835  -4.968 0.6000000238
15028  30.213  -57.959  -6.610 0.6999999881
14192  29.729  -58.412  -5.970 0.6000000238
15016  29.091  -57.883  -5.490 0.5000000000
14168  28.395  -58.224  -4.913 0.5000000000
127736  27.002  -58.001  -4.292 0.5000000000
128829  26.833  -57.191  -4.395 0.6000000238
15839  27.000  -56.246  -4.606 0.6000000238
137886  31.024  -58.038  -7.587 0.5000000000
13382  31.005  -59.123  -6.822 0.5000000000
124461  29.067  -58.909  -5.372 0.6000000238
16669  26.204  -55.882  -4.683 0.6000000238
13395  32.554  -59.471  -8.068 0.5000000000
13410  33.474  -59.548  -8.997 0.5000000000
17571  28.932  -53.999  -6.700 0.6000000238
17559  28.419  -54.458  -5.925 0.6999999881
15877  30.575  -56.650  -7.537 0.6000000238
15878  29.972  -56.197  -6.903 0.6999999881
17558  29.151  -54.905  -6.464 0.6000000238
16690  28.610  -55.494  -5.676 0.6000000238
123041  27.757  -54.882  -5.226 0.6000000238
133045  30.608  -57.593  -7.271 0.6000000238
15039  30.107  -57.087  -6.786 0.6999999881
16691  26.972  -55.343  -4.804 0.6000000238
14223  31.544  -58.140  -8.135 0.5000000000
15055  31.083  -57.379  -7.904 0.5000000000
16692  26.052  -55.027  -4.873 0.6000000238
13396  31.938  -59.017  -7.701 0.5000000000
121633  25.213  -54.868  -5.266 0.6000000238
13411  32.819  -59.105  -8.834 0.5000000000
126794  24.668  -54.721  -5.758 0.6000000238
18427  24.116  -53.554  -6.612 0.6999999881
17572  23.955  -54.328  -7.019 0.6000000238
18441  23.829  -53.334  -7.453 0.6999999881
120794  23.773  -54.087  -7.864 0.6000000238
17579  23.897  -54.370  -8.625 0.6000000238
18471  23.936  -53.211  -10.283 0.6000000238
18458  23.846  -53.822  -9.389 0.6000000238
20172  26.554  -51.711  -14.019 0.5000000000
20180  28.172  -51.245  -15.841 0.6999999881
20182  27.049  -52.047  -14.986 0.6000000238
20979  28.095  -51.174  -16.298 0.8000000119
20193  27.720  -51.774  -16.140 0.6999999881
18440  28.916  -53.094  -6.898 0.6000000238
18425  28.287  -53.544  -6.132 0.6999999881
16724  30.089  -54.994  -7.635 0.6999999881
16716  29.772  -55.333  -7.017 0.6999999881
17570  29.599  -54.419  -7.300 0.6000000238
17538  27.659  -53.978  -5.506 0.6999999881
18426  27.573  -53.167  -5.644 0.6999999881
15884  31.124  -56.587  -8.286 0.6000000238
16723  30.615  -55.140  -8.247 0.6000000238
19267  26.720  -52.817  -5.379 0.8000000119
133244  31.830  -56.404  -9.649 0.5000000000
15894  31.514  -56.469  -9.020 0.5000000000
118537  25.933  -52.901  -5.341 0.8000000119
17540  25.785  -54.195  -5.142 0.6000000238
15068  32.360  -57.610  -9.802 0.5000000000
15069  31.892  -57.088  -9.374 0.5000000000
134989  25.311  -52.602  -5.614 0.8000000119
17541  24.962  -54.085  -5.535 0.6000000238
14230  33.185  -58.818  -9.565 0.5000000000
19269  24.700  -52.218  -6.154 0.8000000119
19284  24.179  -52.754  -6.706 0.8000000119
18411  24.660  -53.241  -5.956 0.6999999881
19316  23.981  -51.884  -9.006 0.6999999881
19302  23.966  -52.465  -7.440 0.6999999881
122263  24.284  -51.571  -9.835 0.6999999881
127127  23.807  -52.637  -8.252 0.6999999881
20152  24.895  -51.266  -11.181 0.6000000238
19324  24.011  -52.278  -9.963 0.6000000238
125782  23.800  -52.879  -9.237 0.6000000238
117978  25.260  -51.472  -12.185 0.6999999881
19349  24.575  -52.135  -11.494 0.6999999881
19335  24.185  -52.471  -10.728 0.6000000238
20963  26.748  -50.976  -13.429 0.6999999881
119583  25.368  -52.108  -13.029 0.6000000238
20971  28.019  -51.042  -14.947 0.8000000119
20171  27.306  -51.374  -14.436 0.8000000119
19367  25.916  -52.053  -13.722 0.6000000238
20970  28.453  -50.688  -15.420 0.8999999762
118007  27.182  -51.403  -16.499 0.6999999881
20978  28.565  -50.592  -16.033 0.8000000119
20198  27.563  -51.689  -16.364 0.6999999881
19301  28.885  -52.259  -6.677 0.6000000238
124247  28.199  -52.655  -6.088 0.6999999881
20083  28.343  -51.847  -6.008 0.6999999881
131145  29.334  -53.652  -7.337 0.6000000238
20066  27.635  -51.481  -5.506 0.6000000238
127706  30.617  -53.604  -9.298 0.4000000060
17577  30.553  -54.312  -8.792 0.6000000238
136861  29.826  -53.347  -8.182 0.6000000238
19283  27.449  -52.533  -5.596 0.6999999881
17587  30.891  -54.270  -9.429 0.6000000238
20067  26.905  -51.928  -5.404 0.8000000119
117759  32.109  -55.629  -10.827 0.4000000060
16734  31.535  -55.636  -9.528 0.5000000000
16722  31.133  -55.787  -8.680 0.6000000238
19268  26.001  -52.187  -5.389 0.8000000119
15902  32.369  -56.353  -10.872 0.5000000000
20069  25.332  -51.697  -5.729 0.8000000119
15083  32.680  -57.311  -10.816 0.4000000060
20086  24.282  -51.795  -6.956 0.8000000119
14249  32.855  -58.141  -10.180 0.5000000000
20122  24.255  -51.274  -8.448 0.8000000119
21762  25.432  -49.429  -9.652 0.8000000119
20918  24.476  -50.939  -9.285 0.6999999881
20104  24.334  -51.122  -7.647 0.8000000119
20938  25.432  -50.778  -11.615 0.8000000119
20926  24.682  -51.041  -10.294 0.6999999881
21789  26.594  -49.728  -11.958 0.8999999762
20952  26.086  -50.626  -12.389 0.8999999762
20925  25.223  -50.541  -10.841 0.6999999881
20163  25.937  -51.440  -13.135 0.6000000238
20961  28.377  -50.208  -14.483 0.8999999762
20962  27.587  -50.607  -13.893 0.8999999762
22647  28.291  -49.181  -16.546 0.8000000119
21820  26.824  -49.631  -16.074 0.8000000119
21830  28.247  -50.088  -16.509 0.8000000119
128957  27.296  -50.462  -16.448 0.8000000119
21828  29.501  -49.132  -16.380 0.8000000119
20986  28.507  -50.342  -16.339 0.6999999881
20082  29.076  -51.507  -6.381 0.6999999881
20868  29.342  -50.752  -6.042 0.6000000238
19300  29.356  -52.542  -7.318 0.6000000238
20103  29.504  -51.879  -7.167 0.5000000000
20850  28.869  -50.322  -5.451 0.6999999881
19323  30.844  -52.686  -9.351 0.4000000060
19314  30.441  -52.603  -8.785 0.5000000000
19315  29.905  -52.353  -7.958 0.6000000238
117684  26.879  -51.165  -5.293 0.6999999881
17597  31.087  -53.938  -9.988 0.5000000000
20068  26.074  -51.237  -5.390 0.6999999881
18485  31.913  -54.303  -11.275 0.5000000000
17586  31.310  -54.712  -9.826 0.6000000238
16765  32.384  -55.538  -12.661 0.4000000060
16754  31.927  -54.998  -11.123 0.4000000060
119527  24.920  -49.782  -6.746 0.8000000119
137178  25.389  -50.715  -5.791 0.8000000119
124775  32.520  -56.455  -12.733 0.4000000060
20886  24.639  -50.294  -7.386 0.8000000119
20869  24.838  -50.462  -6.461 0.8000000119
20085  24.785  -51.294  -6.288 0.8000000119
15100  33.016  -57.442  -11.972 0.3000000119
22573  25.655  -48.711  -9.064 0.8000000119
21745  24.803  -49.910  -8.195 0.8000000119
21768  25.930  -49.201  -10.386 0.8000000119
20904  24.843  -50.052  -9.027 0.8000000119
21775  26.943  -48.942  -11.513 0.8999999762
21776  26.226  -49.417  -11.088 0.8999999762
22588  27.666  -48.413  -11.853 0.8999999762
21788  27.509  -49.226  -12.440 0.8999999762
22599  28.119  -48.579  -12.479 0.8999999762
21787  28.313  -49.034  -13.112 0.8999999762
23515  28.174  -48.238  -16.350 0.8000000119
22635  27.070  -48.749  -15.890 0.8000000119
21801  28.548  -49.495  -13.829 0.8999999762
135161  29.436  -48.995  -14.753 0.8999999762
22645  29.508  -48.815  -16.543 0.8000000119
22619  29.799  -48.746  -15.512 0.8000000119
20884  30.561  -50.731  -7.150 0.6000000238
20867  30.089  -50.371  -6.423 0.6000000238
21704  29.580  -49.993  -5.686 0.6000000238
20903  31.003  -51.104  -7.862 0.6000000238
20131  31.795  -51.833  -9.201 0.4000000060
20132  31.055  -52.145  -9.002 0.4000000060
20121  30.643  -51.850  -8.322 0.4000000060
20102  30.221  -51.509  -7.568 0.5000000000
20852  27.434  -50.749  -5.201 0.6999999881
19322  31.390  -52.485  -9.609 0.4000000060
20853  26.493  -50.460  -5.227 0.6999999881
18468  32.146  -53.218  -10.796 0.5000000000
19334  31.727  -52.885  -10.248 0.4000000060
21689  25.824  -50.002  -5.490 0.6999999881
138442  32.730  -53.714  -11.927 0.5000000000
118969  25.700  -48.120  -6.556 0.8000000119
21705  25.279  -49.828  -6.055 0.8000000119
22553  25.850  -48.001  -8.646 0.8000000119
21724  25.020  -49.356  -7.568 0.8000000119
23447  26.643  -47.954  -10.143 0.8000000119
23446  27.413  -47.412  -10.701 0.8999999762
22580  26.486  -48.723  -10.686 0.8999999762
23455  27.887  -47.678  -11.478 0.8999999762
22598  28.775  -48.350  -12.881 0.8999999762
23477  29.471  -47.993  -13.475 1.0000000000
23504  28.231  -47.468  -16.148 0.8000000119
120500  29.750  -48.341  -14.511 1.0000000000
23514  29.033  -47.788  -16.616 0.8000000119
23486  30.175  -47.834  -15.432 1.0000000000
22634  29.875  -48.539  -16.261 0.8000000119
23513  29.621  -48.147  -16.531 0.8000000119
21703  30.341  -49.636  -6.043 0.6000000238
21685  29.811  -49.161  -5.302 0.6000000238
20883  31.371  -50.308  -7.437 0.6000000238
138537  29.167  -48.943  -4.870 0.6999999881
20915  33.007  -50.720  -9.074 0.4000000060
20916  32.229  -51.131  -8.758 0.4000000060
20902  31.803  -50.710  -8.130 0.4000000060
20138  33.055  -51.989  -10.029 0.4000000060
21687  27.557  -49.270  -4.800 0.6999999881
19347  33.823  -52.698  -11.692 0.5000000000
20137  33.886  -51.606  -10.365 0.4000000060
22505  26.612  -48.611  -5.059 0.8000000119
129831  25.374  -48.610  -7.306 0.8000000119
22523  26.192  -47.985  -5.626 0.8000000119
128781  26.173  -47.177  -8.285 0.8000000119
22540  25.684  -47.928  -7.670 0.8000000119
23437  27.012  -47.117  -9.878 0.8000000119
130060  26.094  -48.167  -9.409 0.8000000119
22579  27.153  -48.158  -11.083 0.8999999762
23454  28.553  -47.261  -11.903 0.8999999762
24358  28.100  -46.197  -11.038 0.8999999762
23462  29.042  -47.599  -12.625 1.0000000000
23461  29.673  -47.139  -13.261 1.0000000000
23476  30.037  -47.497  -14.272 1.0000000000
24428  29.669  -47.337  -16.446 0.8000000119
23505  27.390  -47.702  -15.661 0.8000000119
24403  30.386  -47.066  -14.931 1.0000000000
24419  30.388  -46.275  -15.520 0.8000000119
23485  30.400  -46.994  -15.619 0.8000000119
21722  31.703  -49.385  -7.033 0.6000000238
21723  30.871  -49.959  -6.731 0.6000000238
134703  30.583  -49.029  -5.763 0.6000000238
22503  28.462  -48.584  -4.683 0.6999999881
22485  28.793  -47.899  -4.571 0.6999999881
21761  33.312  -49.838  -8.870 0.4000000060
20901  32.581  -50.295  -8.459 0.5000000000
21743  32.174  -49.871  -7.793 0.5000000000
22504  27.431  -48.246  -4.746 0.8000000119
23349  28.638  -47.219  -4.481 0.8000000119
20129  33.458  -51.170  -9.679 0.4000000060
124125  26.789  -47.770  -5.062 0.8000000119
20923  34.793  -50.159  -10.743 0.4000000060
20924  34.191  -50.711  -10.107 0.4000000060
23405  26.049  -47.226  -7.160 0.8000000119
23389  26.203  -47.261  -6.178 0.8000000119
24350  26.632  -46.756  -9.105 0.8000000119
24369  28.074  -46.967  -11.187 0.8999999762
25293  27.634  -45.783  -10.294 0.8000000119
24368  28.606  -46.519  -11.709 1.0000000000
24367  29.100  -46.028  -12.215 1.0000000000
123988  28.568  -44.966  -11.505 1.0000000000
24376  29.693  -46.250  -13.039 1.0000000000
117149  30.695  -45.206  -14.745 1.0000000000
117986  30.201  -46.069  -15.696 0.8999999762
25337  28.868  -46.309  -15.723 0.8000000119
130784  28.910  -45.643  -15.412 0.8999999762
25336  30.577  -45.743  -15.174 1.0000000000
26284  30.869  -44.193  -15.687 1.0000000000
25348  30.218  -45.605  -15.725 1.0000000000
132545  30.874  -43.886  -14.439 1.0000000000
28264  30.696  -42.404  -14.161 1.0000000000
28276  31.183  -42.742  -14.969 1.0000000000
28287  31.291  -42.568  -15.853 1.0000000000
29285  30.348  -41.641  -14.117 1.0000000000
29284  31.132  -41.954  -15.281 1.0000000000
23388  31.190  -47.866  -5.696 0.6999999881
22501  30.443  -48.365  -5.300 0.6999999881
23364  31.323  -47.010  -5.480 0.6999999881
22539  32.142  -48.393  -6.985 0.6000000238
120468  31.639  -48.135  -6.347 0.6000000238
23366  30.025  -47.810  -4.815 0.6999999881
21721  32.528  -48.990  -7.598 0.6000000238
21741  33.499  -48.955  -8.757 0.5000000000
24270  28.536  -46.431  -4.480 0.8000000119
21766  34.646  -49.177  -10.455 0.4000000060
23350  27.785  -46.914  -4.624 0.8000000119
24287  26.668  -46.527  -5.744 0.8000000119
24307  26.403  -46.503  -6.708 0.8000000119
25273  26.635  -45.862  -8.148 0.8000000119
24319  26.378  -46.497  -7.669 0.8000000119
25285  27.248  -45.584  -9.468 0.6999999881
24336  26.834  -46.044  -8.935 0.8000000119
119902  27.783  -45.079  -10.423 0.8999999762
26226  27.633  -44.428  -10.048 0.8000000119
25292  28.122  -45.408  -10.950 0.8999999762
26225  28.102  -44.622  -10.832 1.0000000000
26232  29.160  -44.551  -12.212 1.0000000000
26233  28.540  -44.089  -11.422 1.0000000000
27238  28.447  -43.071  -11.266 1.0000000000
25310  29.542  -45.387  -12.695 1.0000000000
28228  29.063  -42.768  -12.031 1.0000000000
117374  29.637  -43.913  -12.670 1.0000000000
133040  29.405  -41.844  -12.639 1.0000000000
28265  30.259  -42.797  -13.327 1.0000000000
125407  30.546  -44.045  -16.146 1.0000000000
26286  29.745  -44.584  -15.885 1.0000000000
119892  30.007  -42.055  -13.270 1.0000000000
27291  31.091  -43.169  -16.189 1.0000000000
29300  31.560  -41.746  -16.479 1.0000000000
29292  30.626  -41.215  -15.008 1.0000000000
30307  31.406  -41.006  -16.190 1.0000000000
132417  31.907  -46.795  -6.079 0.6999999881
23347  30.058  -47.135  -4.666 0.6999999881
23420  33.123  -47.367  -7.750 0.5000000000
23386  32.276  -47.065  -6.636 0.6999999881
24269  29.336  -46.748  -4.461 0.6999999881
22538  32.825  -48.137  -7.612 0.6000000238
22571  33.958  -48.429  -9.299 0.5000000000
22552  33.144  -48.594  -8.141 0.5000000000
24271  27.884  -46.158  -4.676 0.8000000119
25203  27.597  -45.533  -4.993 0.8000000119
128962  27.037  -45.649  -5.619 0.6999999881
25220  26.824  -45.092  -6.094 0.8000000119
25253  26.738  -45.107  -7.809 0.8000000119
25241  26.706  -45.049  -6.871 0.8000000119
26217  27.306  -44.828  -9.291 0.6999999881
25272  26.955  -45.314  -8.687 0.6999999881
27227  27.624  -43.594  -9.875 0.8999999762
28180  27.471  -42.044  -8.838 0.8000000119
30247  27.477  -40.630  -8.167 0.8000000119
31244  27.517  -39.763  -7.589 0.8000000119
28212  27.796  -42.825  -10.252 0.8999999762
28194  27.594  -42.275  -9.593 0.8000000119
29231  27.512  -41.240  -8.779 0.8000000119
125953  27.728  -41.915  -10.164 0.8999999762
30259  27.481  -40.524  -9.660 0.8999999762
31256  27.383  -39.878  -8.566 0.8000000119
28211  28.149  -42.191  -10.892 0.8999999762
29264  27.839  -41.420  -10.729 1.0000000000
28250  29.588  -42.436  -12.629 1.0000000000
26244  30.320  -43.720  -13.455 1.0000000000
29274  29.434  -41.271  -13.192 1.0000000000
30323  31.564  -40.735  -17.487 1.0000000000
31292  28.227  -39.900  -13.014 1.0000000000
30298  29.844  -40.839  -14.221 1.0000000000
30316  31.614  -40.370  -17.063 1.0000000000
30299  29.011  -40.379  -13.529 1.0000000000
31302  28.712  -39.516  -13.859 1.0000000000
32237  29.863  -38.718  -15.725 1.0000000000
24318  32.845  -46.646  -7.298 0.6999999881
24305  32.338  -46.190  -6.478 0.6999999881
24306  31.735  -46.224  -5.686 0.6999999881
24285  31.078  -46.243  -5.028 0.6999999881
25219  30.787  -45.596  -4.696 0.6999999881
24335  33.343  -46.704  -7.973 0.6000000238
118602  30.039  -45.152  -4.408 0.6999999881
23419  33.601  -47.238  -8.479 0.5000000000
25201  29.238  -45.873  -4.395 0.6999999881
23436  34.012  -47.585  -9.201 0.5000000000
26135  28.964  -44.980  -4.416 0.8000000119
26136  28.055  -44.821  -4.781 0.6999999881
26172  26.896  -44.378  -6.367 0.6999999881
26155  27.306  -44.720  -5.517 0.6999999881
27180  27.005  -43.665  -6.671 0.6999999881
26186  26.853  -44.192  -7.397 0.6999999881
119343  27.375  -43.981  -9.184 0.6999999881
27200  27.156  -43.566  -8.273 0.6999999881
29220  27.433  -41.570  -7.876 0.8000000119
31233  27.728  -40.010  -6.515 0.8000000119
31232  28.010  -39.276  -6.156 0.8000000119
30233  27.547  -40.716  -7.248 0.8000000119
121061  27.757  -39.093  -6.845 0.8000000119
126527  27.525  -38.889  -7.532 0.8000000119
30271  27.576  -40.575  -10.522 1.0000000000
31266  27.153  -39.219  -9.182 0.8999999762
131829  27.081  -38.399  -8.676 0.8000000119
119064  27.309  -39.850  -9.905 1.0000000000
29263  28.350  -41.629  -11.514 1.0000000000
138489  27.875  -40.996  -11.214 1.0000000000
29275  28.793  -41.428  -12.325 1.0000000000
30290  27.873  -40.170  -12.188 1.0000000000
31293  27.620  -39.357  -12.484 1.0000000000
31325  31.203  -39.782  -17.479 1.0000000000
30324  30.646  -40.591  -17.694 1.0000000000
31303  27.992  -39.052  -13.348 1.0000000000
32228  27.850  -38.194  -13.666 1.0000000000
32227  28.544  -38.636  -14.219 1.0000000000
31320  30.645  -38.978  -16.627 1.0000000000
33193  27.754  -37.352  -13.935 1.0000000000
26185  33.063  -44.821  -7.125 0.6999999881
25240  32.098  -45.614  -5.916 0.6999999881
25199  31.022  -44.844  -4.632 0.6000000238
127147  29.522  -44.237  -4.369 0.6000000238
125791  28.601  -44.131  -4.589 0.6999999881
27153  27.775  -43.279  -5.298 0.6999999881
27152  28.318  -43.343  -4.833 0.6999999881
28139  27.578  -42.783  -5.720 0.6999999881
116703  27.269  -42.963  -6.492 0.6999999881
30204  27.909  -40.627  -5.808 0.8000000119
115832  27.098  -43.207  -7.346 0.6999999881
29210  27.482  -41.487  -6.838 0.8000000119
33127  28.426  -37.463  -6.037 0.8000000119
33128  27.911  -37.327  -6.778 0.8000000119
124618  27.173  -37.800  -8.274 0.8000000119
32196  26.816  -38.245  -9.571 0.8000000119
33152  26.751  -37.010  -8.844 0.8000000119
31284  27.413  -39.566  -11.621 1.0000000000
32207  26.766  -38.385  -10.440 1.0000000000
116400  26.600  -37.302  -9.476 0.6999999881
33178  26.661  -38.017  -11.273 1.0000000000
34060  26.313  -36.715  -10.066 0.8999999762
32212  27.087  -38.770  -11.919 1.0000000000
33177  26.885  -37.973  -12.274 1.0000000000
34084  26.355  -36.638  -12.166 1.0000000000
30334  30.198  -39.671  -17.846 1.0000000000
33185  27.262  -37.743  -13.109 1.0000000000
134044  27.186  -37.064  -13.364 1.0000000000
134690  30.553  -38.533  -17.101 1.0000000000
31332  30.605  -39.018  -17.837 1.0000000000
32238  29.265  -38.179  -15.253 1.0000000000
25218  31.548  -45.432  -5.228 0.6999999881
126982  29.553  -42.867  -4.413 0.6000000238
28121  28.770  -42.595  -4.628 0.6999999881
128600  27.801  -42.015  -5.484 0.6999999881
28138  27.998  -42.640  -5.062 0.6999999881
29196  27.696  -41.389  -6.006 0.6999999881
30203  28.413  -40.495  -5.137 0.8000000119
123796  28.475  -39.033  -5.584 0.6999999881
32148  28.745  -38.180  -5.501 0.6999999881
34005  28.302  -36.414  -6.343 0.6999999881
34006  27.696  -36.585  -7.182 0.6999999881
34857  27.353  -35.947  -7.638 0.6999999881
34868  26.576  -35.668  -8.939 0.8000000119
34030  26.914  -36.342  -8.409 0.6999999881
34072  26.257  -36.927  -11.118 0.8999999762
115531  26.525  -37.375  -11.893 1.0000000000
117473  25.918  -35.213  -11.048 1.0000000000
32252  29.830  -38.204  -17.640 1.0000000000
34907  26.321  -35.696  -12.608 1.0000000000
32245  29.949  -38.016  -16.627 1.0000000000
33202  28.425  -36.842  -14.870 1.0000000000
26152  32.294  -44.081  -5.672 0.6000000238
125071  31.878  -43.717  -5.065 0.6000000238
133617  31.445  -43.391  -4.713 0.6000000238
28137  31.734  -42.112  -4.797 0.6000000238
27138  29.978  -43.478  -4.339 0.6000000238
118637  31.036  -42.164  -4.449 0.6000000238
29176  30.378  -41.659  -4.417 0.6000000238
29177  29.422  -41.354  -4.486 0.6000000238
29178  28.665  -41.206  -4.767 0.6000000238
31203  29.617  -39.547  -4.675 0.6999999881
122195  29.465  -37.999  -5.049 0.6999999881
124250  29.523  -36.732  -5.211 0.6999999881
33989  28.933  -36.646  -5.648 0.6999999881
34830  28.901  -35.896  -5.794 0.6999999881
34846  28.537  -35.342  -6.231 0.6999999881
35721  28.102  -34.614  -6.764 0.6999999881
36699  37.215  -33.470  -13.918 0.3000000119
35748  27.128  -34.328  -7.992 0.6999999881
125464  27.483  -35.020  -7.434 0.6999999881
130763  37.457  -32.492  -14.732 0.3000000119
35749  26.619  -34.769  -8.778 0.8000000119
30319  26.371  -40.065  -15.071 0.8999999762
116273  26.090  -35.981  -10.597 1.0000000000
138630  27.222  -39.399  -16.321 1.0000000000
31328  28.675  -39.038  -17.408 1.0000000000
30326  28.049  -39.907  -16.824 1.0000000000
35791  26.204  -34.745  -12.488 1.0000000000
35801  27.350  -34.776  -14.089 1.0000000000
34097  27.598  -36.440  -14.064 1.0000000000
33201  29.165  -37.195  -15.859 1.0000000000
33209  29.584  -37.752  -17.243 1.0000000000
34112  28.403  -36.061  -15.155 1.0000000000
132639  32.721  -42.877  -6.124 0.6000000238
28136  32.382  -42.372  -5.535 0.6000000238
29209  32.668  -41.547  -5.845 0.6000000238
29194  31.750  -41.252  -4.838 0.6000000238
30201  32.470  -39.997  -5.437 0.6000000238
31216  31.806  -39.660  -4.946 0.6999999881
30187  31.115  -39.885  -4.656 0.6999999881
117956  30.955  -40.824  -4.542 0.6000000238
31202  30.449  -39.339  -4.614 0.6999999881
34040  37.152  -36.338  -9.668 0.3000000119
137199  36.304  -36.276  -9.544 0.3000000119
32134  29.902  -38.938  -4.689 0.6999999881
33110  29.856  -37.264  -4.943 0.6999999881
33988  29.535  -36.024  -5.357 0.6999999881
36693  36.595  -34.333  -13.602 0.3000000119
37598  37.415  -32.712  -14.187 0.4000000060
37580  37.398  -32.488  -13.422 0.4000000060
30310  25.856  -40.493  -14.364 0.6999999881
31314  25.664  -39.748  -14.537 0.6999999881
41575  37.420  -28.151  -13.292 0.3000000119
38539  37.485  -31.763  -14.074 0.3000000119
36641  27.181  -33.503  -8.152 0.6999999881
31321  26.586  -39.388  -15.688 0.8999999762
40564  37.554  -29.117  -13.784 0.3000000119
119414  37.568  -30.749  -13.678 0.3000000119
35757  26.261  -34.283  -9.583 0.8000000119
32246  26.959  -38.724  -16.286 0.8999999762
39544  37.548  -29.906  -13.347 0.3000000119
128906  37.525  -30.541  -12.992 0.3000000119
35768  25.981  -34.389  -10.619 0.8000000119
121386  26.038  -33.673  -11.189 1.0000000000
32253  28.901  -38.105  -17.460 1.0000000000
35802  26.627  -34.250  -13.242 1.0000000000
34124  29.112  -36.778  -16.425 1.0000000000
33216  29.034  -36.980  -16.905 1.0000000000
34111  28.833  -36.443  -15.799 1.0000000000
117440  27.937  -34.281  -14.900 1.0000000000
35812  28.193  -34.886  -15.228 1.0000000000
36710  28.188  -33.694  -15.155 1.0000000000
31231  32.916  -39.179  -5.738 0.6999999881
31215  32.210  -39.063  -5.213 0.6999999881
33150  37.048  -37.354  -7.980 0.3000000119
34027  36.335  -36.712  -8.071 0.4000000060
32145  31.912  -38.223  -5.094 0.6999999881
32132  31.078  -38.054  -4.814 0.6999999881
32146  30.230  -37.932  -4.819 0.6999999881
117264  35.120  -36.433  -10.155 0.4000000060
33987  30.308  -36.399  -4.986 0.6999999881
117037  34.896  -36.798  -11.294 0.3000000119
34041  34.786  -36.111  -9.359 0.5000000000
34827  31.075  -35.109  -5.510 0.6999999881
35705  30.361  -34.671  -5.721 0.6999999881
34057  33.954  -36.664  -11.139 0.5000000000
35720  29.726  -34.243  -6.103 0.6999999881
34906  33.924  -36.353  -12.882 0.4000000060
34895  32.942  -35.781  -11.307 0.6000000238
35778  33.632  -35.459  -11.626 0.5000000000
36601  29.235  -33.822  -6.585 0.6999999881
35789  34.907  -35.501  -13.323 0.3000000119
36621  28.571  -34.003  -6.678 0.6999999881
121945  36.533  -28.024  -10.177 0.4000000060
130662  36.073  -34.196  -11.542 0.4000000060
36622  27.596  -33.620  -7.612 0.6999999881
32239  25.545  -39.000  -14.725 0.6999999881
42532  36.958  -27.369  -11.440 0.4000000060
36684  36.573  -34.034  -12.361 0.4000000060
37552  36.762  -33.391  -11.270 0.4000000060
30311  25.179  -40.158  -13.939 0.6000000238
42539  37.275  -27.679  -12.583 0.3000000119
41565  37.341  -28.417  -12.393 0.3000000119
115899  37.135  -27.829  -11.876 0.4000000060
37566  37.378  -32.400  -12.493 0.4000000060
137979  37.003  -32.792  -10.880 0.4000000060
36660  27.026  -32.928  -8.614 0.6999999881
37499  28.353  -32.502  -8.055 0.6999999881
31322  26.049  -39.375  -15.093 0.6999999881
40517  37.241  -29.463  -11.230 0.4000000060
38492  37.332  -31.690  -11.208 0.4000000060
129371  37.067  -32.214  -10.669 0.4000000060
36661  26.508  -33.203  -9.387 0.8000000119
40549  37.497  -29.117  -12.915 0.3000000119
127435  37.515  -30.740  -12.323 0.3000000119
128399  37.425  -30.931  -11.457 0.4000000060
37521  26.463  -32.657  -10.137 0.8000000119
31329  27.852  -38.855  -16.909 1.0000000000
131747  26.210  -32.976  -10.823 0.8999999762
36694  26.214  -33.778  -12.256 1.0000000000
34937  28.629  -34.875  -15.927 1.0000000000
37599  27.872  -33.075  -14.422 1.0000000000
36700  27.383  -33.800  -14.053 1.0000000000
37583  27.249  -33.079  -13.599 1.0000000000
35811  28.493  -34.252  -15.876 1.0000000000
36718  28.464  -33.858  -16.205 1.0000000000
124818  28.963  -32.595  -15.822 1.0000000000
138815  28.798  -33.014  -15.922 1.0000000000
31230  33.592  -39.220  -6.187 0.6000000238
32159  33.989  -38.460  -6.343 0.6000000238
32160  33.320  -38.445  -5.996 0.6000000238
33126  33.070  -37.692  -5.866 0.6999999881
33138  35.700  -37.618  -7.210 0.5000000000
34015  35.293  -36.884  -7.281 0.6000000238
33107  32.414  -37.536  -5.429 0.6999999881
120132  35.914  -36.198  -8.912 0.5000000000
34028  35.422  -36.258  -8.113 0.4000000060
33985  32.162  -36.675  -5.398 0.6999999881
33986  31.301  -36.512  -5.026 0.6999999881
34016  34.700  -36.227  -7.609 0.6000000238
121902  32.635  -36.084  -5.968 0.6999999881
34029  34.398  -35.881  -8.695 0.6000000238
34826  31.796  -35.724  -5.528 0.6999999881
34058  33.173  -36.352  -10.782 0.6000000238
35717  31.825  -34.640  -6.539 0.6999999881
35735  30.818  -33.834  -6.871 0.6999999881
34894  33.570  -36.151  -12.173 0.5000000000
34889  32.379  -35.339  -10.201 0.6000000238
36600  30.039  -33.701  -6.662 0.6000000238
41513  35.736  -28.719  -8.869 0.4000000060
35776  35.486  -34.841  -12.370 0.4000000060
35777  34.955  -34.694  -11.427 0.4000000060
35764  33.168  -34.943  -10.934 0.5000000000
34890  32.075  -34.826  -9.771 0.6000000238
36620  29.535  -33.311  -7.160 0.6999999881
119107  36.105  -27.996  -9.361 0.4000000060
35763  34.146  -34.685  -10.938 0.5000000000
37482  28.971  -32.865  -7.578 0.6999999881
41531  36.847  -28.881  -10.556 0.4000000060
40506  36.073  -29.578  -9.061 0.5000000000
116025  35.973  -33.799  -10.719 0.4000000060
36654  35.777  -33.283  -9.953 0.4000000060
37483  28.183  -33.128  -7.484 0.6999999881
32247  26.177  -38.660  -15.490 0.8999999762
122071  37.444  -30.090  -11.774 0.4000000060
37512  36.656  -32.014  -9.948 0.4000000060
119665  27.805  -31.796  -9.231 0.6999999881
124098  27.694  -32.295  -8.606 0.6999999881
39512  37.273  -30.299  -10.905 0.4000000060
128679  26.731  -37.969  -16.184 0.8999999762
36685  26.281  -32.977  -11.605 0.8999999762
32254  27.713  -37.959  -16.843 0.8999999762
34132  28.586  -36.218  -16.572 1.0000000000
33217  28.561  -37.116  -17.062 1.0000000000
37568  26.935  -32.673  -12.891 1.0000000000
34133  28.535  -36.365  -16.749 1.0000000000
37582  27.590  -32.440  -13.587 1.0000000000
35827  28.309  -34.535  -16.292 1.0000000000
34947  28.210  -35.128  -16.555 1.0000000000
37581  28.462  -32.327  -14.618 1.0000000000
40594  31.946  -29.650  -15.909 0.8999999762
39560  30.522  -30.688  -15.188 1.0000000000
38541  29.213  -31.841  -15.406 1.0000000000
37612  28.757  -32.708  -16.200 1.0000000000
131431  28.554  -33.316  -16.194 1.0000000000
39574  30.462  -30.748  -16.155 1.0000000000
38549  29.702  -31.162  -16.319 1.0000000000
130747  29.167  -31.643  -16.431 0.8999999762
39585  30.968  -30.372  -16.431 1.0000000000
39586  30.307  -30.444  -16.548 0.8999999762
34002  33.944  -37.009  -6.531 0.6000000238
125388  33.418  -37.148  -6.146 0.6999999881
34003  33.385  -36.382  -6.412 0.6999999881
34854  33.944  -35.665  -8.042 0.6999999881
34856  32.796  -35.096  -7.381 0.6999999881
34877  33.433  -35.764  -9.236 0.6000000238
34865  33.019  -35.322  -8.579 0.6000000238
35733  32.163  -34.623  -7.300 0.6999999881
136967  32.788  -35.674  -9.697 0.6999999881
34866  32.318  -34.803  -8.401 0.6000000238
129455  31.734  -34.295  -8.121 0.6000000238
35747  31.469  -34.088  -8.710 0.6000000238
43417  35.868  -26.883  -8.903 0.3000000119
34059  32.711  -36.050  -10.673 0.6000000238
34044  32.599  -35.725  -10.291 0.6000000238
36638  31.167  -33.605  -8.820 0.6000000238
42508  35.531  -27.796  -8.696 0.4000000060
126361  35.123  -27.152  -8.195 0.4000000060
36669  33.018  -34.142  -10.185 0.6000000238
35756  31.686  -34.185  -9.287 0.6000000238
36639  30.554  -33.091  -8.269 0.6000000238
36656  34.012  -33.399  -9.748 0.4000000060
37497  30.074  -32.480  -8.614 0.6000000238
40492  35.233  -29.576  -8.451 0.5000000000
37514  34.684  -32.678  -9.375 0.4000000060
37513  35.486  -32.631  -9.463 0.4000000060
37498  29.231  -32.378  -8.274 0.6000000238
39500  35.743  -30.373  -8.792 0.5000000000
38469  36.585  -31.147  -9.636 0.4000000060
38474  29.426  -31.564  -9.563 0.6000000238
135314  36.096  -30.983  -9.089 0.4000000060
119020  35.143  -31.940  -9.027 0.4000000060
38499  27.156  -31.533  -10.684 0.8999999762
38476  27.436  -31.613  -9.889 0.8000000119
33211  26.473  -37.275  -15.974 0.8999999762
34125  26.905  -36.407  -16.400 0.8999999762
34948  27.441  -34.950  -16.561 0.8999999762
34134  27.806  -35.717  -16.692 0.8999999762
38529  27.954  -31.667  -13.423 1.0000000000
38527  29.625  -31.117  -14.869 1.0000000000
36727  28.320  -33.718  -16.367 1.0000000000
38560  28.778  -32.228  -16.426 0.8999999762
41606  31.304  -29.046  -16.902 1.0000000000
40609  30.429  -29.650  -16.829 1.0000000000
130581  29.782  -30.326  -16.597 0.8999999762
41607  30.684  -28.748  -17.044 1.0000000000
34855  33.464  -35.595  -7.251 0.6999999881
44300  36.473  -25.556  -9.263 0.3000000119
43405  35.358  -26.345  -8.209 0.3000000119
42465  34.492  -27.449  -7.827 0.3000000119
138949  32.043  -33.938  -9.884 0.6000000238
41481  34.202  -28.234  -7.806 0.5000000000
41482  33.340  -28.071  -7.678 0.4000000060
36670  32.473  -33.513  -9.853 0.5000000000
36671  31.846  -33.354  -9.665 0.5000000000
36672  31.256  -32.702  -9.406 0.5000000000
120541  34.341  -29.217  -8.074 0.5000000000
37515  33.846  -32.652  -9.478 0.5000000000
37535  32.275  -32.663  -9.703 0.5000000000
40493  34.517  -29.988  -8.213 0.5000000000
38472  33.520  -31.970  -9.333 0.5000000000
37518  29.541  -32.045  -8.941 0.6000000238
39492  34.219  -30.625  -8.427 0.5000000000
38456  34.696  -31.262  -8.701 0.5000000000
38475  28.371  -31.357  -9.793 0.6999999881
123726  32.748  -30.720  -9.082 0.5000000000
39501  33.137  -31.346  -9.187 0.5000000000
38497  29.261  -30.981  -10.293 0.6000000238
38512  27.699  -30.950  -11.237 0.8999999762
137549  27.702  -31.349  -12.765 0.8999999762
37553  26.667  -32.344  -12.024 0.8999999762
39547  29.192  -30.579  -13.311 0.8999999762
39558  31.989  -29.664  -14.868 0.8999999762
39559  31.442  -30.208  -14.964 0.8999999762
127066  29.923  -30.631  -14.101 0.8999999762
38528  28.832  -31.318  -14.100 1.0000000000
36728  27.938  -33.508  -16.559 0.8999999762
35828  27.974  -34.212  -16.576 0.8999999762
39587  28.714  -31.510  -16.531 0.8999999762
41600  31.940  -29.069  -16.367 0.8000000119
42565  31.629  -28.296  -16.704 0.6999999881
38561  28.223  -32.269  -16.500 0.8999999762
40596  29.442  -29.749  -16.555 0.8999999762
39575  29.020  -30.578  -16.550 0.8999999762
44286  36.213  -25.175  -8.651 0.3000000119
44287  35.558  -25.542  -8.163 0.3000000119
44268  34.980  -25.127  -7.651 0.4000000060
45131  35.251  -24.248  -7.627 0.3000000119
43406  34.448  -26.574  -7.670 0.3000000119
116415  33.789  -25.881  -7.449 0.4000000060
42466  33.782  -27.406  -7.583 0.4000000060
41493  33.356  -28.961  -7.901 0.5000000000
41494  32.573  -28.313  -7.895 0.4000000060
38473  32.740  -31.987  -9.581 0.5000000000
37536  31.663  -32.369  -9.648 0.5000000000
40507  32.422  -29.948  -8.812 0.5000000000
38457  33.902  -31.309  -8.851 0.5000000000
37537  31.020  -31.960  -9.720 0.5000000000
39502  32.400  -31.306  -9.580 0.5000000000
38495  31.321  -31.491  -9.937 0.5000000000
39514  31.680  -31.008  -10.001 0.5000000000
38496  30.385  -31.304  -10.114 0.5000000000
39503  32.011  -30.465  -9.734 0.5000000000
39516  29.989  -30.578  -10.850 0.6000000238
39517  29.077  -30.564  -10.912 0.6000000238
40534  31.423  -29.723  -11.360 0.6999999881
124263  30.641  -30.207  -11.711 0.6999999881
39529  28.038  -30.661  -11.987 0.6999999881
39526  31.363  -29.840  -12.196 0.6999999881
39537  30.828  -30.116  -12.819 0.8000000119
39539  28.762  -30.424  -12.268 0.8000000119
37623  27.766  -32.888  -16.512 0.8999999762
39546  30.868  -30.178  -13.982 0.8999999762
121564  30.065  -30.291  -13.329 0.8999999762
41591  32.145  -29.107  -15.453 0.6999999881
121905  28.093  -30.754  -16.257 0.8999999762
42570  31.095  -27.820  -17.284 1.0000000000
122151  34.646  -23.676  -7.453 0.3000000119
137233  33.388  -25.265  -7.481 0.4000000060
126225  33.770  -23.793  -7.465 0.3000000119
42467  32.768  -27.384  -7.607 0.4000000060
45134  32.683  -24.838  -7.734 0.3000000119
41495  31.758  -28.546  -8.476 0.4000000060
43386  32.592  -26.587  -7.578 0.4000000060
43407  32.086  -26.150  -7.868 0.4000000060
130908  31.933  -27.680  -8.019 0.4000000060
42491  31.488  -27.093  -8.419 0.4000000060
137293  31.925  -29.351  -8.782 0.4000000060
138863  31.450  -29.111  -9.336 0.4000000060
40519  31.464  -29.674  -10.310 0.5000000000
126539  31.395  -30.212  -10.586 0.5000000000
128920  31.525  -29.423  -12.022 0.6000000238
39536  31.502  -29.792  -13.253 0.8000000119
39545  31.656  -29.845  -14.147 0.6999999881
42559  31.979  -28.548  -15.999 0.6999999881
41608  29.828  -28.946  -16.738 0.8999999762
134292  28.982  -29.041  -16.202 0.8999999762
43478  30.774  -26.772  -17.655 0.8999999762
43479  29.830  -26.928  -17.311 0.8000000119
41601  29.133  -28.227  -16.278 0.8000000119
44360  31.020  -25.876  -17.917 0.6999999881
44365  30.489  -25.087  -17.791 0.8000000119
46034  33.209  -23.106  -7.657 0.3000000119
127789  32.960  -23.951  -7.711 0.3000000119
44289  32.150  -25.438  -7.932 0.3000000119
127696  32.381  -24.138  -8.110 0.4000000060
43418  31.238  -26.465  -8.875 0.4000000060
44302  31.122  -25.781  -9.363 0.4000000060
43419  30.816  -26.495  -9.627 0.5000000000
41514  31.113  -28.252  -9.207 0.5000000000
41533  30.557  -28.008  -10.758 0.5000000000
43429  30.559  -26.440  -10.395 0.5000000000
41515  30.712  -27.924  -9.836 0.5000000000
41552  30.800  -28.303  -11.882 0.5000000000
41551  31.569  -28.987  -12.340 0.6000000238
41566  31.865  -29.023  -13.285 0.6999999881
41567  31.128  -28.421  -12.911 0.6999999881
122599  31.285  -27.867  -14.639 0.6999999881
118263  30.740  -27.040  -14.547 0.6999999881
43464  31.146  -26.672  -15.725 0.6999999881
120066  30.733  -26.215  -14.893 0.6999999881
43477  31.237  -26.697  -17.507 0.8000000119
44359  31.292  -25.635  -17.357 0.6999999881
47063  34.497  -22.274  -7.458 0.3000000119
48171  34.067  -21.523  -7.512 0.3000000119
47065  32.819  -22.375  -7.994 0.4000000060
46054  32.495  -23.306  -8.165 0.3000000119
46055  31.960  -23.854  -8.630 0.4000000060
131279  31.568  -24.273  -9.103 0.4000000060
44303  30.802  -25.883  -10.010 0.4000000060
45163  31.266  -24.328  -9.958 0.3000000119
44314  30.661  -25.588  -10.728 0.5000000000
120111  30.365  -27.354  -11.550 0.6000000238
137924  30.941  -24.798  -10.581 0.3000000119
43452  30.256  -26.564  -12.262 0.5000000000
45173  30.781  -24.842  -11.323 0.4000000060
42540  30.456  -27.580  -12.564 0.6999999881
43456  30.277  -26.924  -13.276 0.6000000238
42548  30.772  -27.725  -13.624 0.6999999881
41577  31.530  -28.474  -13.949 0.6999999881
120916  30.371  -26.118  -13.783 0.6000000238
47085  32.328  -22.565  -8.604 0.3000000119
46070  31.658  -23.518  -9.464 0.3000000119
47103  31.955  -22.724  -9.327 0.3000000119
47104  31.740  -22.850  -10.112 0.3000000119
47120  31.872  -22.342  -10.666 0.3000000119
122312  31.107  -24.111  -10.938 0.3000000119
46087  31.400  -23.244  -11.362 0.4000000060
44339  30.375  -25.604  -12.718 0.5000000000
45183  30.630  -24.939  -12.085 0.5000000000
45182  30.964  -24.065  -11.966 0.5000000000
45195  30.640  -24.601  -12.824 0.6000000238
44347  30.646  -25.469  -14.627 0.6000000238
50285  34.541  -19.469  -7.614 0.4000000060
51274  33.628  -18.983  -7.858 0.3000000119
49268  33.143  -20.495  -8.023 0.3000000119
50301  33.065  -19.668  -8.236 0.3000000119
131358  32.214  -22.107  -9.191 0.3000000119
127069  32.509  -20.940  -8.878 0.3000000119
47119  32.031  -22.180  -9.917 0.3000000119
49292  32.439  -20.367  -9.553 0.3000000119
49304  32.393  -20.915  -10.462 0.3000000119
125666  31.692  -22.567  -11.206 0.4000000060
48229  31.980  -21.900  -11.325 0.4000000060
46098  30.954  -23.696  -12.971 0.6000000238
46097  31.290  -23.105  -12.310 0.4000000060
47149  31.435  -22.314  -12.535 0.4000000060
46108  31.136  -22.858  -13.137 0.5000000000
45202  30.767  -24.043  -14.695 0.6000000238
45230  30.601  -24.404  -17.713 0.6999999881
118496  29.081  -25.367  -17.029 0.8000000119
52273  33.899  -18.132  -7.810 0.4000000060
117166  33.319  -18.306  -8.162 0.3000000119
51286  32.933  -18.832  -8.476 0.3000000119
49313  32.491  -20.647  -11.261 0.4000000060
48242  32.231  -21.184  -11.709 0.4000000060
48260  31.526  -21.575  -12.709 0.4000000060
47166  31.151  -22.126  -13.176 0.4000000060
46109  30.907  -23.423  -13.916 0.5000000000
47167  30.836  -22.659  -13.977 0.4000000060
45215  31.123  -23.989  -16.773 0.6999999881
46122  30.808  -23.401  -16.023 0.4000000060
47194  30.366  -22.810  -16.010 0.4000000060
46135  30.722  -23.351  -16.888 0.6000000238
47211  29.864  -22.808  -16.783 0.5000000000
46148  30.244  -23.563  -17.466 0.6000000238
45232  29.332  -24.217  -17.384 0.6999999881
46137  28.706  -23.771  -16.975 0.6999999881
53268  34.776  -16.506  -8.043 0.3000000119
52282  33.470  -17.723  -8.180 0.3000000119
51287  32.568  -18.684  -9.277 0.3000000119
50324  32.504  -19.413  -9.908 0.3000000119
51306  32.603  -18.585  -10.223 0.3000000119
50352  32.724  -19.876  -11.500 0.4000000060
49322  32.507  -20.470  -11.999 0.3000000119
50360  32.803  -19.714  -12.295 0.3000000119
49335  31.634  -20.829  -12.974 0.3000000119
49334  32.279  -20.267  -12.691 0.3000000119
129088  30.845  -21.942  -13.661 0.4000000060
48261  31.138  -21.432  -13.283 0.3000000119
49336  31.046  -20.713  -13.509 0.3000000119
48277  30.630  -21.371  -13.802 0.3000000119
49344  30.429  -20.637  -14.030 0.3000000119
47181  30.096  -22.200  -15.027 0.3000000119
48290  29.498  -21.458  -14.908 0.4000000060
47195  29.568  -22.303  -15.671 0.5000000000
132482  29.114  -22.771  -16.822 0.5000000000
121969  28.722  -23.075  -16.955 0.5000000000
53269  33.893  -16.270  -8.376 0.3000000119
53286  33.079  -16.386  -9.073 0.3000000119
52296  32.790  -17.215  -9.233 0.3000000119
124033  32.602  -17.299  -9.911 0.3000000119
51327  32.940  -18.485  -11.122 0.3000000119
51349  33.163  -19.005  -12.655 0.3000000119
50369  31.723  -19.995  -13.414 0.3000000119
50370  30.949  -20.096  -13.867 0.3000000119
49345  29.794  -20.560  -14.534 0.3000000119
129858  28.757  -21.508  -15.385 0.4000000060
47196  28.983  -22.413  -16.082 0.5000000000
48303  28.244  -21.969  -15.734 0.5000000000
47212  28.284  -22.560  -16.292 0.5000000000
54189  33.896  -15.464  -8.701 0.3000000119
54207  33.245  -15.541  -9.352 0.3000000119
54208  32.723  -16.127  -9.956 0.3000000119
53306  32.745  -16.907  -10.564 0.3000000119
136594  33.166  -17.688  -11.569 0.3000000119
51348  33.342  -18.399  -12.256 0.3000000119
51360  33.406  -18.321  -13.067 0.3000000119
51362  32.234  -19.160  -13.797 0.3000000119
49358  29.110  -20.520  -15.042 0.4000000060
48291  27.809  -21.240  -15.553 0.4000000060
49360  27.239  -20.244  -15.755 0.4000000060
48304  27.537  -21.950  -15.811 0.5000000000
48292  26.971  -21.167  -15.715 0.4000000060
55121  35.075  -14.544  -8.589 0.3000000119
127298  34.348  -14.879  -8.704 0.3000000119
54216  32.939  -15.379  -10.267 0.3000000119
53327  33.064  -16.717  -11.407 0.3000000119
52343  33.526  -17.696  -12.682 0.3000000119
51373  33.330  -18.235  -13.728 0.3000000119
50384  31.302  -19.431  -14.110 0.3000000119
51375  31.787  -18.681  -14.503 0.3000000119
50385  30.349  -19.762  -14.398 0.3000000119
50386  29.577  -19.850  -14.844 0.4000000060
49359  28.253  -20.392  -15.393 0.3000000119
55122  34.276  -14.099  -9.064 0.3000000119
55123  33.730  -14.835  -9.165 0.3000000119
55143  33.536  -14.238  -9.715 0.3000000119
123702  33.270  -14.905  -9.763 0.3000000119
54231  33.067  -15.193  -11.288 0.3000000119
119123  33.232  -16.073  -11.779 0.3000000119
54247  33.406  -15.471  -12.185 0.3000000119
53326  33.424  -16.898  -12.233 0.3000000119
53339  33.736  -16.963  -13.209 0.3000000119
54258  33.726  -15.327  -13.001 0.3000000119
51374  32.766  -18.401  -14.214 0.3000000119
119996  34.480  -12.661  -9.548 0.3000000119
55148  33.120  -14.608  -10.449 0.3000000119
123903  33.528  -13.008  -10.667 0.3000000119
127209  33.193  -14.273  -11.267 0.3000000119
137852  33.342  -13.938  -11.865 0.3000000119
126371  33.962  -16.160  -13.686 0.3000000119
134992  33.748  -17.412  -14.427 0.3000000119
52362  32.943  -17.807  -14.737 0.3000000119
57006  33.900  -12.448  -10.180 0.3000000119
57017  33.972  -11.597  -10.454 0.3000000119
57022  33.412  -12.775  -11.496 0.3000000119
57018  33.539  -12.193  -10.908 0.4000000060
135052  33.508  -13.937  -12.474 0.3000000119
55187  33.749  -14.396  -13.141 0.3000000119
57032  33.477  -12.615  -12.378 0.4000000060
126806  33.418  -12.016  -11.720 0.4000000060
56101  33.657  -13.383  -13.070 0.4000000060
58040  33.572  -11.439  -11.208 0.3000000119
58938  33.517  -10.864  -12.574 0.4000000060
24390  30.501  -45.889  -14.593 1.0000000000
26261  30.606  -44.570  -14.092 1.0000000000
24402  30.503  -46.430  -15.028 0.8999999762
137145  31.458  -27.464  -17.006 0.6999999881
44364  30.929  -25.021  -17.585 0.8000000119
128151  31.179  -24.682  -17.252 0.6999999881
15868  29.046  -56.260  -5.821 0.6000000238
15858  28.478  -56.430  -5.285 0.6000000238
17539  26.814  -54.335  -5.041 0.6000000238
14232  31.970  -57.873  -8.994 0.5000000000
14231  32.515  -58.377  -9.349 0.5000000000
17578  30.127  -54.363  -8.066 0.6000000238
20951  27.080  -50.166  -12.877 0.8999999762
131966  30.131  -53.634  -8.538 0.5000000000
15914  32.341  -55.764  -11.681 0.4000000060
16744  31.728  -55.211  -10.347 0.5000000000
15913  32.622  -56.740  -11.756 0.4000000060
137594  25.906  -50.594  -5.433 0.6999999881
21769  25.588  -49.819  -10.564 0.8999999762
21686  28.824  -49.543  -5.016 0.6999999881
18469  31.599  -53.647  -10.604 0.5000000000
116863  32.410  -54.262  -11.981 0.5000000000
22506  25.800  -48.994  -5.682 0.8000000119
121764  32.728  -57.135  -12.605 0.4000000060
21744  25.178  -49.345  -8.615 0.8000000119
19332  33.453  -52.401  -10.784 0.4000000060
24359  27.584  -46.650  -10.464 0.8000000119
115318  29.819  -46.079  -15.878 0.8000000119
21702  31.046  -49.243  -6.338 0.6000000238
20914  33.722  -50.261  -9.490 0.4000000060
20151  34.280  -51.976  -11.164 0.4000000060
24286  27.269  -46.288  -5.067 0.8000000119
138851  30.251  -45.507  -13.756 1.0000000000
21760  33.921  -49.312  -9.450 0.5000000000
21742  32.893  -49.427  -8.254 0.5000000000
26275  30.988  -44.433  -15.042 1.0000000000
23404  32.559  -47.555  -7.165 0.6999999881
27237  29.065  -43.580  -12.052 1.0000000000
26245  29.936  -44.605  -13.122 1.0000000000
31312  30.129  -39.510  -15.496 1.0000000000
31301  29.516  -39.965  -14.469 1.0000000000
131547  27.303  -42.605  -8.107 0.8000000119
33140  27.463  -37.440  -7.618 0.8000000119
31277  27.345  -39.722  -10.753 1.0000000000
30282  27.668  -40.345  -11.373 1.0000000000
31218  28.789  -39.676  -5.040 0.6999999881
34880  26.273  -35.866  -9.717 0.8000000119
127586  25.998  -35.233  -11.862 1.0000000000
119132  26.608  -35.022  -13.238 1.0000000000
30202  31.775  -40.420  -4.905 0.6000000238
30188  30.236  -40.140  -4.502 0.6999999881
34096  34.163  -36.728  -13.251 0.4000000060
30327  27.051  -40.030  -15.868 1.0000000000
35788  35.893  -34.790  -13.111 0.4000000060
34069  34.075  -36.908  -12.086 0.4000000060
35790  34.221  -35.679  -12.563 0.5000000000
34083  33.922  -36.591  -12.595 0.5000000000
40505  36.632  -29.622  -9.819 0.4000000060
39513  36.876  -30.401  -10.084 0.4000000060
38550  29.223  -31.997  -16.229 1.0000000000
36668  34.081  -34.150  -10.248 0.5000000000
121342  30.232  -28.158  -17.049 0.8000000119
40494  33.688  -29.932  -8.172 0.5000000000
38494  32.040  -31.856  -9.745 0.5000000000
39515  30.984  -30.606  -10.629 0.5000000000
39528  28.509  -30.552  -11.414 0.6999999881
116800  31.216  -30.067  -11.345 0.6000000238
41532  30.997  -28.732  -10.094 0.5000000000
133241  31.274  -29.049  -11.285 0.5000000000
42509  30.962  -27.308  -9.198 0.5000000000
43472  31.467  -26.686  -16.856 0.6999999881
44355  31.070  -25.743  -15.999 0.6999999881
46114  30.778  -23.363  -14.954 0.6000000238
116325  33.101  -19.054  -11.783 0.3000000119
117128  24.215  -53.848  -11.050 0.5000000000
129869  24.387  -53.554  -11.779 0.5000000000
19356  24.876  -52.254  -12.348 0.5000000000
124324  24.761  -55.555  -10.504 0.5000000000
17607  24.541  -54.437  -11.874 0.5000000000
134612  24.568  -55.958  -8.774 0.5000000000
122826  24.087  -54.214  -10.204 0.5000000000
17598  24.466  -54.736  -10.870 0.5000000000
16717  24.362  -55.828  -7.930 0.5000000000
16707  24.426  -55.824  -6.413 0.4000000060
119344  24.182  -55.313  -7.091 0.5000000000
15861  24.616  -56.310  -5.863 0.4000000060
115577  24.350  -54.973  -6.331 0.5000000000
15840  26.277  -56.596  -4.523 0.5000000000
16694  24.706  -55.539  -5.649 0.5000000000
27275  26.813  -43.661  -13.305 0.6999999881
27259  26.306  -44.023  -12.662 0.6999999881
26262  27.462  -45.040  -13.704 0.8000000119
25338  28.071  -45.364  -14.528 0.8000000119
24392  27.469  -45.828  -13.850 0.8000000119
26276  28.873  -44.976  -15.232 0.8999999762
27276  26.200  -43.164  -12.916 0.6999999881
26277  27.981  -44.644  -14.445 0.8999999762
133952  27.768  -43.900  -14.478 0.8999999762
27284  28.556  -44.118  -15.299 0.8999999762
27293  29.503  -43.772  -16.092 0.8999999762
28278  26.362  -42.021  -13.904 0.6000000238
27294  28.620  -43.379  -15.669 0.8999999762
28288  29.175  -42.970  -16.202 0.8999999762
27292  30.350  -43.158  -16.455 0.8999999762
28299  31.105  -42.355  -16.834 0.8999999762
29229  34.565  -41.792  -8.444 0.5000000000
27178  33.571  -43.315  -7.704 0.5000000000
28166  33.183  -42.936  -6.854 0.5000000000
26184  33.536  -44.347  -7.944 0.6000000238
27179  33.158  -43.912  -7.053 0.5000000000
26171  32.669  -44.434  -6.405 0.5000000000
25251  33.319  -45.224  -7.725 0.6000000238
29294  26.099  -41.238  -14.133 0.6000000238
29293  26.789  -41.655  -14.616 0.8999999762
27285  27.895  -43.138  -14.905 0.8999999762
27286  27.283  -43.341  -14.024 0.8999999762
29301  28.546  -42.242  -16.106 0.8999999762
28300  29.818  -42.247  -16.809 0.8999999762
29310  31.026  -41.544  -17.370 0.8999999762
30232  33.953  -40.838  -6.989 0.5000000000
136815  33.435  -40.595  -6.420 0.5000000000
29218  34.315  -41.400  -7.721 0.5000000000
28153  33.330  -42.144  -6.958 0.5000000000
29208  33.267  -41.401  -6.575 0.5000000000
30246  34.978  -41.154  -8.064 0.5000000000
28165  33.607  -42.485  -7.531 0.5000000000
29303  27.161  -41.250  -15.342 0.8999999762
30309  26.502  -40.878  -14.811 0.6999999881
28290  27.658  -42.131  -15.235 0.8999999762
29302  27.956  -41.507  -15.989 0.8999999762
127694  28.796  -41.689  -16.612 0.8999999762
29311  29.665  -41.286  -17.208 0.8999999762
121899  35.202  -39.922  -7.177 0.5000000000
30218  32.919  -40.746  -5.940 0.5000000000
124012  35.449  -40.469  -7.701 0.5000000000
30230  36.309  -40.196  -7.860 0.5000000000
30318  27.493  -40.743  -16.045 0.8999999762
29312  28.434  -40.970  -16.739 0.8999999762
30325  29.314  -40.374  -17.414 0.8999999762
30217  33.832  -39.994  -6.487 0.5000000000
31242  35.661  -39.175  -7.108 0.5000000000
32173  35.390  -38.408  -6.924 0.5000000000
31241  36.321  -39.223  -7.449 0.5000000000
33137  36.343  -37.519  -7.571 0.4000000060
121667  25.520  -38.133  -14.882 0.6000000238
33203  25.212  -37.352  -14.652 0.6000000238
33212  25.796  -37.371  -15.309 0.8000000119
34113  25.558  -36.687  -15.119 0.6999999881
34940  25.240  -35.060  -14.958 0.6999999881
35813  24.888  -34.208  -14.691 0.6999999881
36712  24.750  -33.251  -14.476 0.6999999881
34126  26.100  -36.109  -15.695 0.8000000119
127428  26.156  -36.777  -15.674 0.8000000119
34928  25.412  -35.894  -15.003 0.6999999881
36711  25.515  -33.497  -15.227 0.6999999881
37600  25.387  -32.667  -14.878 0.6999999881
38542  25.246  -31.869  -14.520 0.6999999881
124561  26.539  -34.893  -16.207 0.8000000119
36719  26.368  -33.543  -15.975 0.8000000119
34938  26.747  -35.559  -16.313 0.8000000119
123625  25.752  -31.384  -14.693 0.6999999881
38553  26.112  -32.056  -15.387 0.6999999881
38552  26.911  -31.681  -15.858 0.8000000119
35821  26.934  -34.250  -16.392 0.8000000119
39577  26.397  -31.184  -15.153 0.6999999881
40598  27.492  -30.056  -15.375 0.8000000119
41593  27.574  -28.350  -14.440 0.6000000238
38562  27.388  -32.226  -16.307 0.8000000119
42567  28.296  -27.754  -15.218 0.6000000238
42561  27.627  -27.288  -14.329 0.6000000238
43465  27.416  -26.406  -14.380 0.6000000238
41602  28.348  -28.692  -15.440 0.8000000119
43474  28.195  -26.782  -15.199 0.6000000238
40597  28.419  -29.714  -15.981 0.8000000119
127750  27.844  -25.834  -15.221 0.6000000238
43473  28.808  -26.202  -16.498 0.6000000238
45224  28.788  -24.591  -16.951 0.6999999881
44361  28.125  -25.096  -16.159 0.6000000238
45225  28.014  -24.141  -16.351 0.6000000238
42566  28.943  -27.280  -16.278 0.6999999881
135511  30.072  -25.913  -17.644 0.6999999881
119156  26.230  -57.974  -4.294 0.4000000060
15841  25.587  -56.488  -4.750 0.5000000000
16693  25.381  -55.689  -5.003 0.5000000000
124673  23.980  -54.864  -7.862 0.5000000000
17588  24.152  -54.691  -9.436 0.5000000000
32185  36.783  -38.329  -7.631 0.3000000119
16736  24.569  -55.604  -9.553 0.5000000000
124307  24.392  -56.082  -7.101 0.5000000000
27274  27.384  -44.197  -13.782 0.8000000119
28179  33.901  -42.770  -8.125 0.5000000000
35822  25.870  -34.392  -15.654 0.8000000119
37613  26.773  -32.732  -16.153 0.8000000119
40566  26.943  -29.352  -14.369 0.6999999881
40581  27.759  -29.222  -15.063 0.6999999881
22578  34.717  -48.318  -10.460 0.4000000060
23452  35.591  -47.320  -11.712 0.4000000060
23435  34.412  -47.097  -9.802 0.4000000060
23445  34.777  -47.488  -10.447 0.4000000060
24348  34.077  -46.719  -9.135 0.5000000000
24365  35.679  -45.998  -11.695 0.4000000060
24375  35.950  -46.673  -12.267 0.4000000060
26215  34.293  -44.994  -9.223 0.5000000000
25271  33.749  -45.295  -8.458 0.5000000000
26223  35.210  -44.793  -10.608 0.5000000000
25290  35.457  -45.415  -11.126 0.4000000060
25291  34.926  -45.668  -10.355 0.4000000060
25308  36.389  -45.154  -12.822 0.4000000060
123535  35.895  -45.205  -11.892 0.4000000060
25300  35.297  -46.236  -10.999 0.4000000060
26260  36.800  -44.644  -13.620 0.4000000060
26216  34.032  -44.424  -8.737 0.5000000000
25283  34.512  -45.517  -9.678 0.5000000000
26243  36.126  -44.256  -12.104 0.4000000060
124999  36.529  -44.270  -12.917 0.4000000060
28285  39.542  -42.680  -15.350 0.4000000060
27281  38.123  -43.171  -14.797 0.4000000060
28297  39.731  -42.786  -16.275 0.4000000060
27289  38.493  -43.431  -15.330 0.4000000060
131263  34.505  -44.037  -9.459 0.5000000000
26224  35.000  -44.116  -10.231 0.5000000000
123995  35.411  -44.139  -10.788 0.4000000060
30315  46.025  -40.614  -15.846 0.3000000119
26231  35.649  -44.591  -11.296 0.4000000060
29307  45.379  -41.498  -16.108 0.3000000119
28263  36.946  -43.084  -13.097 0.4000000060
30322  45.761  -40.915  -16.712 0.3000000119
29299  44.580  -42.201  -15.922 0.3000000119
128973  42.729  -42.617  -15.350 0.3000000119
28282  41.855  -42.596  -15.545 0.3000000119
28272  40.508  -42.571  -15.030 0.4000000060
28274  38.385  -42.774  -14.367 0.4000000060
27272  37.286  -43.374  -13.817 0.4000000060
28293  43.754  -42.451  -16.715 0.3000000119
122277  42.303  -42.600  -16.252 0.3000000119
28284  40.174  -42.597  -15.908 0.4000000060
28193  34.659  -43.000  -9.421 0.4000000060
28209  35.523  -42.743  -10.450 0.4000000060
27235  36.169  -43.329  -11.866 0.4000000060
28227  35.806  -43.034  -11.144 0.4000000060
30305  45.413  -40.541  -14.229 0.3000000119
29269  43.944  -41.262  -12.976 0.3000000119
29298  45.034  -41.723  -15.099 0.3000000119
29291  43.728  -42.085  -14.234 0.3000000119
28257  41.925  -42.362  -13.909 0.3000000119
28258  40.978  -42.463  -14.069 0.4000000060
28259  40.027  -42.510  -14.298 0.4000000060
120367  38.106  -42.687  -13.742 0.4000000060
118485  44.290  -42.221  -15.034 0.3000000119
28270  42.321  -42.514  -14.658 0.3000000119
28271  41.433  -42.558  -14.811 0.3000000119
27199  34.064  -43.478  -8.593 0.4000000060
29257  42.105  -41.022  -11.446 0.3000000119
29258  40.339  -41.459  -11.229 0.3000000119
29259  39.609  -41.652  -11.382 0.4000000060
29250  38.979  -41.494  -10.718 0.4000000060
29261  37.511  -41.980  -11.202 0.4000000060
29262  36.780  -42.210  -11.073 0.4000000060
116261  43.361  -41.254  -12.525 0.3000000119
126391  42.664  -41.252  -12.089 0.3000000119
117638  40.196  -41.779  -11.924 0.3000000119
29272  39.375  -41.992  -12.153 0.4000000060
28224  37.949  -42.151  -11.982 0.4000000060
28225  37.067  -42.382  -11.820 0.4000000060
29281  42.479  -41.792  -13.037 0.3000000119
29271  40.819  -41.938  -12.491 0.3000000119
29283  40.472  -42.328  -13.359 0.4000000060
28246  39.074  -42.304  -12.892 0.4000000060
28248  37.351  -42.595  -12.628 0.4000000060
29280  43.424  -41.671  -13.368 0.3000000119
29282  41.418  -42.149  -13.163 0.3000000119
28260  39.569  -42.427  -13.547 0.4000000060
28247  38.181  -42.444  -12.961 0.4000000060
120908  36.391  -40.841  -8.483 0.4000000060
30257  37.614  -40.826  -9.073 0.4000000060
29227  35.964  -41.353  -8.948 0.4000000060
29242  34.844  -42.155  -9.148 0.4000000060
30269  39.546  -40.950  -9.998 0.3000000119
136164  38.003  -41.138  -9.632 0.4000000060
29239  37.181  -41.451  -9.830 0.4000000060
28192  35.221  -42.480  -9.793 0.4000000060
29249  39.951  -41.274  -10.657 0.4000000060
29251  37.966  -41.556  -10.431 0.4000000060
129463  37.172  -41.809  -10.605 0.4000000060
29253  35.810  -42.131  -10.135 0.4000000060
40582  26.025  -29.844  -13.984 0.6000000238
39548  25.139  -30.217  -13.733 0.6000000238
42562  26.955  -27.665  -13.653 0.5000000000
41594  26.779  -28.498  -13.737 0.5000000000
121033  27.029  -26.874  -13.770 0.5000000000
44348  26.862  -25.577  -14.502 0.5000000000
44356  27.233  -24.964  -15.194 0.5000000000
45216  27.451  -24.429  -15.731 0.5000000000
46138  27.871  -23.288  -16.395 0.4000000060
129748  34.092  -16.631  -15.730 0.3000000119
54275  34.359  -16.003  -15.992 0.3000000119
53380  33.818  -16.397  -16.598 0.3000000119
131157  34.195  -15.138  -14.106 0.3000000119
117874  34.284  -16.257  -14.872 0.3000000119
54267  34.446  -15.310  -15.312 0.3000000119
54290  34.116  -15.621  -16.932 0.3000000119
54291  33.411  -16.019  -17.405 0.3000000119
55216  34.028  -14.868  -17.361 0.3000000119
57048  33.692  -12.407  -13.286 0.3000000119
56116  33.990  -13.031  -14.005 0.3000000119
55197  34.405  -14.420  -14.904 0.3000000119
56119  34.498  -13.923  -15.512 0.3000000119
55204  34.505  -14.625  -15.859 0.3000000119
56125  34.587  -13.913  -16.433 0.3000000119
55215  34.414  -14.792  -16.726 0.3000000119
134953  33.794  -14.221  -17.652 0.3000000119
56143  32.905  -13.642  -18.138 0.3000000119
58048  33.517  -11.789  -12.558 0.3000000119
57064  33.951  -12.149  -14.189 0.3000000119
132984  34.224  -12.768  -14.750 0.3000000119
58076  34.323  -12.053  -15.209 0.3000000119
57063  34.499  -13.113  -15.640 0.3000000119
58092  34.561  -11.593  -16.041 0.3000000119
57075  34.618  -12.441  -16.272 0.3000000119
56141  34.552  -13.442  -17.239 0.3000000119
57092  34.390  -12.930  -17.886 0.3000000119
127317  33.579  -10.016  -12.900 0.3000000119
58961  33.892  -10.258  -14.197 0.3000000119
58077  33.994  -11.172  -14.399 0.3000000119
58093  34.328  -11.184  -15.279 0.3000000119
135877  34.778  -11.267  -16.674 0.3000000119
58101  34.802  -11.974  -16.950 0.3000000119
58996  35.108  -10.648  -17.826 0.3000000119
138052  33.699  -9.950  -13.601 0.3000000119
136583  34.080  -9.822  -14.627 0.3000000119
58978  34.212  -10.479  -14.932 0.3000000119
60850  34.434  -9.143  -15.510 0.3000000119
135708  35.031  -10.048  -17.104 0.3000000119
60824  33.729  -8.716  -13.795 0.3000000119
60834  34.350  -8.326  -15.292 0.3000000119
121149  34.627  -8.082  -15.967 0.3000000119
60849  34.661  -8.800  -16.090 0.3000000119
61793  34.126  -7.496  -14.893 0.3000000119
62709  34.315  -6.800  -15.441 0.3000000119
26273  37.651  -44.296  -14.772 0.4000000060
22586  35.042  -48.705  -10.987 0.4000000060
25321  36.786  -45.700  -13.909 0.4000000060
24374  36.357  -46.187  -13.064 0.4000000060
27296  40.118  -42.949  -16.952 0.4000000060
26291  38.983  -43.796  -15.773 0.4000000060
26283  38.295  -44.360  -15.305 0.4000000060
30331  46.047  -39.871  -17.584 0.3000000119
29316  45.169  -41.286  -17.282 0.3000000119
29308  44.577  -41.932  -16.965 0.3000000119
138954  43.211  -42.352  -17.463 0.3000000119
28295  41.840  -42.493  -17.067 0.3000000119
28296  40.508  -42.634  -16.730 0.3000000119
30314  46.163  -40.256  -16.739 0.3000000119
30297  44.952  -40.252  -13.534 0.3000000119
133800  43.169  -40.985  -11.987 0.3000000119
31289  44.424  -40.011  -12.900 0.3000000119
31254  37.806  -39.381  -8.242 0.4000000060
30243  37.941  -40.102  -8.647 0.4000000060
30256  38.488  -40.415  -9.141 0.4000000060
121725  40.333  -40.586  -10.153 0.3000000119
30279  41.554  -40.665  -10.849 0.3000000119
31255  37.066  -39.312  -7.823 0.4000000060
37601  24.598  -32.398  -14.233 0.6000000238
59903  33.552  -9.304  -12.388 0.3000000119
127996  33.611  -9.325  -13.259 0.3000000119
61784  33.709  -7.828  -13.493 0.3000000119
61794  33.811  -7.322  -14.105 0.3000000119
137114  33.782  -6.797  -13.952 0.3000000119
31310  46.386  -39.015  -15.268 0.3000000119
22570  34.375  -47.933  -9.841 0.4000000060
24334  33.709  -46.294  -8.508 0.5000000000
28249  36.661  -42.870  -12.316 0.4000000060
30306  44.921  -41.074  -13.778 0.3000000119
29240  36.261  -41.623  -9.657 0.4000000060
58061  33.696  -11.498  -13.440 0.3000000119
57079  34.746  -12.727  -17.161 0.3000000119
58977  34.541  -10.668  -15.891 0.3000000119
120148  34.696  -9.756  -16.234 0.3000000119
119833  34.003  -6.044  -14.796 0.3000000119
21774  35.141  -49.401  -11.215 0.3000000119
22585  35.460  -48.746  -11.756 0.3000000119
131326  26.473  -50.872  -16.319 0.6000000238
21821  26.199  -50.104  -15.980 0.6999999881
118286  24.503  -50.328  -15.220 0.6999999881
23460  35.958  -47.613  -12.493 0.3000000119
119599  32.431  -56.765  -13.791 0.3000000119
123825  32.493  -55.398  -13.548 0.3000000119
22621  24.849  -48.696  -14.361 0.6999999881
20936  35.073  -50.760  -11.467 0.3000000119
21807  24.526  -49.478  -14.628 0.6999999881
118300  25.301  -49.788  -15.386 0.6999999881
131221  35.750  -49.146  -12.533 0.3000000119
22597  35.858  -48.440  -12.568 0.3000000119
124934  26.090  -49.276  -15.584 0.6999999881
116941  36.014  -49.014  -13.329 0.3000000119
24417  37.346  -46.686  -15.096 0.3000000119
23484  36.728  -47.674  -14.767 0.3000000119
23474  36.534  -47.456  -14.044 0.3000000119
25344  39.037  -45.754  -15.615 0.3000000119
25345  38.363  -45.442  -15.377 0.3000000119
24401  36.954  -46.522  -14.588 0.3000000119
17615  32.472  -54.787  -12.769 0.3000000119
131268  26.133  -47.598  -14.450 0.6999999881
20950  35.123  -51.207  -12.246 0.3000000119
125360  34.775  -51.452  -11.554 0.3000000119
133137  25.558  -48.194  -14.523 0.6999999881
22636  26.079  -48.616  -15.194 0.6999999881
21786  35.756  -49.898  -13.023 0.3000000119
22610  36.302  -48.803  -14.245 0.3000000119
23501  36.996  -47.801  -15.218 0.3000000119
24388  36.623  -46.672  -13.897 0.3000000119
24427  39.780  -46.090  -15.856 0.3000000119
18496  32.917  -54.052  -12.806 0.4000000060
24406  25.394  -47.392  -13.865 0.6999999881
136181  34.804  -51.818  -13.866 0.3000000119
20162  34.971  -51.576  -13.111 0.3000000119
21800  36.036  -49.672  -14.089 0.3000000119
20949  35.434  -50.821  -13.064 0.3000000119
23487  26.915  -47.288  -14.827 0.6999999881
22633  37.101  -48.435  -15.404 0.3000000119
23506  26.502  -48.006  -15.063 0.6999999881
26282  38.967  -44.774  -15.703 0.3000000119
25346  37.777  -45.180  -14.995 0.3000000119
25354  39.617  -45.145  -16.030 0.3000000119
24405  26.432  -47.037  -13.983 0.6999999881
20169  35.250  -51.249  -13.880 0.3000000119
128543  27.315  -46.564  -14.282 0.6999999881
115146  36.833  -49.798  -15.516 0.3000000119
21806  36.388  -49.479  -14.958 0.3000000119
24422  27.865  -46.826  -15.461 0.6999999881
126070  40.126  -44.570  -16.559 0.3000000119
20968  36.324  -50.394  -15.293 0.3000000119
24404  28.055  -46.047  -14.816 0.6999999881
26290  39.526  -44.154  -16.206 0.3000000119
31253  38.472  -39.464  -8.649 0.3000000119
135781  26.815  -52.118  -16.386 0.5000000000
20196  23.749  -51.623  -15.366 0.6999999881
20199  25.301  -51.692  -16.047 0.6000000238
129180  26.223  -51.553  -16.373 0.6000000238
22622  24.178  -48.756  -13.842 0.6999999881
23488  24.719  -48.055  -13.933 0.6999999881
17625  32.763  -54.688  -13.704 0.3000000119
127765  25.843  -46.626  -13.356 0.6999999881
18495  33.545  -53.458  -13.223 0.4000000060
137098  26.177  -46.016  -12.965 0.6999999881
19365  33.993  -52.912  -13.722 0.4000000060
19355  34.035  -52.856  -12.717 0.4000000060
25322  26.776  -45.449  -13.097 0.6999999881
20170  34.958  -51.706  -14.510 0.3000000119
20191  35.219  -51.626  -15.080 0.3000000119
127846  35.673  -51.755  -15.525 0.3000000119
125520  35.253  -50.077  -11.494 0.3000000119
24393  26.759  -46.301  -13.474 0.6999999881
116144  24.476  -51.142  -15.591 0.6000000238
127236  36.901  -50.737  -15.708 0.3000000119
118753  34.210  -52.774  -14.967 0.3000000119
18498  24.648  -53.687  -12.644 0.5000000000
19377  26.055  -53.149  -14.970 0.5000000000
18507  25.431  -53.801  -14.376 0.5000000000
19357  24.541  -52.884  -12.081 0.4000000060
125154  20.399  -55.400  -12.195 0.4000000060
16746  20.383  -55.339  -10.470 0.5000000000
119938  25.576  -52.808  -13.883 0.4000000060
18497  24.922  -52.832  -12.919 0.5000000000
19376  26.661  -52.543  -15.449 0.5000000000
16739  19.130  -55.970  -8.595 0.4000000060
16727  18.476  -55.429  -8.221 0.4000000060
128848  20.475  -55.210  -11.315 0.5000000000
19393  26.693  -52.494  -16.173 0.4000000060
121179  17.717  -54.884  -8.102 0.4000000060
16728  17.543  -55.871  -8.386 0.4000000060
17590  19.991  -54.824  -9.036 0.4000000060
17599  20.728  -54.606  -10.699 0.5000000000
17589  20.455  -54.667  -9.786 0.4000000060
17618  20.797  -54.680  -12.747 0.5000000000
18508  21.611  -53.412  -13.847 0.4000000060
116305  25.180  -52.554  -16.111 0.5000000000
131563  22.726  -53.114  -15.124 0.4000000060
19389  22.412  -52.793  -14.719 0.4000000060
19387  24.026  -52.444  -15.725 0.4000000060
16729  16.963  -55.074  -8.419 0.4000000060
129430  15.193  -51.982  -10.554 0.4000000060
17580  19.442  -54.175  -8.558 0.4000000060
20154  16.801  -50.901  -11.189 0.4000000060
121765  20.769  -53.890  -10.000 0.5000000000
125421  20.220  -53.966  -9.125 0.4000000060
20143  17.482  -51.147  -10.579 0.4000000060
128124  21.234  -53.832  -11.041 0.5000000000
20930  18.176  -50.463  -10.623 0.4000000060
20942  17.281  -50.389  -11.304 0.4000000060
18488  21.156  -54.085  -12.053 0.5000000000
18499  21.540  -53.291  -13.019 0.5000000000
21779  19.299  -49.125  -10.928 0.4000000060
22591  19.173  -48.367  -11.582 0.4000000060
18509  21.198  -54.092  -13.363 0.5000000000
19368  21.964  -52.574  -13.371 0.6000000238
126438  22.221  -52.520  -14.107 0.6000000238
19388  23.071  -52.314  -15.153 0.5000000000
126459  15.768  -52.440  -10.145 0.4000000060
20145  15.970  -51.707  -10.756 0.4000000060
18454  17.951  -53.744  -8.346 0.4000000060
20144  16.663  -51.421  -10.772 0.4000000060
18473  21.047  -53.066  -10.186 0.5000000000
18459  20.366  -53.097  -9.432 0.4000000060
133550  17.131  -51.803  -10.170 0.4000000060
20142  18.551  -51.184  -9.985 0.4000000060
18487  21.510  -53.272  -11.991 0.5000000000
118403  19.983  -48.503  -11.027 0.4000000060
137318  22.519  -51.889  -14.132 0.6000000238
20197  23.171  -51.433  -14.782 0.6000000238
19339  16.494  -52.095  -10.200 0.4000000060
18460  19.417  -53.157  -8.825 0.4000000060
19327  17.117  -52.590  -9.492 0.4000000060
19338  18.012  -51.933  -9.652 0.4000000060
133922  18.939  -51.794  -9.478 0.4000000060
19350  21.712  -52.337  -11.634 0.5000000000
116276  20.149  -50.768  -10.010 0.4000000060
20929  19.212  -50.569  -10.150 0.4000000060
19358  21.812  -52.547  -12.547 0.5000000000
21778  20.404  -49.120  -10.698 0.4000000060
20981  23.775  -50.836  -15.023 0.6000000238
117533  22.803  -51.367  -14.186 0.6000000238
20173  22.456  -51.643  -13.494 0.6000000238
18463  16.472  -53.551  -9.141 0.4000000060
18462  17.352  -53.354  -8.806 0.4000000060
19326  18.839  -52.367  -9.142 0.4000000060
131388  21.154  -52.341  -10.316 0.5000000000
19337  20.535  -52.274  -9.743 0.5000000000
125005  19.720  -51.440  -9.703 0.5000000000
20141  20.841  -51.508  -10.122 0.5000000000
20927  20.895  -50.607  -10.331 0.5000000000
117394  21.977  -51.828  -12.150 0.5000000000
19336  21.462  -51.970  -10.793 0.5000000000
20939  21.624  -50.646  -11.057 0.5000000000
20928  19.979  -49.898  -10.307 0.4000000060
20164  22.263  -51.314  -12.525 0.6000000238
135197  21.180  -49.142  -10.827 0.5000000000
117826  20.840  -48.463  -10.955 0.4000000060
21822  23.944  -50.170  -14.645 0.6000000238
20964  22.918  -50.687  -13.560 0.6000000238
121478  22.595  -50.640  -12.737 0.6000000238
20953  22.148  -50.518  -11.886 0.5000000000
20940  21.034  -49.799  -10.567 0.5000000000
21791  22.401  -49.601  -12.047 0.6000000238
120417  21.740  -49.734  -11.202 0.5000000000
21803  23.308  -49.846  -13.464 0.6000000238
21808  23.797  -49.652  -14.035 0.6000000238
25312  24.892  -45.381  -12.158 0.5000000000
24395  24.053  -46.910  -12.986 0.6000000238
24396  23.402  -47.035  -12.736 0.5000000000
23478  24.480  -47.421  -13.437 0.6000000238
23479  23.490  -47.680  -12.905 0.6000000238
23480  22.872  -47.536  -12.465 0.5000000000
23464  22.063  -47.405  -11.864 0.5000000000
21790  22.930  -49.982  -12.886 0.6000000238
21777  21.703  -48.844  -11.282 0.5000000000
22589  21.384  -47.924  -11.376 0.5000000000
132510  25.910  -45.403  -12.549 0.5000000000
26246  25.615  -44.500  -12.180 0.5000000000
24394  24.875  -46.785  -13.228 0.6000000238
22600  22.754  -48.144  -12.351 0.6000000238
22601  22.284  -48.470  -11.879 0.5000000000
23489  24.083  -47.959  -13.406 0.6000000238
22612  23.724  -48.356  -13.271 0.6000000238
18514  26.066  -53.121  -15.659 0.4000000060
116816  25.449  -53.407  -16.084 0.4000000060
19375  27.264  -52.181  -15.844 0.5000000000
19386  26.774  -52.518  -15.970 0.4000000060
127749  23.560  -49.008  -13.351 0.6000000238
17627  24.997  -54.248  -13.553 0.5000000000
17635  25.756  -55.285  -15.577 0.5000000000
18515  25.723  -54.139  -15.285 0.5000000000
17608  20.799  -54.660  -11.702 0.5000000000
16726  19.300  -55.095  -8.488 0.4000000060
18453  18.743  -53.634  -8.409 0.4000000060
119000  16.583  -50.562  -11.543 0.4000000060
116473  18.029  -49.788  -11.179 0.4000000060
18461  18.194  -52.891  -8.841 0.4000000060
19325  19.654  -52.315  -9.304 0.4000000060
118435  22.962  -49.051  -12.690 0.6000000238
20155  16.134  -51.027  -11.384 0.3000000119
21781  17.453  -49.645  -11.745 0.3000000119
20943  16.072  -50.400  -11.821 0.3000000119
21780  18.324  -49.096  -11.622 0.3000000119
20954  16.734  -50.061  -11.803 0.3000000119
21792  17.645  -48.958  -12.166 0.3000000119
137052  16.516  -49.139  -12.299 0.3000000119
13394  33.076  -59.777  -8.438 0.5000000000
14191  30.350  -58.821  -6.449 0.6000000238
14205  31.300  -58.656  -7.400 0.5000000000
14206  30.740  -58.358  -7.036 0.5000000000
14222  32.232  -58.637  -8.502 0.5000000000
14268  33.240  -57.952  -11.123 0.3000000119
14999  27.708  -57.653  -4.562 0.5000000000
15017  28.453  -57.310  -5.053 0.6000000238
15029  29.667  -57.487  -6.108 0.6999999881
15054  31.514  -57.272  -8.630 0.5000000000
15084  32.203  -56.802  -10.113 0.5000000000
15860  24.974  -56.380  -5.268 0.4000000060
15885  30.771  -55.975  -8.048 0.6000000238
15903  32.002  -55.990  -10.207 0.4000000060
15926  32.587  -57.180  -13.337 0.3000000119
16706  29.382  -55.795  -6.334 0.6000000238
16715  30.313  -55.714  -7.555 0.6999999881
16725  24.240  -55.216  -8.703 0.5000000000
16735  31.083  -54.937  -9.043 0.6000000238
16737  20.186  -55.331  -9.661 0.4000000060
17560  24.394  -54.147  -6.165 0.6000000238
17581  18.525  -54.445  -8.152 0.4000000060
17582  17.177  -54.190  -8.444 0.4000000060
17596  31.534  -54.433  -10.564 0.5000000000
17606  32.210  -54.918  -11.921 0.4000000060
18408  27.025  -53.554  -5.290 0.6000000238
18409  26.288  -53.530  -5.226 0.6000000238
18410  25.469  -53.418  -5.420 0.6000000238
18451  30.299  -53.168  -8.912 0.5000000000
18452  23.738  -53.520  -8.468 0.6999999881
18457  30.581  -53.028  -9.296 0.4000000060
18470  31.044  -53.169  -9.821 0.4000000060
18472  21.456  -52.826  -10.958 0.5000000000
18483  33.355  -53.366  -12.248 0.4000000060
18484  32.213  -53.716  -11.326 0.5000000000
18486  24.220  -52.999  -11.254 0.5000000000
18500  21.243  -53.890  -12.678 0.5000000000
18506  33.225  -54.011  -13.863 0.4000000060
19321  32.175  -52.247  -9.822 0.4000000060
19328  16.298  -52.770  -9.709 0.4000000060
19333  32.553  -52.666  -10.486 0.4000000060
19346  34.573  -52.057  -12.229 0.3000000119
19348  32.892  -53.150  -11.298 0.5000000000
19364  34.490  -52.279  -13.330 0.3000000119
19366  26.349  -52.390  -14.534 0.5000000000
19373  34.425  -52.387  -14.321 0.4000000060
19378  22.647  -52.029  -14.553 0.6000000238
19394  26.125  -52.658  -16.199 0.4000000060
20084  27.734  -52.100  -5.693 0.6999999881
20120  31.413  -51.466  -8.550 0.4000000060
20130  32.622  -51.530  -9.406 0.4000000060
20136  34.580  -51.145  -10.830 0.4000000060
20139  24.411  -51.776  -10.593 0.6999999881
20140  21.364  -51.248  -10.681 0.5000000000
20153  21.721  -51.531  -11.346 0.5000000000
20178  35.478  -51.071  -14.606 0.3000000119
20179  34.672  -52.220  -14.998 0.3000000119
20181  27.659  -51.679  -15.449 0.5000000000
20194  27.213  -52.178  -16.221 0.6999999881
20195  24.527  -51.883  -15.777 0.6000000238
20851  28.438  -51.021  -5.615 0.6000000238
20870  24.495  -50.973  -6.897 0.8000000119
20885  29.808  -51.136  -6.797 0.6000000238
20905  24.531  -50.588  -8.339 0.8000000119
20917  24.996  -50.278  -9.958 0.8000000119
20935  35.421  -50.411  -12.200 0.3000000119
20937  25.839  -50.129  -11.420 0.8000000119
20941  18.836  -49.835  -10.644 0.4000000060
20960  35.678  -50.505  -13.949 0.3000000119
20969  35.924  -50.333  -14.766 0.3000000119
20977  35.766  -51.023  -15.191 0.3000000119
20980  25.453  -50.760  -15.878 0.6000000238
20987  27.946  -50.984  -16.528 0.6999999881
21688  26.508  -49.551  -5.107 0.6999999881
21759  34.322  -48.723  -9.898 0.5000000000
21767  34.296  -49.806  -9.990 0.4000000060
21773  35.527  -49.622  -12.016 0.3000000119
21793  16.939  -49.434  -12.128 0.3000000119
21802  27.895  -49.784  -13.407 0.8999999762
21817  36.825  -49.047  -15.329 0.3000000119
21818  29.652  -49.162  -16.095 0.8000000119
21819  29.136  -49.747  -16.171 0.8000000119
21829  29.030  -49.453  -16.526 0.8000000119
22486  28.060  -47.738  -4.581 0.8000000119
22502  29.464  -48.358  -4.797 0.6999999881
22521  31.549  -48.766  -6.528 0.6000000238
22522  31.112  -48.594  -5.972 0.6000000238
22541  25.271  -49.089  -6.601 0.8000000119
22551  33.593  -48.113  -8.665 0.5000000000
22554  25.414  -48.640  -8.152 0.8000000119
22572  26.012  -48.679  -9.904 0.8000000119
22587  28.375  -47.976  -12.166 0.8999999762
22609  36.494  -48.099  -14.342 0.3000000119
22611  29.092  -48.853  -13.801 1.0000000000
22613  23.264  -48.305  -12.851 0.6000000238
22618  36.663  -48.466  -14.980 0.3000000119
22620  29.380  -49.414  -15.483 0.8000000119
22637  25.377  -49.000  -14.922 0.6999999881
22646  29.077  -48.639  -16.682 0.8000000119
22648  27.576  -49.643  -16.382 0.8000000119
23348  29.388  -47.541  -4.575 0.6999999881
23365  30.649  -47.524  -5.096 0.6999999881
23367  26.994  -47.036  -5.059 0.8000000119
23368  26.550  -47.315  -5.522 0.8000000119
23387  31.748  -47.440  -6.155 0.6999999881
23438  26.373  -47.513  -9.259 0.8000000119
23453  35.209  -47.943  -11.165 0.4000000060
23475  36.248  -48.089  -13.452 0.3000000119
23500  37.462  -47.817  -15.423 0.3000000119
23502  30.081  -47.604  -16.211 0.8000000119
23503  28.875  -47.001  -16.279 0.8000000119
24317  33.313  -45.971  -7.865 0.6000000238
24337  26.517  -46.463  -8.439 0.8000000119
24347  34.483  -46.246  -9.748 0.5000000000
24349  27.174  -46.334  -9.687 0.6999999881
24357  34.832  -46.629  -10.399 0.4000000060
24366  35.197  -47.042  -11.034 0.4000000060
24377  29.145  -46.818  -12.410 1.0000000000
24389  36.322  -47.121  -13.181 0.3000000119
24391  30.249  -46.556  -14.124 1.0000000000
24415  39.146  -46.684  -15.527 0.3000000119
24416  38.400  -46.378  -15.428 0.3000000119
24418  36.974  -47.171  -15.000 0.3000000119
24420  30.123  -46.743  -16.049 0.8000000119
24421  29.592  -46.686  -16.192 0.8000000119
25200  30.186  -46.242  -4.554 0.6999999881
25202  28.364  -45.635  -4.556 0.8000000119
25217  32.188  -44.903  -5.775 0.6999999881
25239  32.554  -45.279  -6.483 0.6999999881
25242  26.679  -45.766  -6.353 0.8000000119
25252  32.901  -45.687  -7.181 0.6000000238
25254  26.571  -45.797  -7.262 0.8000000119
25284  34.166  -45.847  -9.108 0.5000000000
25301  28.965  -45.345  -12.044 1.0000000000
25302  28.582  -45.758  -11.567 0.8999999762
25309  36.061  -45.840  -12.337 0.4000000060
25311  26.341  -44.802  -12.646 0.6999999881
25323  25.360  -46.111  -12.767 0.6000000238
25324  24.391  -46.263  -12.615 0.5000000000
25334  37.299  -45.862  -14.753 0.3000000119
25335  37.223  -44.952  -14.406 0.4000000060
25347  30.402  -45.587  -15.533 0.8999999762
25349  29.819  -45.348  -15.762 0.8999999762
25353  40.318  -45.505  -16.333 0.3000000119
26133  31.264  -44.030  -4.664 0.6000000238
26134  30.456  -44.204  -4.433 0.6000000238
26153  31.736  -44.513  -5.124 0.6000000238
26154  27.839  -43.986  -5.104 0.6999999881
26205  27.037  -44.491  -8.442 0.6999999881
26263  26.900  -44.539  -13.114 0.6999999881
26274  37.200  -44.094  -14.122 0.4000000060
26285  30.518  -44.946  -15.827 1.0000000000
27137  30.820  -43.432  -4.457 0.6000000238
27139  29.100  -43.441  -4.456 0.6000000238
27150  32.338  -43.272  -5.584 0.6000000238
27151  31.894  -42.951  -4.974 0.6000000238
27168  32.727  -43.588  -6.290 0.5000000000
27215  27.469  -42.982  -9.168 0.8999999762
27224  35.355  -43.459  -10.566 0.4000000060
27225  34.918  -43.508  -9.955 0.4000000060
27226  28.006  -43.767  -10.620 1.0000000000
27236  35.754  -43.781  -11.296 0.4000000060
27257  36.523  -43.567  -12.630 0.4000000060
27258  29.686  -43.177  -12.645 1.0000000000
27273  30.859  -43.167  -14.233 1.0000000000
27282  37.639  -43.575  -14.491 0.4000000060
27283  31.152  -43.479  -15.290 1.0000000000
27288  39.091  -43.036  -15.780 0.4000000060
27290  37.985  -43.721  -15.004 0.4000000060
27297  39.546  -43.251  -16.323 0.4000000060
28118  31.256  -42.790  -4.567 0.6000000238
28119  30.388  -42.655  -4.380 0.6000000238
28120  29.552  -42.160  -4.448 0.6000000238
28154  32.904  -42.207  -6.352 0.5000000000
28155  27.467  -42.150  -6.266 0.6999999881
28167  27.284  -42.317  -7.150 0.6999999881
28178  34.327  -42.532  -8.648 0.5000000000
28208  36.108  -42.448  -10.812 0.4000000060
28210  35.105  -43.023  -10.058 0.4000000060
28226  36.384  -42.683  -11.540 0.4000000060
28229  28.608  -42.341  -11.548 1.0000000000
28245  39.930  -42.185  -12.714 0.4000000060
28251  28.968  -42.081  -12.101 1.0000000000
28256  42.830  -42.197  -13.932 0.3000000119
28261  38.732  -42.542  -13.659 0.4000000060
28262  37.555  -42.821  -13.439 0.4000000060
28266  26.641  -42.815  -13.591 0.8000000119
28269  43.519  -42.493  -15.136 0.3000000119
28273  39.132  -42.612  -14.425 0.4000000060
28275  37.780  -42.972  -14.174 0.4000000060
28277  27.103  -42.492  -14.347 0.8999999762
28280  43.919  -42.503  -15.749 0.3000000119
28281  43.197  -42.646  -16.037 0.3000000119
28283  40.947  -42.536  -15.772 0.4000000060
28286  38.705  -42.849  -15.106 0.4000000060
28289  28.312  -42.777  -15.637 0.8999999762
28294  42.701  -42.497  -17.094 0.3000000119
28298  31.335  -42.220  -16.573 1.0000000000
29175  31.209  -41.599  -4.550 0.6000000238
29193  32.331  -40.931  -5.341 0.6000000238
29195  28.081  -41.264  -5.290 0.8000000119
29219  33.712  -41.722  -7.343 0.5000000000
29228  35.221  -41.549  -8.754 0.4000000060
29230  34.033  -42.103  -8.010 0.5000000000
29241  35.501  -41.845  -9.454 0.4000000060
29243  27.576  -41.610  -9.468 0.8999999762
29252  36.522  -41.921  -10.383 0.4000000060
29260  38.792  -41.855  -11.636 0.4000000060
29270  41.762  -41.602  -12.290 0.3000000119
29273  38.664  -42.149  -12.326 0.4000000060
29290  44.595  -41.671  -14.319 0.3000000119
29309  31.701  -41.655  -17.107 1.0000000000
30189  29.255  -40.450  -4.614 0.6999999881
30216  34.511  -40.007  -6.848 0.5000000000
30219  27.679  -40.842  -6.485 0.8000000119
30231  34.718  -40.649  -7.426 0.5000000000
30244  37.167  -40.317  -8.384 0.4000000060
30245  35.716  -40.968  -8.283 0.5000000000
30258  36.786  -41.161  -9.017 0.4000000060
30268  41.091  -40.207  -10.331 0.3000000119
30270  38.717  -41.102  -9.842 0.3000000119
30277  43.498  -40.561  -12.075 0.3000000119
30278  42.924  -40.442  -11.556 0.3000000119
30280  40.761  -41.028  -10.736 0.3000000119
30281  28.166  -40.899  -11.877 1.0000000000
30289  28.567  -40.689  -12.662 1.0000000000
30308  30.432  -40.426  -15.267 1.0000000000
30317  31.075  -39.958  -16.379 1.0000000000
30332  45.608  -40.587  -17.545 0.3000000119
30333  30.984  -39.930  -17.778 1.0000000000
31201  31.317  -38.969  -4.801 0.6999999881
31217  29.221  -38.819  -5.000 0.6999999881
31219  28.140  -39.836  -5.657 0.6999999881
31229  34.276  -39.236  -6.519 0.5000000000
31243  34.984  -39.213  -6.802 0.5000000000
31299  45.444  -39.606  -13.992 0.3000000119
31311  46.006  -39.940  -14.883 0.3000000119
31313  29.298  -39.084  -14.772 1.0000000000
31319  31.284  -39.563  -17.072 1.0000000000
31326  30.886  -38.989  -17.361 1.0000000000
31327  29.683  -38.828  -17.741 1.0000000000
32133  30.474  -38.606  -4.710 0.6999999881
32147  29.839  -38.448  -4.804 0.6999999881
32161  32.653  -38.359  -5.549 0.6999999881
32162  28.140  -38.440  -6.232 0.8000000119
32163  27.724  -38.193  -7.057 0.8000000119
32172  36.063  -38.370  -7.272 0.5000000000
32174  34.691  -38.438  -6.627 0.5000000000
32175  27.365  -38.303  -7.902 0.8000000119
32195  38.857  -38.643  -8.743 0.3000000119
32206  27.031  -38.934  -11.010 1.0000000000
32219  27.410  -38.533  -12.793 1.0000000000
32251  30.267  -38.446  -17.418 1.0000000000
33108  31.638  -37.369  -5.031 0.6999999881
33109  30.738  -37.246  -4.846 0.6999999881
33111  29.113  -37.376  -5.358 0.6999999881
33124  34.349  -37.685  -6.556 0.6000000238
33125  33.690  -37.736  -6.232 0.6000000238
33139  35.039  -37.646  -6.872 0.5000000000
33151  27.087  -37.166  -8.311 0.8000000119
33162  26.863  -37.672  -8.853 0.8000000119
33171  26.528  -37.606  -10.312 0.8999999762
33186  26.769  -37.234  -12.652 1.0000000000
33192  28.504  -37.719  -14.594 1.0000000000
33210  29.413  -37.232  -16.766 1.0000000000
33218  27.396  -37.156  -16.635 0.8999999762
34004  32.890  -36.911  -5.818 0.6999999881
34014  35.894  -36.938  -7.547 0.5000000000
34017  34.080  -36.245  -7.040 0.6999999881
34018  27.306  -36.701  -7.832 0.8000000119
34042  33.698  -36.182  -9.811 0.6000000238
34043  32.915  -36.086  -10.172 0.6000000238
34045  26.534  -36.493  -9.229 0.6999999881
34070  33.402  -36.360  -11.670 0.5000000000
34071  32.835  -36.075  -11.062 0.6000000238
34098  26.777  -36.484  -13.104 1.0000000000
34114  24.831  -36.572  -14.405 0.6000000238
34828  30.291  -35.481  -5.307 0.6999999881
34829  29.431  -35.118  -5.722 0.6999999881
34842  32.964  -35.663  -6.619 0.6999999881
34843  32.346  -35.207  -6.387 0.6999999881
34844  31.698  -34.961  -5.936 0.6999999881
34845  28.893  -34.479  -6.260 0.6999999881
34847  27.896  -35.651  -6.911 0.6999999881
34867  26.993  -35.351  -8.185 0.6999999881
34878  32.367  -35.211  -9.574 0.6000000238
34879  31.877  -34.582  -9.077 0.6000000238
34888  32.622  -35.644  -10.665 0.6000000238
34896  26.052  -35.966  -11.567 1.0000000000
34905  34.244  -36.211  -13.363 0.4000000060
34916  27.841  -35.546  -14.582 1.0000000000
34917  27.020  -35.671  -13.618 1.0000000000
34926  28.814  -35.856  -15.978 1.0000000000
34927  28.453  -35.453  -15.506 1.0000000000
34939  25.943  -35.313  -15.675 0.8000000119
34946  28.397  -35.470  -16.401 1.0000000000
35718  31.165  -34.404  -6.178 0.6999999881
35719  30.443  -34.107  -6.243 0.6999999881
35734  31.513  -34.189  -7.119 0.6999999881
35736  28.092  -33.807  -7.081 0.6999999881
35737  27.662  -34.259  -7.342 0.6999999881
35765  32.557  -35.080  -10.635 0.5000000000
35766  32.271  -35.023  -10.229 0.6000000238
35767  31.955  -34.256  -9.765 0.6000000238
35779  25.958  -34.502  -11.579 1.0000000000
36618  31.088  -33.715  -7.888 0.6000000238
36619  30.330  -33.371  -7.421 0.6999999881
36640  29.820  -32.836  -7.838 0.6999999881
36642  26.715  -33.813  -8.705 0.6999999881
36655  34.926  -33.408  -9.755 0.4000000060
36657  33.281  -33.279  -9.751 0.5000000000
36658  31.455  -33.564  -9.351 0.6000000238
36659  30.827  -32.904  -9.017 0.6000000238
36667  35.051  -34.029  -10.413 0.4000000060
36673  26.169  -33.515  -10.269 0.8000000119
36683  37.131  -33.157  -12.081 0.4000000060
36692  37.132  -33.327  -12.949 0.4000000060
36701  26.728  -33.426  -13.089 1.0000000000
36709  28.619  -33.549  -15.896 1.0000000000
36729  27.370  -33.518  -16.482 0.8000000119
37500  27.615  -32.910  -7.994 0.6999999881
37516  33.027  -32.674  -9.629 0.5000000000
37517  30.375  -32.086  -9.396 0.5000000000
37519  28.610  -31.921  -8.869 0.6999999881
37520  27.013  -32.274  -9.365 0.6999999881
37534  36.574  -32.923  -10.353 0.4000000060
37538  26.835  -31.999  -10.179 0.8000000119
37539  26.548  -32.231  -10.989 0.8999999762
37551  37.256  -32.479  -11.492 0.4000000060
37567  27.288  -31.850  -12.646 0.8999999762
37622  28.384  -32.966  -16.415 0.8999999762
38470  35.473  -31.159  -8.816 0.4000000060
38471  34.331  -31.959  -9.102 0.5000000000
38493  37.111  -31.247  -10.508 0.4000000060
38498  28.401  -30.848  -10.631 0.6000000238
38500  27.053  -31.596  -11.618 0.8999999762
38521  28.196  -30.916  -12.859 0.8999999762
38526  37.504  -31.439  -13.002 0.3000000119
38540  29.835  -31.307  -15.884 1.0000000000
38548  37.522  -31.829  -15.075 0.3000000119
38551  27.764  -31.576  -16.339 0.8999999762
38559  29.466  -30.988  -16.510 0.8999999762
39491  35.015  -30.518  -8.443 0.5000000000
39493  33.452  -30.700  -8.650 0.5000000000
39494  33.036  -30.215  -8.513 0.5000000000
39499  36.374  -30.361  -9.353 0.4000000060
39527  29.423  -30.318  -11.594 0.6999999881
39538  29.772  -30.218  -12.510 0.8000000119
39561  26.655  -30.365  -14.820 0.6999999881
39562  25.866  -30.698  -14.386 0.6000000238
39563  25.136  -31.083  -14.092 0.6000000238
39572  31.732  -30.082  -15.616 0.8999999762
39573  31.203  -30.455  -15.853 0.8999999762
39576  27.188  -30.932  -15.706 0.8000000119
40495  32.966  -29.658  -8.241 0.5000000000
40496  32.458  -29.150  -8.267 0.4000000060
40508  31.862  -29.779  -9.414 0.4000000060
40518  37.007  -29.728  -10.505 0.4000000060
40533  37.407  -29.257  -12.087 0.3000000119
40550  31.708  -29.421  -12.794 0.8000000119
40565  31.938  -29.477  -13.739 0.6999999881
40595  31.532  -30.101  -16.294 1.0000000000
40607  31.620  -29.595  -16.536 0.8000000119
40608  31.103  -29.938  -16.748 1.0000000000
41492  35.005  -28.568  -8.288 0.5000000000
41512  36.375  -28.793  -9.592 0.4000000060
41549  37.168  -28.618  -11.543 0.4000000060
41550  36.868  -27.992  -11.066 0.4000000060
41576  32.082  -29.074  -14.346 0.6999999881
41592  31.861  -28.508  -15.091 0.6999999881
42489  34.875  -27.841  -8.136 0.4000000060
42490  32.016  -26.905  -7.835 0.4000000060
42507  36.345  -27.207  -9.775 0.4000000060
42510  30.560  -27.210  -10.070 0.5000000000
42523  30.387  -27.095  -10.780 0.5000000000
42560  31.609  -27.662  -15.980 0.6999999881
42571  30.422  -27.453  -17.391 0.8000000119
42572  29.725  -27.631  -16.953 0.8000000119
43385  33.369  -26.626  -7.452 0.4000000060
43408  31.657  -26.462  -8.270 0.4000000060
43442  30.373  -26.443  -11.215 0.6000000238
44269  34.478  -25.737  -7.600 0.4000000060
44270  32.832  -25.824  -7.530 0.4000000060
44288  34.978  -25.874  -7.815 0.3000000119
44290  31.600  -25.709  -8.521 0.4000000060
44301  36.016  -25.970  -8.782 0.3000000119
44313  30.994  -25.207  -9.972 0.3000000119
44327  30.474  -25.649  -11.698 0.4000000060
44344  30.494  -25.134  -13.640 0.6000000238
44366  29.659  -24.918  -17.512 0.6999999881
45132  34.401  -24.446  -7.459 0.3000000119
45133  33.539  -24.581  -7.500 0.3000000119
45151  31.887  -24.734  -8.397 0.4000000060
45152  31.385  -24.998  -9.214 0.4000000060
45207  31.017  -23.982  -15.808 0.6000000238
45223  30.919  -24.138  -17.384 0.6999999881
45231  30.002  -24.278  -17.686 0.6999999881
46033  34.071  -23.009  -7.431 0.3000000119
46069  32.018  -23.183  -8.784 0.3000000119
46078  31.455  -23.488  -10.446 0.3000000119
46136  29.512  -23.051  -17.261 0.5000000000
46149  29.450  -23.607  -17.374 0.6999999881
47064  33.579  -22.273  -7.599 0.3000000119
47137  31.609  -22.479  -11.813 0.4000000060
47180  30.590  -22.799  -15.064 0.4000000060
48191  33.159  -21.418  -7.866 0.4000000060
48192  32.519  -21.674  -8.562 0.3000000119
48205  32.304  -21.406  -9.586 0.3000000119
48216  32.172  -21.676  -10.530 0.3000000119
48228  32.305  -21.277  -11.088 0.4000000060
48243  31.817  -21.747  -12.081 0.4000000060
48278  30.116  -21.393  -14.384 0.3000000119
49269  32.671  -20.313  -8.601 0.3000000119
49323  32.034  -21.012  -12.355 0.4000000060
50286  33.719  -19.924  -7.770 0.3000000119
50302  32.568  -19.527  -8.937 0.3000000119
50340  32.737  -19.260  -10.884 0.3000000119
50368  32.618  -19.527  -13.070 0.3000000119
51273  34.371  -18.669  -7.654 0.4000000060
51361  33.014  -18.815  -13.436 0.3000000119
52283  32.878  -17.940  -8.718 0.3000000119
52297  32.586  -17.903  -9.616 0.3000000119
52318  32.724  -17.806  -10.496 0.3000000119
52352  33.628  -17.645  -13.654 0.3000000119
52361  33.382  -17.847  -14.282 0.3000000119
52373  33.458  -17.441  -14.970 0.3000000119
53287  32.679  -16.764  -9.734 0.3000000119
53305  32.861  -16.046  -10.878 0.3000000119
53347  33.968  -16.970  -14.175 0.3000000119
54289  34.441  -15.304  -16.197 0.3000000119
54302  33.616  -15.397  -17.484 0.3000000119
55173  33.416  -14.640  -12.173 0.3000000119
55198  34.068  -13.979  -13.993 0.3000000119
56055  33.841  -13.336  -9.758 0.3000000119
56063  33.344  -13.811  -10.504 0.3000000119
56069  33.334  -13.520  -11.306 0.3000000119
56083  33.421  -13.355  -12.101 0.3000000119
56115  34.301  -13.534  -14.783 0.3000000119
56126  34.337  -14.180  -17.258 0.3000000119
56142  34.022  -13.593  -17.781 0.3000000119
58949  33.698  -10.624  -13.534 0.3000000119
58993  34.895  -10.646  -16.877 0.3000000119
59923  33.804  -9.520  -14.046 0.3000000119
59938  34.356  -9.813  -15.299 0.3000000119
59954  35.023  -9.241  -16.993 0.3000000119
60835  34.093  -9.061  -14.706 0.3000000119
61808  34.442  -7.618  -15.578 0.3000000119
62685  33.836  -6.200  -13.851 0.3000000119
62697  33.934  -6.775  -14.516 0.3000000119
115398  27.612  -41.173  -9.997 0.8999999762
115520  41.096  -41.406  -11.538 0.3000000119
115539  37.290  -27.089  -13.158 0.3000000119
115867  44.227  -41.475  -13.581 0.3000000119
116037  28.871  -50.077  -15.437 0.8999999762
116158  27.452  -40.556  -8.957 0.8000000119
116832  37.811  -46.122  -15.223 0.3000000119
116969  32.268  -34.406  -10.105 0.5000000000
117068  41.391  -42.517  -16.499 0.3000000119
118057  33.313  -17.105  -8.528 0.3000000119
118089  27.042  -39.068  -10.125 0.8000000119
118288  32.544  -20.085  -10.618 0.4000000060
118363  36.755  -47.091  -14.513 0.3000000119
118524  28.961  -49.516  -14.609 0.8999999762
118562  35.524  -35.303  -13.997 0.3000000119
118622  27.515  -45.147  -9.919 0.8000000119
118698  39.199  -40.445  -9.478 0.4000000060
118910  26.047  -35.155  -10.140 1.0000000000
119444  32.211  -41.642  -5.233 0.6000000238
120161  29.747  -53.738  -7.885 0.6000000238
120316  33.601  -16.156  -12.690 0.3000000119
121058  27.308  -43.674  -5.846 0.6999999881
121361  30.978  -35.785  -5.108 0.6999999881
121775  34.612  -36.922  -6.926 0.6000000238
121812  30.680  -45.012  -15.385 1.0000000000
122716  34.120  -25.186  -7.457 0.3000000119
122788  27.795  -36.345  -16.766 0.8999999762
123084  26.320  -35.153  -9.417 0.8000000119
123127  31.149  -24.758  -16.541 0.6999999881
123202  30.656  -24.745  -14.373 0.6000000238
123222  30.837  -24.775  -15.348 0.6999999881
123693  38.229  -41.795  -11.205 0.4000000060
123917  27.184  -50.051  -4.981 0.6999999881
123964  29.297  -37.611  -17.342 1.0000000000
124319  21.975  -51.169  -11.806 0.5000000000
124815  35.624  -48.011  -11.917 0.3000000119
125059  33.950  -8.124  -14.389 0.3000000119
125429  34.717  -44.846  -9.940 0.5000000000
125439  37.502  -29.932  -12.585 0.3000000119
125701  30.729  -24.259  -13.717 0.6000000238
125828  29.542  -53.089  -7.768 0.6000000238
126237  22.134  -51.995  -12.870 0.6000000238
126359  27.561  -41.018  -9.370 0.8999999762
126648  45.662  -41.008  -15.018 0.3000000119
126947  23.900  -47.408  -13.098 0.6000000238
127166  44.007  -40.719  -12.561 0.3000000119
127256  24.044  -51.849  -7.949 0.6999999881
127332  27.379  -47.536  -4.773 0.8000000119
127364  35.988  -31.796  -9.308 0.4000000060
127547  36.283  -51.233  -15.636 0.3000000119
127842  37.305  -47.312  -15.263 0.3000000119
128156  28.886  -41.835  -4.595 0.6000000238
128259  30.514  -22.078  -14.275 0.4000000060
128569  30.033  -40.873  -4.416 0.6000000238
128667  28.294  -41.912  -4.891 0.6999999881
128680  26.121  -37.901  -15.542 0.8000000119
128947  28.053  -50.191  -5.052 0.6999999881
129041  24.592  -34.939  -14.411 0.6999999881
129079  36.983  -36.537  -8.712 0.4000000060
129420  26.872  -40.603  -15.418 1.0000000000
129434  34.294  -49.239  -9.939 0.4000000060
129714  27.581  -31.130  -12.177 0.6999999881
129795  31.835  -41.136  -17.012 1.0000000000
130010  33.293  -47.893  -8.111 0.6000000238
130107  35.543  -46.651  -11.529 0.4000000060
130605  27.328  -39.081  -8.252 0.8000000119
130975  33.208  -39.965  -6.029 0.6000000238
131017  32.079  -47.722  -6.669 0.6000000238
131064  28.742  -33.466  -7.053 0.6999999881
131115  29.942  -53.017  -8.426 0.5000000000
131261  36.838  -43.807  -13.396 0.4000000060
131697  32.436  -56.047  -13.387 0.3000000119
131794  32.772  -20.960  -8.342 0.3000000119
132115  44.503  -40.871  -13.136 0.3000000119
132530  28.080  -22.915  -16.446 0.5000000000
132564  33.448  -11.361  -11.917 0.4000000060
132596  17.823  -54.295  -8.168 0.4000000060
132662  34.665  -13.150  -16.585 0.3000000119
132845  23.369  -50.582  -14.265 0.6000000238
132884  45.193  -41.235  -14.430 0.3000000119
132914  30.692  -46.851  -4.889 0.6999999881
132963  37.469  -31.596  -12.008 0.4000000060
133067  18.438  -56.189  -8.453 0.4000000060
133350  28.895  -19.439  -15.377 0.3000000119
133443  18.568  -49.425  -11.079 0.4000000060
133880  43.049  -42.432  -14.613 0.3000000119
133892  28.370  -35.864  -16.585 1.0000000000
134025  34.045  -36.435  -10.304 0.6000000238
134340  28.536  -33.075  -15.434 1.0000000000
134388  22.948  -47.108  -12.522 0.5000000000
134412  25.042  -53.460  -13.473 0.5000000000
134419  26.494  -33.020  -12.379 1.0000000000
134430  35.808  -39.828  -7.418 0.5000000000
134611  29.151  -39.563  -17.554 1.0000000000
134777  34.507  -36.551  -13.776 0.4000000060
134892  27.777  -31.192  -10.400 0.8999999762
134901  36.151  -32.569  -9.720 0.4000000060
135019  21.948  -53.257  -14.409 0.4000000060
135096  31.618  -22.894  -10.775 0.4000000060
135632  25.907  -52.140  -16.341 0.5000000000
135670  33.200  -18.429  -11.694 0.3000000119
135940  28.034  -37.859  -6.523 0.8000000119
136341  33.512  -15.896  -8.823 0.3000000119
136632  26.009  -32.895  -15.528 0.8000000119
136982  27.339  -40.004  -9.243 0.8999999762
137200  26.779  -32.171  -15.947 0.8000000119
137463  30.242  -26.319  -12.980 0.6000000238
137624  27.908  -35.950  -16.945 1.0000000000
137884  24.399  -54.949  -10.113 0.5000000000
138406  31.399  -27.771  -8.613 0.4000000060
138620  29.364  -30.891  -14.086 0.8999999762
