#!ascii label  , from subject sub-v2s17x50005_ses-1 vox2ras=TkReg
1371
44494  -46.386  -27.419  39.284 0.0000000000
35298  -35.182  -38.159  46.928 0.0000000000
51152  -48.698  -21.196  26.093 0.0000000000
46627  -40.135  -27.060  29.696 0.0000000000
50094  -49.204  -21.880  33.113 0.0000000000
39552  -43.049  -33.085  44.756 0.0000000000
37014  -39.424  -36.626  37.049 0.0000000000
40657  -38.013  -32.296  32.988 0.0000000000
32725  -26.537  -39.791  44.707 0.0000000000
60273  -53.103  -10.926  30.595 0.0000000000
36261  -31.677  -36.756  34.121 0.0000000000
115789  -43.593  -27.013  35.053 0.0000000000
48299  -45.054  -24.555  31.975 0.0000000000
46570  -48.315  -25.869  36.566 0.0000000000
42583  -44.623  -30.174  43.293 0.0000000000
40597  -41.980  -33.363  38.784 0.0000000000
43585  -41.555  -29.317  36.560 0.0000000000
43631  -38.587  -29.779  31.447 0.0000000000
60308  -55.222  -11.093  26.557 0.0000000000
33523  -30.836  -39.377  46.245 0.0000000000
34472  -28.590  -39.063  39.582 0.0000000000
108430  -32.631  -37.199  41.662 0.0000000000
49211  -51.021  -23.588  29.493 0.0000000000
36900  -39.461  -36.824  46.214 0.0000000000
36969  -37.587  -35.951  42.288 0.0000000000
36209  -42.792  -37.233  40.867 0.0000000000
37953  -39.968  -36.025  34.621 0.0000000000
33505  -21.968  -39.558  46.364 0.0000000000
116015  -53.570  -21.158  33.390 0.0000000000
54014  -51.359  -18.001  30.745 0.0000000000
58389  -50.165  -13.015  34.552 0.0000000000
56697  -49.378  -15.302  27.833 0.0000000000
56731  -52.898  -15.750  25.967 0.0000000000
34467  -23.937  -39.765  38.975 0.0000000000
37936  -35.481  -35.763  36.778 0.0000000000
45554  -45.056  -27.371  37.109 0.0000000000
46567  -45.726  -26.345  35.518 0.0000000000
45574  -47.244  -26.868  37.516 0.0000000000
44480  -45.111  -27.967  40.717 0.0000000000
43559  -42.778  -29.756  39.550 0.0000000000
44505  -44.425  -27.951  38.709 0.0000000000
44543  -42.261  -28.087  35.628 0.0000000000
50224  -47.906  -22.571  23.829 0.0000000000
107892  -48.328  -20.083  23.696 0.0000000000
34388  -33.349  -38.458  47.080 0.0000000000
35345  -31.400  -38.290  43.460 0.0000000000
35348  -33.942  -37.411  44.842 0.0000000000
47461  -41.662  -25.513  28.274 0.0000000000
49155  -46.377  -23.771  32.568 0.0000000000
49187  -45.381  -23.041  29.625 0.0000000000
50127  -48.096  -21.860  30.117 0.0000000000
50165  -48.852  -23.231  28.961 0.0000000000
51114  -50.255  -21.986  31.030 0.0000000000
38615  -41.508  -34.959  44.849 0.0000000000
35353  -41.754  -38.114  43.215 0.0000000000
36938  -43.597  -36.722  42.773 0.0000000000
40640  -40.265  -32.670  35.678 0.0000000000
38710  -41.560  -35.053  36.424 0.0000000000
39647  -39.100  -34.298  34.336 0.0000000000
44593  -39.317  -28.349  30.637 0.0000000000
53086  -52.714  -19.618  31.595 0.0000000000
57560  -49.730  -14.207  30.351 0.0000000000
59347  -51.015  -12.654  29.327 0.0000000000
125036  -51.324  -15.075  26.283 0.0000000000
119813  -53.427  -13.384  28.072 0.0000000000
58489  -55.669  -13.676  25.921 0.0000000000
33531  -24.516  -39.771  44.964 0.0000000000
119943  -23.387  -39.380  42.908 0.0000000000
33560  -25.075  -39.620  42.131 0.0000000000
36231  -29.874  -37.173  36.905 0.0000000000
35415  -27.346  -38.129  36.187 0.0000000000
36285  -28.940  -37.631  32.848 0.0000000000
125475  -39.159  -34.804  38.561 0.0000000000
38660  -36.573  -34.565  39.097 0.0000000000
37919  -37.744  -35.771  37.359 0.0000000000
45631  -41.968  -26.673  32.056 0.0000000000
46618  -42.469  -25.964  30.767 0.0000000000
46601  -44.110  -25.715  32.812 0.0000000000
46592  -46.125  -25.135  34.088 0.0000000000
48284  -47.977  -24.162  34.585 0.0000000000
111868  -44.483  -31.798  44.119 0.0000000000
120788  -43.923  -34.157  41.861 0.0000000000
41659  -42.902  -31.580  40.865 0.0000000000
41700  -41.241  -31.715  38.105 0.0000000000
42671  -39.972  -30.849  34.978 0.0000000000
41776  -38.067  -31.153  32.244 0.0000000000
43618  -40.171  -29.563  33.888 0.0000000000
44579  -40.897  -28.186  33.340 0.0000000000
60287  -54.374  -11.506  28.977 0.0000000000
62962  -55.566  -7.726  28.359 0.0000000000
33520  -28.750  -39.912  45.442 0.0000000000
33572  -27.087  -39.635  41.788 0.0000000000
129442  -29.428  -39.051  42.885 0.0000000000
35399  -30.677  -37.860  40.085 0.0000000000
37000  -31.718  -36.548  38.143 0.0000000000
111568  -43.633  -24.426  29.325 0.0000000000
48323  -50.270  -24.631  28.264 0.0000000000
114752  -50.284  -22.692  27.713 0.0000000000
117614  -37.458  -37.574  46.887 0.0000000000
124640  -36.817  -37.360  44.757 0.0000000000
35350  -39.024  -37.978  44.271 0.0000000000
117297  -40.332  -36.570  41.924 0.0000000000
37900  -41.396  -36.272  38.161 0.0000000000
37882  -43.381  -35.964  39.381 0.0000000000
37026  -41.730  -36.140  36.898 0.0000000000
36248  -40.422  -36.777  35.415 0.0000000000
46498  -47.892  -26.151  40.745 0.0000000000
36878  -36.035  -36.994  48.391 0.0000000000
39536  -38.963  -33.110  47.292 0.0000000000
40481  -40.889  -31.657  45.905 0.0000000000
46521  -48.944  -26.110  38.656 0.0000000000
47398  -50.403  -24.918  36.959 0.0000000000
49118  -51.384  -23.468  35.859 0.0000000000
51029  -52.567  -21.641  35.270 0.0000000000
50081  -52.340  -22.478  33.685 0.0000000000
50113  -52.891  -22.477  31.790 0.0000000000
52064  -51.833  -20.749  29.717 0.0000000000
53112  -50.026  -20.132  28.295 0.0000000000
56670  -51.027  -15.665  32.461 0.0000000000
115323  -49.486  -16.719  29.004 0.0000000000
54062  -48.573  -18.228  26.437 0.0000000000
55031  -49.302  -17.304  24.443 0.0000000000
116395  -55.049  -14.257  27.146 0.0000000000
114001  -20.723  -38.850  43.692 0.0000000000
34488  -22.384  -39.241  36.891 0.0000000000
34470  -26.306  -39.808  39.383 0.0000000000
35412  -24.728  -38.851  35.684 0.0000000000
36966  -34.846  -36.083  41.834 0.0000000000
37877  -33.877  -35.269  39.187 0.0000000000
37934  -33.429  -35.656  35.875 0.0000000000
35409  -34.851  -38.896  37.138 0.0000000000
44518  -45.831  -27.485  38.196 0.0000000000
116304  -46.425  -27.006  37.172 0.0000000000
45541  -46.939  -27.299  38.702 0.0000000000
44493  -45.632  -27.632  39.931 0.0000000000
44479  -44.880  -28.037  40.229 0.0000000000
44506  -45.390  -27.620  38.716 0.0000000000
44517  -44.942  -27.573  37.922 0.0000000000
128855  -48.916  -22.759  25.934 0.0000000000
51177  -47.960  -21.978  24.532 0.0000000000
51182  -48.036  -21.662  23.561 0.0000000000
52111  -48.254  -20.506  25.212 0.0000000000
35297  -34.383  -38.228  46.876 0.0000000000
107748  -33.810  -37.784  45.738 0.0000000000
35310  -34.554  -37.910  46.234 0.0000000000
46642  -39.920  -26.796  28.866 0.0000000000
108584  -40.641  -26.485  29.275 0.0000000000
50078  -48.173  -22.452  33.191 0.0000000000
50109  -47.386  -22.132  31.185 0.0000000000
50093  -48.953  -21.627  32.162 0.0000000000
50111  -49.413  -21.603  31.206 0.0000000000
51100  -49.877  -21.551  31.710 0.0000000000
39558  -42.301  -34.016  44.695 0.0000000000
37779  -42.942  -35.783  44.344 0.0000000000
38621  -43.483  -34.990  44.178 0.0000000000
40648  -39.251  -32.639  34.469 0.0000000000
39639  -39.480  -33.710  34.633 0.0000000000
40651  -38.159  -33.053  33.534 0.0000000000
38750  -37.305  -34.028  33.194 0.0000000000
45638  -39.695  -27.672  30.147 0.0000000000
44604  -38.955  -28.085  29.794 0.0000000000
45653  -39.416  -27.419  29.291 0.0000000000
59335  -50.838  -12.101  30.470 0.0000000000
112223  -51.704  -11.846  30.106 0.0000000000
58453  -51.839  -13.111  28.458 0.0000000000
59349  -53.144  -12.256  29.146 0.0000000000
32711  -25.228  -39.864  45.239 0.0000000000
33545  -24.846  -39.661  43.521 0.0000000000
33546  -26.077  -39.637  43.103 0.0000000000
37036  -30.048  -36.310  35.152 0.0000000000
36244  -29.129  -36.748  35.101 0.0000000000
37064  -30.302  -36.699  33.623 0.0000000000
34540  -30.455  -39.249  33.326 0.0000000000
35438  -31.656  -38.167  33.902 0.0000000000
37921  -39.861  -35.888  37.458 0.0000000000
38694  -38.176  -35.216  37.712 0.0000000000
37013  -38.430  -36.563  37.119 0.0000000000
46588  -42.529  -26.737  33.288 0.0000000000
46600  -43.299  -26.030  32.485 0.0000000000
46589  -43.318  -26.322  33.336 0.0000000000
46569  -47.067  -25.723  35.632 0.0000000000
46582  -46.380  -25.482  34.802 0.0000000000
46583  -47.110  -25.316  35.142 0.0000000000
48283  -47.049  -24.509  34.136 0.0000000000
47414  -48.388  -25.162  35.704 0.0000000000
42576  -44.658  -30.670  43.667 0.0000000000
40556  -44.197  -32.154  42.604 0.0000000000
41640  -44.114  -31.128  42.433 0.0000000000
43568  -42.622  -29.326  38.720 0.0000000000
113189  -42.131  -30.304  39.061 0.0000000000
42646  -41.159  -30.305  36.886 0.0000000000
41735  -40.656  -31.100  36.425 0.0000000000
42645  -40.970  -30.025  36.102 0.0000000000
42684  -39.824  -30.353  34.199 0.0000000000
43595  -41.265  -29.267  35.717 0.0000000000
45586  -43.103  -27.431  35.524 0.0000000000
44558  -41.852  -28.019  34.821 0.0000000000
45602  -42.238  -27.434  34.379 0.0000000000
107520  -41.417  -27.568  33.109 0.0000000000
33521  -29.524  -39.824  45.722 0.0000000000
33550  -29.101  -39.486  43.954 0.0000000000
34407  -30.412  -39.129  44.602 0.0000000000
124650  -31.739  -37.776  42.270 0.0000000000
35383  -31.248  -37.948  41.690 0.0000000000
35392  -31.674  -37.655  41.109 0.0000000000
113860  -31.125  -37.350  38.804 0.0000000000
36215  -32.197  -37.072  39.986 0.0000000000
47437  -44.024  -25.218  31.471 0.0000000000
47453  -43.333  -24.919  29.770 0.0000000000
48307  -44.304  -24.430  30.443 0.0000000000
50144  -46.290  -22.392  28.986 0.0000000000
49205  -44.567  -23.240  28.284 0.0000000000
49226  -45.280  -22.731  27.656 0.0000000000
49190  -50.517  -23.887  29.235 0.0000000000
49208  -49.445  -24.313  28.671 0.0000000000
49210  -50.741  -24.040  28.960 0.0000000000
49230  -50.528  -23.853  28.063 0.0000000000
50166  -50.897  -22.993  28.548 0.0000000000
36129  -38.883  -37.298  46.394 0.0000000000
35314  -38.839  -38.131  45.558 0.0000000000
35315  -39.561  -38.067  45.622 0.0000000000
36199  -42.490  -37.519  41.753 0.0000000000
125838  -41.209  -37.594  42.368 0.0000000000
36973  -41.691  -36.904  41.240 0.0000000000
112229  -41.299  -35.733  39.968 0.0000000000
37881  -42.047  -36.492  39.555 0.0000000000
39587  -43.299  -33.958  40.628 0.0000000000
116351  -43.418  -34.672  40.217 0.0000000000
38664  -42.682  -34.441  38.903 0.0000000000
37955  -40.926  -35.600  35.273 0.0000000000
37938  -41.713  -35.712  36.665 0.0000000000
37057  -40.940  -36.104  35.292 0.0000000000
37025  -41.294  -36.396  36.427 0.0000000000
42694  -38.292  -30.480  31.835 0.0000000000
39542  -39.967  -32.869  45.976 0.0000000000
42563  -43.920  -30.278  44.967 0.0000000000
47375  -48.597  -26.039  39.392 0.0000000000
124702  -50.399  -24.301  37.889 0.0000000000
49084  -51.298  -24.003  36.997 0.0000000000
48265  -51.124  -23.902  36.333 0.0000000000
49100  -51.459  -23.698  36.484 0.0000000000
51041  -52.948  -21.361  34.617 0.0000000000
50062  -52.465  -22.440  34.466 0.0000000000
50083  -53.388  -22.314  33.288 0.0000000000
118647  -52.417  -22.528  31.950 0.0000000000
50098  -53.436  -22.209  32.623 0.0000000000
53085  -52.190  -19.441  30.843 0.0000000000
52051  -52.179  -20.294  30.301 0.0000000000
53093  -51.673  -19.792  29.982 0.0000000000
52074  -50.718  -20.688  28.708 0.0000000000
54041  -50.372  -18.868  29.166 0.0000000000
57528  -50.735  -14.358  33.547 0.0000000000
57568  -49.515  -14.500  28.974 0.0000000000
126901  -49.750  -15.640  30.054 0.0000000000
55863  -49.128  -15.941  28.350 0.0000000000
54997  -49.114  -17.761  27.968 0.0000000000
55871  -48.831  -16.688  27.006 0.0000000000
55017  -48.629  -17.545  25.801 0.0000000000
55884  -49.268  -16.081  26.542 0.0000000000
56730  -51.771  -15.560  25.698 0.0000000000
56740  -51.157  -16.006  25.055 0.0000000000
55897  -52.147  -16.175  25.281 0.0000000000
60299  -55.067  -11.091  27.583 0.0000000000
59365  -54.279  -12.933  28.003 0.0000000000
59377  -55.157  -12.993  26.675 0.0000000000
33577  -23.878  -39.526  40.752 0.0000000000
34444  -22.356  -39.048  41.449 0.0000000000
34466  -22.484  -39.220  39.461 0.0000000000
34478  -21.804  -39.098  38.656 0.0000000000
108925  -22.864  -39.255  37.670 0.0000000000
34456  -27.975  -39.427  40.175 0.0000000000
120595  -26.670  -39.709  40.877 0.0000000000
118409  -27.501  -39.356  38.593 0.0000000000
120512  -26.095  -38.340  35.717 0.0000000000
32845  -27.039  -40.968  33.549 0.0000000000
36183  -36.924  -36.713  43.610 0.0000000000
36182  -35.941  -36.540  43.641 0.0000000000
36968  -36.780  -35.897  42.216 0.0000000000
38691  -35.756  -34.796  37.691 0.0000000000
122736  -35.123  -34.694  38.962 0.0000000000
38690  -34.851  -34.734  37.674 0.0000000000
37915  -33.692  -35.015  37.298 0.0000000000
37935  -34.496  -35.603  36.511 0.0000000000
34505  -34.418  -39.556  36.989 0.0000000000
45587  -43.992  -27.122  35.624 0.0000000000
45605  -45.013  -26.421  35.085 0.0000000000
45588  -45.294  -26.764  35.897 0.0000000000
115689  -46.955  -26.628  36.859 0.0000000000
46557  -47.726  -26.382  36.929 0.0000000000
43540  -44.691  -29.390  42.758 0.0000000000
107961  -44.391  -29.489  41.813 0.0000000000
43550  -44.555  -28.648  40.934 0.0000000000
117629  -43.242  -29.068  39.287 0.0000000000
44515  -42.710  -28.484  37.458 0.0000000000
44527  -41.745  -28.712  35.964 0.0000000000
44529  -43.234  -27.900  36.942 0.0000000000
45571  -43.686  -27.492  36.283 0.0000000000
53171  -48.744  -20.168  23.033 0.0000000000
34386  -31.500  -38.979  46.544 0.0000000000
34408  -31.065  -38.891  44.923 0.0000000000
34409  -32.282  -38.292  45.213 0.0000000000
35347  -32.901  -37.636  44.268 0.0000000000
36180  -33.324  -37.050  42.980 0.0000000000
48300  -45.746  -24.178  32.332 0.0000000000
48308  -44.842  -24.138  31.019 0.0000000000
49166  -46.132  -23.403  31.800 0.0000000000
50126  -46.904  -22.273  30.495 0.0000000000
50145  -47.154  -22.172  29.567 0.0000000000
50164  -48.064  -22.686  28.643 0.0000000000
50147  -49.146  -22.702  29.567 0.0000000000
50148  -50.189  -23.355  29.757 0.0000000000
49178  -50.830  -23.514  29.763 0.0000000000
37764  -40.499  -35.615  45.373 0.0000000000
36141  -40.989  -37.448  45.247 0.0000000000
36913  -41.610  -36.659  44.973 0.0000000000
36937  -43.177  -37.089  43.395 0.0000000000
36200  -43.169  -37.240  41.368 0.0000000000
39606  -41.391  -33.494  37.293 0.0000000000
39607  -41.744  -34.263  37.423 0.0000000000
39633  -40.495  -33.758  35.575 0.0000000000
38732  -39.813  -34.672  34.628 0.0000000000
38742  -39.445  -35.038  34.371 0.0000000000
37965  -37.950  -35.887  33.832 0.0000000000
37977  -37.354  -35.049  33.436 0.0000000000
43641  -38.944  -29.067  31.069 0.0000000000
44592  -38.602  -28.756  30.320 0.0000000000
53064  -52.676  -19.610  33.509 0.0000000000
52030  -53.337  -20.315  32.947 0.0000000000
53072  -52.777  -19.395  32.912 0.0000000000
54005  -52.192  -18.199  32.169 0.0000000000
54954  -51.751  -17.603  31.656 0.0000000000
59294  -50.463  -11.821  33.667 0.0000000000
58419  -50.634  -13.089  32.953 0.0000000000
59305  -50.661  -12.504  32.083 0.0000000000
58442  -50.225  -12.874  30.058 0.0000000000
57569  -49.948  -13.984  28.575 0.0000000000
56713  -49.725  -15.330  26.935 0.0000000000
57579  -50.410  -14.215  27.835 0.0000000000
57597  -51.958  -14.541  26.898 0.0000000000
57598  -53.103  -14.625  27.018 0.0000000000
60315  -55.168  -11.362  25.801 0.0000000000
116829  -55.168  -12.162  26.284 0.0000000000
110733  -55.126  -12.204  25.555 0.0000000000
110097  -23.299  -39.777  45.195 0.0000000000
34406  -22.533  -39.527  44.888 0.0000000000
118524  -23.687  -39.651  44.001 0.0000000000
112547  -24.419  -39.541  42.042 0.0000000000
33578  -24.474  -39.708  40.460 0.0000000000
114733  -29.413  -37.965  37.716 0.0000000000
35407  -27.700  -38.723  37.368 0.0000000000
36229  -28.206  -37.914  36.430 0.0000000000
36259  -27.476  -37.379  34.453 0.0000000000
35451  -27.613  -37.900  32.748 0.0000000000
33668  -27.593  -40.274  33.154 0.0000000000
107953  -29.134  -39.727  32.911 0.0000000000
108612  -38.764  -35.357  41.035 0.0000000000
121606  -36.957  -35.129  40.564 0.0000000000
38661  -37.517  -34.541  39.125 0.0000000000
38693  -37.306  -34.932  37.809 0.0000000000
117571  -36.322  -35.909  37.033 0.0000000000
45640  -41.309  -26.718  30.867 0.0000000000
46617  -41.690  -26.310  30.428 0.0000000000
46609  -41.904  -26.439  31.235 0.0000000000
46610  -43.649  -25.660  31.944 0.0000000000
46611  -44.262  -25.342  32.139 0.0000000000
46580  -45.022  -25.916  34.274 0.0000000000
46602  -45.389  -25.145  33.346 0.0000000000
47430  -45.572  -24.769  32.968 0.0000000000
48291  -46.084  -24.400  32.982 0.0000000000
49146  -47.492  -23.644  33.732 0.0000000000
49147  -48.445  -23.177  34.171 0.0000000000
40514  -44.279  -32.626  44.239 0.0000000000
38627  -44.422  -34.179  43.299 0.0000000000
39573  -44.489  -33.395  42.903 0.0000000000
40555  -43.544  -32.695  41.778 0.0000000000
40568  -42.666  -32.576  40.394 0.0000000000
42605  -42.749  -30.877  40.470 0.0000000000
41658  -42.378  -31.580  40.115 0.0000000000
40596  -41.495  -32.580  38.348 0.0000000000
41736  -40.773  -31.958  37.025 0.0000000000
41760  -39.698  -31.926  34.976 0.0000000000
41768  -39.208  -31.679  34.139 0.0000000000
41770  -37.893  -31.750  32.519 0.0000000000
42683  -39.279  -30.820  33.694 0.0000000000
42688  -39.128  -30.366  32.907 0.0000000000
43625  -39.425  -29.652  32.624 0.0000000000
44542  -41.546  -28.628  35.283 0.0000000000
44569  -40.482  -28.833  33.570 0.0000000000
44577  -39.754  -28.916  32.338 0.0000000000
44585  -40.214  -28.223  32.011 0.0000000000
45629  -40.755  -27.556  31.749 0.0000000000
60274  -53.709  -10.784  30.291 0.0000000000
61181  -54.427  -9.524  30.114 0.0000000000
61196  -55.042  -9.664  28.917 0.0000000000
62081  -55.642  -8.859  27.585 0.0000000000
62097  -55.715  -9.383  25.951 0.0000000000
62108  -55.620  -8.981  25.043 0.0000000000
32726  -27.265  -39.832  44.854 0.0000000000
33547  -26.773  -39.633  43.295 0.0000000000
33549  -28.282  -39.544  43.568 0.0000000000
33563  -28.403  -39.403  42.687 0.0000000000
34446  -28.764  -39.081  41.102 0.0000000000
34436  -30.644  -38.566  43.039 0.0000000000
34447  -30.015  -38.541  41.817 0.0000000000
35397  -29.364  -38.548  39.451 0.0000000000
36218  -29.976  -37.907  38.424 0.0000000000
37007  -30.675  -36.652  37.047 0.0000000000
37932  -31.735  -35.669  35.799 0.0000000000
47451  -41.903  -25.649  29.118 0.0000000000
47462  -42.375  -25.172  28.614 0.0000000000
48316  -44.170  -24.108  29.707 0.0000000000
50181  -50.050  -23.425  27.228 0.0000000000
51153  -49.439  -22.114  26.880 0.0000000000
35299  -36.403  -37.993  46.766 0.0000000000
115702  -36.099  -37.798  45.960 0.0000000000
118735  -37.462  -37.953  46.002 0.0000000000
35349  -38.139  -37.810  44.655 0.0000000000
36185  -38.690  -37.152  43.226 0.0000000000
35352  -40.811  -38.221  43.666 0.0000000000
36186  -39.588  -37.414  43.100 0.0000000000
36970  -38.925  -36.202  42.261 0.0000000000
37856  -39.810  -35.268  40.587 0.0000000000
38680  -40.133  -35.041  38.705 0.0000000000
112224  -40.425  -36.661  37.054 0.0000000000
37819  -44.212  -35.063  42.374 0.0000000000
37858  -43.740  -36.275  40.651 0.0000000000
36998  -43.234  -36.658  39.532 0.0000000000
38695  -42.229  -35.120  37.501 0.0000000000
37902  -42.510  -35.864  38.023 0.0000000000
37004  -42.430  -36.451  38.417 0.0000000000
37003  -41.885  -36.496  38.048 0.0000000000
37015  -40.842  -36.688  36.608 0.0000000000
41775  -37.510  -31.574  31.997 0.0000000000
45517  -46.780  -27.093  40.692 0.0000000000
45518  -47.435  -26.761  40.280 0.0000000000
33507  -23.643  -40.016  47.137 0.0000000000
110206  -26.831  -40.586  46.495 0.0000000000
32715  -28.097  -40.243  46.068 0.0000000000
32702  -29.187  -40.263  47.253 0.0000000000
109145  -32.583  -38.724  47.986 0.0000000000
34378  -33.329  -38.552  47.686 0.0000000000
35271  -34.590  -38.356  47.802 0.0000000000
35272  -35.431  -38.114  47.754 0.0000000000
36110  -37.126  -37.344  47.335 0.0000000000
36888  -37.489  -36.664  47.461 0.0000000000
37750  -38.227  -35.965  46.940 0.0000000000
38599  -38.062  -34.863  47.453 0.0000000000
38607  -38.931  -35.102  46.138 0.0000000000
38613  -39.704  -34.857  45.627 0.0000000000
39550  -40.695  -33.210  45.208 0.0000000000
39551  -41.827  -33.100  44.912 0.0000000000
40499  -43.327  -32.072  44.851 0.0000000000
41575  -43.621  -31.203  44.894 0.0000000000
114694  -44.651  -30.960  44.040 0.0000000000
44469  -46.154  -27.343  41.390 0.0000000000
45543  -48.114  -26.751  38.924 0.0000000000
46532  -48.699  -26.437  38.383 0.0000000000
46559  -49.071  -26.028  37.350 0.0000000000
48224  -49.071  -24.817  38.694 0.0000000000
47384  -49.906  -25.213  37.783 0.0000000000
115113  -49.387  -25.256  36.461 0.0000000000
115096  -49.882  -24.766  36.309 0.0000000000
49136  -50.120  -23.355  35.224 0.0000000000
50060  -50.807  -22.545  34.398 0.0000000000
49120  -52.245  -22.847  35.351 0.0000000000
50061  -51.848  -22.617  34.548 0.0000000000
51062  -51.007  -21.997  33.346 0.0000000000
112504  -51.886  -22.410  32.089 0.0000000000
50130  -51.812  -22.710  31.167 0.0000000000
50131  -51.665  -22.855  30.542 0.0000000000
52053  -53.187  -21.184  31.369 0.0000000000
51122  -52.428  -22.114  30.440 0.0000000000
51129  -51.417  -22.475  29.187 0.0000000000
51128  -50.919  -21.757  28.579 0.0000000000
52087  -50.266  -21.084  28.128 0.0000000000
52101  -49.174  -20.878  26.893 0.0000000000
55843  -51.320  -16.364  32.717 0.0000000000
54967  -51.257  -17.167  31.115 0.0000000000
56669  -50.617  -14.905  32.045 0.0000000000
55850  -50.313  -15.962  30.736 0.0000000000
113070  -50.635  -17.596  30.112 0.0000000000
54040  -49.708  -18.255  28.701 0.0000000000
54054  -49.285  -18.637  27.884 0.0000000000
52100  -48.569  -20.158  26.123 0.0000000000
53134  -48.301  -19.417  25.143 0.0000000000
54103  -48.769  -18.702  23.802 0.0000000000
114826  -49.818  -18.261  23.434 0.0000000000
55896  -50.356  -16.161  25.085 0.0000000000
55032  -50.050  -17.049  24.099 0.0000000000
54105  -50.659  -18.355  23.344 0.0000000000
58455  -53.686  -12.780  28.471 0.0000000000
58470  -54.038  -13.538  27.830 0.0000000000
57599  -54.040  -14.674  27.264 0.0000000000
58484  -55.555  -13.792  26.431 0.0000000000
57601  -55.908  -15.059  26.728 0.0000000000
56732  -54.026  -16.090  26.398 0.0000000000
34416  -21.869  -39.081  43.312 0.0000000000
116418  -26.243  -39.673  41.631 0.0000000000
33580  -25.916  -39.791  40.790 0.0000000000
34468  -24.736  -39.942  38.856 0.0000000000
34493  -27.077  -39.149  37.765 0.0000000000
34491  -25.401  -39.361  37.226 0.0000000000
34490  -24.389  -39.494  37.453 0.0000000000
34501  -23.167  -39.194  36.279 0.0000000000
36151  -35.118  -37.280  44.886 0.0000000000
36181  -34.907  -36.576  43.564 0.0000000000
36965  -33.940  -36.423  41.511 0.0000000000
37854  -35.979  -35.191  40.499 0.0000000000
37852  -34.523  -35.810  40.818 0.0000000000
36995  -33.408  -35.976  39.716 0.0000000000
37876  -33.165  -35.647  38.815 0.0000000000
37914  -32.975  -35.295  36.685 0.0000000000
37038  -32.588  -35.991  35.090 0.0000000000
36224  -37.329  -37.625  37.045 0.0000000000
36223  -35.989  -37.659  37.064 0.0000000000
36233  -35.437  -37.224  36.775 0.0000000000
36246  -34.135  -37.516  36.078 0.0000000000
35425  -33.478  -37.352  35.439 0.0000000000
35424  -32.798  -37.884  34.881 0.0000000000
44507  -46.198  -27.463  38.692 0.0000000000
44481  -46.460  -27.347  40.039 0.0000000000
127502  -45.753  -27.569  39.207 0.0000000000
50193  -48.822  -22.145  26.032 0.0000000000
117934  -48.461  -22.453  25.413 0.0000000000
51163  -48.274  -21.502  25.274 0.0000000000
35311  -35.260  -37.975  46.470 0.0000000000
50110  -47.739  -22.192  32.105 0.0000000000
51079  -50.123  -21.656  32.600 0.0000000000
39559  -43.345  -34.129  44.503 0.0000000000
113287  -38.666  -32.246  33.691 0.0000000000
40652  -38.784  -33.284  34.168 0.0000000000
45661  -39.210  -27.092  28.399 0.0000000000
60272  -52.343  -11.074  30.921 0.0000000000
59336  -52.671  -11.698  29.927 0.0000000000
32712  -25.979  -40.045  45.401 0.0000000000
32724  -25.805  -39.736  44.551 0.0000000000
32736  -26.316  -39.633  43.900 0.0000000000
111854  -30.722  -36.079  34.732 0.0000000000
37052  -30.206  -36.374  34.293 0.0000000000
37065  -31.033  -36.981  33.637 0.0000000000
36276  -31.048  -37.814  33.503 0.0000000000
116392  -31.555  -37.409  33.843 0.0000000000
37920  -38.780  -35.817  37.381 0.0000000000
36226  -38.828  -37.213  36.701 0.0000000000
45613  -42.767  -26.870  33.970 0.0000000000
46579  -43.655  -26.625  34.350 0.0000000000
127798  -47.626  -25.928  36.257 0.0000000000
47405  -47.856  -25.492  35.803 0.0000000000
47413  -47.626  -24.936  35.042 0.0000000000
41623  -44.522  -31.145  43.095 0.0000000000
42594  -44.393  -30.310  42.587 0.0000000000
43575  -41.648  -29.711  37.429 0.0000000000
42638  -41.842  -29.979  38.257 0.0000000000
43594  -40.811  -29.759  35.434 0.0000000000
45603  -42.961  -27.145  34.730 0.0000000000
45612  -42.032  -27.208  33.616 0.0000000000
33522  -30.213  -39.645  45.973 0.0000000000
33535  -30.010  -39.509  45.130 0.0000000000
33536  -30.639  -39.292  45.430 0.0000000000
36179  -32.473  -37.414  42.440 0.0000000000
35384  -32.003  -37.549  41.677 0.0000000000
36206  -32.343  -37.229  40.905 0.0000000000
126935  -44.437  -24.727  31.238 0.0000000000
47447  -43.776  -25.001  30.596 0.0000000000
50162  -46.070  -22.424  28.025 0.0000000000
49191  -50.834  -23.682  29.391 0.0000000000
50167  -51.148  -23.368  29.288 0.0000000000
35301  -38.910  -37.847  46.058 0.0000000000
36130  -39.574  -37.570  45.996 0.0000000000
36208  -42.247  -37.209  41.218 0.0000000000
36198  -41.740  -37.439  41.816 0.0000000000
36986  -42.399  -36.883  40.407 0.0000000000
36985  -41.616  -36.323  40.571 0.0000000000
40583  -42.543  -33.448  39.603 0.0000000000
39593  -43.056  -34.174  39.809 0.0000000000
37954  -40.533  -35.818  34.931 0.0000000000
52021  -53.316  -20.999  34.046 0.0000000000
52007  -52.777  -20.493  34.375 0.0000000000
51042  -53.312  -21.867  34.243 0.0000000000
51063  -53.600  -21.904  33.713 0.0000000000
125768  -53.720  -21.951  33.172 0.0000000000
54031  -51.520  -18.888  30.378 0.0000000000
53092  -51.029  -19.320  29.587 0.0000000000
54030  -50.866  -18.472  29.898 0.0000000000
59279  -49.036  -12.686  34.288 0.0000000000
57517  -50.652  -14.453  33.970 0.0000000000
117300  -50.596  -13.745  34.054 0.0000000000
56687  -49.375  -15.195  28.694 0.0000000000
54985  -48.969  -16.815  27.964 0.0000000000
55872  -49.045  -15.972  27.420 0.0000000000
55883  -48.908  -16.765  26.134 0.0000000000
55898  -53.136  -16.430  25.653 0.0000000000
119493  -54.807  -11.997  27.700 0.0000000000
59367  -54.994  -12.081  27.009 0.0000000000
33517  -21.856  -39.373  45.469 0.0000000000
33587  -23.918  -39.724  39.929 0.0000000000
34455  -23.186  -39.416  40.191 0.0000000000
125767  -23.287  -39.530  39.432 0.0000000000
34479  -22.857  -39.348  38.559 0.0000000000
108496  -23.637  -39.545  38.014 0.0000000000
34471  -27.782  -39.447  39.359 0.0000000000
33666  -25.769  -40.301  33.357 0.0000000000
36952  -37.298  -36.410  42.883 0.0000000000
37917  -35.810  -35.331  37.122 0.0000000000
118060  -35.176  -34.627  38.301 0.0000000000
37916  -35.162  -35.105  37.033 0.0000000000
118580  -34.393  -34.967  37.046 0.0000000000
45572  -44.649  -27.201  36.309 0.0000000000
120846  -44.646  -26.878  35.569 0.0000000000
45573  -45.577  -27.075  36.712 0.0000000000
46544  -48.016  -26.691  37.673 0.0000000000
43541  -44.925  -28.436  41.721 0.0000000000
44491  -43.956  -28.500  39.404 0.0000000000
43569  -43.471  -28.530  38.722 0.0000000000
43577  -42.896  -28.634  38.158 0.0000000000
44516  -43.697  -28.006  37.890 0.0000000000
44530  -44.226  -27.568  37.085 0.0000000000
50218  -48.155  -22.947  24.798 0.0000000000
52125  -48.061  -20.906  24.247 0.0000000000
34387  -32.369  -38.625  46.883 0.0000000000
34396  -32.136  -38.586  46.023 0.0000000000
34397  -32.909  -38.376  46.528 0.0000000000
35326  -33.009  -37.842  45.108 0.0000000000
35368  -32.671  -37.513  43.387 0.0000000000
36164  -33.542  -37.227  43.861 0.0000000000
47460  -40.911  -25.820  27.948 0.0000000000
49165  -45.475  -23.810  31.491 0.0000000000
129364  -46.620  -22.682  31.293 0.0000000000
50146  -48.121  -22.301  29.207 0.0000000000
50128  -49.505  -22.159  30.371 0.0000000000
50129  -50.641  -22.902  30.339 0.0000000000
36912  -40.846  -36.608  45.465 0.0000000000
37765  -41.313  -35.950  45.086 0.0000000000
124298  -43.502  -36.407  43.429 0.0000000000
36924  -43.089  -36.507  43.938 0.0000000000
36188  -43.117  -37.492  42.101 0.0000000000
36956  -43.610  -36.870  41.917 0.0000000000
40628  -41.009  -32.978  36.871 0.0000000000
40641  -40.790  -33.377  36.215 0.0000000000
39640  -40.170  -34.212  35.028 0.0000000000
38741  -38.751  -34.980  34.088 0.0000000000
121223  -38.171  -35.271  33.842 0.0000000000
113889  -37.947  -34.509  33.702 0.0000000000
54941  -51.639  -17.330  32.541 0.0000000000
60237  -51.513  -10.108  32.920 0.0000000000
61147  -51.038  -9.699  33.131 0.0000000000
60225  -50.640  -10.689  33.446 0.0000000000
59306  -50.902  -11.389  32.925 0.0000000000
58420  -50.658  -12.291  33.209 0.0000000000
116121  -50.140  -13.381  29.187 0.0000000000
58451  -49.695  -13.944  29.220 0.0000000000
58452  -50.791  -13.494  28.429 0.0000000000
58469  -52.669  -13.565  27.919 0.0000000000
57580  -51.554  -13.924  27.655 0.0000000000
57581  -52.583  -14.131  27.394 0.0000000000
57582  -53.529  -14.055  27.585 0.0000000000
110944  -55.165  -10.756  25.347 0.0000000000
117854  -23.963  -39.873  45.376 0.0000000000
33530  -23.835  -39.749  44.667 0.0000000000
107542  -25.353  -39.632  42.912 0.0000000000
123778  -24.624  -39.595  42.736 0.0000000000
33571  -24.627  -39.599  41.293 0.0000000000
36230  -29.025  -37.612  36.710 0.0000000000
36260  -28.875  -36.799  34.277 0.0000000000
36243  -28.258  -37.148  34.919 0.0000000000
109637  -28.187  -37.098  34.072 0.0000000000
36272  -27.708  -37.429  33.444 0.0000000000
36284  -28.248  -37.594  32.915 0.0000000000
34555  -28.743  -38.942  32.603 0.0000000000
35464  -29.072  -38.277  32.675 0.0000000000
33672  -31.053  -39.517  33.701 0.0000000000
33671  -30.519  -40.203  33.589 0.0000000000
38652  -38.682  -34.951  40.233 0.0000000000
38651  -37.744  -34.841  39.979 0.0000000000
38662  -38.450  -34.631  39.262 0.0000000000
37918  -36.858  -35.463  37.425 0.0000000000
119895  -37.050  -36.168  37.217 0.0000000000
45630  -41.335  -26.961  31.536 0.0000000000
125345  -44.448  -26.344  34.503 0.0000000000
46581  -45.699  -25.908  34.863 0.0000000000
46591  -45.645  -25.418  34.035 0.0000000000
47420  -45.782  -25.037  33.614 0.0000000000
47421  -46.228  -24.764  33.659 0.0000000000
49135  -49.014  -23.740  34.948 0.0000000000
39567  -44.580  -33.210  43.409 0.0000000000
40529  -44.567  -32.533  43.745 0.0000000000
41639  -43.525  -31.564  41.749 0.0000000000
121146  -43.119  -32.305  41.183 0.0000000000
40569  -43.180  -33.110  40.957 0.0000000000
42607  -43.796  -29.571  40.903 0.0000000000
42606  -43.284  -30.677  41.066 0.0000000000
42617  -43.040  -30.105  40.320 0.0000000000
42628  -41.574  -30.963  38.547 0.0000000000
41680  -41.857  -31.430  39.311 0.0000000000
120211  -41.715  -32.367  38.963 0.0000000000
41701  -41.512  -31.811  38.674 0.0000000000
116339  -41.173  -32.569  37.596 0.0000000000
41718  -40.981  -31.621  37.549 0.0000000000
41747  -40.258  -31.537  35.677 0.0000000000
42670  -39.564  -31.104  34.418 0.0000000000
41767  -38.873  -31.428  33.537 0.0000000000
121554  -40.401  -29.881  34.776 0.0000000000
43617  -39.627  -29.991  33.409 0.0000000000
43626  -39.946  -29.231  33.112 0.0000000000
44528  -42.316  -28.438  36.575 0.0000000000
45601  -41.498  -27.908  33.981 0.0000000000
44570  -40.945  -28.494  33.961 0.0000000000
44578  -40.349  -28.542  32.823 0.0000000000
45621  -40.810  -27.871  32.573 0.0000000000
116456  -41.366  -27.264  32.315 0.0000000000
107503  -40.777  -27.186  30.962 0.0000000000
62069  -54.961  -8.575  29.480 0.0000000000
62070  -55.331  -8.689  28.636 0.0000000000
61211  -55.234  -9.883  28.013 0.0000000000
114631  -55.983  -8.479  26.752 0.0000000000
32727  -27.987  -39.890  45.100 0.0000000000
33532  -27.752  -39.674  44.255 0.0000000000
33533  -28.528  -39.689  44.519 0.0000000000
34418  -29.572  -39.171  43.494 0.0000000000
33564  -28.990  -39.322  43.153 0.0000000000
33574  -29.039  -39.125  42.415 0.0000000000
33573  -28.476  -39.282  41.796 0.0000000000
117155  -29.279  -38.865  41.610 0.0000000000
34421  -31.661  -38.411  44.454 0.0000000000
34420  -30.868  -38.692  44.035 0.0000000000
35382  -30.513  -38.220  41.331 0.0000000000
35390  -30.279  -38.143  40.551 0.0000000000
35389  -29.632  -38.456  40.271 0.0000000000
35398  -30.085  -38.077  39.711 0.0000000000
35404  -29.826  -38.160  39.049 0.0000000000
36219  -30.376  -37.813  38.978 0.0000000000
36222  -30.997  -36.997  37.871 0.0000000000
37008  -31.469  -36.179  37.219 0.0000000000
37022  -31.220  -35.988  36.328 0.0000000000
46629  -42.184  -25.817  29.930 0.0000000000
47452  -42.637  -25.297  29.443 0.0000000000
47463  -43.036  -24.802  28.961 0.0000000000
49176  -45.398  -23.410  30.562 0.0000000000
49175  -44.740  -23.788  30.134 0.0000000000
48322  -49.753  -24.833  28.208 0.0000000000
49229  -50.205  -24.456  27.530 0.0000000000
35300  -37.318  -37.830  46.523 0.0000000000
35312  -36.713  -37.902  46.254 0.0000000000
35331  -38.700  -38.159  44.988 0.0000000000
35330  -37.971  -37.984  45.444 0.0000000000
36168  -38.336  -37.512  43.889 0.0000000000
36169  -39.017  -37.601  43.617 0.0000000000
36154  -41.291  -38.030  44.647 0.0000000000
35333  -40.521  -38.268  44.541 0.0000000000
35334  -41.309  -38.277  43.997 0.0000000000
36197  -40.929  -37.077  42.001 0.0000000000
36187  -40.494  -37.535  42.688 0.0000000000
36955  -40.026  -36.968  42.462 0.0000000000
36954  -39.180  -36.788  42.673 0.0000000000
36971  -39.637  -36.370  42.127 0.0000000000
37833  -39.248  -35.764  41.606 0.0000000000
37834  -40.136  -35.974  41.451 0.0000000000
37880  -41.466  -35.952  39.099 0.0000000000
37879  -40.606  -35.240  39.538 0.0000000000
38681  -40.890  -35.543  38.700 0.0000000000
37899  -40.549  -35.641  38.045 0.0000000000
37922  -40.806  -36.307  37.522 0.0000000000
38634  -44.258  -34.243  42.503 0.0000000000
127671  -44.305  -34.659  42.800 0.0000000000
38641  -44.091  -34.867  41.794 0.0000000000
107559  -43.645  -35.528  40.236 0.0000000000
37859  -43.910  -35.527  41.164 0.0000000000
118373  -43.586  -36.346  39.945 0.0000000000
36988  -43.431  -36.835  40.239 0.0000000000
39620  -41.800  -34.814  37.000 0.0000000000
37923  -42.095  -35.813  37.247 0.0000000000
37017  -42.052  -36.297  37.607 0.0000000000
37016  -41.508  -36.411  37.195 0.0000000000
36237  -40.937  -36.721  35.869 0.0000000000
36236  -40.274  -37.004  35.945 0.0000000000
33506  -22.819  -39.828  46.743 0.0000000000
32700  -27.576  -40.630  46.888 0.0000000000
33489  -31.869  -38.930  47.970 0.0000000000
36108  -35.544  -37.633  48.318 0.0000000000
36109  -36.261  -37.661  47.724 0.0000000000
36889  -38.075  -36.631  47.033 0.0000000000
37736  -37.743  -35.870  47.482 0.0000000000
39535  -38.401  -33.679  47.782 0.0000000000
38600  -38.655  -34.217  46.824 0.0000000000
38606  -38.446  -35.250  46.727 0.0000000000
111118  -39.161  -34.253  46.034 0.0000000000
40480  -40.184  -32.046  46.377 0.0000000000
40496  -40.573  -32.393  45.699 0.0000000000
40497  -41.329  -32.299  45.288 0.0000000000
41573  -41.789  -31.466  45.515 0.0000000000
41574  -42.743  -31.342  45.216 0.0000000000
42564  -44.525  -30.200  44.338 0.0000000000
122936  -47.785  -26.441  40.305 0.0000000000
45529  -47.582  -26.918  39.431 0.0000000000
45530  -47.931  -26.604  39.615 0.0000000000
113182  -48.434  -26.431  39.126 0.0000000000
46545  -48.646  -26.439  37.780 0.0000000000
46533  -49.227  -26.044  38.139 0.0000000000
48226  -50.378  -24.737  37.611 0.0000000000
47393  -50.166  -25.092  37.387 0.0000000000
47397  -49.662  -25.506  37.234 0.0000000000
47407  -49.892  -25.162  36.740 0.0000000000
49117  -50.609  -23.971  35.973 0.0000000000
49137  -51.183  -23.120  35.317 0.0000000000
51983  -52.189  -21.072  35.635 0.0000000000
50042  -52.057  -23.167  36.112 0.0000000000
50029  -52.384  -22.454  35.655 0.0000000000
50080  -51.701  -22.377  33.814 0.0000000000
50095  -51.899  -22.301  33.007 0.0000000000
51080  -51.242  -21.964  32.314 0.0000000000
118056  -52.211  -22.657  31.256 0.0000000000
50132  -52.328  -22.617  30.878 0.0000000000
53079  -53.073  -19.841  32.276 0.0000000000
52040  -53.416  -20.814  32.128 0.0000000000
52039  -53.084  -20.355  31.640 0.0000000000
52065  -52.398  -21.159  30.237 0.0000000000
51121  -51.949  -21.865  29.725 0.0000000000
52075  -51.375  -21.291  29.150 0.0000000000
52086  -49.602  -20.497  27.618 0.0000000000
56656  -51.079  -15.645  33.193 0.0000000000
55851  -51.063  -16.344  31.628 0.0000000000
120567  -50.429  -13.385  31.980 0.0000000000
57527  -50.604  -14.062  32.701 0.0000000000
57555  -50.154  -14.116  31.449 0.0000000000
55858  -49.890  -16.352  29.888 0.0000000000
54979  -50.594  -16.745  30.527 0.0000000000
54029  -49.903  -17.560  29.279 0.0000000000
108856  -50.289  -18.166  29.432 0.0000000000
54053  -48.791  -18.047  27.263 0.0000000000
53110  -48.913  -18.917  27.106 0.0000000000
53123  -48.967  -19.864  27.002 0.0000000000
53122  -48.558  -19.152  26.231 0.0000000000
54072  -48.467  -18.410  25.491 0.0000000000
55030  -48.697  -17.736  24.894 0.0000000000
54087  -48.513  -18.564  24.548 0.0000000000
55049  -48.948  -18.009  24.141 0.0000000000
125285  -49.247  -18.291  23.688 0.0000000000
55050  -49.570  -17.717  23.837 0.0000000000
56714  -50.455  -15.253  26.394 0.0000000000
56728  -49.908  -15.659  26.200 0.0000000000
56729  -50.643  -15.650  25.709 0.0000000000
55911  -51.524  -16.600  24.632 0.0000000000
55910  -50.609  -16.529  24.548 0.0000000000
55033  -50.932  -17.070  24.052 0.0000000000
55051  -50.353  -17.656  23.668 0.0000000000
59338  -53.927  -11.536  29.437 0.0000000000
59350  -54.083  -12.229  28.691 0.0000000000
58471  -54.611  -13.640  27.402 0.0000000000
57583  -54.440  -14.222  27.372 0.0000000000
57600  -54.998  -14.856  27.119 0.0000000000
59383  -55.407  -13.001  26.062 0.0000000000
56717  -55.256  -15.687  26.844 0.0000000000
33543  -23.223  -39.483  43.583 0.0000000000
34417  -22.392  -39.311  43.941 0.0000000000
34433  -22.613  -39.190  42.967 0.0000000000
34454  -22.235  -39.088  40.436 0.0000000000
34443  -21.493  -38.938  41.767 0.0000000000
34465  -21.516  -38.991  39.504 0.0000000000
110667  -22.054  -39.159  37.799 0.0000000000
109793  -21.203  -39.200  38.030 0.0000000000
34487  -21.467  -39.385  37.245 0.0000000000
34499  -21.654  -39.602  36.436 0.0000000000
33562  -27.223  -39.620  42.728 0.0000000000
33561  -26.530  -39.640  42.484 0.0000000000
33590  -26.312  -39.814  40.208 0.0000000000
33589  -25.634  -39.890  39.965 0.0000000000
34469  -25.425  -39.938  39.122 0.0000000000
115799  -27.785  -38.384  36.847 0.0000000000
35406  -27.142  -38.682  36.928 0.0000000000
35413  -25.599  -38.829  36.245 0.0000000000
34481  -25.205  -39.784  38.202 0.0000000000
34503  -24.678  -39.152  36.546 0.0000000000
108284  -23.934  -39.215  36.677 0.0000000000
34502  -23.941  -39.055  35.844 0.0000000000
33669  -28.581  -40.417  33.234 0.0000000000
32846  -27.985  -41.044  33.659 0.0000000000
121328  -36.551  -37.564  45.289 0.0000000000
35328  -35.696  -37.549  45.427 0.0000000000
36152  -36.073  -37.291  44.839 0.0000000000
36950  -35.322  -36.271  42.793 0.0000000000
36196  -34.206  -36.567  42.613 0.0000000000
37830  -36.369  -35.564  41.327 0.0000000000
37878  -34.675  -35.051  39.590 0.0000000000
127536  -34.599  -35.416  40.210 0.0000000000
37851  -34.114  -35.618  40.028 0.0000000000
36984  -33.667  -36.219  40.591 0.0000000000
124700  -33.822  -35.229  36.598 0.0000000000
37933  -32.447  -35.585  35.807 0.0000000000
37039  -33.290  -36.376  35.375 0.0000000000
115081  -36.542  -38.249  37.143 0.0000000000
109846  -35.577  -38.962  37.347 0.0000000000
35410  -35.327  -38.151  37.007 0.0000000000
36232  -34.791  -37.293  36.442 0.0000000000
35417  -34.503  -38.203  36.626 0.0000000000
34504  -33.761  -39.374  36.386 0.0000000000
35416  -33.764  -38.408  36.083 0.0000000000
130130  -33.196  -38.341  35.434 0.0000000000
109691  -32.742  -38.883  35.052 0.0000000000
45555  -45.770  -27.345  37.521 0.0000000000
45556  -46.605  -27.283  38.009 0.0000000000
45557  -47.481  -27.055  38.176 0.0000000000
112921  -45.711  -27.639  40.891 0.0000000000
44492  -44.910  -27.885  39.478 0.0000000000
50194  -49.391  -22.998  26.435 0.0000000000
112331  -48.199  -20.021  24.435 0.0000000000
35296  -33.674  -38.146  46.465 0.0000000000
35327  -34.765  -37.594  45.548 0.0000000000
46644  -41.146  -25.961  28.793 0.0000000000
49156  -47.139  -23.197  32.836 0.0000000000
49167  -46.811  -22.858  31.997 0.0000000000
108943  -48.468  -21.649  31.140 0.0000000000
37778  -42.079  -35.815  44.721 0.0000000000
38620  -42.665  -34.961  44.580 0.0000000000
37780  -43.526  -35.771  43.795 0.0000000000
37798  -43.862  -35.849  43.170 0.0000000000
40649  -39.829  -33.151  35.116 0.0000000000
39646  -38.361  -33.968  33.967 0.0000000000
39645  -37.814  -33.696  33.489 0.0000000000
39656  -36.744  -33.582  32.602 0.0000000000
45652  -38.548  -27.742  28.852 0.0000000000
60254  -51.434  -10.934  32.287 0.0000000000
60271  -51.514  -11.330  31.223 0.0000000000
59348  -52.190  -12.353  29.179 0.0000000000
58454  -52.871  -12.899  28.525 0.0000000000
32723  -25.076  -39.703  44.356 0.0000000000
32735  -25.602  -39.644  43.721 0.0000000000
37021  -30.376  -36.432  36.134 0.0000000000
37020  -29.496  -36.873  35.986 0.0000000000
37063  -29.542  -36.711  33.820 0.0000000000
36274  -29.588  -37.130  33.211 0.0000000000
35452  -29.678  -37.868  32.903 0.0000000000
36275  -30.352  -37.399  33.271 0.0000000000
35454  -31.078  -38.711  33.564 0.0000000000
34523  -31.618  -39.114  34.063 0.0000000000
37898  -38.976  -35.186  37.841 0.0000000000
45622  -41.965  -26.961  32.839 0.0000000000
46599  -42.620  -26.457  32.620 0.0000000000
46590  -44.255  -26.038  33.789 0.0000000000
46568  -46.352  -26.027  35.550 0.0000000000
47412  -46.707  -25.035  34.463 0.0000000000
48273  -48.593  -24.613  35.353 0.0000000000
41607  -44.610  -31.633  43.587 0.0000000000
130206  -44.513  -31.877  43.147 0.0000000000
42637  -41.305  -30.756  37.706 0.0000000000
116830  -40.889  -31.130  37.141 0.0000000000
42657  -40.506  -30.508  35.567 0.0000000000
43605  -40.993  -29.193  35.005 0.0000000000
45585  -42.477  -27.623  35.023 0.0000000000
33534  -29.310  -39.643  44.836 0.0000000000
33551  -29.784  -39.323  44.289 0.0000000000
35367  -31.908  -37.852  42.981 0.0000000000
35366  -31.255  -38.159  42.576 0.0000000000
35391  -31.052  -37.840  40.747 0.0000000000
36213  -30.718  -37.747  39.485 0.0000000000
36214  -31.367  -37.506  39.809 0.0000000000
36993  -31.961  -36.888  39.076 0.0000000000
46619  -43.306  -25.581  31.109 0.0000000000
47446  -42.961  -25.443  30.253 0.0000000000
48315  -43.862  -24.601  29.974 0.0000000000
49206  -45.321  -22.794  28.647 0.0000000000
49189  -49.812  -23.870  29.200 0.0000000000
49209  -50.135  -24.396  28.754 0.0000000000
36128  -38.163  -37.546  46.532 0.0000000000
35313  -38.155  -37.973  46.055 0.0000000000
35332  -39.535  -38.287  44.932 0.0000000000
35370  -41.798  -37.806  42.416 0.0000000000
35369  -41.056  -37.968  42.916 0.0000000000
36972  -40.958  -36.400  41.362 0.0000000000
37857  -40.803  -35.752  40.732 0.0000000000
37901  -41.918  -36.526  38.699 0.0000000000
38653  -43.708  -34.637  41.055 0.0000000000
38665  -43.270  -35.053  39.480 0.0000000000
38728  -41.167  -35.237  35.684 0.0000000000
116918  -41.456  -35.602  36.112 0.0000000000
37948  -41.259  -35.843  35.654 0.0000000000
37937  -41.489  -36.025  36.225 0.0000000000
37041  -41.213  -36.297  35.745 0.0000000000
37040  -40.861  -36.479  35.422 0.0000000000
37719  -36.359  -36.082  48.506 0.0000000000
39541  -39.303  -33.430  46.410 0.0000000000
40479  -39.583  -32.555  46.849 0.0000000000
42562  -43.052  -30.526  45.423 0.0000000000
124440  -47.882  -25.728  41.160 0.0000000000
46511  -48.139  -26.288  39.887 0.0000000000
47368  -48.191  -25.876  40.288 0.0000000000
115194  -48.423  -25.291  39.585 0.0000000000
47376  -49.050  -25.584  38.716 0.0000000000
49077  -50.933  -24.141  37.459 0.0000000000
48239  -50.741  -24.562  37.181 0.0000000000
48264  -50.529  -24.558  36.568 0.0000000000
48251  -50.941  -24.297  36.769 0.0000000000
49119  -51.724  -23.367  35.930 0.0000000000
51996  -52.508  -20.838  34.946 0.0000000000
50043  -52.800  -22.242  34.786 0.0000000000
50063  -53.179  -22.303  33.980 0.0000000000
50082  -52.907  -22.492  33.483 0.0000000000
50096  -52.494  -22.494  32.808 0.0000000000
50097  -53.001  -22.566  32.675 0.0000000000
52052  -52.712  -20.471  30.919 0.0000000000
52063  -51.190  -20.242  29.315 0.0000000000
53102  -50.522  -19.740  28.920 0.0000000000
56642  -50.436  -14.881  34.036 0.0000000000
56643  -50.782  -15.024  33.572 0.0000000000
57544  -50.852  -14.995  33.005 0.0000000000
56680  -49.501  -14.955  29.670 0.0000000000
111740  -49.455  -15.793  29.237 0.0000000000
54986  -49.404  -17.437  28.584 0.0000000000
126744  -48.802  -17.326  27.373 0.0000000000
55007  -48.665  -17.408  26.672 0.0000000000
55018  -49.049  -16.949  25.234 0.0000000000
55034  -51.882  -17.299  24.330 0.0000000000
60298  -54.761  -11.407  28.364 0.0000000000
59351  -54.497  -12.219  28.186 0.0000000000
59366  -54.725  -12.852  27.374 0.0000000000
58483  -55.169  -13.749  26.961 0.0000000000
57611  -55.571  -13.994  25.378 0.0000000000
115499  -55.942  -14.458  26.194 0.0000000000
112258  -21.455  -39.052  43.851 0.0000000000
33569  -23.122  -39.219  42.118 0.0000000000
34445  -23.151  -39.239  41.096 0.0000000000
121318  -27.793  -39.482  41.551 0.0000000000
33581  -27.462  -39.564  40.886 0.0000000000
33591  -27.091  -39.678  39.996 0.0000000000
34482  -26.677  -39.575  38.572 0.0000000000
36242  -27.129  -37.685  35.285 0.0000000000
35423  -26.677  -38.105  35.744 0.0000000000
35421  -25.385  -38.357  35.131 0.0000000000
126527  -24.251  -38.935  35.358 0.0000000000
33665  -24.932  -40.532  33.649 0.0000000000
32843  -25.614  -41.056  33.595 0.0000000000
32824  -26.351  -41.602  33.868 0.0000000000
32825  -27.409  -41.659  34.094 0.0000000000
112870  -37.430  -37.300  44.244 0.0000000000
36167  -36.500  -36.963  44.296 0.0000000000
36951  -36.344  -36.292  42.886 0.0000000000
36967  -35.816  -35.931  42.043 0.0000000000
38676  -35.781  -34.613  38.637 0.0000000000
37853  -35.643  -34.802  39.613 0.0000000000
38675  -34.477  -34.774  38.541 0.0000000000
37897  -33.700  -35.027  38.229 0.0000000000
38674  -34.209  -34.804  37.724 0.0000000000
37023  -34.121  -36.463  35.923 0.0000000000
34494  -35.192  -39.602  37.364 0.0000000000
110266  -34.237  -38.895  36.708 0.0000000000
45604  -44.236  -26.745  35.027 0.0000000000
45589  -46.203  -26.591  36.280 0.0000000000
46556  -47.024  -26.235  36.247 0.0000000000
43560  -43.485  -29.274  39.945 0.0000000000
43561  -44.239  -28.617  40.155 0.0000000000
43576  -42.269  -29.172  37.874 0.0000000000
122983  -42.040  -28.979  37.199 0.0000000000
44544  -42.893  -27.821  36.206 0.0000000000
34395  -31.278  -38.994  45.738 0.0000000000
120664  -31.659  -38.647  45.265 0.0000000000
34410  -32.961  -38.156  45.886 0.0000000000
35325  -32.359  -38.026  44.566 0.0000000000
35346  -32.116  -37.958  43.834 0.0000000000
36195  -33.257  -36.909  42.071 0.0000000000
49177  -46.054  -22.976  30.968 0.0000000000
49188  -46.185  -22.577  30.007 0.0000000000
50163  -47.333  -22.254  28.753 0.0000000000
121535  -47.516  -22.679  28.147 0.0000000000
36911  -40.149  -36.489  45.803 0.0000000000
36131  -40.231  -37.194  45.794 0.0000000000
36142  -41.861  -37.369  44.593 0.0000000000
113912  -42.397  -36.578  44.461 0.0000000000
36156  -42.616  -37.281  43.998 0.0000000000
36172  -42.661  -37.829  43.322 0.0000000000
35371  -42.493  -37.782  42.563 0.0000000000
40613  -41.627  -33.475  37.921 0.0000000000
39599  -42.148  -34.334  38.099 0.0000000000
39619  -41.361  -34.075  36.735 0.0000000000
39634  -41.068  -34.389  35.984 0.0000000000
38727  -40.751  -34.693  35.398 0.0000000000
38733  -40.503  -35.133  34.975 0.0000000000
111075  -39.989  -35.417  34.606 0.0000000000
37967  -39.404  -35.612  34.321 0.0000000000
37966  -38.742  -35.789  34.053 0.0000000000
43640  -38.273  -29.432  30.726 0.0000000000
43649  -38.017  -29.103  30.129 0.0000000000
43648  -37.509  -29.173  29.697 0.0000000000
44603  -38.119  -28.533  29.537 0.0000000000
44602  -37.385  -28.697  29.092 0.0000000000
129282  -52.908  -20.149  33.950 0.0000000000
52020  -53.176  -20.263  33.576 0.0000000000
127849  -53.009  -19.825  33.290 0.0000000000
54006  -52.583  -19.041  32.260 0.0000000000
53998  -52.313  -18.713  32.673 0.0000000000
54016  -52.351  -18.890  31.649 0.0000000000
54015  -51.950  -18.440  31.251 0.0000000000
59281  -50.297  -12.236  34.182 0.0000000000
58403  -50.515  -12.838  33.824 0.0000000000
58435  -50.139  -13.313  30.887 0.0000000000
59324  -50.944  -11.787  31.662 0.0000000000
59323  -50.500  -12.518  30.950 0.0000000000
58441  -49.791  -13.652  29.859 0.0000000000
57578  -49.648  -14.640  28.195 0.0000000000
124994  -49.912  -14.785  27.500 0.0000000000
57596  -50.726  -14.668  27.002 0.0000000000
56715  -52.487  -15.120  26.389 0.0000000000
59389  -55.207  -13.072  25.259 0.0000000000
33529  -23.168  -39.624  44.365 0.0000000000
108227  -24.322  -39.701  44.129 0.0000000000
33544  -23.991  -39.589  43.331 0.0000000000
33559  -23.904  -39.463  42.470 0.0000000000
33570  -23.859  -39.430  41.627 0.0000000000
129320  -28.916  -38.806  38.911 0.0000000000
34483  -28.293  -39.112  38.754 0.0000000000
35408  -28.429  -38.331  37.331 0.0000000000
115871  -27.885  -37.598  35.637 0.0000000000
107807  -28.663  -37.297  35.810 0.0000000000
129130  -27.674  -37.412  35.094 0.0000000000
34554  -27.992  -38.906  32.515 0.0000000000
34538  -28.201  -39.604  32.788 0.0000000000
34539  -29.651  -38.880  32.885 0.0000000000
123884  -29.887  -39.743  33.186 0.0000000000
37832  -38.288  -35.714  41.826 0.0000000000
37831  -37.304  -35.556  41.517 0.0000000000
37855  -37.935  -35.240  40.874 0.0000000000
38650  -37.029  -34.737  39.744 0.0000000000
38679  -38.110  -34.721  38.328 0.0000000000
38678  -37.195  -34.578  38.469 0.0000000000
38677  -36.522  -34.642  38.158 0.0000000000
119474  -36.258  -35.242  37.342 0.0000000000
46616  -40.881  -26.729  30.185 0.0000000000
107904  -42.744  -26.118  31.733 0.0000000000
47438  -44.559  -24.983  31.897 0.0000000000
107986  -44.920  -25.532  33.467 0.0000000000
47439  -44.858  -25.132  32.662 0.0000000000
48292  -46.669  -24.137  33.323 0.0000000000
122939  -49.004  -22.402  33.761 0.0000000000
120966  -43.949  -33.380  44.417 0.0000000000
39560  -44.050  -34.206  44.045 0.0000000000
39561  -44.406  -33.377  43.896 0.0000000000
40542  -44.550  -32.528  43.169 0.0000000000
39580  -44.067  -33.319  42.313 0.0000000000
39579  -43.574  -33.657  41.470 0.0000000000
40584  -42.921  -33.471  40.274 0.0000000000
42593  -43.913  -30.452  41.804 0.0000000000
42616  -42.434  -30.636  39.833 0.0000000000
120066  -42.110  -32.488  39.561 0.0000000000
40627  -40.563  -32.285  36.353 0.0000000000
41771  -38.427  -31.508  32.943 0.0000000000
42682  -38.869  -30.969  33.134 0.0000000000
42687  -38.613  -30.745  32.536 0.0000000000
43624  -38.891  -30.068  32.186 0.0000000000
43632  -39.205  -29.361  31.854 0.0000000000
44556  -40.683  -29.068  34.303 0.0000000000
44557  -41.242  -28.543  34.566 0.0000000000
44584  -39.578  -28.624  31.497 0.0000000000
44594  -40.094  -27.850  31.053 0.0000000000
45639  -40.315  -27.302  30.404 0.0000000000
60275  -54.209  -10.645  29.861 0.0000000000
61195  -54.693  -10.490  29.214 0.0000000000
116368  -54.776  -9.415  29.604 0.0000000000
61210  -54.979  -10.595  28.422 0.0000000000
61221  -55.380  -10.114  27.095 0.0000000000
62971  -55.923  -7.637  27.568 0.0000000000
62088  -55.675  -9.424  26.710 0.0000000000
112197  -55.465  -10.118  26.394 0.0000000000
61230  -55.380  -10.471  25.865 0.0000000000
61239  -55.373  -9.987  25.208 0.0000000000
62107  -55.148  -9.644  24.435 0.0000000000
32737  -27.022  -39.651  44.070 0.0000000000
33548  -27.465  -39.601  43.480 0.0000000000
125789  -27.816  -39.542  42.948 0.0000000000
115818  -27.788  -39.505  42.257 0.0000000000
34457  -28.636  -39.086  40.444 0.0000000000
34419  -30.180  -38.942  43.747 0.0000000000
34435  -29.929  -38.847  42.999 0.0000000000
34448  -30.657  -38.359  42.134 0.0000000000
108741  -30.181  -38.616  42.459 0.0000000000
34434  -29.633  -38.819  42.364 0.0000000000
34459  -29.829  -38.499  41.054 0.0000000000
34473  -29.073  -38.767  40.104 0.0000000000
35403  -29.403  -38.393  38.627 0.0000000000
36221  -30.263  -37.410  37.728 0.0000000000
113492  -30.555  -37.528  38.366 0.0000000000
37037  -31.038  -35.911  35.409 0.0000000000
117498  -31.294  -35.950  34.790 0.0000000000
46628  -41.409  -26.168  29.618 0.0000000000
49186  -44.652  -23.475  29.257 0.0000000000
48321  -43.990  -23.830  28.894 0.0000000000
48320  -43.412  -24.257  28.477 0.0000000000
49249  -49.820  -24.075  26.768 0.0000000000
126745  -35.733  -38.114  46.943 0.0000000000
114672  -35.907  -37.987  46.578 0.0000000000
35329  -37.045  -37.786  45.667 0.0000000000
36153  -37.347  -37.665  45.012 0.0000000000
36184  -37.827  -36.945  43.438 0.0000000000
36953  -38.261  -36.470  42.697 0.0000000000
36140  -40.207  -37.826  45.568 0.0000000000
35316  -40.116  -38.207  45.226 0.0000000000
35351  -39.941  -38.211  44.071 0.0000000000
36171  -40.229  -37.917  43.339 0.0000000000
36170  -39.545  -37.858  43.671 0.0000000000
38663  -39.504  -34.817  39.479 0.0000000000
130162  -40.670  -35.400  40.237 0.0000000000
129998  -39.754  -35.204  38.059 0.0000000000
36227  -39.921  -36.981  36.546 0.0000000000
37799  -44.195  -35.128  42.945 0.0000000000
37818  -43.971  -35.925  42.354 0.0000000000
37836  -44.075  -35.528  41.828 0.0000000000
37835  -43.876  -36.194  41.479 0.0000000000
36974  -43.538  -36.805  41.022 0.0000000000
36210  -43.207  -37.081  40.654 0.0000000000
36987  -43.037  -37.124  39.953 0.0000000000
38682  -42.596  -35.080  38.180 0.0000000000
38683  -42.966  -35.493  38.730 0.0000000000
38711  -41.913  -35.361  36.975 0.0000000000
37005  -42.902  -36.267  38.843 0.0000000000
36997  -42.779  -36.648  39.202 0.0000000000
113325  -42.632  -36.809  39.528 0.0000000000
36996  -42.347  -36.569  38.876 0.0000000000
37002  -41.242  -36.458  37.366 0.0000000000
43639  -37.613  -29.652  30.321 0.0000000000
119054  -47.121  -27.110  39.906 0.0000000000
46497  -47.501  -26.415  41.119 0.0000000000
33519  -23.591  -39.979  46.118 0.0000000000
32696  -24.195  -40.185  46.697 0.0000000000
32710  -24.532  -40.067  45.912 0.0000000000
112456  -25.380  -40.278  46.094 0.0000000000
108748  -26.127  -40.485  46.239 0.0000000000
32713  -26.791  -40.150  45.602 0.0000000000
125885  -27.504  -40.058  45.529 0.0000000000
32701  -28.429  -40.511  47.138 0.0000000000
32716  -28.985  -40.189  46.355 0.0000000000
33508  -29.710  -39.962  46.588 0.0000000000
33509  -30.378  -39.713  46.797 0.0000000000
108447  -30.449  -39.630  47.580 0.0000000000
33510  -30.996  -39.386  47.037 0.0000000000
33511  -31.694  -38.931  47.323 0.0000000000
34377  -32.553  -38.659  47.514 0.0000000000
34389  -33.948  -38.405  47.315 0.0000000000
35285  -34.563  -38.323  47.289 0.0000000000
35286  -35.230  -38.212  47.281 0.0000000000
35287  -35.967  -38.067  47.222 0.0000000000
35288  -36.771  -37.831  47.080 0.0000000000
36879  -36.771  -36.841  47.927 0.0000000000
36118  -37.829  -37.171  47.013 0.0000000000
36119  -38.363  -37.084  46.745 0.0000000000
36899  -38.633  -36.720  46.633 0.0000000000
37751  -38.841  -36.027  46.407 0.0000000000
37763  -39.615  -35.877  45.949 0.0000000000
38614  -40.522  -34.380  45.115 0.0000000000
39549  -39.816  -33.803  45.625 0.0000000000
38619  -41.322  -33.909  44.851 0.0000000000
40498  -42.349  -32.199  45.013 0.0000000000
40513  -43.813  -32.638  44.619 0.0000000000
41593  -44.058  -31.924  44.562 0.0000000000
41576  -44.281  -31.070  44.463 0.0000000000
124687  -44.687  -30.288  43.967 0.0000000000
42577  -44.721  -29.815  43.710 0.0000000000
42570  -44.746  -29.654  44.032 0.0000000000
43528  -44.719  -29.641  43.373 0.0000000000
121516  -44.880  -29.111  43.313 0.0000000000
117255  -45.037  -28.581  42.652 0.0000000000
44468  -45.485  -27.867  42.054 0.0000000000
128148  -46.287  -27.338  40.689 0.0000000000
45528  -47.068  -27.232  39.322 0.0000000000
45542  -47.601  -27.040  38.791 0.0000000000
45558  -48.140  -26.798  38.290 0.0000000000
46558  -48.534  -26.220  37.207 0.0000000000
117529  -48.400  -24.341  39.219 0.0000000000
125367  -49.686  -24.355  38.249 0.0000000000
48225  -49.823  -25.037  38.161 0.0000000000
47383  -49.449  -25.633  38.179 0.0000000000
47392  -49.593  -25.584  37.724 0.0000000000
47396  -49.144  -25.684  36.827 0.0000000000
47406  -48.733  -25.442  36.245 0.0000000000
48263  -49.116  -25.008  35.984 0.0000000000
48274  -49.577  -24.299  35.664 0.0000000000
49148  -49.518  -22.799  34.447 0.0000000000
50079  -49.947  -22.088  33.652 0.0000000000
50028  -52.068  -22.551  36.491 0.0000000000
49138  -51.882  -22.964  35.308 0.0000000000
51101  -50.605  -21.791  31.732 0.0000000000
50112  -51.224  -22.464  31.194 0.0000000000
124421  -51.253  -23.040  30.361 0.0000000000
49179  -51.138  -23.349  29.865 0.0000000000
51081  -53.639  -21.445  32.702 0.0000000000
51102  -53.433  -21.819  31.921 0.0000000000
51115  -52.994  -22.000  31.123 0.0000000000
129336  -52.817  -21.426  30.769 0.0000000000
50149  -51.634  -22.919  29.960 0.0000000000
51139  -50.486  -22.008  28.070 0.0000000000
51138  -49.859  -21.531  27.557 0.0000000000
108546  -51.522  -16.921  31.981 0.0000000000
123536  -50.699  -13.627  33.530 0.0000000000
56675  -49.967  -15.061  30.851 0.0000000000
56676  -50.635  -15.591  31.568 0.0000000000
53101  -49.872  -19.208  28.463 0.0000000000
53111  -49.430  -19.549  27.746 0.0000000000
53149  -48.355  -19.330  24.112 0.0000000000
53163  -48.751  -19.417  23.404 0.0000000000
54104  -49.308  -18.849  23.340 0.0000000000
55895  -49.645  -16.203  25.622 0.0000000000
55909  -49.792  -16.620  24.761 0.0000000000
59337  -53.411  -11.595  29.737 0.0000000000
118816  -53.674  -12.089  29.065 0.0000000000
56716  -53.831  -15.322  26.807 0.0000000000
115360  -55.531  -14.441  26.751 0.0000000000
34405  -21.707  -39.180  44.619 0.0000000000
115716  -22.293  -39.047  42.197 0.0000000000
34477  -20.493  -39.375  38.321 0.0000000000
35396  -20.905  -39.041  38.786 0.0000000000
109520  -25.807  -39.629  42.300 0.0000000000
118007  -25.484  -39.668  41.477 0.0000000000
33579  -25.155  -39.759  40.615 0.0000000000
33588  -24.751  -39.888  39.706 0.0000000000
34492  -26.333  -39.066  37.046 0.0000000000
108932  -26.119  -39.509  37.893 0.0000000000
111922  -25.947  -39.782  38.632 0.0000000000
34480  -24.383  -39.790  38.296 0.0000000000
34489  -23.401  -39.267  37.166 0.0000000000
34509  -23.121  -39.389  35.362 0.0000000000
34500  -22.384  -39.448  35.939 0.0000000000
126218  -35.313  -37.794  45.947 0.0000000000
36166  -35.533  -36.870  44.310 0.0000000000
36165  -34.513  -36.972  44.212 0.0000000000
118507  -34.062  -36.833  43.470 0.0000000000
37829  -35.428  -35.633  41.152 0.0000000000
126809  -35.115  -35.243  40.358 0.0000000000
36207  -33.131  -36.795  41.170 0.0000000000
36983  -32.907  -36.622  40.295 0.0000000000
36994  -32.686  -36.393  39.392 0.0000000000
37001  -32.456  -36.073  38.454 0.0000000000
37896  -33.003  -35.344  37.818 0.0000000000
37009  -32.257  -35.729  37.451 0.0000000000
37913  -32.025  -35.590  36.493 0.0000000000
37947  -31.827  -35.757  35.206 0.0000000000
118607  -32.251  -36.572  34.542 0.0000000000
114644  -38.040  -37.216  36.965 0.0000000000
37012  -37.564  -36.735  37.151 0.0000000000
37011  -36.693  -37.006  37.109 0.0000000000
37010  -35.860  -36.641  36.863 0.0000000000
127844  -35.918  -38.472  37.242 0.0000000000
37024  -35.051  -36.394  36.493 0.0000000000
36245  -32.840  -36.850  34.822 0.0000000000
36262  -32.189  -37.424  34.297 0.0000000000
35439  -32.219  -38.509  34.450 0.0000000000
34524  -32.184  -39.519  34.642 0.0000000000
32844  -26.274  -40.856  33.473 0.0000000000
32847  -28.905  -41.131  33.735 0.0000000000
33582  -28.198  -39.341  40.977 0.0000000000
34458  -29.209  -38.791  40.765 0.0000000000
34553  -27.595  -38.509  32.584 0.0000000000
35402  -27.982  -38.920  37.998 0.0000000000
35414  -26.541  -38.537  36.320 0.0000000000
35453  -30.398  -38.311  33.194 0.0000000000
35463  -28.310  -38.220  32.601 0.0000000000
36155  -42.054  -38.047  44.004 0.0000000000
36173  -43.148  -37.467  42.761 0.0000000000
36205  -31.728  -37.500  40.520 0.0000000000
36273  -28.720  -37.122  33.436 0.0000000000
37051  -29.555  -36.537  34.504 0.0000000000
37053  -31.037  -36.296  34.143 0.0000000000
37054  -31.802  -36.122  34.594 0.0000000000
38626  -43.957  -35.019  43.587 0.0000000000
38649  -36.422  -34.832  39.926 0.0000000000
38692  -36.527  -34.964  37.679 0.0000000000
46546  -49.185  -26.068  37.755 0.0000000000
107858  -27.080  -39.614  39.180 0.0000000000
116593  -28.775  -38.648  38.214 0.0000000000
121209  -50.072  -17.032  29.780 0.0000000000
122745  -40.660  -38.053  45.132 0.0000000000
125231  -40.872  -35.211  35.296 0.0000000000
126255  -49.590  -14.261  29.592 0.0000000000
127371  -27.936  -40.720  47.486 0.0000000000
127653  -44.415  -32.864  42.760 0.0000000000
130219  -43.397  -37.181  42.380 0.0000000000
