#!ascii label  , from subject sub-v2s17x50005_ses-1 vox2ras=TkReg
337
129040  -24.195  -6.896  -31.284 0.0000000000
60867  -21.323  -11.520  -28.613 0.0000000000
128097  -25.369  -10.522  -28.467 0.0000000000
57300  -22.874  -15.744  -27.999 0.0000000000
128457  -23.392  6.178  -30.659 0.0000000000
73183  -25.620  2.589  -30.041 0.0000000000
68189  -21.645  -2.866  -32.462 0.0000000000
53712  -21.321  -19.476  -25.473 0.0000000000
58143  -22.333  -14.094  -28.387 0.0000000000
126905  -20.729  -15.462  -26.766 0.0000000000
74149  -24.367  4.019  -30.414 0.0000000000
72346  -21.839  1.928  -32.032 0.0000000000
64476  -21.505  -7.585  -30.131 0.0000000000
67192  -19.983  -4.959  -29.951 0.0000000000
110356  -23.063  -4.805  -32.323 0.0000000000
69028  -24.173  -2.243  -31.451 0.0000000000
67206  -25.284  -4.302  -30.302 0.0000000000
65366  -25.939  -6.468  -29.000 0.0000000000
62644  -20.150  -9.263  -28.048 0.0000000000
118757  -22.707  -9.409  -30.418 0.0000000000
63580  -24.757  -9.142  -30.192 0.0000000000
125924  -24.107  -11.767  -30.050 0.0000000000
59029  -24.792  -13.837  -28.681 0.0000000000
57288  -25.029  -15.030  -26.276 0.0000000000
70653  -20.243  -0.294  -31.886 0.0000000000
70654  -23.345  -0.190  -32.173 0.0000000000
71467  -25.852  0.854  -29.998 0.0000000000
56391  -19.555  -16.280  -25.304 0.0000000000
55566  -22.106  -17.473  -26.694 0.0000000000
58120  -20.639  -14.291  -26.975 0.0000000000
57284  -19.857  -14.968  -26.071 0.0000000000
73205  -21.458  2.772  -31.940 0.0000000000
72345  -20.765  1.896  -32.205 0.0000000000
64477  -22.553  -7.720  -30.823 0.0000000000
65396  -21.972  -5.962  -31.359 0.0000000000
66265  -23.562  -5.680  -31.994 0.0000000000
67215  -24.152  -4.359  -31.673 0.0000000000
66257  -24.708  -5.765  -30.906 0.0000000000
67193  -25.730  -4.729  -29.623 0.0000000000
129690  -24.963  -6.849  -30.307 0.0000000000
61775  -20.736  -10.730  -28.290 0.0000000000
62652  -21.591  -10.128  -29.354 0.0000000000
61780  -22.341  -10.854  -29.730 0.0000000000
61785  -23.086  -10.768  -30.241 0.0000000000
59943  -22.468  -12.136  -29.386 0.0000000000
57299  -22.393  -15.038  -28.127 0.0000000000
115924  -23.486  -13.818  -29.197 0.0000000000
57312  -24.167  -15.217  -28.406 0.0000000000
58136  -25.119  -14.097  -27.714 0.0000000000
113578  -24.188  -15.728  -27.667 0.0000000000
111592  -22.121  5.418  -31.208 0.0000000000
76013  -21.280  6.088  -30.110 0.0000000000
76904  -22.856  6.636  -30.671 0.0000000000
116057  -23.598  7.994  -30.353 0.0000000000
76889  -24.758  6.749  -29.741 0.0000000000
74166  -24.779  2.991  -30.511 0.0000000000
67203  -20.157  -3.912  -30.615 0.0000000000
69012  -19.974  -2.955  -30.816 0.0000000000
117982  -20.332  -1.859  -31.764 0.0000000000
70663  -22.033  -0.253  -32.709 0.0000000000
121669  -22.316  -1.193  -32.707 0.0000000000
69841  -25.438  -1.489  -30.319 0.0000000000
70646  -25.428  -0.555  -30.421 0.0000000000
70618  -26.499  -0.329  -29.233 0.0000000000
62646  -25.170  -9.663  -29.127 0.0000000000
63562  -25.461  -8.821  -28.884 0.0000000000
54645  -19.951  -18.761  -24.841 0.0000000000
55534  -20.007  -17.887  -25.252 0.0000000000
56403  -20.601  -16.831  -26.103 0.0000000000
54661  -21.480  -18.638  -25.914 0.0000000000
114061  -20.996  -12.814  -27.820 0.0000000000
59035  -21.650  -12.936  -28.393 0.0000000000
59027  -20.909  -13.574  -27.481 0.0000000000
58133  -21.265  -14.331  -27.507 0.0000000000
56429  -21.925  -15.637  -27.576 0.0000000000
75148  -22.549  4.652  -31.318 0.0000000000
75149  -23.501  4.942  -30.843 0.0000000000
74164  -22.803  3.717  -31.329 0.0000000000
73198  -23.158  2.867  -31.404 0.0000000000
73199  -24.148  2.470  -31.007 0.0000000000
128324  -20.050  -7.636  -28.693 0.0000000000
65378  -20.160  -6.079  -29.636 0.0000000000
110158  -20.676  -4.743  -30.976 0.0000000000
68180  -21.692  -3.827  -32.211 0.0000000000
69039  -22.971  -2.502  -32.600 0.0000000000
67214  -23.426  -3.968  -32.284 0.0000000000
68170  -24.701  -2.836  -30.869 0.0000000000
68157  -25.916  -2.905  -29.730 0.0000000000
68158  -26.375  -3.369  -29.094 0.0000000000
52683  -22.006  -20.414  -24.408 0.0000000000
120471  -22.489  -19.410  -24.961 0.0000000000
63570  -20.367  -8.265  -28.731 0.0000000000
63577  -22.134  -8.543  -30.238 0.0000000000
64478  -23.524  -8.046  -31.141 0.0000000000
64480  -24.632  -8.297  -30.425 0.0000000000
62662  -24.012  -9.832  -30.985 0.0000000000
62654  -24.661  -10.215  -30.142 0.0000000000
60868  -24.875  -11.525  -29.171 0.0000000000
59044  -23.198  -13.087  -29.366 0.0000000000
59038  -24.478  -13.000  -29.225 0.0000000000
59928  -25.323  -12.392  -28.146 0.0000000000
59915  -25.782  -12.604  -27.311 0.0000000000
58999  -26.000  -13.653  -26.098 0.0000000000
109789  -25.579  5.626  -29.231 0.0000000000
71488  -21.732  0.646  -32.529 0.0000000000
71483  -23.153  0.694  -32.121 0.0000000000
72339  -24.448  1.611  -31.110 0.0000000000
69854  -23.715  -1.561  -31.872 0.0000000000
70645  -24.761  -0.150  -31.075 0.0000000000
72326  -25.764  1.714  -30.058 0.0000000000
64458  -25.548  -7.328  -29.291 0.0000000000
115965  -26.015  -7.125  -28.674 0.0000000000
57259  -19.154  -15.617  -25.057 0.0000000000
126549  -20.182  -16.217  -25.910 0.0000000000
56416  -20.834  -16.190  -26.575 0.0000000000
56418  -22.580  -16.825  -27.184 0.0000000000
54664  -23.143  -18.223  -25.287 0.0000000000
55555  -23.199  -17.677  -25.881 0.0000000000
56405  -24.147  -16.311  -26.136 0.0000000000
71481  -20.496  1.337  -32.014 0.0000000000
64482  -23.203  -7.151  -31.341 0.0000000000
65397  -22.917  -6.309  -31.700 0.0000000000
65398  -23.715  -6.615  -31.609 0.0000000000
65399  -24.231  -6.179  -31.484 0.0000000000
65391  -25.189  -6.275  -30.201 0.0000000000
65390  -24.645  -6.702  -30.800 0.0000000000
60866  -20.677  -11.349  -27.948 0.0000000000
61776  -21.564  -10.957  -29.069 0.0000000000
60874  -22.405  -11.513  -29.567 0.0000000000
60873  -21.927  -11.695  -29.151 0.0000000000
57311  -23.326  -15.227  -28.503 0.0000000000
57301  -23.627  -15.866  -27.990 0.0000000000
117824  -22.930  5.787  -30.942 0.0000000000
76030  -22.012  6.082  -30.723 0.0000000000
77715  -24.176  7.365  -30.143 0.0000000000
76031  -23.841  5.720  -30.499 0.0000000000
74150  -25.375  3.499  -29.927 0.0000000000
68178  -20.471  -3.336  -31.336 0.0000000000
68169  -19.530  -3.315  -30.021 0.0000000000
69025  -20.410  -2.624  -31.583 0.0000000000
69024  -19.841  -2.089  -31.103 0.0000000000
69026  -20.923  -2.282  -32.226 0.0000000000
69037  -21.715  -1.858  -32.628 0.0000000000
69000  -25.995  -2.012  -29.788 0.0000000000
70636  -26.076  -1.040  -29.713 0.0000000000
61777  -25.095  -10.375  -29.010 0.0000000000
62635  -25.509  -9.959  -28.460 0.0000000000
53693  -20.531  -19.575  -25.061 0.0000000000
54646  -20.682  -18.728  -25.459 0.0000000000
59026  -20.426  -12.807  -27.158 0.0000000000
57285  -20.405  -14.938  -26.619 0.0000000000
57297  -20.939  -14.962  -27.141 0.0000000000
57298  -21.586  -14.999  -27.575 0.0000000000
57286  -21.257  -15.628  -27.148 0.0000000000
74163  -21.801  4.055  -31.553 0.0000000000
73206  -22.468  2.392  -31.746 0.0000000000
72338  -23.513  2.011  -31.525 0.0000000000
64469  -20.590  -7.647  -29.304 0.0000000000
65379  -20.704  -6.882  -29.859 0.0000000000
66264  -22.621  -5.456  -31.967 0.0000000000
66256  -21.279  -5.346  -31.221 0.0000000000
66263  -21.893  -5.220  -31.723 0.0000000000
67204  -21.420  -4.636  -31.684 0.0000000000
111487  -22.216  -4.674  -32.148 0.0000000000
67213  -22.597  -4.003  -32.467 0.0000000000
67205  -24.716  -4.812  -30.961 0.0000000000
112323  -24.694  -3.826  -30.956 0.0000000000
68171  -25.328  -3.352  -30.301 0.0000000000
115028  -25.801  -3.816  -29.655 0.0000000000
66248  -25.723  -5.710  -29.492 0.0000000000
66249  -26.094  -5.039  -29.072 0.0000000000
66235  -26.234  -5.662  -28.720 0.0000000000
52663  -22.364  -20.538  -23.705 0.0000000000
63560  -20.098  -8.647  -28.244 0.0000000000
62651  -20.799  -9.182  -28.845 0.0000000000
63572  -21.791  -9.334  -29.740 0.0000000000
117497  -23.068  -8.705  -30.813 0.0000000000
130220  -23.449  -9.426  -30.833 0.0000000000
63578  -23.831  -8.937  -31.061 0.0000000000
60880  -23.593  -11.257  -30.228 0.0000000000
60881  -24.110  -11.009  -30.413 0.0000000000
61781  -24.540  -10.865  -30.051 0.0000000000
60876  -24.613  -11.426  -29.690 0.0000000000
59036  -22.181  -13.436  -28.575 0.0000000000
59936  -22.450  -12.850  -29.039 0.0000000000
113850  -22.778  -13.616  -28.937 0.0000000000
59037  -24.174  -13.906  -29.233 0.0000000000
59045  -23.858  -13.181  -29.507 0.0000000000
59938  -24.915  -12.268  -28.912 0.0000000000
59039  -24.999  -12.972  -28.651 0.0000000000
59030  -25.303  -13.231  -27.942 0.0000000000
58122  -25.339  -14.255  -26.686 0.0000000000
58105  -25.751  -14.467  -25.794 0.0000000000
58106  -26.566  -14.070  -25.494 0.0000000000
75128  -24.472  4.997  -30.143 0.0000000000
120553  -25.165  5.130  -29.623 0.0000000000
66247  -19.610  -5.573  -29.137 0.0000000000
110077  -19.437  -0.818  -30.650 0.0000000000
70643  -19.745  -0.330  -31.193 0.0000000000
71486  -20.583  0.427  -32.187 0.0000000000
70662  -21.250  0.153  -32.519 0.0000000000
70664  -22.801  -0.665  -32.561 0.0000000000
71489  -22.552  0.228  -32.512 0.0000000000
72348  -23.805  1.146  -31.622 0.0000000000
71484  -23.992  0.256  -31.647 0.0000000000
69027  -23.495  -2.387  -32.104 0.0000000000
69855  -24.320  -1.490  -31.329 0.0000000000
70635  -25.961  -0.027  -29.904 0.0000000000
71476  -25.360  0.354  -30.550 0.0000000000
72340  -25.234  1.229  -30.602 0.0000000000
72327  -26.305  1.330  -29.435 0.0000000000
64470  -25.067  -7.847  -29.837 0.0000000000
63573  -24.968  -8.583  -29.852 0.0000000000
64459  -25.755  -7.936  -28.737 0.0000000000
55533  -19.332  -17.114  -24.852 0.0000000000
56390  -18.919  -16.265  -24.662 0.0000000000
56402  -19.728  -15.607  -25.691 0.0000000000
55565  -21.273  -17.114  -26.482 0.0000000000
56417  -21.741  -16.449  -27.081 0.0000000000
54647  -22.804  -18.807  -25.158 0.0000000000
56404  -23.541  -16.958  -26.449 0.0000000000
59012  -20.241  -13.574  -26.764 0.0000000000
58119  -20.019  -14.299  -26.415 0.0000000000
73197  -22.114  3.242  -31.659 0.0000000000
73210  -21.014  2.332  -32.229 0.0000000000
126367  -21.971  -7.190  -30.709 0.0000000000
65388  -21.495  -6.649  -30.635 0.0000000000
65389  -22.354  -6.828  -31.147 0.0000000000
109533  -23.699  -4.845  -32.051 0.0000000000
66266  -24.226  -5.301  -31.625 0.0000000000
66258  -25.247  -5.267  -30.255 0.0000000000
65380  -25.534  -6.564  -29.579 0.0000000000
62645  -20.798  -10.046  -28.544 0.0000000000
62653  -22.477  -10.144  -30.027 0.0000000000
62661  -23.298  -10.085  -30.594 0.0000000000
60879  -22.926  -11.308  -29.961 0.0000000000
60875  -23.170  -11.901  -29.851 0.0000000000
58144  -23.017  -14.429  -28.779 0.0000000000
58145  -23.784  -14.589  -28.946 0.0000000000
58146  -24.360  -14.524  -28.840 0.0000000000
58135  -24.683  -14.626  -28.325 0.0000000000
58121  -24.755  -15.034  -27.479 0.0000000000
76029  -21.282  5.402  -30.694 0.0000000000
77726  -23.310  7.330  -30.463 0.0000000000
76890  -25.558  7.070  -29.279 0.0000000000
75129  -25.198  4.395  -29.767 0.0000000000
118787  -19.120  -2.765  -29.531 0.0000000000
69011  -19.445  -2.419  -30.267 0.0000000000
69839  -19.413  -1.519  -30.485 0.0000000000
69852  -19.953  -1.116  -31.322 0.0000000000
70661  -20.804  -0.304  -32.351 0.0000000000
69853  -20.741  -1.200  -32.193 0.0000000000
69013  -24.808  -1.914  -30.836 0.0000000000
62655  -24.868  -9.721  -29.878 0.0000000000
115262  -25.067  -9.085  -29.546 0.0000000000
62647  -25.678  -9.275  -28.384 0.0000000000
109472  -19.434  -18.016  -24.668 0.0000000000
55551  -20.059  -16.986  -25.566 0.0000000000
55552  -20.799  -17.738  -25.904 0.0000000000
54662  -22.079  -18.327  -26.215 0.0000000000
59927  -20.596  -12.041  -27.535 0.0000000000
59934  -21.174  -12.151  -28.227 0.0000000000
59935  -21.836  -12.227  -28.857 0.0000000000
59028  -21.659  -13.721  -28.017 0.0000000000
58134  -21.848  -14.426  -27.916 0.0000000000
128605  -22.376  -15.620  -27.833 0.0000000000
129811  -20.655  4.983  -30.726 0.0000000000
75147  -21.326  4.834  -31.269 0.0000000000
129215  -22.778  5.222  -31.148 0.0000000000
111980  -23.408  4.120  -30.964 0.0000000000
74165  -23.790  3.347  -30.925 0.0000000000
73200  -25.072  2.100  -30.614 0.0000000000
65387  -20.815  -6.219  -30.316 0.0000000000
66255  -20.665  -5.545  -30.506 0.0000000000
67212  -20.876  -3.954  -31.521 0.0000000000
68179  -20.977  -3.167  -31.978 0.0000000000
69038  -22.363  -2.634  -32.646 0.0000000000
68190  -22.249  -3.329  -32.539 0.0000000000
68181  -23.315  -3.092  -32.296 0.0000000000
68182  -23.987  -3.255  -31.680 0.0000000000
69014  -25.391  -2.417  -30.298 0.0000000000
69832  -26.432  -1.734  -29.317 0.0000000000
69001  -26.438  -2.475  -29.225 0.0000000000
61766  -25.526  -11.001  -28.055 0.0000000000
53694  -21.049  -20.186  -25.031 0.0000000000
53695  -21.864  -19.952  -25.037 0.0000000000
63571  -21.173  -8.437  -29.471 0.0000000000
64479  -23.929  -7.432  -31.345 0.0000000000
124035  -24.383  -7.510  -30.912 0.0000000000
111670  -24.140  -8.253  -31.033 0.0000000000
63579  -24.290  -9.088  -30.781 0.0000000000
62663  -24.488  -9.767  -30.478 0.0000000000
61786  -23.798  -10.588  -30.595 0.0000000000
61787  -24.273  -10.389  -30.524 0.0000000000
61782  -24.874  -10.287  -29.625 0.0000000000
110922  -24.859  -10.895  -29.421 0.0000000000
123785  -25.141  -10.977  -28.810 0.0000000000
59944  -22.974  -12.516  -29.532 0.0000000000
59945  -23.597  -12.519  -29.707 0.0000000000
59946  -24.148  -12.552  -29.722 0.0000000000
59937  -24.514  -12.093  -29.520 0.0000000000
60857  -25.228  -11.627  -28.458 0.0000000000
60858  -25.824  -11.735  -27.537 0.0000000000
59013  -25.618  -13.412  -26.995 0.0000000000
76014  -24.715  5.857  -29.808 0.0000000000
130000  -25.334  6.309  -29.359 0.0000000000
71487  -21.013  1.037  -32.303 0.0000000000
71482  -22.240  1.112  -32.360 0.0000000000
72347  -22.846  1.555  -31.961 0.0000000000
129164  -22.544  -1.969  -32.715 0.0000000000
69865  -23.064  -1.612  -32.532 0.0000000000
118922  -23.392  -0.945  -32.210 0.0000000000
69840  -24.786  -1.036  -30.889 0.0000000000
70655  -24.041  -0.720  -31.597 0.0000000000
71475  -24.644  0.740  -31.123 0.0000000000
73184  -26.248  2.185  -29.436 0.0000000000
111577  -24.814  -7.385  -30.355 0.0000000000
117488  -25.204  -7.044  -29.921 0.0000000000
63561  -25.298  -8.303  -29.348 0.0000000000
57269  -19.330  -14.989  -25.454 0.0000000000
56415  -20.283  -15.566  -26.283 0.0000000000
56430  -22.409  -16.123  -27.577 0.0000000000
56431  -23.105  -16.369  -27.581 0.0000000000
53713  -22.096  -19.123  -25.675 0.0000000000
54663  -22.600  -18.384  -25.818 0.0000000000
55554  -22.562  -17.910  -26.358 0.0000000000
55567  -22.891  -17.389  -26.731 0.0000000000
56419  -23.223  -16.855  -27.090 0.0000000000
56420  -23.785  -16.330  -27.167 0.0000000000
55553  -21.578  -17.918  -26.308 0.0000000000
57287  -24.422  -15.703  -26.760 0.0000000000
68191  -22.846  -3.264  -32.552 0.0000000000
69864  -21.480  -0.769  -32.580 0.0000000000
72352  -21.384  1.513  -32.301 0.0000000000
75146  -20.419  4.526  -30.938 0.0000000000
111465  -21.247  -5.926  -30.807 0.0000000000
127209  -21.320  -13.270  -27.924 0.0000000000
