#!ascii label  , from subject sub-v2s17x50005_ses-1 vox2ras=TkReg
1835
9445  -32.237  -72.027  -19.598 0.1000000015
9444  -31.764  -71.585  -19.770 0.1000000015
8803  -29.991  -72.191  -18.541 0.1000000015
9443  -30.712  -71.314  -19.036 0.1000000015
9442  -29.700  -71.326  -18.760 0.1000000015
10099  -30.594  -70.548  -20.626 0.1000000015
10080  -28.461  -70.389  -19.362 0.1000000015
117816  -29.699  -70.029  -21.421 0.1000000015
10776  -29.323  -69.851  -22.192 0.1000000015
10759  -28.293  -69.592  -20.740 0.1000000015
10775  -28.522  -69.570  -21.797 0.1000000015
111202  -27.719  -69.409  -21.441 0.1000000015
10774  -26.921  -69.333  -21.081 0.1000000015
112739  -27.923  -69.509  -22.509 0.1000000015
10815  -28.274  -69.116  -24.343 0.1000000015
109380  -27.119  -69.376  -22.181 0.1000000015
118175  -27.347  -69.547  -23.363 0.1000000015
10788  -26.611  -69.560  -22.906 0.1000000015
8861  -32.360  -73.374  -23.118 0.1000000015
9460  -32.214  -71.947  -20.367 0.1000000015
8852  -32.394  -72.995  -21.980 0.1000000015
9459  -31.658  -71.441  -20.692 0.1000000015
8860  -31.842  -72.698  -23.657 0.1000000015
9472  -31.396  -71.488  -21.863 0.1000000015
129579  -31.177  -70.923  -20.945 0.1000000015
9482  -31.324  -71.865  -23.073 0.1000000015
113880  -30.194  -70.293  -21.259 0.1000000015
9491  -30.878  -71.292  -23.434 0.1000000015
10119  -29.831  -70.281  -22.945 0.1000000015
10118  -29.236  -69.879  -23.022 0.1000000015
123962  -32.393  -65.039  -26.317 0.1000000015
119955  -31.911  -65.863  -25.883 0.1000000015
12193  -31.238  -66.686  -25.096 0.1000000015
121081  -29.226  -68.473  -24.442 0.1000000015
126943  -28.930  -68.959  -24.275 0.1000000015
113330  -29.692  -69.051  -24.130 0.1000000015
10816  -29.226  -69.391  -23.931 0.1000000015
10801  -27.834  -69.402  -24.016 0.1000000015
129209  -28.113  -69.551  -23.343 0.1000000015
8279  -33.925  -74.673  -23.593 0.1000000015
8899  -34.390  -73.073  -25.323 0.2000000030
8887  -34.158  -73.624  -24.796 0.2000000030
8261  -33.177  -74.307  -23.557 0.1000000015
8898  -33.774  -73.207  -25.581 0.1000000015
8277  -33.357  -73.977  -24.457 0.1000000015
9520  -34.144  -72.716  -25.711 0.1000000015
8885  -32.897  -73.322  -24.915 0.1000000015
18360  -41.907  -59.293  -26.683 0.1000000015
17557  -40.185  -60.508  -26.190 0.1000000015
9519  -33.499  -72.458  -25.718 0.1000000015
8884  -32.530  -72.547  -25.017 0.1000000015
9492  -31.390  -71.980  -24.024 0.1000000015
17556  -39.402  -60.772  -25.865 0.1000000015
16753  -39.770  -61.209  -25.981 0.1000000015
15969  -39.779  -62.026  -25.900 0.1000000015
15967  -38.236  -63.175  -25.697 0.1000000015
15219  -38.323  -63.896  -25.777 0.1000000015
113626  -36.220  -64.546  -26.856 0.1000000015
9517  -32.205  -71.701  -25.063 0.1000000015
128318  -31.515  -71.197  -24.578 0.1000000015
15968  -38.625  -62.375  -25.721 0.1000000015
15210  -37.061  -63.254  -26.005 0.1000000015
15217  -36.784  -64.077  -26.476 0.1000000015
13662  -34.915  -65.207  -26.820 0.1000000015
13663  -35.791  -65.301  -27.042 0.1000000015
126491  -34.278  -66.891  -26.005 0.1000000015
125115  -32.522  -67.613  -24.870 0.1000000015
118014  -30.551  -70.348  -23.794 0.1000000015
10131  -29.756  -69.937  -23.515 0.1000000015
15216  -35.944  -64.224  -26.495 0.1000000015
13661  -33.994  -65.201  -26.612 0.1000000015
12916  -33.324  -66.927  -25.544 0.1000000015
11492  -31.945  -68.727  -24.457 0.1000000015
12920  -32.816  -65.801  -26.066 0.1000000015
114813  -32.509  -66.560  -25.478 0.1000000015
12177  -31.557  -67.622  -24.530 0.1000000015
11490  -30.111  -68.495  -24.214 0.1000000015
10817  -30.544  -69.359  -24.041 0.1000000015
10130  -28.723  -69.546  -23.622 0.1000000015
9503  -35.147  -72.452  -25.068 0.1000000015
8888  -34.780  -73.062  -24.507 0.2000000030
8286  -34.213  -74.029  -24.066 0.1000000015
8875  -34.861  -73.465  -23.514 0.2000000030
8280  -34.258  -74.635  -23.253 0.2000000030
9521  -35.903  -71.636  -25.073 0.1000000015
108602  -34.890  -72.153  -25.520 0.1000000015
19160  -42.945  -58.088  -26.262 0.1000000015
18356  -41.420  -58.727  -26.429 0.1000000015
10162  -34.167  -72.051  -25.782 0.1000000015
10160  -32.903  -71.816  -25.434 0.1000000015
10161  -33.549  -71.263  -25.556 0.1000000015
16754  -40.660  -61.190  -26.304 0.1000000015
114297  -39.161  -63.142  -25.567 0.1000000015
110844  -39.212  -64.114  -25.659 0.1000000015
14442  -37.632  -64.386  -26.403 0.1000000015
13664  -36.625  -65.458  -27.096 0.1000000015
12201  -36.182  -66.910  -26.568 0.1000000015
12194  -34.044  -67.936  -25.379 0.1000000015
10819  -32.217  -69.884  -24.815 0.1000000015
10147  -31.749  -70.679  -24.766 0.1000000015
10818  -31.387  -69.655  -24.362 0.1000000015
10145  -30.151  -69.723  -23.839 0.1000000015
10804  -38.372  -70.087  -23.892 0.1000000015
11478  -38.446  -69.392  -23.756 0.1000000015
10805  -38.654  -69.958  -24.114 0.1000000015
10135  -37.594  -70.760  -24.222 0.1000000015
119037  -37.893  -70.501  -23.993 0.1000000015
10134  -37.095  -70.927  -23.886 0.2000000030
9494  -35.956  -71.666  -23.832 0.2000000030
9504  -35.814  -71.916  -24.514 0.2000000030
121180  -35.298  -72.484  -23.389 0.2000000030
114762  -35.258  -72.741  -22.615 0.2000000030
9522  -37.667  -70.680  -25.042 0.1000000015
10165  -38.265  -70.294  -24.691 0.1000000015
10164  -36.717  -70.925  -25.259 0.1000000015
10832  -37.149  -70.107  -25.454 0.1000000015
18358  -43.161  -58.711  -26.509 0.1000000015
118172  -43.075  -60.457  -26.586 0.1000000015
16756  -42.957  -61.468  -26.501 0.1000000015
15965  -43.424  -61.811  -26.151 0.1000000015
10163  -35.648  -71.087  -25.419 0.1000000015
113408  -35.152  -69.998  -25.603 0.1000000015
19950  -42.585  -57.234  -25.785 0.1000000015
19155  -43.014  -57.846  -25.704 0.1000000015
17559  -42.450  -59.900  -26.728 0.1000000015
16755  -42.003  -61.045  -26.604 0.1000000015
15211  -39.904  -63.566  -25.584 0.1000000015
14436  -40.136  -64.274  -25.705 0.1000000015
120621  -38.914  -65.458  -26.426 0.1000000015
12926  -38.084  -66.597  -26.765 0.1000000015
12196  -36.799  -67.965  -26.325 0.1000000015
121551  -36.426  -68.571  -26.063 0.1000000015
114199  -34.096  -70.079  -25.439 0.1000000015
19948  -42.478  -56.456  -25.145 0.1000000015
116204  -37.958  -65.148  -26.726 0.1000000015
12925  -37.158  -66.354  -26.910 0.1000000015
11508  -34.973  -68.004  -25.826 0.1000000015
124860  -34.519  -68.994  -25.485 0.1000000015
10830  -33.139  -70.042  -25.144 0.1000000015
19947  -42.180  -56.559  -25.546 0.1000000015
20782  -42.383  -55.904  -24.957 0.1000000015
20781  -41.584  -56.159  -25.112 0.1000000015
20779  -41.982  -55.251  -24.729 0.1000000015
12162  -40.355  -67.963  -24.087 0.1000000015
11479  -38.934  -69.601  -24.001 0.1000000015
12893  -41.644  -67.364  -23.547 0.1000000015
12163  -41.129  -67.721  -24.107 0.1000000015
10803  -37.609  -70.318  -23.799 0.1000000015
124181  -36.696  -70.405  -23.619 0.2000000030
128629  -39.582  -68.874  -24.384 0.1000000015
10806  -38.971  -69.644  -24.382 0.1000000015
10133  -35.994  -70.918  -23.366 0.2000000030
12164  -41.905  -67.433  -24.169 0.1000000015
12178  -40.493  -68.129  -24.770 0.1000000015
19939  -41.651  -57.076  -23.543 0.1000000015
19152  -42.484  -57.596  -24.852 0.1000000015
18353  -42.979  -59.002  -25.341 0.1000000015
19156  -43.366  -58.581  -26.148 0.1000000015
18354  -43.331  -59.493  -25.877 0.1000000015
17555  -43.432  -59.975  -26.232 0.1000000015
12919  -42.127  -66.651  -24.823 0.1000000015
127511  -41.739  -67.329  -24.830 0.1000000015
11513  -39.346  -69.343  -25.018 0.1000000015
10833  -38.082  -70.014  -25.280 0.1000000015
15964  -42.787  -62.454  -26.235 0.1000000015
15214  -43.077  -63.375  -25.667 0.1000000015
14437  -41.068  -64.349  -25.671 0.1000000015
12204  -39.613  -67.950  -26.076 0.1000000015
12198  -39.159  -68.631  -25.826 0.1000000015
10831  -36.183  -70.178  -25.564 0.1000000015
19928  -41.321  -56.576  -22.746 0.1000000015
15963  -41.536  -62.675  -26.052 0.1000000015
15213  -41.945  -63.454  -25.793 0.1000000015
119852  -41.163  -65.169  -25.756 0.1000000015
13667  -39.939  -65.948  -26.166 0.1000000015
116064  -39.010  -66.945  -26.513 0.1000000015
12197  -37.952  -68.151  -26.224 0.1000000015
11511  -37.379  -69.078  -25.829 0.1000000015
19944  -42.344  -56.956  -24.492 0.1000000015
123951  -42.602  -56.373  -24.862 0.1000000015
19940  -42.490  -56.154  -24.014 0.1000000015
20780  -42.558  -55.797  -24.631 0.1000000015
130006  -42.771  -55.178  -24.041 0.1000000015
21633  -42.502  -54.630  -24.084 0.1000000015
21632  -40.864  -55.078  -24.100 0.1000000015
117858  -39.024  -68.874  -23.817 0.1000000015
12894  -42.330  -67.193  -23.413 0.1000000015
117727  -42.049  -67.123  -23.030 0.1000000015
109975  -40.022  -67.180  -23.642 0.1000000015
11477  -37.538  -68.890  -23.668 0.1000000015
12906  -42.784  -66.879  -23.902 0.1000000015
13632  -44.127  -66.187  -22.803 0.1000000015
12160  -38.454  -67.755  -23.731 0.1000000015
10802  -36.840  -69.509  -23.589 0.1000000015
13647  -43.575  -65.048  -24.176 0.1000000015
12907  -43.465  -66.107  -23.914 0.1000000015
19149  -41.376  -57.991  -23.722 0.1000000015
17551  -42.966  -60.088  -24.990 0.1000000015
13659  -42.317  -65.505  -25.101 0.1000000015
110657  -41.363  -66.918  -25.426 0.1000000015
128722  -36.662  -68.498  -23.531 0.1000000015
10791  -35.762  -69.811  -23.080 0.2000000030
18349  -41.935  -58.733  -24.417 0.1000000015
16751  -43.507  -61.013  -26.149 0.1000000015
15215  -43.884  -62.822  -25.341 0.1000000015
117097  -41.978  -64.565  -25.471 0.1000000015
12918  -40.673  -66.771  -25.999 0.1000000015
20761  -41.439  -55.785  -22.284 0.1000000015
20772  -42.378  -55.456  -23.185 0.1000000015
21614  -42.721  -54.500  -23.334 0.1000000015
117191  -42.526  -54.086  -22.573 0.1000000015
129622  -42.716  -54.765  -23.876 0.1000000015
22511  -42.607  -54.346  -23.420 0.1000000015
22510  -42.329  -53.983  -23.406 0.1000000015
13633  -44.827  -65.363  -22.560 0.1000000015
12886  -44.387  -66.230  -22.004 0.1000000015
119146  -43.536  -66.640  -22.126 0.1000000015
14396  -45.281  -64.436  -22.194 0.1000000015
12885  -43.538  -66.727  -22.691 0.1000000015
12869  -42.080  -66.692  -22.375 0.1000000015
13638  -44.160  -65.462  -23.410 0.1000000015
12868  -41.235  -66.344  -22.291 0.1000000015
15202  -44.093  -63.330  -24.418 0.1000000015
14411  -44.827  -64.363  -23.073 0.1000000015
119517  -39.349  -66.196  -23.218 0.1000000015
19938  -40.618  -57.613  -22.777 0.1000000015
18345  -40.578  -59.146  -23.390 0.1000000015
17546  -42.005  -60.667  -24.300 0.1000000015
15966  -43.770  -61.843  -25.518 0.1000000015
15958  -43.998  -62.512  -24.624 0.1000000015
14425  -44.181  -64.255  -23.832 0.1000000015
12891  -38.929  -66.881  -23.660 0.1000000015
117404  -37.139  -67.670  -23.644 0.1000000015
16749  -43.403  -60.756  -25.521 0.1000000015
14424  -43.005  -64.534  -24.930 0.1000000015
12159  -36.088  -67.896  -23.285 0.1000000015
21612  -40.778  -55.409  -21.527 0.1000000015
21613  -42.142  -54.882  -22.431 0.1000000015
21604  -41.782  -54.316  -21.743 0.1000000015
23341  -41.684  -52.805  -21.363 0.1000000015
22491  -42.283  -53.453  -22.043 0.1000000015
23342  -41.525  -52.162  -21.367 0.1000000015
13619  -45.281  -65.376  -21.597 0.1000000015
12872  -45.021  -66.095  -20.821 0.1000000015
12871  -44.071  -66.516  -21.348 0.1000000015
15165  -45.226  -63.904  -21.756 0.1000000015
12870  -43.057  -66.592  -21.756 0.1000000015
15174  -44.881  -63.526  -22.602 0.1000000015
15164  -44.609  -63.683  -21.853 0.1000000015
12853  -42.164  -66.352  -21.540 0.1000000015
12882  -40.468  -66.469  -22.930 0.1000000015
15955  -44.207  -62.968  -23.928 0.1000000015
15173  -44.071  -63.327  -22.675 0.1000000015
19927  -40.004  -57.265  -21.965 0.1000000015
17550  -41.942  -59.821  -24.350 0.1000000015
15957  -43.735  -61.814  -24.559 0.1000000015
15954  -44.045  -62.529  -23.906 0.1000000015
15188  -43.692  -62.857  -23.329 0.1000000015
13631  -40.456  -65.822  -21.953 0.1000000015
12890  -37.693  -66.584  -23.478 0.1000000015
20760  -40.417  -56.404  -21.756 0.1000000015
19140  -39.697  -58.068  -22.120 0.1000000015
19148  -40.087  -58.566  -22.744 0.1000000015
110628  -40.968  -59.729  -23.765 0.1000000015
17545  -40.889  -60.670  -23.635 0.1000000015
16748  -42.942  -61.116  -24.568 0.1000000015
13637  -38.434  -66.090  -23.261 0.1000000015
22479  -40.200  -53.889  -20.437 0.1000000015
21603  -40.522  -54.605  -20.932 0.1000000015
23332  -39.879  -53.213  -19.997 0.1000000015
22480  -41.366  -53.652  -21.153 0.1000000015
23340  -40.933  -53.058  -20.586 0.1000000015
24153  -41.251  -52.401  -20.822 0.1000000015
24143  -40.498  -52.456  -20.217 0.1000000015
116993  -42.517  -63.353  -22.005 0.1000000015
118904  -43.544  -63.557  -21.958 0.1000000015
14380  -45.057  -64.275  -20.956 0.1000000015
12856  -45.140  -66.121  -19.858 0.1000000015
15171  -41.998  -62.988  -22.495 0.1000000015
12855  -44.466  -66.408  -20.358 0.1000000015
16743  -40.642  -61.628  -22.965 0.1000000015
15952  -41.530  -62.358  -23.077 0.1000000015
12854  -42.858  -66.385  -20.838 0.1000000015
19918  -39.424  -56.932  -21.260 0.1000000015
18344  -39.646  -59.524  -22.581 0.1000000015
16744  -41.668  -61.477  -23.822 0.1000000015
15953  -42.745  -61.989  -23.909 0.1000000015
13618  -41.269  -65.950  -21.333 0.1000000015
21602  -39.488  -55.569  -20.642 0.1000000015
13630  -39.577  -65.729  -22.364 0.1000000015
12889  -36.741  -66.727  -23.276 0.1000000015
22478  -39.499  -54.692  -20.337 0.1000000015
23331  -39.074  -53.232  -19.490 0.1000000015
24142  -39.581  -52.576  -19.620 0.1000000015
24920  -38.649  -51.824  -18.866 0.1000000015
24929  -40.061  -51.840  -19.822 0.1000000015
107880  -45.594  -65.346  -20.478 0.1000000015
116134  -45.501  -65.617  -19.480 0.1000000015
12838  -44.748  -66.255  -19.378 0.1000000015
19139  -38.964  -57.947  -21.314 0.1000000015
17541  -39.502  -60.324  -22.452 0.1000000015
16740  -39.928  -60.946  -22.737 0.1000000015
15950  -40.663  -62.262  -22.326 0.1000000015
21591  -38.537  -55.302  -19.854 0.1000000015
20743  -38.588  -56.155  -20.196 0.1000000015
129450  -38.765  -57.239  -20.788 0.1000000015
18340  -39.169  -58.932  -21.913 0.1000000015
17542  -40.141  -60.090  -23.106 0.1000000015
122885  -42.027  -66.145  -20.807 0.1000000015
23330  -38.286  -53.609  -19.125 0.1000000015
23316  -37.681  -53.104  -18.533 0.1000000015
24119  -37.360  -52.310  -18.171 0.1000000015
24133  -38.056  -52.312  -18.573 0.1000000015
24905  -37.130  -51.518  -17.901 0.1000000015
24919  -37.868  -51.613  -18.407 0.1000000015
25713  -37.577  -50.819  -18.227 0.1000000015
15162  -41.615  -63.153  -21.490 0.1000000015
109511  -44.088  -64.004  -20.924 0.1000000015
128615  -44.844  -64.289  -20.359 0.1000000015
14361  -45.316  -64.585  -19.752 0.1000000015
121673  -44.376  -64.187  -19.597 0.1000000015
15161  -40.514  -62.606  -21.439 0.1000000015
22468  -37.834  -54.640  -19.170 0.1000000015
21590  -37.645  -55.619  -19.248 0.1000000015
110845  -37.568  -53.950  -18.701 0.1000000015
24118  -36.714  -52.264  -17.595 0.1000000015
25701  -36.885  -50.695  -17.668 0.1000000015
26519  -37.264  -49.999  -18.086 0.1000000015
15163  -42.760  -63.592  -21.178 0.1000000015
16737  -39.876  -61.781  -21.980 0.1000000015
20742  -37.883  -56.313  -19.596 0.1000000015
19907  -38.201  -57.058  -20.161 0.1000000015
123499  -38.737  -59.444  -21.538 0.1000000015
16736  -39.237  -60.937  -21.957 0.1000000015
23315  -36.977  -53.808  -18.240 0.1000000015
23301  -36.869  -53.048  -17.934 0.1000000015
24904  -36.545  -51.449  -17.295 0.1000000015
26518  -36.578  -49.857  -17.464 0.1000000015
15149  -40.987  -63.065  -20.704 0.1000000015
16729  -38.655  -60.811  -21.065 0.1000000015
123188  -39.197  -61.518  -21.305 0.1000000015
15946  -39.599  -62.197  -20.958 0.1000000015
19917  -38.366  -57.773  -20.544 0.1000000015
117924  -38.547  -58.996  -21.213 0.1000000015
17537  -38.453  -59.831  -21.137 0.1000000015
22452  -37.044  -54.582  -18.470 0.1000000015
25700  -36.333  -50.613  -17.017 0.1000000015
26508  -35.552  -49.764  -15.911 0.1000000015
26509  -36.023  -49.787  -16.745 0.1000000015
17534  -38.140  -60.269  -20.382 0.1000000015
19906  -37.411  -57.304  -19.269 0.1000000015
19130  -37.721  -58.150  -19.855 0.1000000015
18331  -38.111  -59.384  -20.563 0.1000000015
22451  -36.512  -54.424  -17.941 0.1000000015
24107  -36.184  -52.234  -16.947 0.1000000015
25688  -35.888  -50.565  -16.332 0.1000000015
114572  -35.357  -49.401  -15.033 0.1000000015
21571  -37.080  -55.434  -18.648 0.1000000015
23300  -36.272  -53.025  -17.301 0.1000000015
23287  -35.835  -53.033  -16.625 0.1000000015
24893  -36.095  -51.396  -16.610 0.1000000015
25687  -35.666  -50.582  -15.721 0.1000000015
26482  -35.573  -49.866  -14.247 0.1000000015
25659  -35.724  -50.759  -14.394 0.1000000015
22436  -35.809  -53.776  -17.033 0.1000000015
24106  -35.786  -52.241  -16.128 0.1000000015
24892  -35.759  -51.289  -15.913 0.1000000015
9426  -31.164  -71.925  -18.780 0.1000000015
10082  -30.261  -70.681  -19.605 0.1000000015
10081  -29.322  -70.480  -19.422 0.1000000015
10098  -29.749  -70.169  -20.470 0.1000000015
10097  -28.839  -69.894  -20.062 0.1000000015
10108  -30.050  -70.267  -22.086 0.1000000015
8851  -31.837  -72.435  -22.523 0.1000000015
8874  -32.589  -73.502  -24.163 0.1000000015
9473  -32.017  -72.116  -21.394 0.1000000015
8873  -32.138  -72.693  -24.494 0.1000000015
125294  -30.921  -71.228  -22.618 0.1000000015
9502  -31.749  -71.917  -24.620 0.1000000015
10132  -31.064  -71.125  -24.078 0.1000000015
13660  -33.157  -65.150  -26.459 0.1000000015
12192  -30.360  -66.683  -25.170 0.1000000015
12176  -30.654  -67.591  -24.480 0.1000000015
12175  -29.714  -67.635  -24.653 0.1000000015
8278  -33.730  -74.493  -23.871 0.1000000015
114933  -33.535  -73.569  -25.088 0.1000000015
8897  -33.183  -73.034  -25.438 0.1000000015
17560  -43.196  -59.459  -26.612 0.1000000015
15970  -41.071  -61.959  -26.262 0.1000000015
14441  -36.959  -64.821  -27.016 0.1000000015
14440  -35.510  -64.730  -26.787 0.1000000015
12922  -34.543  -65.939  -26.563 0.1000000015
12921  -33.653  -65.910  -26.322 0.1000000015
12924  -36.302  -66.059  -26.939 0.1000000015
123849  -33.302  -68.050  -25.063 0.1000000015
10146  -31.002  -70.333  -24.178 0.1000000015
11507  -32.811  -68.910  -24.868 0.1000000015
8876  -35.319  -72.562  -23.972 0.2000000030
10149  -37.832  -70.622  -24.541 0.1000000015
124671  -34.618  -71.153  -25.599 0.1000000015
10148  -32.560  -70.951  -25.201 0.1000000015
15962  -40.355  -62.795  -25.793 0.1000000015
14443  -38.549  -64.649  -26.163 0.1000000015
13665  -37.512  -65.692  -26.973 0.1000000015
12202  -37.089  -67.178  -26.613 0.1000000015
118419  -33.655  -69.005  -25.171 0.1000000015
10834  -38.760  -69.878  -24.864 0.1000000015
15971  -42.144  -61.937  -26.451 0.1000000015
117314  -35.742  -69.427  -25.727 0.1000000015
107499  -42.699  -56.968  -25.318 0.1000000015
14444  -39.512  -64.899  -26.058 0.1000000015
14445  -40.438  -65.115  -25.929 0.1000000015
13666  -38.423  -66.006  -26.723 0.1000000015
12203  -38.641  -67.590  -26.412 0.1000000015
117657  -35.215  -69.005  -25.695 0.1000000015
19946  -41.076  -56.915  -25.405 0.1000000015
12883  -41.436  -66.969  -22.992 0.1000000015
12161  -39.566  -68.081  -23.830 0.1000000015
12179  -41.291  -67.664  -24.768 0.1000000015
108981  -39.897  -68.659  -25.274 0.1000000015
13646  -42.879  -65.855  -24.492 0.1000000015
12927  -40.000  -67.141  -26.177 0.1000000015
12199  -40.281  -68.049  -25.629 0.1000000015
11512  -38.572  -69.286  -25.532 0.1000000015
14438  -43.663  -63.577  -25.077 0.1000000015
13668  -40.895  -65.970  -25.946 0.1000000015
13658  -41.623  -65.815  -25.489 0.1000000015
23369  -42.463  -53.853  -22.993 0.1000000015
15190  -44.364  -63.555  -23.464 0.1000000015
118491  -43.554  -62.352  -23.828 0.1000000015
15172  -43.038  -63.235  -22.723 0.1000000015
24928  -39.275  -52.054  -19.323 0.1000000015
25714  -38.516  -50.910  -18.764 0.1000000015
17538  -38.937  -59.994  -21.868 0.1000000015
13475  -37.466  -64.427  -12.349 0.5000000000
10708  -43.519  -70.013  -16.667 0.5000000000
10687  -42.871  -69.450  -15.965 0.5000000000
14229  -36.740  -63.735  -11.998 0.5000000000
13498  -37.737  -65.247  -12.966 0.5000000000
10686  -41.585  -69.393  -16.062 0.5000000000
15828  -34.153  -62.814  -10.940 0.5000000000
15053  -36.053  -63.309  -11.598 0.5000000000
14228  -35.753  -63.887  -12.355 0.5000000000
15040  -34.079  -63.085  -11.542 0.5000000000
15052  -34.882  -63.516  -12.024 0.4000000060
14244  -35.308  -64.678  -12.979 0.4000000060
112627  -40.203  -70.860  -17.459 0.5000000000
10723  -39.455  -70.335  -17.142 0.5000000000
10722  -38.464  -70.173  -17.290 0.5000000000
10720  -36.657  -69.790  -17.650 0.5000000000
10721  -37.520  -70.002  -17.450 0.5000000000
11419  -34.401  -68.703  -17.873 0.4000000060
12117  -33.665  -67.152  -17.997 0.4000000060
110135  -44.366  -69.906  -13.015 0.1000000015
10688  -43.912  -69.675  -15.819 0.5000000000
15042  -36.818  -63.425  -11.358 0.5000000000
15054  -37.412  -63.911  -11.609 0.5000000000
13476  -38.456  -64.821  -12.331 0.5000000000
12768  -38.950  -65.845  -13.106 0.4000000060
11389  -42.073  -68.813  -15.201 0.5000000000
15812  -34.715  -62.975  -10.782 0.5000000000
15041  -35.214  -62.989  -11.206 0.5000000000
15811  -33.790  -62.684  -10.333 0.5000000000
16577  -32.836  -61.780  -8.859 0.5000000000
16584  -32.805  -61.608  -9.506 0.5000000000
122798  -33.378  -62.437  -10.725 0.5000000000
16576  -32.700  -61.059  -9.001 0.4000000060
16592  -32.925  -61.913  -10.234 0.3000000119
120479  -34.889  -64.183  -12.678 0.4000000060
12766  -36.096  -66.053  -13.705 0.6999999881
12789  -37.401  -66.755  -13.957 0.5000000000
16583  -32.552  -60.947  -9.839 0.3000000119
15827  -33.286  -62.590  -11.300 0.3000000119
15051  -33.638  -63.526  -12.385 0.4000000060
13496  -35.727  -65.337  -13.324 0.5000000000
12788  -36.465  -66.742  -14.139 0.6000000238
12071  -37.803  -67.440  -14.380 0.6000000238
11369  -39.219  -68.102  -14.743 0.6000000238
10046  -41.188  -70.748  -17.398 0.3000000119
16591  -32.451  -61.199  -10.728 0.3000000119
15839  -33.035  -62.897  -12.100 0.3000000119
118548  -33.697  -64.528  -13.464 0.4000000060
12787  -35.525  -66.703  -14.272 0.5000000000
12070  -36.871  -67.439  -14.541 0.6000000238
11386  -37.819  -68.689  -15.522 0.6000000238
10705  -39.884  -69.916  -16.613 0.5000000000
10704  -38.862  -69.777  -16.671 0.5000000000
15826  -32.401  -62.113  -11.986 0.4000000060
15050  -32.714  -63.309  -12.962 0.4000000060
12786  -34.339  -65.965  -14.191 0.5000000000
118576  -34.777  -66.530  -14.393 0.5000000000
11385  -36.894  -68.681  -15.633 0.5000000000
11405  -37.400  -69.220  -16.196 0.5000000000
10703  -37.917  -69.683  -16.777 0.5000000000
16618  -31.976  -61.230  -12.436 0.4000000060
15851  -32.197  -62.735  -13.656 0.4000000060
14242  -33.124  -64.423  -14.095 0.5000000000
109770  -34.173  -66.497  -14.840 0.5000000000
12089  -34.596  -67.624  -15.721 0.4000000060
11404  -36.494  -69.123  -16.368 0.5000000000
10702  -37.018  -69.563  -16.938 0.5000000000
14241  -32.631  -63.623  -13.814 0.4000000060
121463  -33.304  -65.050  -14.762 0.5000000000
12801  -34.095  -66.938  -15.616 0.5000000000
128135  -34.205  -67.318  -16.062 0.4000000060
113811  -35.576  -68.923  -16.621 0.4000000060
11421  -36.155  -69.372  -17.167 0.5000000000
14269  -33.115  -64.777  -15.559 0.5000000000
113625  -33.650  -66.419  -16.119 0.4000000060
12109  -33.746  -67.098  -17.135 0.4000000060
12110  -33.913  -67.960  -17.457 0.4000000060
13530  -33.365  -65.583  -16.257 0.3000000119
12807  -33.583  -66.351  -16.816 0.4000000060
12815  -33.556  -66.408  -17.638 0.3000000119
13546  -33.571  -65.716  -18.134 0.3000000119
12825  -33.591  -66.394  -18.472 0.3000000119
9973  -43.971  -70.260  -11.325 0.1000000015
111039  -44.083  -70.227  -12.083 0.1000000015
11334  -43.997  -69.609  -11.811 0.1000000015
11353  -44.141  -68.925  -13.095 0.4000000060
10670  -44.318  -69.551  -14.644 0.4000000060
11391  -44.157  -69.420  -15.044 0.5000000000
11373  -44.107  -68.933  -14.120 0.4000000060
11390  -43.415  -68.945  -14.945 0.5000000000
15035  -37.251  -63.697  -11.233 0.5000000000
14217  -37.724  -64.140  -11.335 0.5000000000
14230  -38.272  -64.487  -11.752 0.5000000000
13499  -39.145  -65.226  -12.385 0.4000000060
111881  -42.456  -68.366  -14.271 0.5000000000
15033  -35.470  -63.066  -10.808 0.5000000000
113358  -36.218  -63.070  -11.086 0.5000000000
118090  -33.180  -62.344  -8.868 0.5000000000
111808  -33.158  -62.227  -9.570 0.5000000000
12073  -39.764  -67.455  -13.913 0.6000000238
17371  -32.779  -61.187  -8.194 0.4000000060
17354  -32.659  -59.887  -7.992 0.2000000030
18162  -33.089  -59.635  -7.318 0.2000000030
17382  -32.468  -60.425  -9.141 0.3000000119
17389  -32.153  -60.357  -10.570 0.3000000119
123406  -32.097  -60.669  -11.226 0.4000000060
18940  -32.742  -59.264  -8.002 0.3000000119
111710  -32.154  -59.203  -9.673 0.3000000119
18947  -32.668  -58.617  -8.458 0.3000000119
18988  -32.180  -58.493  -10.091 0.4000000060
108303  -31.889  -59.938  -11.368 0.4000000060
17401  -31.911  -60.532  -11.939 0.4000000060
15857  -32.235  -62.489  -14.554 0.4000000060
18210  -31.928  -59.056  -11.634 0.3000000119
122632  -32.099  -59.525  -13.095 0.3000000119
16646  -32.333  -61.749  -14.849 0.3000000119
14268  -32.795  -63.985  -15.338 0.4000000060
17457  -32.679  -61.128  -14.988 0.3000000119
15080  -32.954  -63.420  -15.880 0.3000000119
14283  -33.226  -64.583  -16.452 0.4000000060
13537  -33.458  -65.683  -17.287 0.3000000119
17458  -33.335  -60.795  -15.310 0.2000000030
16665  -33.638  -62.077  -16.195 0.2000000030
15090  -33.920  -63.225  -17.075 0.3000000119
14300  -33.677  -64.907  -17.862 0.3000000119
17459  -34.293  -60.563  -15.471 0.1000000015
15878  -34.228  -62.455  -16.772 0.2000000030
15100  -33.634  -64.119  -17.307 0.4000000060
18246  -37.462  -59.299  -13.823 0.1000000015
10647  -43.441  -69.347  -11.437 0.1000000015
11341  -44.017  -69.050  -12.412 0.1000000015
11333  -43.547  -68.850  -12.007 0.2000000030
129020  -42.723  -68.294  -12.520 0.5000000000
11352  -43.520  -68.497  -13.342 0.4000000060
12076  -42.672  -68.183  -13.452 0.4000000060
14212  -37.378  -63.881  -11.005 0.5000000000
14218  -39.051  -64.944  -11.647 0.4000000060
12769  -39.858  -65.867  -12.526 0.4000000060
12051  -41.044  -67.154  -13.151 0.5000000000
12075  -41.719  -67.845  -13.597 0.5000000000
15032  -34.588  -63.078  -10.333 0.5000000000
111384  -36.148  -63.234  -10.749 0.5000000000
15034  -36.827  -63.373  -11.022 0.4000000060
12074  -40.767  -67.551  -13.753 0.4000000060
15761  -33.227  -61.936  -6.991 0.4000000060
15789  -32.986  -62.052  -7.935 0.4000000060
15798  -33.778  -62.821  -9.462 0.5000000000
16548  -33.518  -61.272  -6.498 0.4000000060
16566  -33.002  -61.225  -7.303 0.4000000060
17342  -34.059  -60.390  -6.106 0.3000000119
17341  -33.284  -60.440  -6.840 0.3000000119
18155  -33.638  -59.772  -6.626 0.3000000119
18156  -34.254  -59.425  -6.244 0.2000000030
18941  -33.169  -58.584  -7.597 0.2000000030
18910  -34.965  -58.096  -5.907 0.1000000015
19709  -33.780  -58.142  -6.940 0.3000000119
19711  -35.036  -57.221  -6.070 0.1000000015
19717  -33.512  -57.741  -7.565 0.3000000119
19727  -32.887  -57.328  -9.220 0.3000000119
19718  -33.999  -57.297  -7.140 0.2000000030
20539  -33.658  -56.993  -7.908 0.2000000030
115684  -33.296  -56.665  -9.723 0.2000000030
18995  -32.368  -58.249  -11.976 0.2000000030
19033  -32.472  -58.865  -13.213 0.2000000030
20590  -33.897  -56.241  -10.278 0.2000000030
19008  -32.728  -58.297  -12.794 0.2000000030
18241  -32.657  -59.317  -13.923 0.2000000030
19771  -33.612  -57.095  -11.671 0.2000000030
19009  -33.594  -57.993  -12.954 0.1000000015
17441  -33.705  -60.030  -15.029 0.2000000030
16648  -33.933  -61.263  -15.902 0.2000000030
19788  -35.071  -57.536  -12.366 0.1000000015
19036  -35.110  -58.515  -13.407 0.1000000015
17442  -34.669  -60.008  -14.983 0.1000000015
17460  -35.128  -60.485  -15.331 0.1000000015
19037  -36.095  -58.584  -13.320 0.1000000015
17443  -35.599  -60.136  -14.834 0.1000000015
18245  -36.579  -59.232  -13.743 0.1000000015
18260  -37.023  -59.880  -14.143 0.1000000015
112107  -38.064  -58.643  -13.661 0.1000000015
19039  -39.010  -58.335  -13.929 0.1000000015
117383  -42.953  -68.718  -11.801 0.3000000119
12028  -42.685  -68.350  -12.212 0.3000000119
11330  -40.110  -68.003  -11.702 0.3000000119
12025  -40.538  -67.045  -11.750 0.3000000119
12027  -41.840  -68.107  -12.094 0.3000000119
12034  -41.967  -67.944  -12.489 0.3000000119
12053  -42.755  -68.183  -12.863 0.4000000060
124884  -39.337  -66.343  -11.089 0.3000000119
12771  -41.113  -67.264  -12.527 0.5000000000
12052  -42.001  -67.858  -13.083 0.5000000000
12726  -37.294  -65.253  -10.770 0.4000000060
13464  -38.281  -65.136  -10.917 0.5000000000
13466  -39.611  -65.442  -11.560 0.4000000060
12746  -40.241  -65.931  -11.919 0.4000000060
12770  -40.583  -66.528  -12.450 0.5000000000
15001  -33.869  -63.355  -7.923 0.4000000060
15020  -34.465  -63.360  -9.608 0.4000000060
15021  -35.284  -63.326  -10.326 0.5000000000
14211  -36.661  -63.655  -10.682 0.5000000000
15744  -34.515  -62.416  -5.815 0.4000000060
15762  -33.794  -62.179  -6.361 0.4000000060
15781  -33.641  -62.743  -7.261 0.4000000060
15790  -33.505  -62.780  -8.367 0.5000000000
16549  -34.264  -61.439  -5.876 0.4000000060
15745  -35.312  -62.610  -5.573 0.4000000060
119227  -36.007  -61.894  -5.516 0.3000000119
16550  -34.992  -60.739  -5.670 0.3000000119
17327  -35.783  -60.237  -5.646 0.3000000119
18157  -34.965  -59.854  -5.816 0.3000000119
18143  -36.566  -59.919  -5.626 0.3000000119
18142  -35.800  -59.425  -5.699 0.2000000030
123605  -36.703  -59.013  -5.558 0.1000000015
120591  -35.774  -58.496  -5.648 0.1000000015
111993  -35.608  -56.841  -5.846 0.1000000015
20523  -35.267  -56.430  -6.311 0.1000000015
110477  -34.036  -56.188  -8.335 0.2000000030
20497  -35.964  -56.174  -5.927 0.1000000015
21362  -35.683  -55.650  -6.613 0.1000000015
20563  -33.975  -55.989  -9.338 0.2000000030
21386  -34.656  -55.717  -7.868 0.2000000030
21416  -34.806  -55.522  -9.460 0.2000000030
20608  -34.160  -56.558  -11.117 0.1000000015
21433  -35.185  -55.734  -10.117 0.1000000015
19773  -35.571  -57.194  -11.797 0.1000000015
20610  -36.063  -56.775  -11.272 0.1000000015
19789  -35.877  -57.606  -12.357 0.1000000015
19012  -36.559  -57.912  -12.814 0.1000000015
20625  -37.733  -56.929  -12.242 0.1000000015
19790  -37.273  -57.402  -12.477 0.1000000015
19805  -38.429  -57.748  -13.448 0.1000000015
20636  -38.794  -56.952  -13.196 0.1000000015
19806  -39.344  -57.557  -13.703 0.1000000015
20637  -40.729  -56.783  -13.816 0.1000000015
20658  -41.554  -56.966  -14.347 0.1000000015
20678  -43.193  -56.874  -16.130 0.1000000015
10644  -39.585  -68.977  -11.413 0.3000000119
10645  -40.549  -68.918  -11.527 0.2000000030
125234  -38.720  -67.474  -11.275 0.3000000119
12736  -37.668  -66.194  -10.949 0.4000000060
12023  -37.507  -67.294  -11.212 0.3000000119
121162  -34.226  -64.114  -8.189 0.3000000119
15011  -33.986  -63.374  -8.743 0.3000000119
14207  -34.999  -63.900  -9.653 0.4000000060
121165  -36.222  -64.302  -10.350 0.4000000060
114967  -36.681  -66.102  -10.950 0.3000000119
14974  -34.897  -63.274  -5.949 0.3000000119
13447  -35.286  -64.794  -9.917 0.4000000060
12725  -36.018  -65.455  -10.605 0.4000000060
12735  -35.927  -66.494  -11.059 0.3000000119
15747  -36.894  -62.841  -5.661 0.3000000119
15746  -36.163  -62.750  -5.542 0.3000000119
15764  -37.661  -62.482  -5.956 0.3000000119
15763  -36.851  -62.118  -5.668 0.3000000119
16551  -37.486  -61.709  -5.849 0.3000000119
114719  -35.879  -61.036  -5.590 0.3000000119
17328  -37.194  -60.496  -5.680 0.3000000119
121013  -37.371  -59.753  -5.604 0.2000000030
18912  -37.531  -59.069  -5.519 0.1000000015
110976  -38.137  -58.530  -5.418 0.1000000015
124238  -39.643  -58.669  -5.454 0.1000000015
19686  -36.609  -57.854  -5.439 0.1000000015
112929  -39.208  -57.282  -5.375 0.1000000015
109027  -37.135  -56.839  -5.435 0.1000000015
20499  -37.805  -56.202  -5.472 0.1000000015
21388  -36.231  -54.992  -7.047 0.1000000015
22291  -35.669  -54.886  -8.321 0.2000000030
22292  -36.760  -54.596  -7.590 0.2000000030
22311  -36.440  -54.693  -8.339 0.2000000030
21434  -36.046  -55.756  -10.168 0.1000000015
21400  -38.006  -54.969  -8.944 0.1000000015
21435  -36.938  -55.888  -10.154 0.1000000015
20611  -36.925  -56.768  -11.330 0.1000000015
130198  -38.405  -55.914  -10.268 0.1000000015
20595  -38.143  -56.168  -10.815 0.1000000015
20613  -38.604  -55.994  -11.563 0.1000000015
20626  -38.437  -56.493  -12.393 0.1000000015
20627  -39.135  -56.313  -12.884 0.1000000015
110692  -39.763  -56.671  -13.409 0.1000000015
108224  -41.245  -56.258  -13.756 0.1000000015
21482  -41.506  -55.539  -13.412 0.1000000015
125168  -42.530  -55.884  -14.238 0.1000000015
20639  -43.033  -55.256  -13.910 0.1000000015
20660  -43.089  -56.161  -14.900 0.1000000015
20679  -43.894  -56.787  -16.606 0.1000000015
21527  -43.883  -55.994  -15.471 0.1000000015
9968  -39.694  -70.420  -10.421 0.2000000030
10635  -40.126  -69.706  -10.982 0.2000000030
10633  -38.176  -69.764  -10.959 0.2000000030
129445  -38.412  -68.412  -11.363 0.3000000119
10631  -36.349  -69.540  -10.946 0.2000000030
10642  -37.850  -69.044  -11.275 0.3000000119
11328  -37.735  -68.115  -11.335 0.3000000119
14206  -34.425  -64.056  -8.955 0.3000000119
12022  -36.544  -67.067  -11.203 0.3000000119
14988  -34.765  -63.810  -6.573 0.3000000119
123672  -34.318  -63.826  -7.302 0.3000000119
117777  -34.657  -64.899  -9.265 0.3000000119
13454  -34.841  -65.961  -10.290 0.3000000119
14976  -36.488  -63.555  -5.664 0.3000000119
14165  -36.127  -64.467  -6.019 0.3000000119
13446  -34.483  -65.765  -9.715 0.3000000119
12724  -35.143  -66.534  -10.840 0.2000000030
12021  -35.485  -67.283  -11.195 0.2000000030
14990  -37.895  -64.025  -6.028 0.2000000030
14977  -37.333  -63.395  -5.807 0.2000000030
128677  -38.054  -63.197  -6.124 0.3000000119
16552  -38.207  -61.783  -6.114 0.3000000119
16536  -37.743  -61.109  -5.856 0.3000000119
17343  -38.561  -61.140  -5.989 0.2000000030
18144  -38.128  -59.494  -5.576 0.1000000015
17330  -38.935  -60.531  -5.817 0.2000000030
18145  -39.238  -59.954  -5.674 0.1000000015
18146  -39.922  -59.522  -5.564 0.1000000015
18915  -41.321  -58.423  -5.352 0.1000000015
109856  -42.687  -58.829  -5.173 0.1000000015
18892  -44.318  -58.715  -4.795 0.1000000015
19688  -40.774  -57.553  -5.381 0.1000000015
19689  -41.652  -57.500  -5.357 0.1000000015
115063  -42.569  -57.177  -5.384 0.1000000015
19692  -45.423  -56.918  -5.310 0.1000000015
19677  -46.995  -57.849  -4.732 0.1000000015
18920  -48.618  -58.827  -5.579 0.1000000015
20500  -39.331  -56.378  -5.420 0.1000000015
20502  -40.868  -56.491  -5.449 0.1000000015
121418  -42.547  -56.271  -5.540 0.1000000015
20506  -44.816  -56.216  -5.636 0.1000000015
20508  -47.041  -56.665  -5.899 0.1000000015
19712  -47.792  -57.121  -6.308 0.1000000015
21348  -38.026  -55.410  -5.765 0.1000000015
22255  -39.626  -54.878  -6.040 0.1000000015
21364  -37.507  -55.074  -6.192 0.1000000015
22293  -37.613  -54.479  -7.439 0.2000000030
22312  -37.318  -54.579  -8.260 0.1000000015
21401  -38.908  -54.763  -8.542 0.1000000015
121396  -38.266  -55.607  -9.699 0.1000000015
110676  -38.966  -55.777  -10.002 0.1000000015
112523  -38.828  -55.802  -10.767 0.1000000015
21456  -39.371  -55.512  -11.406 0.1000000015
21470  -39.250  -55.761  -12.296 0.1000000015
112939  -39.927  -55.508  -12.634 0.1000000015
22349  -41.192  -54.955  -12.708 0.1000000015
22376  -41.941  -54.952  -13.058 0.1000000015
21506  -43.804  -55.237  -14.400 0.1000000015
21528  -44.567  -55.957  -15.920 0.1000000015
10624  -33.311  -69.274  -9.499 0.2000000030
10641  -36.987  -68.892  -11.226 0.3000000119
11327  -36.776  -68.023  -11.344 0.3000000119
11313  -32.929  -68.570  -9.283 0.2000000030
10625  -33.957  -69.579  -9.952 0.2000000030
10630  -35.385  -69.295  -10.868 0.2000000030
11319  -36.056  -68.700  -11.234 0.3000000119
11326  -35.953  -67.899  -11.309 0.3000000119
14171  -35.075  -64.820  -7.151 0.3000000119
14189  -34.665  -65.026  -7.898 0.3000000119
113596  -34.230  -65.951  -9.058 0.3000000119
14172  -35.777  -65.529  -6.723 0.3000000119
13434  -34.532  -66.086  -8.180 0.3000000119
12718  -34.117  -66.472  -10.087 0.3000000119
112534  -38.074  -65.489  -5.989 0.2000000030
14173  -36.647  -65.351  -6.211 0.3000000119
12723  -34.446  -66.719  -10.534 0.2000000030
12015  -34.595  -67.362  -10.926 0.2000000030
14175  -38.592  -64.613  -6.236 0.2000000030
14991  -38.669  -63.618  -6.324 0.2000000030
14176  -39.565  -64.737  -6.429 0.2000000030
15765  -38.671  -62.640  -6.332 0.3000000119
124933  -39.296  -64.050  -6.475 0.3000000119
16553  -39.033  -61.830  -6.307 0.3000000119
15766  -39.579  -62.529  -6.469 0.3000000119
15767  -40.245  -62.483  -6.445 0.2000000030
16555  -40.630  -62.039  -6.212 0.2000000030
17345  -40.322  -61.197  -5.893 0.2000000030
119791  -42.146  -60.157  -5.377 0.1000000015
21367  -41.726  -55.009  -6.074 0.1000000015
21354  -44.273  -55.601  -5.983 0.1000000015
21355  -45.059  -55.547  -6.214 0.1000000015
20542  -46.785  -55.723  -7.374 0.1000000015
22256  -40.373  -54.807  -6.156 0.1000000015
22272  -41.079  -54.565  -6.570 0.1000000015
22274  -42.995  -54.618  -6.783 0.1000000015
21390  -45.504  -55.312  -7.677 0.1000000015
22271  -40.007  -54.478  -6.747 0.1000000015
22297  -41.604  -54.443  -7.395 0.1000000015
21405  -42.841  -54.767  -7.972 0.1000000015
111125  -43.875  -55.422  -8.306 0.1000000015
22295  -39.310  -54.404  -7.343 0.1000000015
22315  -40.336  -54.571  -8.189 0.1000000015
21404  -41.708  -55.505  -9.034 0.1000000015
120960  -41.122  -55.376  -9.346 0.1000000015
21402  -39.801  -55.059  -8.876 0.1000000015
21420  -38.947  -55.333  -9.277 0.1000000015
21422  -40.408  -55.379  -9.492 0.1000000015
116147  -40.897  -55.540  -9.880 0.1000000015
21438  -40.233  -55.477  -10.189 0.1000000015
21437  -39.545  -55.571  -10.544 0.1000000015
111486  -40.223  -55.140  -11.117 0.1000000015
21457  -40.685  -54.776  -11.940 0.1000000015
11311  -32.329  -68.297  -7.594 0.3000000119
12009  -32.498  -67.736  -8.071 0.3000000119
12010  -32.764  -67.828  -8.862 0.3000000119
12012  -33.247  -67.768  -9.717 0.2000000030
11317  -33.598  -67.961  -10.288 0.2000000030
115073  -35.065  -68.275  -11.151 0.2000000030
12007  -32.826  -67.364  -8.400 0.3000000119
12715  -33.196  -67.242  -9.015 0.3000000119
119218  -34.924  -66.308  -7.367 0.3000000119
12713  -33.907  -66.558  -8.396 0.3000000119
123122  -33.645  -66.954  -9.654 0.3000000119
12013  -33.873  -67.309  -10.347 0.2000000030
12693  -37.700  -66.165  -5.704 0.2000000030
13420  -36.284  -66.027  -6.396 0.3000000119
12691  -36.011  -66.231  -6.277 0.3000000119
13421  -38.496  -65.924  -5.812 0.2000000030
12705  -39.229  -66.026  -5.784 0.2000000030
13423  -39.997  -65.503  -6.156 0.2000000030
128917  -40.384  -64.813  -6.489 0.2000000030
14177  -41.029  -64.499  -6.581 0.3000000119
14993  -40.931  -63.713  -6.642 0.2000000030
15768  -40.960  -62.859  -6.471 0.2000000030
20596  -42.074  -56.145  -9.907 0.1000000015
21439  -41.443  -55.447  -10.255 0.1000000015
21459  -41.935  -54.810  -11.000 0.1000000015
11303  -32.000  -68.025  -5.992 0.1000000015
11995  -31.899  -67.197  -5.694 0.2000000030
116612  -32.136  -68.126  -6.800 0.3000000119
12006  -32.299  -67.569  -7.289 0.3000000119
12690  -32.310  -66.592  -6.259 0.3000000119
126752  -32.704  -66.568  -6.946 0.3000000119
12704  -34.087  -66.462  -7.640 0.3000000119
13418  -34.383  -66.268  -6.876 0.3000000119
12692  -36.774  -66.157  -5.949 0.3000000119
112565  -35.279  -66.288  -6.656 0.3000000119
12686  -37.894  -66.840  -5.011 0.2000000030
12694  -38.583  -66.507  -5.459 0.2000000030
111664  -39.467  -66.714  -5.400 0.1000000015
11998  -40.899  -67.619  -5.082 0.1000000015
12707  -40.755  -66.041  -5.814 0.2000000030
13424  -41.115  -65.310  -6.293 0.2000000030
12708  -41.685  -66.015  -5.905 0.2000000030
119935  -41.801  -64.915  -6.414 0.3000000119
128253  -32.697  -66.267  -6.447 0.3000000119
13403  -33.618  -65.632  -5.894 0.3000000119
12685  -36.877  -66.551  -4.694 0.3000000119
13405  -35.554  -65.928  -5.572 0.3000000119
13404  -34.640  -65.912  -6.057 0.3000000119
11984  -37.368  -67.208  -4.133 0.2000000030
11985  -38.163  -67.809  -4.208 0.2000000030
121591  -38.817  -68.359  -4.192 0.1000000015
11987  -40.480  -68.576  -4.591 0.1000000015
11988  -41.485  -68.696  -4.672 0.1000000015
11999  -41.866  -67.667  -5.115 0.1000000015
12697  -42.228  -66.759  -5.522 0.1000000015
13378  -32.922  -65.045  -4.134 0.3000000119
13390  -33.721  -65.092  -4.823 0.3000000119
127890  -34.119  -65.397  -5.483 0.3000000119
14143  -34.253  -65.051  -4.412 0.3000000119
12673  -36.541  -66.897  -3.705 0.2000000030
12684  -36.134  -66.129  -4.425 0.3000000119
13391  -34.582  -65.339  -5.095 0.3000000119
109993  -37.500  -68.512  -3.402 0.2000000030
11972  -36.725  -68.021  -3.189 0.2000000030
10552  -38.471  -71.526  -2.180 0.1000000015
11281  -38.546  -70.658  -2.866 0.1000000015
10523  -38.463  -71.220  -1.337 0.1000000015
11282  -39.578  -70.780  -3.337 0.1000000015
11293  -40.041  -69.704  -4.058 0.1000000015
10554  -40.078  -71.483  -2.946 0.1000000015
11283  -40.568  -70.934  -3.585 0.1000000015
11294  -41.069  -69.828  -4.136 0.1000000015
119886  -42.087  -69.895  -4.255 0.1000000015
108582  -33.995  -65.346  -3.047 0.2000000030
12671  -34.764  -66.088  -2.696 0.2000000030
13380  -34.952  -65.404  -3.996 0.2000000030
11971  -36.019  -67.644  -2.762 0.2000000030
12672  -35.651  -66.512  -3.263 0.2000000030
11279  -36.810  -69.333  -2.506 0.1000000015
10532  -37.318  -71.145  -1.353 0.1000000015
10553  -39.218  -71.514  -2.588 0.1000000015
9897  -40.480  -71.521  -2.721 0.1000000015
113387  -40.886  -71.456  -3.122 0.1000000015
10556  -42.498  -71.108  -3.097 0.1000000015
10572  -42.669  -70.532  -3.706 0.1000000015
11260  -39.607  -70.624  -1.598 0.1000000015
11261  -40.487  -70.376  -2.075 0.1000000015
11262  -41.707  -70.395  -2.415 0.1000000015
10536  -42.678  -70.803  -2.769 0.1000000015
114850  -39.823  -69.291  -1.942 0.1000000015
11974  -40.435  -67.437  -2.956 0.1000000015
115976  -40.785  -68.817  -2.539 0.1000000015
12790  -38.361  -66.715  -13.722 0.4000000060
13497  -36.742  -65.250  -13.127 0.5000000000
13474  -36.313  -64.517  -12.697 0.5000000000
120029  -37.997  -65.987  -13.392 0.4000000060
12767  -37.062  -66.009  -13.580 0.6000000238
12049  -39.382  -66.615  -13.409 0.5000000000
10707  -42.407  -69.972  -16.815 0.5000000000
11388  -40.844  -68.755  -15.323 0.5000000000
10685  -40.377  -69.351  -16.054 0.5000000000
10706  -41.129  -70.073  -16.816 0.3000000119
10068  -41.048  -71.320  -17.707 0.5000000000
11370  -40.236  -68.139  -14.605 0.5000000000
10030  -43.865  -70.522  -16.983 0.5000000000
14243  -34.392  -64.728  -13.231 0.4000000060
11420  -35.257  -69.134  -17.461 0.4000000060
10719  -35.848  -69.545  -17.908 0.4000000060
11402  -34.664  -68.549  -16.973 0.4000000060
10651  -44.304  -69.511  -12.655 0.2000000030
13477  -39.012  -64.850  -11.952 0.5000000000
14227  -34.079  -64.135  -12.787 0.3000000119
12765  -35.167  -66.070  -13.842 0.4000000060
114615  -32.202  -59.988  -9.740 0.3000000119
16607  -32.220  -61.294  -11.544 0.4000000060
13495  -34.758  -65.377  -13.553 0.5000000000
12069  -35.889  -67.403  -14.680 0.6000000238
12092  -37.330  -68.102  -14.994 0.6000000238
124416  -38.259  -68.080  -14.888 0.6000000238
12072  -38.760  -67.439  -14.145 0.6000000238
11387  -39.749  -68.718  -15.388 0.5000000000
13515  -33.825  -65.187  -13.979 0.4000000060
12091  -36.391  -68.084  -15.121 0.6000000238
11406  -38.321  -69.265  -16.093 0.5000000000
116356  -38.756  -68.690  -15.459 0.5000000000
11407  -39.299  -69.280  -16.046 0.5000000000
15838  -32.374  -62.615  -12.752 0.4000000060
12068  -34.860  -67.216  -14.890 0.5000000000
11384  -35.946  -68.598  -15.808 0.4000000060
12090  -35.417  -67.933  -15.347 0.5000000000
113937  -31.972  -61.942  -13.047 0.4000000060
17418  -31.896  -60.375  -12.794 0.3000000119
14255  -32.651  -63.842  -14.595 0.5000000000
12785  -33.722  -65.768  -14.750 0.5000000000
12800  -33.646  -66.162  -15.472 0.5000000000
11403  -35.006  -68.335  -16.102 0.4000000060
13525  -33.390  -65.492  -15.356 0.5000000000
12101  -34.210  -67.750  -16.519 0.4000000060
12100  -33.894  -66.973  -16.388 0.4000000060
14282  -32.992  -64.129  -15.968 0.4000000060
13457  -38.322  -64.641  -11.315 0.5000000000
13478  -39.588  -65.238  -11.922 0.4000000060
11371  -41.324  -68.220  -14.464 0.5000000000
12050  -40.351  -66.711  -13.137 0.5000000000
17355  -32.840  -60.472  -7.642 0.3000000119
18932  -33.681  -59.027  -6.826 0.2000000030
18175  -32.400  -59.566  -8.802 0.3000000119
18201  -31.969  -59.332  -10.575 0.4000000060
18968  -32.366  -58.624  -9.254 0.3000000119
18948  -33.084  -57.700  -8.331 0.3000000119
19763  -32.491  -57.674  -10.469 0.3000000119
112129  -32.118  -58.338  -11.031 0.3000000119
109136  -31.872  -59.708  -12.236 0.3000000119
111591  -32.100  -60.885  -14.053 0.3000000119
16632  -31.940  -61.068  -13.338 0.3000000119
15079  -32.523  -63.142  -15.132 0.3000000119
17433  -32.137  -60.217  -13.669 0.3000000119
17440  -32.691  -60.322  -14.591 0.3000000119
15863  -32.498  -62.323  -15.217 0.3000000119
15864  -32.932  -62.587  -15.775 0.3000000119
15877  -33.459  -62.900  -16.417 0.3000000119
15089  -33.328  -63.722  -16.544 0.4000000060
113065  -35.073  -61.079  -15.850 0.2000000030
13456  -37.778  -64.489  -10.952 0.4000000060
13465  -39.042  -65.173  -11.242 0.5000000000
121686  -40.666  -66.699  -12.177 0.4000000060
18911  -35.007  -58.991  -5.929 0.2000000030
18933  -34.317  -58.566  -6.358 0.2000000030
19685  -35.678  -57.557  -5.668 0.1000000015
20548  -33.406  -56.744  -8.791 0.2000000030
20540  -34.281  -56.481  -7.473 0.2000000030
19764  -33.192  -56.883  -10.699 0.2000000030
19786  -33.120  -57.659  -12.274 0.2000000030
19770  -32.722  -57.551  -11.399 0.2000000030
19034  -33.129  -58.563  -13.487 0.2000000030
117481  -34.470  -55.849  -9.985 0.2000000030
19787  -34.083  -57.455  -12.397 0.1000000015
18256  -33.325  -59.559  -14.509 0.2000000030
19772  -34.617  -57.052  -11.783 0.1000000015
19010  -34.594  -57.952  -12.950 0.1000000015
19035  -34.096  -58.439  -13.523 0.2000000030
18257  -34.167  -59.471  -14.557 0.2000000030
19011  -35.567  -58.011  -12.874 0.1000000015
18258  -35.143  -59.570  -14.407 0.1000000015
18244  -35.628  -59.129  -13.814 0.1000000015
17461  -35.980  -60.766  -15.321 0.1000000015
18259  -36.104  -59.718  -14.244 0.1000000015
17444  -36.518  -60.322  -14.682 0.1000000015
19038  -37.057  -58.622  -13.373 0.1000000015
10646  -42.594  -69.146  -11.407 0.3000000119
11332  -42.063  -68.265  -11.900 0.3000000119
11329  -39.203  -68.186  -11.460 0.3000000119
12024  -39.780  -67.062  -11.371 0.3000000119
11331  -41.049  -68.040  -11.904 0.3000000119
12026  -40.965  -67.652  -12.045 0.3000000119
12739  -40.597  -66.686  -11.954 0.3000000119
12738  -40.006  -66.147  -11.513 0.3000000119
112889  -39.482  -65.645  -11.199 0.3000000119
111520  -38.376  -66.748  -11.064 0.3000000119
12737  -38.829  -65.764  -10.922 0.3000000119
13455  -36.972  -64.423  -10.666 0.4000000060
14210  -35.863  -63.682  -10.207 0.4000000060
114259  -34.245  -63.056  -6.422 0.4000000060
16534  -35.112  -61.684  -5.537 0.3000000119
16535  -36.823  -61.251  -5.673 0.3000000119
120006  -37.308  -58.437  -5.427 0.1000000015
113197  -36.254  -56.886  -5.585 0.1000000015
20498  -36.714  -56.155  -5.662 0.1000000015
21396  -34.581  -55.552  -8.705 0.2000000030
21363  -36.601  -55.422  -6.213 0.1000000015
21397  -35.257  -55.131  -8.918 0.1000000015
21417  -35.607  -55.313  -9.576 0.1000000015
20609  -35.137  -56.646  -11.225 0.1000000015
20593  -36.505  -56.344  -10.700 0.1000000015
20594  -37.359  -56.359  -10.746 0.1000000015
19774  -36.517  -57.269  -11.974 0.1000000015
20612  -37.776  -56.544  -11.565 0.1000000015
19791  -38.017  -57.238  -12.834 0.1000000015
21481  -40.513  -55.777  -13.236 0.1000000015
10643  -38.691  -69.075  -11.316 0.2000000030
124914  -41.027  -69.588  -11.080 0.2000000030
128879  -38.063  -67.440  -11.229 0.3000000119
14989  -35.378  -64.229  -6.326 0.3000000119
14975  -35.652  -63.487  -5.756 0.3000000119
17329  -38.089  -60.372  -5.737 0.1000000015
110417  -39.041  -58.190  -5.403 0.1000000015
18913  -38.969  -59.193  -5.549 0.1000000015
18914  -40.410  -58.572  -5.413 0.1000000015
110416  -39.857  -57.871  -5.393 0.1000000015
113485  -38.400  -57.573  -5.345 0.1000000015
121399  -38.547  -56.704  -5.380 0.1000000015
121379  -40.029  -56.937  -5.423 0.1000000015
120008  -38.647  -55.844  -5.508 0.1000000015
22268  -37.066  -54.727  -6.796 0.1000000015
21418  -36.483  -55.312  -9.604 0.1000000015
21419  -37.409  -55.441  -9.597 0.1000000015
10634  -39.113  -69.758  -10.952 0.2000000030
9966  -37.652  -70.355  -10.506 0.2000000030
10632  -37.273  -69.686  -10.952 0.2000000030
14200  -34.466  -65.065  -8.614 0.3000000119
118949  -37.002  -64.359  -5.847 0.3000000119
14174  -37.581  -64.996  -6.086 0.3000000119
121580  -38.672  -59.934  -5.674 0.1000000015
17344  -39.389  -61.182  -6.016 0.2000000030
17331  -39.715  -60.471  -5.753 0.1000000015
114674  -40.553  -60.282  -5.630 0.1000000015
112319  -40.931  -59.381  -5.458 0.1000000015
18148  -41.942  -59.275  -5.340 0.1000000015
18916  -42.203  -58.220  -5.279 0.1000000015
18917  -43.425  -58.828  -4.991 0.1000000015
108835  -43.060  -58.058  -5.262 0.1000000015
19675  -44.870  -57.826  -4.938 0.1000000015
18918  -43.931  -57.964  -5.147 0.1000000015
128578  -41.270  -57.031  -5.408 0.1000000015
19690  -43.530  -57.190  -5.364 0.1000000015
20504  -43.208  -56.387  -5.525 0.1000000015
130224  -46.045  -57.095  -5.253 0.1000000015
121512  -46.223  -56.600  -5.615 0.1000000015
19694  -47.466  -57.440  -5.468 0.1000000015
18919  -47.944  -58.209  -5.036 0.1000000015
19695  -48.241  -57.946  -5.899 0.1000000015
20501  -40.100  -56.023  -5.481 0.1000000015
20503  -41.782  -56.552  -5.480 0.1000000015
21351  -41.378  -55.698  -5.634 0.1000000015
20505  -43.983  -56.364  -5.564 0.1000000015
21352  -42.182  -55.648  -5.732 0.1000000015
20507  -45.644  -56.065  -5.858 0.1000000015
20526  -47.328  -56.314  -6.784 0.1000000015
18942  -49.078  -58.382  -7.316 0.1000000015
22270  -38.906  -54.603  -6.542 0.1000000015
21366  -40.926  -55.067  -5.893 0.1000000015
22269  -37.946  -54.610  -6.688 0.1000000015
129961  -38.893  -54.468  -7.889 0.1000000015
21421  -39.661  -55.535  -9.712 0.1000000015
110702  -39.939  -55.207  -12.011 0.1000000015
11315  -33.523  -68.641  -10.109 0.2000000030
10616  -32.575  -68.473  -8.424 0.3000000119
10629  -34.396  -69.015  -10.632 0.2000000030
13435  -35.152  -65.918  -7.462 0.3000000119
129789  -33.995  -66.360  -9.570 0.3000000119
12716  -33.730  -66.716  -9.038 0.3000000119
13406  -37.141  -65.765  -6.058 0.3000000119
13422  -38.982  -65.392  -6.106 0.2000000030
14992  -40.140  -64.031  -6.641 0.3000000119
16554  -39.856  -61.867  -6.273 0.2000000030
17332  -41.052  -60.848  -5.688 0.1000000015
17333  -41.842  -60.988  -5.610 0.2000000030
18147  -41.414  -60.162  -5.504 0.1000000015
21369  -43.555  -55.122  -6.325 0.1000000015
21370  -44.460  -55.059  -6.673 0.1000000015
20543  -47.466  -56.201  -7.716 0.1000000015
22298  -42.479  -54.523  -7.382 0.1000000015
21389  -44.563  -54.944  -7.536 0.1000000015
22299  -43.625  -54.805  -7.743 0.1000000015
22296  -40.711  -54.390  -7.418 0.1000000015
22316  -41.139  -54.592  -8.169 0.1000000015
21403  -40.706  -55.000  -8.830 0.1000000015
20564  -41.550  -55.737  -9.670 0.1000000015
121363  -40.758  -55.210  -10.475 0.1000000015
12702  -32.372  -66.986  -6.947 0.3000000119
12711  -32.680  -67.078  -7.672 0.3000000119
12712  -33.250  -66.958  -8.358 0.3000000119
13419  -35.572  -66.176  -6.845 0.3000000119
12706  -39.953  -66.182  -5.717 0.2000000030
14178  -41.639  -64.207  -6.501 0.2000000030
14994  -41.507  -63.518  -6.460 0.2000000030
15769  -41.847  -62.919  -6.179 0.2000000030
129073  -32.240  -68.678  -6.283 0.1000000015
12689  -32.078  -66.380  -5.316 0.2000000030
12004  -32.116  -67.377  -6.516 0.3000000119
12703  -33.279  -66.670  -7.619 0.3000000119
13417  -33.253  -66.187  -6.777 0.3000000119
112169  -37.177  -66.407  -5.371 0.3000000119
13392  -36.467  -66.234  -5.477 0.3000000119
11996  -38.900  -67.409  -4.862 0.2000000030
12695  -40.377  -66.765  -5.424 0.1000000015
11997  -39.926  -67.528  -4.985 0.1000000015
12696  -41.314  -66.760  -5.490 0.2000000030
12683  -32.420  -65.676  -4.758 0.3000000119
13389  -33.006  -65.336  -5.068 0.3000000119
11986  -39.543  -68.435  -4.438 0.1000000015
11292  -39.123  -69.486  -3.787 0.1000000015
11973  -38.295  -69.091  -3.550 0.1000000015
11304  -42.405  -68.766  -4.750 0.1000000015
13379  -33.822  -64.922  -3.912 0.3000000119
11280  -37.625  -69.945  -2.672 0.1000000015
10551  -37.749  -71.148  -2.033 0.1000000015
9885  -39.318  -71.305  -1.683 0.1000000015
10571  -41.686  -71.038  -3.570 0.1000000015
11950  -35.246  -67.319  -2.129 0.2000000030
10531  -36.681  -70.786  -0.985 0.1000000015
10534  -40.852  -71.240  -2.506 0.1000000015
9410  -41.666  -71.670  -17.930 0.3000000119
8195  -41.775  -73.172  -17.968 0.3000000119
8807  -41.605  -72.640  -18.185 0.3000000119
5950  -37.362  -77.503  -17.264 0.2000000030
6480  -35.926  -77.558  -16.612 0.2000000030
7600  -40.730  -74.034  -17.509 0.4000000060
7051  -39.428  -75.231  -17.801 0.3000000119
9429  -41.332  -72.241  -18.213 0.4000000060
7052  -39.988  -74.708  -18.080 0.3000000119
6484  -39.030  -75.309  -17.464 0.3000000119
9428  -40.800  -71.833  -18.110 0.4000000060
8215  -40.428  -73.428  -18.492 0.4000000060
6500  -39.052  -75.941  -17.836 0.3000000119
5965  -37.643  -77.503  -17.622 0.2000000030
9448  -40.488  -72.412  -18.416 0.4000000060
8824  -40.927  -72.839  -18.458 0.4000000060
7063  -39.471  -75.587  -18.306 0.4000000060
10067  -39.966  -71.342  -17.874 0.4000000060
10045  -39.137  -70.707  -17.690 0.4000000060
7631  -39.879  -74.152  -18.567 0.4000000060
114825  -38.622  -76.574  -17.905 0.3000000119
5987  -37.751  -77.674  -18.052 0.3000000119
9427  -39.769  -71.801  -18.334 0.4000000060
8214  -39.685  -73.770  -18.775 0.4000000060
7076  -39.300  -75.784  -19.007 0.3000000119
6524  -38.286  -77.054  -18.454 0.4000000060
10044  -38.071  -70.464  -17.907 0.4000000060
114838  -39.503  -73.560  -18.822 0.4000000060
7075  -38.992  -76.202  -19.456 0.3000000119
125029  -38.869  -71.730  -18.628 0.4000000060
9447  -39.469  -72.413  -18.636 0.4000000060
8213  -38.929  -73.993  -19.317 0.4000000060
10733  -37.103  -70.195  -18.091 0.4000000060
7629  -38.621  -74.894  -20.061 0.3000000119
10085  -37.974  -71.320  -18.875 0.4000000060
112340  -38.305  -72.243  -19.075 0.4000000060
10065  -37.569  -70.674  -18.542 0.4000000060
9463  -37.439  -71.634  -19.403 0.4000000060
8821  -38.053  -73.325  -19.486 0.4000000060
7628  -37.896  -75.225  -20.732 0.3000000119
8839  -37.232  -72.477  -19.698 0.4000000060
8212  -37.943  -74.363  -20.137 0.3000000119
7649  -37.343  -75.943  -21.360 0.2000000030
10732  -36.268  -69.896  -18.307 0.3000000119
10747  -36.607  -70.271  -18.748 0.4000000060
9446  -36.931  -70.885  -19.291 0.4000000060
9462  -36.612  -71.631  -19.912 0.4000000060
8232  -37.040  -74.968  -20.982 0.2000000030
128744  -35.865  -76.967  -22.092 0.3000000119
11431  -35.047  -69.228  -18.280 0.3000000119
129287  -35.610  -69.570  -18.530 0.3000000119
10746  -35.746  -69.801  -19.012 0.3000000119
8838  -36.211  -72.737  -20.328 0.3000000119
8231  -35.845  -74.301  -21.103 0.2000000030
112574  -36.937  -73.668  -20.169 0.2000000030
7648  -36.138  -76.106  -21.913 0.2000000030
7092  -35.380  -76.884  -21.532 0.2000000030
11443  -34.967  -69.246  -19.099 0.3000000119
10084  -36.040  -70.274  -19.409 0.4000000060
12118  -33.843  -67.974  -18.385 0.3000000119
10083  -35.506  -69.824  -19.625 0.2000000030
10100  -35.403  -70.883  -20.739 0.2000000030
7105  -35.277  -76.592  -22.158 0.2000000030
11452  -34.451  -68.397  -20.476 0.2000000030
10762  -35.058  -69.608  -20.195 0.2000000030
8837  -35.554  -72.869  -21.050 0.1000000015
7647  -35.147  -75.749  -22.243 0.1000000015
12126  -33.710  -67.080  -18.876 0.2000000030
12127  -33.970  -67.786  -19.315 0.3000000119
11442  -34.373  -68.468  -19.645 0.3000000119
13547  -33.820  -65.180  -18.544 0.2000000030
12835  -33.747  -66.341  -19.162 0.1000000015
12134  -34.237  -67.614  -20.191 0.2000000030
10778  -34.878  -70.104  -20.910 0.1000000015
9474  -35.434  -71.768  -21.257 0.1000000015
8230  -35.196  -74.186  -21.858 0.1000000015
13563  -33.724  -65.725  -18.900 0.2000000030
12836  -34.032  -66.736  -19.793 0.2000000030
10761  -34.656  -69.201  -20.707 0.1000000015
10110  -35.073  -70.941  -21.473 0.1000000015
8853  -35.316  -72.837  -21.801 0.1000000015
8264  -34.470  -75.215  -22.587 0.1000000015
7665  -34.116  -75.537  -21.522 0.1000000015
13589  -34.537  -65.880  -20.394 0.1000000015
12851  -34.448  -66.717  -20.740 0.2000000030
12142  -34.471  -67.627  -21.091 0.1000000015
11472  -34.743  -68.928  -22.024 0.1000000015
10790  -34.955  -69.650  -22.302 0.1000000015
8862  -34.891  -73.944  -22.580 0.1000000015
7683  -34.233  -75.223  -22.637 0.1000000015
8250  -33.587  -74.567  -21.504 0.1000000015
12143  -34.860  -67.412  -21.833 0.1000000015
10121  -35.250  -70.591  -22.541 0.1000000015
8262  -33.889  -74.969  -23.174 0.1000000015
9493  -35.391  -71.698  -22.841 0.1000000015
13426  -43.001  -65.031  -6.056 0.2000000030
14301  -34.082  -64.115  -18.043 0.2000000030
14323  -34.184  -64.493  -18.579 0.1000000015
114289  -34.129  -65.794  -19.598 0.1000000015
13565  -34.709  -65.182  -19.970 0.1000000015
12852  -35.074  -65.955  -21.273 0.1000000015
14357  -35.341  -64.722  -20.161 0.1000000015
12867  -34.770  -66.829  -21.416 0.1000000015
12154  -34.902  -68.169  -22.160 0.1000000015
8263  -34.121  -74.997  -22.999 0.1000000015
11473  -35.258  -68.897  -22.594 0.1000000015
7615  -40.661  -73.884  -18.219 0.3000000119
6482  -37.857  -76.889  -17.363 0.3000000119
5966  -38.099  -77.030  -17.732 0.3000000119
8823  -40.043  -73.105  -18.656 0.4000000060
122449  -39.002  -76.358  -18.558 0.3000000119
10066  -38.763  -71.111  -18.278 0.4000000060
108387  -39.279  -74.528  -19.243 0.4000000060
7651  -39.040  -75.485  -19.776 0.3000000119
10101  -36.052  -70.857  -20.024 0.2000000030
11430  -34.354  -68.653  -18.776 0.3000000119
111969  -35.185  -69.494  -19.548 0.3000000119
9461  -35.847  -71.721  -20.576 0.2000000030
11453  -34.724  -69.059  -19.925 0.2000000030
125412  -35.490  -70.211  -20.172 0.2000000030
7091  -34.741  -76.371  -21.497 0.1000000015
10777  -34.663  -69.456  -21.512 0.1000000015
9483  -35.179  -71.803  -21.971 0.1000000015
7666  -34.751  -75.962  -22.317 0.1000000015
13564  -34.288  -65.004  -19.211 0.1000000015
11464  -34.555  -68.533  -21.366 0.1000000015
10109  -34.814  -70.310  -21.791 0.1000000015
126630  -34.986  -71.080  -22.109 0.1000000015
7664  -33.846  -75.226  -22.401 0.1000000015
12879  -35.343  -66.613  -21.995 0.1000000015
13590  -35.180  -65.243  -20.641 0.1000000015
9394  -43.610  -71.936  -15.532 0.3000000119
8771  -43.140  -72.575  -15.974 0.2000000030
8770  -42.205  -72.855  -15.953 0.3000000119
8783  -42.420  -72.943  -16.378 0.2000000030
10690  -44.369  -69.963  -15.005 0.4000000060
9395  -44.095  -71.443  -15.639 0.2000000030
10689  -44.295  -69.936  -15.630 0.4000000060
8772  -43.832  -72.108  -16.094 0.3000000119
8781  -40.791  -73.661  -16.461 0.2000000030
10709  -44.104  -70.133  -16.382 0.4000000060
8784  -43.165  -72.470  -16.442 0.2000000030
8171  -41.087  -73.807  -16.733 0.2000000030
8780  -39.585  -73.599  -16.464 0.1000000015
8793  -42.950  -72.309  -17.162 0.3000000119
8169  -38.556  -73.888  -16.532 0.1000000015
7585  -37.443  -74.950  -16.508 0.1000000015
7586  -38.390  -74.795  -16.807 0.1000000015
7038  -35.798  -75.121  -15.967 0.1000000015
123814  -36.583  -74.993  -16.203 0.1000000015
122602  -37.184  -75.889  -16.529 0.1000000015
128242  -36.400  -75.824  -16.246 0.1000000015
10048  -43.351  -71.025  -17.350 0.3000000119
8172  -41.806  -73.447  -16.774 0.2000000030
7587  -39.621  -74.542  -17.184 0.2000000030
8170  -40.284  -74.115  -16.839 0.2000000030
126404  -38.862  -75.163  -17.197 0.2000000030
117944  -35.757  -76.224  -16.168 0.1000000015
7021  -34.987  -75.332  -15.789 0.1000000015
10047  -42.621  -71.020  -17.626 0.2000000030
8808  -42.688  -71.599  -17.560 0.3000000119
7589  -41.196  -73.880  -16.980 0.2000000030
7036  -33.697  -76.303  -15.864 0.1000000015
7037  -34.828  -76.615  -16.107 0.1000000015
8792  -42.211  -72.449  -17.771 0.3000000119
7599  -39.820  -74.582  -17.459 0.3000000119
10028  -42.114  -70.583  -17.401 0.2000000030
122996  -38.105  -76.262  -17.233 0.2000000030
114652  -37.633  -76.635  -16.958 0.1000000015
6479  -34.283  -77.533  -16.392 0.1000000015
5949  -36.774  -78.167  -17.272 0.1000000015
9430  -42.001  -71.975  -17.963 0.2000000030
5948  -36.026  -78.703  -17.376 0.1000000015
123275  -33.888  -78.188  -16.739 0.1000000015
5947  -34.983  -78.853  -17.280 0.1000000015
108915  -41.919  -71.126  -17.712 0.2000000030
5964  -37.298  -78.155  -17.756 0.1000000015
5986  -37.194  -78.217  -18.251 0.1000000015
5960  -32.447  -78.877  -17.274 0.1000000015
5961  -34.046  -79.072  -17.380 0.1000000015
5962  -35.812  -79.210  -18.104 0.1000000015
4973  -34.182  -79.703  -18.534 0.1000000015
10029  -43.062  -70.521  -17.282 0.3000000119
9403  -44.117  -71.356  -16.291 0.3000000119
8785  -43.708  -71.870  -16.708 0.2000000030
7601  -41.543  -73.597  -17.391 0.3000000119
6481  -36.752  -76.916  -16.643 0.1000000015
123442  -35.244  -78.003  -16.670 0.1000000015
8173  -42.536  -72.904  -16.762 0.2000000030
8180  -42.236  -73.097  -17.349 0.3000000119
7039  -38.104  -75.751  -16.952 0.1000000015
5946  -32.964  -78.195  -16.774 0.1000000015
111131  -34.787  -79.586  -18.006 0.1000000015
5945  -31.853  -77.902  -16.709 0.1000000015
5467  -33.921  -79.744  -17.957 0.1000000015
6523  -37.599  -77.413  -18.683 0.2000000030
108152  -35.765  -78.719  -18.652 0.1000000015
5983  -34.794  -78.548  -18.897 0.1000000015
5982  -33.748  -78.390  -19.142 0.1000000015
6522  -36.941  -77.551  -18.783 0.2000000030
6521  -36.356  -77.718  -18.901 0.2000000030
6520  -35.156  -77.140  -18.814 0.1000000015
5981  -32.755  -77.882  -19.380 0.1000000015
7062  -35.763  -76.685  -19.098 0.1000000015
128068  -36.419  -77.106  -18.993 0.1000000015
6519  -34.065  -77.017  -18.667 0.1000000015
113616  -34.135  -75.915  -18.655 0.1000000015
125366  -37.969  -77.118  -19.239 0.2000000030
6539  -37.367  -77.161  -19.568 0.2000000030
7061  -34.788  -75.919  -18.874 0.1000000015
6538  -36.525  -76.896  -19.765 0.1000000015
7095  -38.542  -76.333  -20.254 0.2000000030
6558  -37.993  -76.988  -20.155 0.2000000030
6557  -37.169  -77.123  -20.793 0.2000000030
7074  -35.113  -76.086  -19.968 0.1000000015
7650  -38.242  -75.751  -20.683 0.2000000030
127009  -36.180  -77.076  -21.288 0.1000000015
5985  -36.597  -78.650  -18.397 0.1000000015
9378  -44.181  -70.854  -15.083 0.2000000030
9393  -42.577  -72.079  -15.440 0.1000000015
117554  -41.567  -68.967  -11.533 0.2000000030
10637  -43.089  -69.944  -10.805 0.1000000015
10618  -33.660  -70.001  -9.173 0.1000000015
9958  -39.126  -71.024  -9.875 0.1000000015
9964  -35.795  -70.093  -10.474 0.1000000015
9967  -38.615  -70.401  -10.464 0.1000000015
9940  -33.510  -70.276  -8.286 0.2000000030
9953  -34.480  -70.350  -9.569 0.1000000015
9322  -37.520  -71.493  -9.441 0.1000000015
10617  -32.965  -69.405  -8.670 0.2000000030
9955  -36.226  -70.737  -10.004 0.1000000015
9956  -37.123  -70.900  -10.026 0.1000000015
9957  -38.079  -70.994  -9.982 0.1000000015
9991  -44.366  -69.798  -14.344 0.2000000030
9965  -36.725  -70.252  -10.521 0.1000000015
10626  -34.857  -69.865  -10.287 0.1000000015
10605  -32.600  -69.116  -7.795 0.2000000030
10636  -42.015  -69.794  -10.854 0.1000000015
9323  -38.534  -71.598  -9.381 0.1000000015
9954  -35.354  -70.563  -9.859 0.1000000015
9942  -35.072  -71.051  -9.165 0.1000000015
10004  -44.040  -70.497  -14.325 0.1000000015
9377  -43.933  -71.262  -14.953 0.1000000015
117646  -33.176  -65.123  -3.254 0.1000000015
123368  -32.580  -65.334  -3.372 0.1000000015
12670  -32.194  -65.642  -3.857 0.1000000015
12669  -31.668  -66.305  -3.528 0.1000000015
110890  -31.512  -68.222  -4.144 0.1000000015
12682  -31.842  -66.321  -4.398 0.1000000015
13348  -32.696  -65.632  -1.631 0.1000000015
12655  -32.021  -65.786  -2.171 0.1000000015
116850  -31.567  -66.357  -2.703 0.1000000015
108664  -31.275  -68.187  -2.728 0.1000000015
13365  -33.294  -65.430  -2.379 0.1000000015
13363  -32.045  -65.690  -3.020 0.1000000015
11970  -31.355  -66.946  -3.208 0.1000000015
11278  -31.327  -67.751  -3.311 0.1000000015
107822  -31.555  -69.274  -3.990 0.1000000015
13366  -33.979  -65.881  -2.086 0.1000000015
11934  -31.349  -67.336  -1.525 0.1000000015
12637  -31.992  -65.956  -1.328 0.1000000015
12654  -31.554  -66.481  -1.865 0.1000000015
11949  -31.295  -67.300  -2.478 0.1000000015
13349  -33.441  -65.811  -1.555 0.1000000015
10530  -31.282  -68.993  -2.526 0.1000000015
12656  -34.507  -66.658  -1.830 0.1000000015
12628  -32.257  -66.181  -0.046 0.1000000015
126859  -31.963  -66.158  -0.671 0.1000000015
12636  -31.610  -66.581  -1.041 0.1000000015
12638  -33.223  -65.980  -0.681 0.1000000015
12639  -34.020  -66.516  -0.943 0.1000000015
11935  -34.853  -67.465  -1.084 0.1000000015
11951  -35.765  -68.584  -1.826 0.1000000015
14179  -42.331  -64.628  -6.282 0.1000000015
14978  -42.606  -63.444  -5.883 0.1000000015
110285  -43.161  -62.215  -5.285 0.1000000015
11936  -35.376  -68.382  -0.483 0.1000000015
11952  -36.242  -68.732  -2.382 0.1000000015
12709  -42.492  -66.003  -5.921 0.1000000015
124781  -41.288  -62.272  -6.145 0.1000000015
16538  -41.860  -61.974  -5.850 0.1000000015
118939  -43.519  -65.248  -5.508 0.1000000015
16522  -44.436  -61.565  -4.480 0.1000000015
16539  -42.557  -61.581  -5.483 0.1000000015
16521  -43.788  -61.936  -4.825 0.1000000015
13341  -32.489  -65.895  -0.702 0.1000000015
12627  -31.710  -66.627  -0.246 0.1000000015
11925  -31.431  -67.386  -0.641 0.1000000015
11302  -31.777  -67.999  -5.076 0.1000000015
123372  -32.123  -68.825  -5.569 0.1000000015
11994  -31.687  -67.081  -4.855 0.1000000015
15748  -42.504  -62.531  -5.707 0.1000000015
11983  -31.473  -67.160  -4.004 0.1000000015
11291  -31.864  -68.985  -4.753 0.1000000015
111241  -43.071  -63.030  -5.528 0.1000000015
16540  -43.331  -61.197  -5.055 0.1000000015
15101  -34.402  -63.509  -17.723 0.1000000015
15102  -35.329  -63.154  -17.904 0.1000000015
15888  -34.782  -62.819  -17.333 0.1000000015
9986  -40.577  -71.078  -13.309 0.1000000015
10000  -40.211  -71.064  -14.203 0.1000000015
9374  -40.615  -71.371  -14.935 0.1000000015
9985  -39.541  -71.097  -13.835 0.1000000015
10001  -41.092  -71.017  -14.210 0.1000000015
9346  -40.131  -71.621  -12.573 0.1000000015
9362  -41.755  -71.050  -12.941 0.1000000015
9987  -41.632  -70.961  -13.555 0.1000000015
9345  -39.119  -71.740  -12.683 0.1000000015
8730  -39.672  -72.326  -12.067 0.1000000015
9347  -41.318  -71.475  -12.479 0.1000000015
8731  -40.893  -72.127  -12.065 0.1000000015
4873  -37.730  -79.297  -8.766 0.1000000015
5391  -38.406  -78.661  -9.238 0.1000000015
5413  -37.846  -78.222  -12.455 0.1000000015
5918  -37.573  -77.606  -12.338 0.1000000015
128082  -37.165  -76.925  -12.085 0.1000000015
9375  -41.750  -71.388  -14.911 0.1000000015
6444  -35.643  -76.994  -12.309 0.1000000015
6430  -37.297  -76.275  -11.789 0.1000000015
8729  -38.707  -72.232  -12.296 0.1000000015
8717  -38.819  -72.800  -11.821 0.1000000015
9392  -41.345  -71.991  -15.532 0.1000000015
6428  -35.161  -76.108  -11.876 0.1000000015
110593  -35.727  -75.299  -11.575 0.1000000015
7532  -36.522  -74.594  -11.491 0.1000000015
8716  -37.443  -72.965  -11.825 0.1000000015
123354  -38.160  -73.104  -11.720 0.1000000015
8718  -39.739  -73.151  -11.586 0.1000000015
8769  -41.109  -72.854  -16.014 0.1000000015
7531  -35.659  -74.457  -11.524 0.1000000015
8108  -37.785  -73.677  -11.548 0.1000000015
8109  -38.825  -73.670  -11.493 0.1000000015
5392  -38.789  -78.650  -10.138 0.1000000015
5397  -38.960  -78.551  -11.261 0.1000000015
5402  -38.985  -78.166  -11.884 0.1000000015
9988  -42.835  -70.897  -13.223 0.1000000015
10002  -42.251  -70.995  -14.177 0.1000000015
5414  -38.502  -78.159  -12.167 0.1000000015
5919  -38.384  -77.648  -12.174 0.1000000015
6990  -37.517  -75.146  -11.512 0.1000000015
7533  -37.355  -74.306  -11.473 0.1000000015
127402  -38.212  -75.278  -11.529 0.1000000015
7534  -38.254  -74.572  -11.459 0.1000000015
5383  -38.058  -78.515  -8.616 0.1000000015
5382  -37.484  -78.106  -8.296 0.1000000015
5880  -36.716  -77.678  -7.913 0.1000000015
9977  -43.671  -70.775  -12.387 0.1000000015
5393  -39.451  -78.178  -10.507 0.1000000015
9989  -44.009  -70.386  -13.201 0.1000000015
5398  -39.448  -77.901  -11.423 0.1000000015
8732  -42.155  -72.006  -11.793 0.1000000015
10003  -43.472  -70.902  -14.118 0.1000000015
6431  -38.857  -76.956  -11.852 0.1000000015
107889  -38.216  -76.018  -11.689 0.1000000015
129554  -37.433  -75.745  -11.634 0.1000000015
7535  -39.330  -74.642  -11.453 0.1000000015
8110  -39.938  -74.008  -11.371 0.1000000015
116547  -38.913  -75.386  -11.566 0.1000000015
9348  -42.732  -71.261  -12.223 0.1000000015
129476  -38.548  -78.276  -8.887 0.1000000015
5891  -38.367  -77.723  -8.608 0.1000000015
6409  -36.589  -76.720  -7.809 0.1000000015
6408  -35.104  -76.974  -7.152 0.1000000015
9349  -43.586  -71.061  -11.722 0.1000000015
128633  -39.155  -78.075  -9.310 0.1000000015
9376  -43.011  -71.407  -14.870 0.1000000015
125100  -40.712  -72.790  -11.645 0.1000000015
5903  -39.111  -77.583  -11.822 0.1000000015
118364  -39.897  -75.470  -11.550 0.1000000015
117741  -39.400  -76.203  -11.684 0.1000000015
6419  -37.499  -77.098  -8.198 0.1000000015
130236  -41.669  -72.567  -11.582 0.1000000015
9990  -44.308  -70.016  -13.811 0.1000000015
129230  -40.191  -74.795  -11.426 0.1000000015
8111  -41.664  -73.965  -10.955 0.1000000015
6433  -40.344  -76.680  -11.334 0.1000000015
5904  -39.824  -77.257  -11.399 0.1000000015
6432  -39.674  -76.830  -11.598 0.1000000015
109774  -41.758  -73.206  -11.221 0.1000000015
8720  -43.147  -71.853  -10.619 0.1000000015
8112  -42.369  -73.444  -10.594 0.1000000015
5892  -39.210  -77.230  -8.670 0.1000000015
116355  -40.785  -75.322  -11.394 0.1000000015
7536  -40.879  -74.441  -11.272 0.1000000015
128153  -42.131  -74.157  -10.464 0.1000000015
126281  -39.817  -77.713  -9.981 0.1000000015
6991  -40.374  -76.142  -11.501 0.1000000015
5900  -39.982  -77.607  -10.829 0.1000000015
130241  -40.759  -76.304  -11.288 0.1000000015
5905  -40.391  -77.099  -11.017 0.1000000015
8100  -42.735  -72.764  -10.192 0.1000000015
8710  -42.978  -71.956  -9.882 0.1000000015
7526  -42.194  -74.653  -10.173 0.1000000015
6420  -38.505  -76.768  -8.277 0.1000000015
6425  -41.531  -75.897  -10.249 0.1000000015
6984  -41.736  -75.282  -10.494 0.1000000015
6992  -41.239  -75.827  -11.162 0.1000000015
5901  -40.463  -77.179  -10.090 0.1000000015
124544  -42.634  -72.247  -9.312 0.1000000015
8099  -42.524  -73.731  -9.872 0.1000000015
7525  -42.205  -74.416  -9.358 0.1000000015
129879  -37.255  -76.543  -7.872 0.1000000015
6426  -40.936  -76.552  -10.831 0.1000000015
5898  -39.878  -77.372  -9.217 0.1000000015
111998  -42.074  -72.050  -9.097 0.1000000015
5879  -35.883  -77.327  -7.554 0.1000000015
6382  -33.731  -76.376  -5.812 0.1000000015
6395  -34.416  -76.478  -6.587 0.1000000015
4905  -38.522  -78.633  -11.992 0.1000000015
6446  -37.951  -76.973  -11.966 0.1000000015
6429  -36.325  -76.366  -11.887 0.1000000015
6989  -36.779  -75.570  -11.605 0.1000000015
8107  -36.818  -73.586  -11.619 0.1000000015
8728  -37.278  -72.357  -12.366 0.1000000015
112997  -40.795  -73.571  -11.343 0.1000000015
8719  -42.655  -72.606  -11.028 0.1000000015
7537  -41.634  -74.860  -10.940 0.1000000015
123452  -34.267  -77.067  -5.936 0.1000000015
6591  -24.477  -77.177  -23.666 0.1000000015
7178  -24.811  -76.306  -26.494 0.1000000015
6620  -25.030  -77.012  -26.438 0.1000000015
7179  -25.436  -76.456  -26.302 0.1000000015
6607  -25.899  -76.490  -25.939 0.1000000015
6046  -24.742  -77.723  -24.822 0.1000000015
7177  -23.971  -76.182  -26.394 0.1000000015
7159  -22.753  -75.776  -25.788 0.1000000015
120322  -25.169  -76.730  -23.620 0.1000000015
6582  -25.185  -76.552  -22.669 0.1000000015
6581  -24.371  -76.744  -22.795 0.1000000015
6593  -25.909  -76.740  -24.652 0.1000000015
6057  -25.546  -77.112  -25.990 0.1000000015
6602  -25.473  -77.213  -25.385 0.1000000015
6592  -25.119  -77.088  -24.423 0.1000000015
122508  -23.884  -77.162  -22.972 0.1000000015
7715  -25.273  -75.683  -26.340 0.1000000015
6056  -25.043  -77.788  -25.885 0.1000000015
7161  -24.450  -75.505  -26.317 0.1000000015
7710  -24.012  -74.672  -25.777 0.1000000015
7709  -23.153  -75.005  -25.419 0.1000000015
7700  -22.746  -74.667  -24.536 0.1000000015
5955  -26.812  -77.529  -18.167 0.1000000015
123560  -25.928  -77.066  -19.316 0.1000000015
116842  -26.006  -76.567  -22.586 0.1000000015
6571  -25.333  -76.456  -21.708 0.1000000015
6552  -25.682  -76.615  -20.544 0.1000000015
117562  -24.552  -76.360  -20.168 0.1000000015
6583  -26.254  -76.632  -23.744 0.1000000015
122454  -24.741  -76.315  -20.998 0.1000000015
116413  -24.303  -76.490  -21.799 0.1000000015
6603  -26.092  -76.631  -25.507 0.1000000015
5956  -27.639  -77.879  -18.230 0.1000000015
6516  -26.061  -77.178  -18.468 0.1000000015
6497  -27.543  -77.325  -17.613 0.1000000015
6553  -26.709  -76.993  -21.066 0.1000000015
6012  -26.687  -77.295  -20.071 0.1000000015
6572  -26.354  -76.689  -21.819 0.1000000015
6604  -26.611  -76.253  -25.458 0.1000000015
7163  -26.298  -75.792  -25.799 0.1000000015
7712  -25.800  -75.231  -26.026 0.1000000015
108560  -25.540  -74.419  -25.476 0.1000000015
7711  -24.952  -74.768  -26.030 0.1000000015
6594  -26.938  -76.549  -24.946 0.1000000015
5977  -26.709  -77.621  -19.031 0.1000000015
124470  -25.312  -76.758  -18.706 0.1000000015
114563  -27.158  -76.874  -23.189 0.1000000015
124294  -25.505  -76.744  -18.075 0.1000000015
111370  -28.288  -76.822  -24.410 0.1000000015
6585  -28.996  -77.111  -24.001 0.1000000015
6586  -29.572  -77.307  -23.484 0.1000000015
6573  -27.354  -77.177  -22.123 0.1000000015
125898  -28.053  -77.427  -23.232 0.1000000015
6026  -28.324  -77.787  -22.448 0.1000000015
6584  -28.274  -77.218  -24.004 0.1000000015
6038  -28.868  -77.688  -23.533 0.1000000015
6013  -27.560  -77.550  -21.113 0.1000000015
6014  -28.653  -78.299  -21.415 0.1000000015
5963  -36.758  -78.832  -17.917 0.1000000015
6483  -38.421  -76.224  -17.510 0.3000000119
6619  -24.360  -76.918  -26.456 0.1000000015
6983  -41.982  -75.206  -9.724 0.1000000015
7040  -38.483  -75.744  -17.292 0.2000000030
7094  -37.718  -76.549  -21.020 0.2000000030
7162  -25.795  -75.959  -26.140 0.1000000015
7588  -40.490  -74.111  -17.017 0.2000000030
7616  -41.257  -73.621  -17.939 0.4000000060
7630  -39.503  -75.040  -18.850 0.3000000119
8194  -41.170  -73.243  -18.309 0.3000000119
8285  -33.806  -74.027  -24.459 0.2000000030
8782  -41.668  -73.423  -16.424 0.2000000030
8822  -39.077  -73.152  -18.898 0.4000000060
8836  -32.695  -72.412  -19.946 0.1000000015
8886  -33.898  -73.564  -25.150 0.2000000030
9396  -44.294  -70.610  -15.591 0.4000000060
9411  -42.234  -71.441  -17.773 0.2000000030
9412  -43.426  -71.545  -17.166 0.3000000119
9425  -30.478  -71.852  -18.665 0.1000000015
9458  -31.148  -71.006  -19.914 0.1000000015
9471  -30.719  -70.716  -21.749 0.1000000015
9495  -36.812  -71.243  -24.230 0.2000000030
9505  -37.012  -71.113  -24.707 0.1000000015
9518  -32.870  -72.382  -25.365 0.1000000015
9884  -38.034  -71.390  -1.609 0.1000000015
9895  -39.015  -71.674  -1.972 0.1000000015
9896  -39.911  -71.553  -2.174 0.1000000015
9905  -39.739  -71.614  -2.462 0.1000000015
10005  -44.296  -70.244  -14.689 0.2000000030
10031  -44.167  -70.565  -16.398 0.3000000119
10049  -44.001  -71.172  -16.989 0.5000000000
10120  -30.426  -70.774  -22.796 0.1000000015
10136  -38.227  -70.311  -24.211 0.1000000015
10533  -40.056  -71.220  -1.878 0.1000000015
10535  -41.923  -71.249  -2.801 0.1000000015
10555  -41.457  -71.516  -2.965 0.1000000015
10724  -40.371  -70.436  -17.082 0.4000000060
10745  -28.031  -69.836  -19.850 0.1000000015
10760  -29.090  -69.777  -21.094 0.1000000015
10789  -28.644  -69.676  -22.797 0.1000000015
10820  -38.620  -70.050  -24.389 0.1000000015
11258  -36.965  -70.608  -1.772 0.1000000015
11295  -42.781  -69.644  -4.279 0.1000000015
11318  -34.085  -68.108  -10.688 0.2000000030
11340  -43.438  -68.557  -12.609 0.5000000000
11372  -43.351  -68.491  -14.019 0.4000000060
11476  -35.942  -68.763  -23.220 0.2000000030
11491  -31.026  -68.577  -24.137 0.1000000015
11509  -35.748  -68.676  -25.919 0.1000000015
11510  -36.443  -69.340  -25.792 0.1000000015
12195  -35.863  -67.824  -26.190 0.1000000015
12200  -40.791  -67.590  -25.521 0.1000000015
12740  -41.052  -67.401  -12.289 0.3000000119
12839  -45.216  -65.936  -19.108 0.1000000015
12884  -42.779  -66.930  -22.692 0.1000000015
12892  -40.914  -67.387  -23.553 0.1000000015
12895  -43.542  -66.580  -23.316 0.1000000015
12917  -35.210  -66.881  -26.280 0.1000000015
12923  -35.462  -65.982  -26.768 0.1000000015
13364  -32.624  -65.448  -2.638 0.1000000015
13402  -32.697  -65.909  -5.799 0.3000000119
13425  -42.500  -65.313  -6.155 0.2000000030
13573  -45.633  -65.284  -18.875 0.1000000015
14226  -33.255  -63.967  -13.241 0.4000000060
14362  -45.767  -65.007  -19.598 0.1000000015
14381  -45.442  -64.579  -21.243 0.1000000015
14995  -42.135  -63.851  -6.285 0.1000000015
15072  -32.381  -63.196  -14.351 0.4000000060
15187  -42.705  -62.723  -23.301 0.1000000015
15189  -44.264  -63.050  -23.255 0.1000000015
15212  -40.822  -63.494  -25.683 0.1000000015
15218  -37.582  -63.621  -26.007 0.1000000015
15947  -41.181  -62.704  -22.165 0.1000000015
16537  -41.156  -61.561  -5.890 0.1000000015
16608  -32.754  -61.934  -11.054 0.3000000119
16636  -31.976  -61.742  -14.013 0.3000000119
16647  -32.953  -61.676  -15.543 0.3000000119
16666  -34.593  -61.743  -16.380 0.2000000030
16752  -39.009  -61.474  -25.784 0.1000000015
17370  -32.610  -60.447  -8.441 0.2000000030
17558  -41.300  -60.265  -26.554 0.1000000015
18222  -32.142  -58.915  -12.519 0.3000000119
18242  -33.622  -58.966  -14.084 0.2000000030
18243  -34.629  -59.003  -13.968 0.1000000015
18330  -37.767  -58.970  -20.087 0.1000000015
18357  -42.595  -58.467  -26.664 0.1000000015
18361  -42.787  -59.062  -26.753 0.1000000015
19013  -37.544  -57.907  -13.145 0.1000000015
19131  -38.231  -58.530  -20.598 0.1000000015
19676  -45.934  -57.710  -4.878 0.1000000015
19687  -37.573  -57.704  -5.347 0.1000000015
19691  -44.427  -57.079  -5.305 0.1000000015
19693  -46.632  -57.180  -5.262 0.1000000015
19710  -34.398  -57.678  -6.462 0.1000000015
19713  -48.471  -57.722  -6.773 0.1000000015
19726  -32.649  -58.015  -8.963 0.3000000119
19740  -32.506  -57.875  -9.645 0.3000000119
19741  -32.781  -57.215  -9.948 0.2000000030
19775  -37.240  -56.993  -11.911 0.1000000015
20522  -34.595  -56.823  -6.690 0.1000000015
20524  -45.722  -55.580  -6.490 0.1000000015
20525  -46.460  -55.944  -6.399 0.1000000015
20541  -34.926  -56.005  -7.030 0.2000000030
20550  -43.896  -56.363  -8.820 0.1000000015
20591  -34.723  -56.172  -10.588 0.1000000015
20592  -35.615  -56.247  -10.679 0.1000000015
20638  -41.906  -56.132  -14.013 0.1000000015
20659  -42.344  -56.674  -14.677 0.1000000015
20753  -39.004  -56.529  -20.680 0.1000000015
20754  -39.757  -56.180  -21.152 0.1000000015
21347  -37.289  -55.687  -5.742 0.1000000015
21349  -39.441  -55.539  -5.626 0.1000000015
21350  -40.199  -55.279  -5.749 0.1000000015
21353  -42.975  -55.614  -5.781 0.1000000015
21365  -38.225  -54.914  -6.169 0.1000000015
21368  -42.606  -55.013  -6.221 0.1000000015
21371  -45.279  -55.159  -6.937 0.1000000015
21387  -35.430  -55.262  -7.540 0.2000000030
21398  -36.022  -54.886  -9.003 0.1000000015
21399  -36.940  -54.910  -8.985 0.1000000015
21407  -45.782  -55.716  -8.258 0.1000000015
21436  -37.767  -55.959  -10.179 0.1000000015
21458  -41.198  -54.767  -11.197 0.1000000015
21471  -40.434  -55.186  -12.526 0.1000000015
21480  -39.663  -55.930  -12.948 0.1000000015
21636  -42.610  -55.249  -24.384 0.1000000015
22254  -38.800  -55.119  -5.873 0.1000000015
22273  -42.099  -54.593  -6.705 0.1000000015
22275  -43.786  -54.673  -7.010 0.1000000015
22294  -38.473  -54.434  -7.315 0.2000000030
22313  -38.203  -54.514  -8.086 0.1000000015
22314  -39.557  -54.531  -8.094 0.1000000015
22365  -41.977  -54.631  -12.465 0.1000000015
22377  -42.692  -54.732  -13.041 0.1000000015
22469  -39.009  -54.080  -19.781 0.1000000015
22492  -42.574  -53.944  -22.874 0.1000000015
22509  -41.668  -54.361  -23.882 0.1000000015
23317  -38.658  -52.672  -19.061 0.1000000015
23356  -41.956  -52.659  -21.848 0.1000000015
23365  -42.231  -53.410  -22.458 0.1000000015
24880  -35.703  -51.902  -15.292 0.1000000015
25675  -35.705  -51.060  -15.171 0.1000000015
26496  -35.551  -50.244  -15.104 0.1000000015
109623  -35.071  -55.232  -8.274 0.2000000030
110799  -43.991  -61.191  -4.727 0.1000000015
110863  -39.343  -74.483  -16.906 0.1000000015
111254  -36.366  -53.794  -17.635 0.1000000015
111830  -42.276  -55.354  -13.614 0.1000000015
112010  -43.497  -62.431  -25.886 0.1000000015
112808  -30.455  -70.627  -23.478 0.1000000015
114465  -40.224  -63.146  -6.612 0.2000000030
114893  -39.444  -63.314  -6.528 0.3000000119
115021  -36.176  -64.896  -27.092 0.1000000015
115078  -41.968  -65.484  -6.188 0.3000000119
115278  -35.494  -68.197  -22.802 0.1000000015
116300  -41.902  -54.735  -24.366 0.1000000015
116916  -45.569  -64.650  -20.407 0.1000000015
117327  -40.702  -55.673  -5.591 0.1000000015
117546  -39.995  -54.414  -7.548 0.1000000015
117722  -40.110  -72.856  -16.133 0.1000000015
118380  -33.374  -64.996  -17.044 0.3000000119
118670  -31.949  -66.826  -25.096 0.1000000015
119721  -33.321  -79.175  -17.422 0.1000000015
120451  -37.863  -69.726  -23.725 0.1000000015
120912  -43.682  -66.493  -20.878 0.1000000015
121286  -38.504  -65.356  -12.847 0.4000000060
121299  -37.798  -67.154  -26.649 0.1000000015
121351  -32.308  -61.165  -14.507 0.3000000119
122485  -38.506  -76.740  -19.367 0.3000000119
122605  -39.250  -66.290  -26.466 0.1000000015
122958  -36.678  -66.603  -26.787 0.1000000015
123000  -41.326  -55.032  -8.743 0.1000000015
123610  -35.767  -76.801  -20.466 0.1000000015
124711  -43.742  -64.093  -24.493 0.1000000015
125723  -42.995  -67.071  -23.185 0.1000000015
125952  -41.681  -66.316  -21.921 0.1000000015
126369  -36.467  -60.571  -5.625 0.3000000119
126751  -43.148  -70.560  -3.333 0.1000000015
126829  -43.618  -55.758  -5.780 0.1000000015
126837  -43.187  -54.582  -7.351 0.1000000015
126999  -38.167  -68.522  -23.706 0.1000000015
127125  -43.273  -64.649  -5.717 0.1000000015
127337  -43.137  -55.251  -8.349 0.1000000015
127412  -45.382  -65.846  -20.132 0.1000000015
127901  -43.396  -59.142  -26.333 0.1000000015
128095  -37.885  -57.000  -5.351 0.1000000015
128544  -37.356  -66.674  -4.854 0.3000000119
128777  -31.589  -67.618  -4.517 0.1000000015
129223  -32.947  -64.448  -14.861 0.5000000000
129440  -34.628  -67.933  -21.616 0.1000000015
129595  -37.805  -64.269  -11.183 0.5000000000
130195  -31.333  -71.521  -19.253 0.1000000015
130229  -37.220  -56.186  -5.542 0.1000000015
130237  -36.066  -54.782  -7.757 0.2000000030
