#!ascii label  , from subject sub-v2s17x50005_ses-1 vox2ras=TkReg
310
58096  -27.731  -14.422  -24.694 0.0000000000
128097  -25.369  -10.522  -28.467 0.0000000000
73183  -25.620  2.589  -30.041 0.0000000000
69816  -26.686  -1.154  -29.002 0.0000000000
66197  -27.493  -5.175  -26.779 0.0000000000
62598  -29.372  -9.490  -23.970 0.0000000000
74149  -24.367  4.019  -30.414 0.0000000000
68121  -27.450  -3.155  -27.704 0.0000000000
65366  -25.939  -6.468  -29.000 0.0000000000
127092  -26.693  -12.142  -26.274 0.0000000000
62623  -27.155  -9.800  -26.367 0.0000000000
60830  -29.023  -11.799  -24.469 0.0000000000
54630  -23.797  -18.736  -23.924 0.0000000000
57288  -25.029  -15.030  -26.276 0.0000000000
79251  -23.487  10.133  -30.623 0.0000000000
78495  -25.582  8.613  -29.549 0.0000000000
76878  -26.417  7.088  -28.788 0.0000000000
76001  -27.465  5.610  -28.422 0.0000000000
74130  -27.379  3.493  -28.470 0.0000000000
71467  -25.852  0.854  -29.998 0.0000000000
72296  -27.931  1.306  -27.954 0.0000000000
70606  -28.190  -0.178  -27.350 0.0000000000
69780  -28.860  -1.816  -25.989 0.0000000000
67120  -28.898  -4.506  -24.833 0.0000000000
112785  -26.532  -7.890  -27.500 0.0000000000
65321  -28.151  -6.796  -25.334 0.0000000000
67193  -25.730  -4.729  -29.623 0.0000000000
129690  -24.963  -6.849  -30.307 0.0000000000
58107  -27.313  -13.783  -25.167 0.0000000000
59908  -27.699  -12.368  -25.334 0.0000000000
58991  -28.813  -13.477  -24.446 0.0000000000
50705  -23.834  -22.311  -20.425 0.0000000000
51662  -24.394  -21.064  -21.278 0.0000000000
52629  -24.515  -20.441  -21.750 0.0000000000
58136  -25.119  -14.097  -27.714 0.0000000000
113578  -24.188  -15.728  -27.667 0.0000000000
77716  -25.340  7.827  -29.519 0.0000000000
74166  -24.779  2.991  -30.511 0.0000000000
76015  -25.782  4.822  -29.218 0.0000000000
75130  -25.910  3.980  -29.295 0.0000000000
75112  -27.183  4.517  -28.474 0.0000000000
74151  -26.118  3.088  -29.383 0.0000000000
70618  -26.499  -0.329  -29.233 0.0000000000
71448  -26.788  0.975  -28.872 0.0000000000
71449  -27.346  0.114  -28.299 0.0000000000
71438  -28.220  0.739  -27.511 0.0000000000
70605  -27.622  -0.619  -27.924 0.0000000000
112777  -27.395  -4.134  -27.522 0.0000000000
118079  -27.930  -2.954  -26.977 0.0000000000
68111  -28.303  -3.290  -26.221 0.0000000000
68098  -28.768  -3.283  -25.492 0.0000000000
67134  -28.316  -4.919  -25.614 0.0000000000
62646  -25.170  -9.663  -29.127 0.0000000000
63562  -25.461  -8.821  -28.884 0.0000000000
62636  -26.115  -9.572  -27.721 0.0000000000
127520  -28.155  -9.866  -25.138 0.0000000000
113456  -27.679  -8.234  -25.874 0.0000000000
64408  -28.490  -7.928  -24.730 0.0000000000
65308  -29.119  -6.814  -24.104 0.0000000000
115795  -29.576  -8.126  -23.618 0.0000000000
54618  -25.789  -18.719  -22.655 0.0000000000
54649  -24.154  -18.060  -24.206 0.0000000000
126265  -25.653  -17.505  -23.633 0.0000000000
56378  -26.110  -16.989  -23.789 0.0000000000
68157  -25.916  -2.905  -29.730 0.0000000000
68981  -26.827  -1.959  -28.758 0.0000000000
68158  -26.375  -3.369  -29.094 0.0000000000
67178  -26.520  -4.849  -28.515 0.0000000000
66214  -26.671  -5.511  -28.028 0.0000000000
60858  -25.824  -11.735  -27.537 0.0000000000
62622  -26.512  -10.147  -27.084 0.0000000000
60848  -27.000  -10.780  -26.309 0.0000000000
61744  -27.734  -11.099  -25.491 0.0000000000
61733  -28.890  -10.915  -24.477 0.0000000000
53659  -24.582  -19.489  -22.604 0.0000000000
59928  -25.323  -12.392  -28.146 0.0000000000
59915  -25.782  -12.604  -27.311 0.0000000000
58999  -26.000  -13.653  -26.098 0.0000000000
57272  -26.387  -14.816  -25.170 0.0000000000
79935  -23.664  11.110  -30.685 0.0000000000
77714  -22.751  8.127  -30.464 0.0000000000
79243  -24.562  9.334  -30.135 0.0000000000
79245  -26.773  9.297  -29.476 0.0000000000
126490  -27.228  8.802  -29.159 0.0000000000
77703  -27.609  7.837  -28.815 0.0000000000
109789  -25.579  5.626  -29.231 0.0000000000
76879  -26.874  6.346  -28.544 0.0000000000
76880  -27.798  6.535  -28.504 0.0000000000
76002  -28.430  5.919  -28.484 0.0000000000
76003  -29.173  5.335  -28.463 0.0000000000
74131  -28.590  3.635  -28.067 0.0000000000
72326  -25.764  1.714  -30.058 0.0000000000
72309  -26.796  1.762  -28.877 0.0000000000
73164  -28.332  2.911  -28.053 0.0000000000
74115  -28.887  3.238  -27.799 0.0000000000
73148  -29.437  2.645  -27.165 0.0000000000
126348  -29.352  0.421  -26.195 0.0000000000
69800  -27.690  -1.538  -27.697 0.0000000000
69791  -28.503  -1.420  -26.656 0.0000000000
64458  -25.548  -7.328  -29.291 0.0000000000
115965  -26.015  -7.125  -28.674 0.0000000000
64439  -26.774  -6.942  -27.302 0.0000000000
111590  -26.687  -9.439  -26.988 0.0000000000
64440  -27.096  -7.845  -26.709 0.0000000000
65320  -27.729  -6.410  -26.015 0.0000000000
66179  -28.230  -5.900  -25.427 0.0000000000
114844  -29.345  -4.998  -24.110 0.0000000000
56406  -25.285  -15.986  -25.029 0.0000000000
57260  -26.278  -15.636  -24.655 0.0000000000
57261  -28.005  -15.537  -23.961 0.0000000000
58990  -28.089  -13.534  -24.841 0.0000000000
58097  -28.529  -14.195  -24.416 0.0000000000
58098  -29.232  -14.070  -24.113 0.0000000000
50706  -24.830  -22.331  -20.042 0.0000000000
51647  -23.883  -21.640  -20.961 0.0000000000
51648  -24.585  -21.663  -20.614 0.0000000000
74150  -25.375  3.499  -29.927 0.0000000000
69000  -25.995  -2.012  -29.788 0.0000000000
70636  -26.076  -1.040  -29.713 0.0000000000
70619  -27.038  -0.516  -28.608 0.0000000000
69817  -27.221  -1.337  -28.369 0.0000000000
128712  -27.340  -4.781  -27.282 0.0000000000
68110  -27.810  -3.703  -26.930 0.0000000000
67157  -27.653  -4.472  -26.840 0.0000000000
67145  -28.084  -4.204  -26.248 0.0000000000
67144  -27.859  -4.860  -26.316 0.0000000000
61777  -25.095  -10.375  -29.010 0.0000000000
62635  -25.509  -9.959  -28.460 0.0000000000
115727  -28.873  -9.181  -24.361 0.0000000000
62612  -28.393  -9.218  -24.882 0.0000000000
63517  -28.683  -8.542  -24.522 0.0000000000
64409  -29.033  -7.791  -24.140 0.0000000000
63518  -29.233  -8.672  -23.993 0.0000000000
63510  -29.912  -8.872  -23.449 0.0000000000
54632  -25.560  -18.144  -23.216 0.0000000000
68171  -25.328  -3.352  -30.301 0.0000000000
115028  -25.801  -3.816  -29.655 0.0000000000
66248  -25.723  -5.710  -29.492 0.0000000000
66249  -26.094  -5.039  -29.072 0.0000000000
66235  -26.234  -5.662  -28.720 0.0000000000
59916  -26.258  -12.154  -26.835 0.0000000000
60847  -26.519  -11.558  -26.639 0.0000000000
59900  -28.378  -12.271  -24.871 0.0000000000
60840  -27.882  -11.783  -25.277 0.0000000000
60829  -28.349  -11.421  -24.916 0.0000000000
61745  -28.240  -10.597  -25.010 0.0000000000
60812  -29.629  -11.272  -24.049 0.0000000000
50704  -22.865  -22.654  -20.696 0.0000000000
49731  -23.368  -23.160  -20.061 0.0000000000
53639  -24.959  -19.930  -22.009 0.0000000000
53660  -25.421  -19.303  -22.336 0.0000000000
58122  -25.339  -14.255  -26.686 0.0000000000
58105  -25.751  -14.467  -25.794 0.0000000000
58106  -26.566  -14.070  -25.494 0.0000000000
78503  -22.674  9.892  -30.610 0.0000000000
79936  -24.851  11.254  -30.616 0.0000000000
78494  -24.512  8.214  -30.030 0.0000000000
116057  -23.598  7.994  -30.353 0.0000000000
79244  -25.751  9.581  -29.797 0.0000000000
79253  -26.544  9.966  -29.884 0.0000000000
129028  -26.163  9.002  -29.425 0.0000000000
77717  -26.024  7.836  -29.062 0.0000000000
78496  -26.526  8.530  -29.117 0.0000000000
77702  -26.820  7.809  -28.776 0.0000000000
78486  -27.209  8.318  -28.917 0.0000000000
120553  -25.165  5.130  -29.623 0.0000000000
76000  -26.451  5.381  -28.730 0.0000000000
75113  -28.182  4.983  -28.314 0.0000000000
122810  -28.032  4.057  -28.278 0.0000000000
75114  -28.851  4.432  -28.173 0.0000000000
128685  -28.004  3.348  -28.250 0.0000000000
70635  -25.961  -0.027  -29.904 0.0000000000
71476  -25.360  0.354  -30.550 0.0000000000
73184  -26.248  2.185  -29.436 0.0000000000
72327  -26.305  1.330  -29.435 0.0000000000
72310  -27.384  1.363  -28.423 0.0000000000
73146  -28.022  2.068  -28.130 0.0000000000
73147  -28.773  2.541  -27.586 0.0000000000
72297  -28.459  1.648  -27.539 0.0000000000
72285  -28.826  1.208  -26.933 0.0000000000
71428  -28.774  0.320  -26.756 0.0000000000
71429  -29.244  0.901  -26.445 0.0000000000
68139  -26.884  -2.845  -28.540 0.0000000000
68982  -27.310  -2.194  -28.080 0.0000000000
68961  -28.330  -2.310  -26.607 0.0000000000
69790  -28.095  -1.725  -27.137 0.0000000000
69792  -28.994  -1.020  -26.109 0.0000000000
68085  -29.101  -3.662  -24.907 0.0000000000
67121  -29.519  -4.084  -24.191 0.0000000000
64470  -25.067  -7.847  -29.837 0.0000000000
63554  -26.036  -8.465  -28.121 0.0000000000
64459  -25.755  -7.936  -28.737 0.0000000000
64450  -26.262  -7.464  -28.087 0.0000000000
65367  -26.390  -6.450  -28.186 0.0000000000
64421  -28.121  -7.652  -25.280 0.0000000000
64420  -27.678  -7.301  -25.949 0.0000000000
112358  -27.310  -6.905  -26.542 0.0000000000
66163  -29.230  -5.914  -24.120 0.0000000000
56394  -26.672  -16.352  -24.004 0.0000000000
113748  -27.236  -15.674  -24.207 0.0000000000
56380  -27.696  -16.371  -23.653 0.0000000000
65391  -25.189  -6.275  -30.201 0.0000000000
65380  -25.534  -6.564  -29.579 0.0000000000
59000  -26.806  -13.296  -25.682 0.0000000000
59907  -27.051  -12.548  -25.771 0.0000000000
59001  -27.536  -13.061  -25.318 0.0000000000
59899  -28.043  -12.832  -25.000 0.0000000000
111154  -28.497  -12.962  -24.719 0.0000000000
59901  -29.104  -12.720  -24.388 0.0000000000
58992  -29.381  -13.411  -24.147 0.0000000000
58983  -29.903  -13.820  -23.839 0.0000000000
52645  -23.452  -20.411  -22.590 0.0000000000
52630  -25.271  -20.494  -21.348 0.0000000000
58135  -24.683  -14.626  -28.325 0.0000000000
58121  -24.755  -15.034  -27.479 0.0000000000
107536  -24.885  7.433  -29.734 0.0000000000
76890  -25.558  7.070  -29.279 0.0000000000
75129  -25.198  4.395  -29.767 0.0000000000
75111  -26.375  4.471  -28.845 0.0000000000
74129  -26.608  3.690  -28.806 0.0000000000
73162  -26.852  2.703  -28.785 0.0000000000
71468  -26.375  0.509  -29.373 0.0000000000
127846  -27.204  0.682  -28.505 0.0000000000
71437  -27.633  0.728  -28.095 0.0000000000
115885  -27.760  0.161  -27.814 0.0000000000
68120  -26.854  -3.910  -28.337 0.0000000000
68952  -28.766  -2.613  -25.767 0.0000000000
110965  -28.565  -3.978  -25.547 0.0000000000
115262  -25.067  -9.085  -29.546 0.0000000000
62647  -25.678  -9.275  -28.384 0.0000000000
128839  -26.062  -9.031  -27.880 0.0000000000
111707  -27.776  -9.254  -25.655 0.0000000000
63530  -28.191  -8.473  -25.157 0.0000000000
114565  -28.558  -7.211  -24.685 0.0000000000
64400  -29.658  -7.267  -23.434 0.0000000000
124330  -30.255  -7.302  -22.841 0.0000000000
64390  -30.092  -8.012  -23.132 0.0000000000
54631  -24.600  -18.421  -23.532 0.0000000000
55517  -24.948  -17.738  -23.822 0.0000000000
55537  -25.324  -17.114  -24.126 0.0000000000
56392  -24.891  -16.671  -24.755 0.0000000000
56379  -26.935  -17.050  -23.525 0.0000000000
69832  -26.432  -1.734  -29.317 0.0000000000
69001  -26.438  -2.475  -29.225 0.0000000000
67194  -26.231  -4.278  -29.039 0.0000000000
67156  -26.983  -4.751  -27.849 0.0000000000
65355  -27.117  -5.383  -27.380 0.0000000000
61766  -25.526  -11.001  -28.055 0.0000000000
61767  -25.832  -10.344  -27.848 0.0000000000
61753  -26.184  -10.917  -27.235 0.0000000000
60839  -27.232  -11.743  -25.845 0.0000000000
62611  -27.675  -10.239  -25.655 0.0000000000
62597  -28.745  -9.961  -24.524 0.0000000000
61734  -29.474  -10.370  -24.029 0.0000000000
120222  -29.720  -12.159  -24.021 0.0000000000
49730  -22.517  -23.394  -20.369 0.0000000000
53676  -23.420  -19.435  -23.668 0.0000000000
52646  -24.176  -20.101  -22.281 0.0000000000
53677  -24.205  -19.110  -23.259 0.0000000000
54617  -25.015  -18.842  -22.909 0.0000000000
53661  -26.372  -19.107  -22.125 0.0000000000
60857  -25.228  -11.627  -28.458 0.0000000000
59014  -26.312  -12.793  -26.391 0.0000000000
59013  -25.618  -13.412  -26.995 0.0000000000
126445  -27.012  -14.390  -24.996 0.0000000000
80626  -23.254  11.516  -30.568 0.0000000000
78492  -22.463  9.050  -30.417 0.0000000000
78493  -23.340  8.977  -30.475 0.0000000000
79252  -24.677  10.356  -30.328 0.0000000000
79927  -25.817  10.511  -30.221 0.0000000000
79246  -27.710  9.172  -29.553 0.0000000000
78497  -27.827  8.497  -29.156 0.0000000000
126276  -28.484  7.854  -29.215 0.0000000000
130000  -25.334  6.309  -29.359 0.0000000000
75999  -26.030  6.299  -28.919 0.0000000000
115569  -27.248  7.160  -28.587 0.0000000000
77704  -27.999  7.273  -28.692 0.0000000000
76891  -28.728  6.845  -28.856 0.0000000000
76881  -29.159  6.119  -28.800 0.0000000000
72340  -25.234  1.229  -30.602 0.0000000000
120802  -27.354  2.104  -28.529 0.0000000000
73163  -27.669  2.748  -28.380 0.0000000000
74132  -29.390  3.866  -27.861 0.0000000000
72298  -29.088  2.011  -27.033 0.0000000000
72286  -29.493  1.565  -26.486 0.0000000000
71430  -29.819  1.004  -25.856 0.0000000000
69801  -28.134  -1.021  -27.274 0.0000000000
68960  -27.795  -2.314  -27.374 0.0000000000
70594  -28.616  -0.597  -26.729 0.0000000000
70595  -29.178  -0.239  -26.197 0.0000000000
68953  -29.294  -2.126  -25.296 0.0000000000
117488  -25.204  -7.044  -29.921 0.0000000000
63561  -25.298  -8.303  -29.348 0.0000000000
65354  -26.828  -6.056  -27.517 0.0000000000
65342  -27.276  -6.052  -26.790 0.0000000000
63543  -26.521  -8.746  -27.338 0.0000000000
63544  -27.177  -8.897  -26.500 0.0000000000
66178  -27.806  -5.548  -26.145 0.0000000000
66162  -28.744  -5.420  -24.778 0.0000000000
65307  -28.647  -6.336  -24.721 0.0000000000
57270  -24.751  -15.704  -25.782 0.0000000000
56393  -25.764  -16.448  -24.363 0.0000000000
57271  -25.550  -15.246  -25.412 0.0000000000
58095  -27.066  -15.018  -24.678 0.0000000000
123546  -27.671  -15.118  -24.365 0.0000000000
53658  -23.793  -19.745  -22.921 0.0000000000
57262  -28.251  -14.883  -24.216 0.0000000000
57287  -24.422  -15.703  -26.760 0.0000000000
58086  -28.930  -14.751  -23.975 0.0000000000
113783  -26.848  0.240  -28.792 0.0000000000
