#!ascii label  , from subject sub-v2s17x50005_ses-1 vox2ras=TkReg
701
64709  18.477  -6.488  -27.404 0.2500000000
65590  19.036  -6.255  -28.001 0.2500000000
64708  19.062  -7.238  -27.680 0.7500000000
106942  17.747  -3.666  -27.732 0.2500000000
122137  18.442  -3.939  -28.366 0.3750000000
107231  18.270  -4.585  -27.928 0.2500000000
65591  18.231  -5.492  -27.488 0.2500000000
127860  19.722  -6.081  -28.720 0.7500000000
64707  20.078  -7.737  -28.409 0.8750000000
65589  19.881  -6.832  -28.579 0.8750000000
64719  20.848  -7.287  -29.185 0.8750000000
107534  19.223  -4.632  -28.764 0.3750000000
107451  20.024  -5.483  -29.204 0.8750000000
66473  19.075  -5.408  -28.308 0.7500000000
113070  22.309  -6.209  -30.444 1.0000000000
65597  20.569  -6.373  -29.324 1.0000000000
64718  21.796  -7.764  -29.637 1.0000000000
65595  22.379  -7.441  -30.123 1.0000000000
106936  18.268  -3.134  -28.418 0.2500000000
106938  19.194  -3.809  -29.103 0.7500000000
106935  20.306  -4.609  -29.740 0.8750000000
65605  21.212  -5.698  -30.013 1.0000000000
107450  21.496  -4.833  -30.461 1.0000000000
107404  23.360  -6.573  -30.660 1.0000000000
65604  22.580  -6.923  -30.365 1.0000000000
65596  21.659  -6.821  -29.932 1.0000000000
107056  17.660  -2.601  -27.768 0.1250000000
106939  20.931  -4.002  -30.410 1.0000000000
122323  19.978  -3.696  -29.841 0.8750000000
122038  23.504  -5.218  -31.058 1.0000000000
106929  22.986  -5.695  -30.774 1.0000000000
107351  22.113  -5.470  -30.561 1.0000000000
122016  23.917  -5.853  -30.952 1.0000000000
107210  25.310  -6.035  -30.604 1.0000000000
122183  24.284  -6.577  -30.791 1.0000000000
71428  18.780  0.653  -29.758 0.2500000000
121991  18.255  -2.231  -28.582 0.3750000000
121937  19.162  -2.845  -29.346 0.5000000000
121920  20.329  -3.087  -30.295 1.0000000000
107110  19.622  -2.116  -29.953 0.6250000000
121941  21.612  -3.385  -31.001 1.0000000000
107355  24.374  -5.088  -31.227 1.0000000000
106940  22.601  -4.069  -31.259 1.0000000000
106928  25.012  -4.520  -31.369 1.0000000000
107335  24.727  -5.903  -30.923 1.0000000000
122098  25.319  -5.193  -30.953 1.0000000000
71436  18.973  0.626  -30.155 0.5000000000
71437  18.653  0.135  -29.647 0.3750000000
121917  18.683  -0.537  -29.561 0.3750000000
121960  18.967  -1.266  -29.651 0.5000000000
128256  19.133  -0.689  -30.051 0.5000000000
122318  19.790  -1.350  -30.387 0.8750000000
107108  20.804  -2.213  -30.834 1.0000000000
122934  21.256  -1.119  -31.455 1.0000000000
122154  22.611  -3.376  -31.577 1.0000000000
107058  22.131  -2.488  -31.639 1.0000000000
122219  24.186  -3.453  -31.961 1.0000000000
121850  23.434  -3.794  -31.672 1.0000000000
127378  25.450  -3.636  -31.394 1.0000000000
107159  25.951  -4.876  -30.332 0.8750000000
70584  19.022  -0.013  -30.069 0.5000000000
71435  19.776  0.428  -30.700 0.6250000000
114729  20.798  0.129  -31.360 0.6250000000
70583  21.018  -0.644  -31.392 1.0000000000
121851  20.690  -1.266  -31.059 0.7500000000
106937  22.234  -1.600  -31.951 1.0000000000
69813  25.307  -1.851  -32.159 1.0000000000
69822  25.067  -1.701  -32.672 1.0000000000
69006  23.782  -2.305  -32.623 1.0000000000
107398  22.881  -2.028  -32.354 1.0000000000
107593  25.182  -2.420  -32.119 1.0000000000
69005  24.727  -2.866  -32.173 1.0000000000
106933  24.090  -2.902  -32.348 1.0000000000
106932  25.555  -2.443  -31.474 0.8750000000
106930  25.330  -3.129  -31.707 1.0000000000
106931  25.991  -3.605  -30.574 0.8750000000
71446  21.849  0.599  -31.934 0.8750000000
113825  23.279  0.208  -32.867 1.0000000000
70605  22.898  -0.216  -32.722 1.0000000000
123347  25.283  -1.145  -32.658 1.0000000000
118345  24.312  -1.005  -33.340 1.0000000000
69015  23.353  -1.555  -32.816 1.0000000000
71444  24.714  0.418  -31.997 1.0000000000
69805  25.748  -1.778  -30.752 1.0000000000
114006  25.438  -1.476  -31.696 1.0000000000
70591  24.921  -0.411  -32.838 1.0000000000
70582  25.498  -0.812  -30.876 1.0000000000
71448  19.813  1.111  -30.741 0.5000000000
71447  20.756  0.957  -31.392 0.8750000000
71466  22.390  1.284  -32.395 1.0000000000
72281  23.229  1.776  -32.766 1.0000000000
71464  23.530  0.832  -32.815 1.0000000000
71465  22.956  1.076  -32.744 1.0000000000
73108  24.357  2.466  -32.371 1.0000000000
72265  24.118  1.571  -32.577 1.0000000000
73101  24.967  2.581  -31.338 1.0000000000
119009  24.704  2.285  -31.906 1.0000000000
71445  24.357  0.494  -32.574 1.0000000000
71434  25.140  0.242  -31.002 1.0000000000
74883  21.436  4.843  -32.568 1.0000000000
74878  21.251  4.314  -32.065 0.3750000000
74891  22.079  4.846  -33.253 0.8750000000
117725  23.361  3.717  -32.941 1.0000000000
73107  24.668  3.153  -32.032 1.0000000000
120598  24.272  3.340  -32.569 1.0000000000
75735  21.721  5.473  -33.146 0.8750000000
75734  22.586  5.448  -33.640 1.0000000000
74890  23.109  4.964  -33.286 1.0000000000
73997  23.578  4.338  -33.032 1.0000000000
73987  24.515  3.908  -32.415 1.0000000000
74882  24.291  4.585  -32.632 1.0000000000
118120  21.719  6.096  -32.944 0.7500000000
75733  23.571  5.575  -33.503 1.0000000000
116658  24.266  5.555  -32.737 1.0000000000
75725  24.074  5.294  -32.905 1.0000000000
75742  23.034  6.048  -33.983 1.0000000000
76571  23.712  6.295  -33.910 1.0000000000
76561  24.060  5.934  -33.308 1.0000000000
79662  22.531  10.188  -29.095 0.1250000000
78983  22.635  10.025  -30.342 0.2500000000
114455  22.566  10.914  -29.724 0.1250000000
79688  22.397  10.462  -31.661 0.3750000000
80375  22.525  11.712  -30.384 0.2500000000
80387  22.312  11.524  -31.757 0.2500000000
80360  22.484  11.761  -29.237 0.2500000000
81073  22.389  12.587  -30.033 0.2500000000
81092  22.290  12.522  -31.178 0.2500000000
81107  21.975  12.440  -32.545 0.3750000000
128973  21.967  13.119  -31.953 0.2500000000
65582  18.232  -6.242  -27.162 0.1250000000
121847  17.660  -4.540  -27.292 0.1250000000
64727  24.559  -7.258  -30.639 1.0000000000
71463  24.025  0.643  -32.774 1.0000000000
64688  18.286  -7.315  -26.909 0.1250000000
63840  21.252  -9.077  -28.749 0.7500000000
121856  17.628  -4.084  -27.341 0.1250000000
63855  22.081  -8.739  -29.472 1.0000000000
114620  22.660  -8.130  -30.033 1.0000000000
64717  24.098  -7.985  -30.494 1.0000000000
126403  25.040  -7.227  -30.543 1.0000000000
122072  18.002  -1.980  -28.315 0.3750000000
122242  18.634  -0.551  -29.333 0.2500000000
107113  18.443  -1.367  -29.006 0.2500000000
107504  25.945  -2.748  -30.478 0.8750000000
122011  26.194  -4.135  -30.178 0.8750000000
70578  25.886  -1.111  -29.961 0.8750000000
73974  21.033  3.739  -31.556 0.1250000000
72267  20.860  1.796  -31.427 0.3750000000
72284  21.599  2.190  -31.998 0.6250000000
72254  24.926  1.482  -31.333 1.0000000000
73981  21.223  3.803  -31.824 0.3750000000
73988  21.502  3.757  -32.263 0.8750000000
73986  24.841  3.747  -31.862 1.0000000000
74881  24.658  4.305  -32.184 1.0000000000
75743  22.211  6.058  -33.562 1.0000000000
75724  24.407  4.958  -32.402 1.0000000000
76562  21.975  6.734  -33.427 0.8750000000
77488  22.998  7.222  -34.435 1.0000000000
79649  22.645  10.405  -28.158 0.1250000000
78968  22.671  9.375  -29.350 0.1250000000
79013  22.087  9.116  -32.956 0.6250000000
117672  22.076  10.843  -32.967 0.5000000000
80393  21.866  11.676  -33.331 0.5000000000
81115  21.702  12.341  -34.040 0.5000000000
81812  22.157  13.228  -29.670 0.1250000000
81842  21.558  13.682  -32.074 0.2500000000
81852  21.638  13.264  -33.558 0.2500000000
81828  21.836  13.547  -30.853 0.1250000000
64698  18.319  -7.204  -26.956 0.1250000000
64706  21.088  -8.193  -28.946 0.7500000000
64728  23.220  -7.525  -30.426 1.0000000000
121459  23.951  -7.202  -30.666 1.0000000000
107372  22.595  -4.871  -30.897 1.0000000000
122607  21.859  -4.242  -30.814 1.0000000000
64726  24.915  -6.634  -30.698 1.0000000000
107097  18.779  -1.910  -29.262 0.5000000000
122138  23.490  -4.570  -31.332 1.0000000000
107352  24.307  -4.217  -31.570 1.0000000000
107280  25.671  -4.180  -31.053 1.0000000000
121942  19.953  -0.479  -30.708 0.6250000000
122250  21.494  -1.619  -31.478 1.0000000000
69815  21.838  -0.882  -31.850 1.0000000000
121966  23.296  -2.953  -32.095 1.0000000000
107383  25.004  -3.752  -31.643 1.0000000000
107561  25.703  -3.341  -31.151 0.8750000000
70593  21.638  -0.166  -31.771 1.0000000000
69814  22.698  -1.024  -32.514 1.0000000000
127164  24.916  -2.301  -32.399 1.0000000000
69824  24.018  -1.594  -33.107 1.0000000000
69823  24.641  -1.453  -33.125 1.0000000000
70606  22.671  0.488  -32.527 1.0000000000
70604  24.082  -0.189  -33.148 1.0000000000
69825  23.502  -0.770  -33.091 1.0000000000
119401  24.524  -0.177  -32.977 1.0000000000
70590  25.131  -0.577  -31.907 1.0000000000
72266  21.660  1.501  -31.952 0.7500000000
72282  22.690  1.917  -32.656 1.0000000000
72280  23.748  1.686  -32.766 1.0000000000
73123  23.489  2.754  -32.782 1.0000000000
73122  24.029  2.575  -32.729 1.0000000000
74884  21.326  4.222  -32.318 0.7500000000
74892  21.743  4.303  -32.731 1.0000000000
116951  22.970  2.528  -32.729 1.0000000000
120076  23.885  3.511  -32.881 1.0000000000
73124  22.881  3.348  -32.775 1.0000000000
73998  22.702  4.223  -33.057 1.0000000000
74889  23.831  4.907  -32.958 1.0000000000
73996  24.150  4.132  -32.832 1.0000000000
76572  23.254  6.622  -34.211 1.0000000000
76573  22.633  6.646  -34.033 1.0000000000
78964  22.672  9.618  -28.491 0.1250000000
114375  22.493  10.909  -28.860 0.2500000000
114400  22.554  10.929  -30.711 0.2500000000
79003  22.401  9.498  -31.671 0.5000000000
118928  18.404  -7.659  -25.987 0.1250000000
63832  18.358  -7.910  -26.544 0.1250000000
63842  19.362  -8.196  -27.655 0.6250000000
63841  20.309  -8.632  -28.230 0.7500000000
73975  21.052  3.088  -31.453 0.5000000000
72283  22.119  2.110  -32.383 0.8750000000
73126  21.914  2.872  -32.224 0.7500000000
73125  22.473  2.797  -32.550 0.8750000000
73982  21.243  3.149  -31.829 0.8750000000
73999  22.144  3.612  -32.659 1.0000000000
77479  22.420  7.356  -33.981 1.0000000000
78310  23.317  7.912  -34.425 1.0000000000
77478  24.104  6.748  -33.569 1.0000000000
78283  22.604  8.861  -30.516 0.3750000000
119333  22.181  9.981  -32.867 0.7500000000
79695  21.877  10.344  -33.900 0.7500000000
81858  21.846  12.574  -34.906 0.3750000000
60233  22.810  -12.686  -27.999 0.7500000000
59350  24.040  -12.744  -27.871 0.7500000000
60234  21.935  -12.526  -27.610 0.7500000000
61176  21.578  -11.871  -27.651 0.7500000000
60231  24.157  -11.911  -28.293 0.7500000000
61193  22.468  -12.086  -28.136 0.7500000000
61194  22.148  -11.419  -28.298 0.7500000000
61192  23.817  -11.599  -28.620 0.7500000000
127850  23.140  -11.581  -28.658 0.7500000000
62989  20.544  -9.503  -28.048 0.7500000000
62084  22.683  -10.847  -28.852 0.7500000000
62987  22.307  -10.133  -29.026 0.8750000000
62988  21.446  -9.887  -28.588 0.8750000000
61191  24.376  -11.195  -28.697 0.7500000000
62083  23.838  -11.026  -28.973 0.7500000000
62095  23.885  -10.293  -29.483 0.7500000000
63000  22.689  -9.546  -29.539 0.8750000000
62081  24.870  -10.504  -28.952 0.7500000000
62998  24.251  -9.487  -29.963 0.8750000000
63854  23.030  -8.923  -30.033 0.8750000000
62985  24.939  -9.191  -29.844 0.7500000000
63852  24.573  -8.667  -30.262 0.8750000000
63839  25.667  -7.887  -29.526 0.8750000000
64715  25.341  -7.533  -30.205 0.8750000000
107380  25.795  -7.008  -29.846 0.8750000000
121946  25.375  -6.774  -30.377 0.8750000000
107480  26.785  -5.792  -27.944 0.3750000000
106926  26.396  -5.878  -28.868 0.6250000000
65588  26.146  -6.390  -29.391 0.7500000000
122097  25.754  -6.202  -30.080 0.7500000000
110949  26.938  -4.884  -27.862 0.5000000000
109443  26.489  -5.189  -28.708 0.5000000000
106927  26.619  -4.564  -28.518 0.7500000000
122034  26.329  -4.615  -29.400 0.7500000000
106943  27.404  -3.737  -27.202 0.1250000000
106941  26.994  -4.176  -27.922 0.3750000000
122112  26.571  -4.065  -28.721 0.6250000000
107288  26.379  -3.981  -29.447 0.6250000000
121984  27.746  -3.329  -26.325 0.1250000000
122030  27.276  -2.892  -27.098 0.1250000000
121983  26.786  -2.445  -27.828 0.1250000000
121860  26.424  -1.990  -28.547 0.6250000000
107264  26.129  -1.537  -29.214 0.6250000000
69808  26.091  -1.925  -30.001 0.7500000000
107063  27.101  -1.964  -26.952 0.1250000000
122320  26.671  -0.515  -27.018 0.1250000000
70565  26.260  -1.182  -28.424 0.1250000000
122251  27.324  -1.445  -26.198 0.1250000000
123940  26.245  -0.459  -27.874 0.5000000000
71397  25.876  0.549  -28.182 0.5000000000
71412  25.561  0.479  -29.160 0.6250000000
71426  25.506  -0.104  -29.958 0.7500000000
127455  21.825  6.149  -32.434 0.6250000000
76549  21.861  6.785  -32.475 0.5000000000
77471  21.970  7.481  -33.223 0.7500000000
72226  25.547  1.372  -28.892 0.6250000000
110217  25.180  2.076  -30.592 0.6250000000
111682  25.772  2.361  -28.530 0.5000000000
114780  25.406  2.164  -29.658 0.6250000000
73085  25.619  2.996  -29.470 0.6250000000
73094  25.317  2.921  -30.581 0.7500000000
73980  25.114  3.604  -31.099 0.7500000000
74876  24.971  4.115  -31.480 0.8750000000
75717  24.782  4.732  -31.681 0.8750000000
76547  24.617  5.570  -31.950 0.8750000000
124615  25.920  3.168  -28.659 0.3750000000
73971  25.414  3.577  -30.161 0.5000000000
129979  25.204  3.997  -30.698 0.6250000000
73960  26.209  3.719  -28.313 0.2500000000
73961  25.756  3.679  -29.182 0.3750000000
77461  21.990  7.716  -32.168 0.6250000000
115872  22.042  8.279  -33.078 0.7500000000
110801  22.218  8.087  -33.970 0.7500000000
77489  22.729  7.977  -34.484 0.8750000000
77470  24.478  7.168  -32.532 0.7500000000
76548  24.350  6.181  -32.755 0.8750000000
119363  25.139  4.529  -30.759 0.6250000000
74863  25.481  4.273  -29.796 0.3750000000
76536  24.903  6.174  -30.929 0.7500000000
74862  25.988  4.353  -28.730 0.2500000000
113684  23.799  7.449  -33.970 0.8750000000
78301  23.327  8.794  -34.680 0.7500000000
112941  24.160  7.502  -33.421 0.8750000000
77460  24.697  7.347  -31.397 0.7500000000
75712  25.090  5.391  -30.667 0.5000000000
75711  25.629  5.651  -29.442 0.2500000000
118430  25.375  4.932  -29.941 0.5000000000
78291  22.218  8.575  -31.909 0.5000000000
79025  22.211  9.399  -34.688 0.7500000000
79024  22.993  9.325  -35.104 0.7500000000
79030  22.632  9.186  -34.989 0.7500000000
79019  23.335  9.440  -34.904 0.7500000000
79018  23.677  9.178  -34.156 0.7500000000
79698  23.073  9.991  -35.192 0.7500000000
79012  24.107  8.961  -32.982 0.7500000000
78290  24.360  8.109  -32.737 0.7500000000
78281  24.849  8.024  -30.607 0.5000000000
78282  24.595  8.023  -31.648 0.6250000000
76526  25.428  6.492  -29.760 0.2500000000
77447  25.579  7.439  -29.521 0.3750000000
78265  25.402  8.103  -29.748 0.3750000000
79020  21.992  9.644  -33.961 0.6250000000
79702  22.558  9.817  -35.209 0.7500000000
79694  23.525  9.943  -34.536 0.7500000000
79693  23.894  9.810  -33.288 0.7500000000
116443  24.257  9.669  -32.051 0.6250000000
79001  24.886  9.674  -30.332 0.3750000000
129384  24.457  9.480  -31.117 0.3750000000
77446  26.103  7.301  -28.927 0.1250000000
124252  25.903  8.973  -29.329 0.1250000000
79699  21.949  10.263  -34.858 0.6250000000
118772  22.556  10.715  -35.286 0.7500000000
113396  23.273  10.679  -34.962 0.6250000000
79687  23.700  10.615  -33.751 0.7500000000
120936  24.086  10.531  -32.352 0.3750000000
79002  24.414  8.827  -31.849 0.6250000000
78981  26.517  9.803  -29.196 0.1250000000
78264  26.082  8.158  -29.058 0.1250000000
120436  21.939  11.027  -35.263 0.6250000000
80398  22.934  11.363  -35.314 0.3750000000
81091  24.748  11.991  -31.392 0.2500000000
80359  25.922  11.360  -30.141 0.1250000000
79661  25.339  10.576  -30.126 0.3750000000
79677  24.504  10.411  -31.023 0.3750000000
78980  27.256  9.717  -28.921 0.1250000000
117452  25.639  9.787  -29.640 0.1250000000
81118  21.820  12.090  -35.069 0.3750000000
112573  21.747  11.066  -34.376 0.3750000000
118689  23.160  11.804  -34.964 0.3750000000
81106  23.671  12.036  -33.610 0.3750000000
80392  23.459  11.342  -34.373 0.3750000000
80385  24.388  11.288  -31.633 0.3750000000
80386  23.883  11.313  -32.897 0.3750000000
81088  27.072  12.376  -30.802 0.1250000000
80374  25.035  11.354  -30.708 0.1250000000
80358  26.868  11.310  -29.805 0.1250000000
81114  22.892  12.337  -35.044 0.2500000000
117056  22.532  11.891  -35.421 0.3750000000
81841  24.511  13.015  -32.395 0.1250000000
81105  24.338  12.425  -32.311 0.2500000000
81839  26.423  13.187  -31.646 0.1250000000
81104  25.055  12.594  -31.552 0.1250000000
81117  22.058  12.346  -35.572 0.3750000000
81850  23.955  13.298  -33.335 0.1250000000
82602  23.779  13.873  -33.918 0.1250000000
81849  24.726  13.594  -32.664 0.1250000000
81847  27.230  13.550  -32.289 0.1250000000
82601  25.133  14.292  -33.018 0.1250000000
82618  22.932  14.632  -35.899 0.1250000000
83419  25.140  15.431  -34.362 0.1250000000
83420  23.848  15.092  -34.950 0.1250000000
82608  27.090  14.764  -33.603 0.1250000000
81857  27.641  14.092  -33.077 0.1250000000
63853  23.831  -8.886  -30.266 0.8750000000
64705  26.169  -7.185  -29.060 0.6250000000
74871  25.793  4.990  -29.096 0.3750000000
78311  22.509  8.701  -34.530 0.8750000000
78317  22.938  8.671  -34.783 0.8750000000
78300  23.855  8.251  -33.859 0.7500000000
123993  25.020  7.134  -30.483 0.5000000000
76537  24.656  6.539  -31.732 0.7500000000
81103  25.881  12.730  -31.225 0.1250000000
81113  23.749  12.776  -33.494 0.2500000000
82610  24.417  14.733  -33.975 0.1250000000
82600  26.539  14.281  -32.868 0.1250000000
107190  26.421  -2.906  -28.741 0.5000000000
122146  26.221  -3.383  -29.721 0.6250000000
73084  26.295  3.016  -27.926 0.2500000000
81840  25.371  13.180  -31.850 0.1250000000
58456  23.174  -14.074  -27.493 0.7500000000
58457  22.511  -13.835  -27.374 0.7500000000
124113  21.454  -12.878  -27.079 0.7500000000
60235  21.071  -12.255  -27.043 0.7500000000
59334  24.384  -13.599  -27.303 0.7500000000
60232  23.400  -12.917  -27.928 0.7500000000
126400  24.687  -12.820  -27.456 0.7500000000
62086  20.847  -10.339  -27.895 0.6250000000
62067  21.208  -11.144  -27.739 0.7500000000
61175  24.667  -11.597  -28.239 0.6250000000
62066  25.441  -10.287  -28.371 0.6250000000
63829  25.720  -8.804  -28.764 0.6250000000
63838  26.080  -7.999  -28.602 0.5000000000
64695  27.034  -7.121  -27.323 0.3750000000
64696  26.529  -7.220  -28.143 0.5000000000
108345  27.453  -5.292  -27.052 0.1250000000
107347  27.794  -4.112  -26.544 0.1250000000
122214  28.162  -3.300  -25.478 0.1250000000
121859  27.647  -1.703  -25.442 0.1250000000
121841  27.513  -0.829  -25.505 0.1250000000
122233  27.114  -0.614  -26.269 0.1250000000
122263  26.826  0.236  -26.399 0.1250000000
72210  26.162  1.165  -27.455 0.1250000000
72225  25.872  1.520  -28.047 0.2500000000
117816  22.367  8.055  -31.154 0.5000000000
75686  26.408  5.084  -28.282 0.1250000000
76515  26.732  6.528  -28.199 0.1250000000
78247  26.963  8.090  -28.419 0.1250000000
78967  27.603  9.120  -28.603 0.1250000000
79658  28.100  10.658  -29.388 0.1250000000
78979  28.074  9.966  -28.945 0.1250000000
81101  28.443  12.472  -31.751 0.1250000000
80350  22.630  11.383  -28.320 0.1250000000
81851  22.046  13.108  -35.319 0.2500000000
82603  22.541  13.742  -35.332 0.1250000000
82613  21.911  14.640  -35.959 0.1250000000
83427  24.466  15.765  -35.332 0.1250000000
82609  25.831  14.916  -33.533 0.1250000000
83418  26.469  15.425  -34.323 0.1250000000
107191  25.711  -5.556  -30.370 0.7500000000
72242  25.263  1.109  -30.045 0.7500000000
75726  21.730  5.615  -32.389 0.3750000000
64716  24.854  -7.868  -30.457 0.8750000000
63001  21.957  -9.497  -29.134 0.8750000000
129413  23.394  -8.312  -30.298 0.8750000000
122026  26.123  -5.518  -29.643 0.7500000000
122070  26.205  -2.442  -29.455 0.6250000000
118537  24.976  3.254  -31.429 0.8750000000
77487  23.581  7.025  -34.170 0.8750000000
125744  21.714  11.772  -34.449 0.3750000000
82604  21.398  14.215  -34.041 0.1250000000
59353  22.265  -13.155  -27.511 0.7500000000
59352  22.970  -13.395  -27.740 0.7500000000
60247  23.504  -12.236  -28.271 0.7500000000
60230  24.651  -12.177  -27.845 0.7500000000
61177  20.711  -11.542  -27.043 0.7500000000
127271  23.010  -12.195  -28.345 0.7500000000
125691  23.388  -10.819  -29.088 0.7500000000
62085  21.767  -10.670  -28.439 0.7500000000
62096  23.127  -10.241  -29.365 0.8750000000
62082  24.301  -10.608  -29.145 0.7500000000
62999  23.504  -9.606  -29.861 0.8750000000
62986  24.599  -9.986  -29.491 0.7500000000
62975  25.300  -9.615  -29.119 0.7500000000
110566  25.415  -8.730  -29.485 0.7500000000
63851  25.176  -8.351  -30.064 0.8750000000
129986  25.706  -8.359  -29.119 0.6250000000
65580  26.815  -6.592  -27.778 0.2500000000
65581  26.476  -6.515  -28.540 0.5000000000
106934  27.440  -4.466  -27.201 0.2500000000
122068  26.848  -3.420  -28.056 0.2500000000
107250  26.432  -3.583  -28.936 0.6250000000
122069  27.549  -2.390  -26.158 0.1250000000
127741  27.834  -2.887  -25.808 0.1250000000
122231  26.626  -1.400  -27.621 0.1250000000
121921  26.957  -1.193  -26.803 0.1250000000
70566  25.861  -0.497  -28.928 0.6250000000
78302  22.112  8.851  -33.943 0.6250000000
76525  26.106  6.476  -28.829 0.1250000000
75699  26.233  5.758  -28.589 0.1250000000
78982  25.161  8.895  -29.975 0.3750000000
111263  24.633  8.803  -30.826 0.3750000000
78263  26.725  8.999  -28.866 0.1250000000
79660  26.257  10.605  -29.608 0.1250000000
79659  27.279  10.523  -29.287 0.1250000000
80399  21.772  11.583  -35.190 0.3750000000
80373  26.535  11.943  -30.363 0.1250000000
81121  22.009  11.924  -35.559 0.3750000000
120828  24.222  11.851  -32.243 0.3750000000
80372  27.434  11.837  -30.283 0.1250000000
81089  26.339  12.411  -30.809 0.1250000000
108570  26.640  12.738  -31.162 0.1250000000
81102  27.424  12.836  -31.506 0.1250000000
81090  25.590  12.112  -30.766 0.1250000000
80357  27.776  11.233  -29.740 0.1250000000
115063  23.056  13.102  -34.732 0.2500000000
81848  25.902  13.748  -32.272 0.1250000000
82611  23.182  14.213  -35.182 0.1250000000
82619  22.371  14.790  -36.205 0.1250000000
82612  22.331  14.109  -36.030 0.1250000000
59351  23.615  -13.501  -27.661 0.7500000000
58455  23.791  -14.152  -27.364 0.7500000000
58458  21.775  -13.506  -27.019 0.7500000000
62068  20.364  -10.730  -27.130 0.5000000000
62974  25.778  -9.441  -28.212 0.6250000000
63828  26.180  -8.668  -27.934 0.5000000000
122319  27.181  0.881  -25.815 0.1250000000
107060  26.369  0.368  -27.229 0.1250000000
77431  26.628  7.150  -28.420 0.1250000000
81087  27.925  12.236  -30.930 0.1250000000
128105  21.095  -13.168  -26.638 0.7500000000
60216  20.323  -11.935  -26.364 0.5000000000
58438  23.446  -14.875  -27.116 0.6250000000
58436  25.054  -14.002  -26.539 0.3750000000
60203  26.317  -12.825  -25.767 0.2500000000
60204  25.698  -12.804  -26.457 0.3750000000
64681  26.620  -7.885  -27.588 0.3750000000
58439  22.744  -14.520  -27.213 0.6250000000
61174  25.196  -11.626  -27.765 0.5000000000
62052  25.620  -10.885  -27.659 0.5000000000
62065  25.949  -10.018  -27.525 0.3750000000
58427  25.623  -14.173  -25.704 0.5000000000
56647  23.023  -16.109  -26.270 0.6250000000
59335  20.514  -13.183  -26.121 0.3750000000
57537  22.543  -15.347  -26.684 0.6250000000
58441  21.219  -13.780  -26.409 0.6250000000
57508  25.202  -15.384  -25.106 0.3750000000
57536  23.378  -15.586  -26.632 0.6250000000
61163  19.856  -11.454  -26.129 0.2500000000
58414  26.219  -14.361  -24.944 0.3750000000
119767  26.627  -12.110  -25.785 0.2500000000
60193  26.773  -13.147  -25.105 0.2500000000
63830  19.632  -9.036  -27.492 0.3750000000
61161  25.800  -11.529  -26.968 0.2500000000
62051  26.298  -10.636  -26.695 0.3750000000
121848  18.459  -1.449  -28.910 0.1250000000
72256  19.186  1.180  -30.093 0.2500000000
111197  27.454  -6.961  -26.706 0.2500000000
72255  20.109  1.695  -30.621 0.2500000000
71429  18.649  0.106  -29.493 0.1250000000
63831  18.897  -8.517  -27.029 0.2500000000
73109  21.310  2.550  -31.759 0.3750000000
61190  25.054  -11.060  -28.372 0.5000000000
60215  20.696  -12.652  -26.526 0.5000000000
58437  24.303  -14.507  -26.858 0.6250000000
59333  25.151  -13.190  -26.876 0.5000000000
116411  25.320  -12.346  -27.138 0.5000000000
61162  20.045  -11.097  -26.516 0.3750000000
58440  22.043  -14.302  -26.876 0.6250000000
62053  19.658  -10.243  -26.692 0.3750000000
126469  26.231  -9.274  -27.480 0.2500000000
57535  24.081  -15.300  -26.477 0.6250000000
57520  24.891  -14.818  -25.934 0.5000000000
59323  25.687  -13.443  -26.127 0.2500000000
59322  26.256  -13.625  -25.391 0.2500000000
60214  26.030  -12.188  -26.373 0.3750000000
114512  25.607  -14.788  -25.247 0.5000000000
60205  20.164  -12.565  -25.925 0.3750000000
57509  24.747  -15.940  -24.962 0.3750000000
57521  24.471  -15.626  -25.669 0.5000000000
61160  26.450  -11.485  -26.172 0.2500000000
62965  26.538  -9.621  -26.776 0.2500000000
122039  17.617  -1.264  -27.105 0.1250000000
56634  20.928  -15.947  -25.241 0.5000000000
56620  23.710  -16.827  -24.976 0.3750000000
56631  23.382  -16.513  -25.700 0.5000000000
56649  21.895  -15.838  -26.071 0.5000000000
112724  20.281  -16.103  -24.638 0.3750000000
58415  20.017  -14.547  -25.019 0.5000000000
57538  21.454  -14.820  -26.155 0.5000000000
57524  20.746  -14.984  -25.444 0.5000000000
58428  20.474  -13.972  -25.655 0.3750000000
56606  18.899  -15.694  -23.153 0.1250000000
55685  18.270  -17.185  -22.548 0.1250000000
55713  20.282  -17.022  -24.283 0.3750000000
110040  24.013  -17.250  -24.252 0.2500000000
128412  21.947  -17.678  -24.869 0.3750000000
55723  22.371  -17.282  -25.188 0.5000000000
57473  17.068  -15.631  -22.851 0.1250000000
112535  19.590  -16.150  -23.867 0.3750000000
56621  20.877  -16.844  -24.918 0.3750000000
58398  19.235  -14.445  -23.709 0.1250000000
111060  19.621  -13.830  -24.528 0.1250000000
116681  26.307  2.107  -27.419 0.1250000000
56630  24.123  -16.269  -25.350 0.3750000000
56648  22.426  -16.142  -26.131 0.5000000000
59324  20.028  -13.151  -25.497 0.2500000000
56618  25.414  -15.957  -24.317 0.2500000000
120681  21.374  -16.647  -25.350 0.5000000000
56633  21.959  -16.663  -25.701 0.5000000000
57510  20.327  -15.325  -24.957 0.5000000000
56632  22.690  -16.640  -25.761 0.3750000000
55710  23.172  -17.400  -24.719 0.3750000000
57511  19.804  -15.232  -24.457 0.2500000000
58416  19.591  -14.374  -24.369 0.1250000000
57472  17.936  -15.574  -23.059 0.1250000000
57497  18.565  -14.946  -23.395 0.1250000000
57498  17.399  -14.806  -23.348 0.1250000000
57496  19.316  -15.080  -23.753 0.1250000000
58429  19.804  -13.783  -25.034 0.1250000000
56589  17.580  -16.318  -22.668 0.1250000000
125672  18.355  -16.257  -22.815 0.1250000000
55700  19.671  -17.254  -23.612 0.3750000000
55698  23.434  -17.797  -23.937 0.2500000000
129943  19.464  -14.147  -24.139 0.1250000000
115410  21.727  -18.421  -24.136 0.2500000000
55701  19.179  -17.443  -22.995 0.1250000000
112882  19.066  -16.629  -23.037 0.1250000000
54879  21.554  -17.955  -24.581 0.2500000000
55699  20.318  -17.916  -23.964 0.2500000000
54868  20.996  -18.483  -24.124 0.1250000000
62966  19.239  -9.740  -26.488 0.1250000000
76538  22.063  6.305  -31.835 0.1250000000
76527  22.354  6.605  -31.164 0.1250000000
122428  22.273  7.224  -31.249 0.1250000000
122523  22.545  7.424  -30.382 0.1250000000
111259  22.606  8.006  -30.253 0.1250000000
75718  22.059  5.804  -31.795 0.1250000000
77432  23.094  7.355  -28.695 0.1250000000
74877  21.522  5.074  -32.145 0.1250000000
72246  19.449  1.600  -30.060 0.1250000000
60206  19.920  -12.014  -25.842 0.1250000000
62054  19.538  -10.722  -26.273 0.1250000000
75713  22.885  5.567  -29.568 0.1250000000
76516  22.983  6.380  -28.983 0.1250000000
78248  22.821  8.763  -28.668 0.1250000000
64697  18.682  -7.876  -27.197 0.1250000000
62976  19.994  -9.870  -27.273 0.1250000000
61153  19.709  -11.494  -25.924 0.1250000000
73102  20.861  2.451  -31.295 0.1250000000
62978  18.725  -8.676  -26.584 0.1250000000
62977  19.234  -9.308  -26.829 0.1250000000
62956  18.664  -9.232  -25.460 0.1250000000
62055  19.247  -10.118  -26.298 0.1250000000
114227  22.726  8.146  -29.526 0.1250000000
75689  23.356  5.963  -28.319 0.1250000000
78241  22.976  9.098  -28.069 0.1250000000
57495  26.662  -15.383  -23.878 0.1250000000
58413  26.922  -14.623  -24.182 0.1250000000
59313  26.836  -13.774  -24.701 0.1250000000
112052  27.405  -13.148  -24.658 0.1250000000
60192  27.106  -12.447  -25.182 0.1250000000
62043  26.886  -10.874  -25.897 0.1250000000
62041  28.313  -10.000  -24.905 0.1250000000
109550  27.709  -9.598  -25.499 0.1250000000
62050  27.006  -10.073  -26.017 0.1250000000
116109  27.766  -8.696  -25.624 0.1250000000
63820  26.718  -8.650  -26.938 0.1250000000
63803  28.314  -8.131  -25.186 0.1250000000
63804  27.773  -7.878  -25.837 0.1250000000
64680  27.260  -7.711  -26.667 0.1250000000
54865  24.232  -17.633  -23.525 0.1250000000
54878  22.412  -17.955  -24.374 0.1250000000
109522  24.948  -17.577  -23.111 0.1250000000
55697  25.492  -17.028  -23.271 0.1250000000
56604  25.912  -16.378  -23.555 0.1250000000
57493  28.272  -15.332  -23.442 0.1250000000
57494  27.385  -15.339  -23.611 0.1250000000
59312  27.594  -13.902  -24.233 0.1250000000
59311  28.272  -13.287  -24.216 0.1250000000
61136  27.941  -11.502  -24.857 0.1250000000
62028  28.281  -10.777  -24.800 0.1250000000
62950  28.332  -9.044  -25.000 0.1250000000
65547  27.700  -6.515  -26.368 0.1250000000
65546  28.158  -6.368  -25.708 0.1250000000
64664  28.276  -7.276  -25.422 0.1250000000
65566  27.320  -6.304  -27.067 0.1250000000
56617  26.163  -15.771  -23.889 0.1250000000
62964  27.198  -9.170  -26.176 0.1250000000
56619  24.579  -16.560  -24.485 0.1250000000
129172  25.234  -16.590  -23.850 0.1250000000
54866  23.797  -18.167  -23.229 0.1250000000
56603  26.830  -16.106  -23.394 0.1250000000
61152  27.195  -11.585  -25.479 0.1250000000
60191  27.901  -12.393  -24.617 0.1250000000
62042  27.639  -10.634  -25.361 0.1250000000
63819  27.354  -8.413  -26.236 0.1250000000
64665  27.760  -7.113  -26.091 0.1250000000
63790  28.879  -8.400  -24.524 0.1250000000
55683  25.718  -17.674  -22.747 0.1250000000
59293  28.263  -14.034  -23.912 0.1250000000
65527  28.671  -6.639  -24.908 0.1250000000
54848  24.295  -18.535  -22.648 0.1250000000
55711  21.552  -17.311  -25.089 0.3750000000
55712  20.917  -17.667  -24.578 0.2500000000
55722  23.059  -17.019  -25.368 0.3750000000
56605  24.755  -17.096  -23.733 0.1250000000
57507  26.050  -15.188  -24.515 0.1250000000
57522  23.745  -15.950  -26.093 0.6250000000
57523  21.339  -15.532  -25.689 0.5000000000
58396  28.656  -14.591  -23.625 0.1250000000
62027  28.818  -10.472  -24.403 0.1250000000
68228  24.317  -2.587  -32.463 1.0000000000
69014  24.529  -2.138  -32.651 1.0000000000
70592  22.320  -0.161  -32.251 1.0000000000
70603  24.936  -0.852  -33.248 1.0000000000
72264  24.505  1.479  -32.190 1.0000000000
80404  22.274  11.491  -35.450 0.3750000000
107390  18.420  0.257  -28.017 0.1250000000
111719  21.530  -16.167  -25.624 0.5000000000
128608  27.543  -11.980  -25.023 0.1250000000
