#!ascii label  , from subject sub-v2s17x50005_ses-1 vox2ras=TkReg
1605
31633  43.007  -43.514  -25.931 0.6000000238
32535  41.686  -42.690  -25.174 0.5000000000
117028  42.716  -39.764  -25.924 0.6999999881
113826  43.602  -40.257  -26.392 0.6000000238
35533  43.709  -39.421  -26.508 0.6000000238
36377  43.752  -38.598  -26.548 0.6000000238
33536  41.963  -41.109  -25.439 0.6999999881
33535  42.849  -41.289  -25.859 0.6000000238
34545  43.537  -40.974  -26.305 0.5000000000
113737  44.477  -41.283  -26.838 0.5000000000
33541  45.251  -41.875  -27.387 0.5000000000
35532  45.138  -40.101  -27.176 0.6000000238
36376  45.096  -39.039  -27.148 0.6000000238
119104  41.646  -41.856  -25.200 0.5000000000
31634  42.074  -43.487  -25.376 0.5000000000
32534  43.447  -42.691  -26.261 0.6000000238
36375  46.623  -38.423  -27.738 0.6000000238
30778  41.319  -44.804  -24.753 0.5000000000
112576  40.641  -44.814  -24.347 0.5000000000
38321  42.945  -36.487  -25.475 0.6000000238
127892  43.579  -36.427  -25.861 0.6999999881
36372  41.595  -38.554  -25.425 0.6000000238
35529  42.008  -39.358  -25.585 0.6999999881
37263  42.436  -37.172  -25.655 0.6000000238
38329  43.308  -36.841  -26.046 0.6000000238
37268  44.156  -37.168  -26.560 0.6000000238
35521  41.324  -39.500  -25.215 0.6000000238
34539  41.942  -40.141  -25.485 0.6999999881
37267  45.760  -37.080  -27.339 0.6000000238
32531  40.957  -42.073  -24.736 0.5000000000
34532  41.098  -40.479  -25.025 0.5000000000
31629  40.955  -43.021  -24.599 0.5000000000
38335  47.240  -36.337  -28.100 0.6000000238
111805  40.939  -43.974  -24.523 0.5000000000
37273  47.034  -36.829  -28.532 0.6000000238
39356  46.632  -35.406  -28.832 0.6999999881
38340  47.070  -35.827  -28.987 0.6000000238
38341  46.007  -35.915  -29.119 0.6999999881
109632  45.567  -37.706  -29.006 0.6000000238
110318  45.104  -36.569  -29.096 0.6000000238
36383  42.557  -38.238  -28.276 0.6000000238
108984  43.654  -36.348  -28.915 0.6000000238
121182  38.684  -38.087  -26.481 0.5000000000
36374  37.210  -38.548  -25.130 0.6999999881
36380  38.192  -38.714  -26.148 0.6000000238
35524  36.619  -39.140  -24.601 0.8000000119
34535  36.557  -40.096  -24.910 0.6999999881
39343  43.482  -35.982  -25.142 0.6000000238
38320  44.135  -35.916  -25.694 0.6999999881
37264  41.630  -37.544  -25.320 0.6999999881
117795  42.204  -37.927  -25.749 0.6999999881
38315  42.605  -36.347  -24.853 0.6000000238
38328  44.542  -36.371  -26.383 0.6999999881
127165  45.081  -35.395  -25.603 0.6999999881
125729  40.891  -38.837  -24.979 0.6000000238
36365  40.905  -37.995  -24.962 0.6000000238
39347  45.594  -35.404  -26.252 0.8000000119
35523  39.843  -39.530  -24.256 0.5000000000
36366  40.243  -38.598  -24.471 0.5000000000
107207  46.268  -34.920  -26.685 0.8000000119
38327  46.284  -35.843  -27.175 0.6000000238
33530  39.961  -41.153  -24.114 0.5000000000
34533  40.244  -40.390  -24.470 0.5000000000
123117  45.934  -34.548  -26.566 0.8000000119
122089  46.940  -35.384  -27.786 0.6000000238
31618  40.352  -43.366  -24.096 0.5000000000
40326  46.541  -34.831  -27.603 0.8000000119
40335  45.862  -34.633  -27.974 0.8000000119
39350  47.072  -35.290  -28.435 0.6999999881
39358  43.754  -35.296  -28.709 0.6999999881
40343  44.612  -34.860  -28.375 0.6999999881
38344  42.161  -35.291  -28.697 0.6999999881
122436  42.694  -35.168  -28.729 0.6999999881
38342  44.445  -35.806  -28.959 0.6999999881
38345  41.309  -34.960  -28.487 0.6000000238
37281  42.474  -36.150  -28.713 0.6000000238
38343  43.110  -35.563  -28.902 0.6000000238
108826  40.240  -36.340  -27.766 0.6999999881
37277  40.869  -36.679  -27.943 0.6999999881
37276  41.777  -37.174  -28.187 0.6000000238
37271  38.868  -36.969  -26.687 0.6999999881
36378  39.310  -38.028  -26.895 0.6000000238
113636  37.731  -38.066  -25.633 0.8000000119
37272  38.254  -37.625  -26.149 0.8000000119
38323  37.194  -36.581  -25.717 0.8999999762
35525  36.076  -39.428  -23.947 0.6999999881
37266  37.096  -37.418  -25.202 0.8000000119
127156  36.323  -39.762  -24.427 0.6999999881
107434  45.171  -35.499  -24.153 0.6000000238
106678  45.773  -35.027  -24.551 0.6999999881
106674  45.653  -35.073  -24.040 0.6999999881
39340  43.641  -35.847  -24.432 0.6000000238
39322  45.695  -34.777  -24.021 0.6000000238
112887  42.534  -36.547  -23.080 0.4000000060
38316  41.767  -36.638  -24.465 0.6000000238
121817  42.503  -36.299  -24.229 0.6000000238
38317  40.999  -36.872  -23.991 0.6000000238
106676  45.756  -34.745  -24.621 0.8000000119
37248  39.723  -37.683  -22.996 0.4000000060
36355  39.849  -38.025  -23.818 0.5000000000
37258  40.514  -37.609  -24.291 0.6000000238
107105  45.720  -34.642  -25.618 0.8000000119
35511  39.284  -39.506  -23.544 0.5000000000
33518  39.389  -41.127  -23.536 0.4000000060
129570  45.217  -34.008  -26.242 0.8000000119
32521  39.733  -42.006  -23.781 0.5000000000
40337  43.119  -34.546  -27.738 0.8000000119
40329  40.934  -34.342  -27.488 0.8000000119
40345  42.062  -34.729  -28.319 0.6999999881
107439  44.534  -34.212  -26.752 0.8000000119
39352  40.335  -34.503  -28.214 0.8000000119
40338  41.576  -34.477  -28.045 0.6999999881
123094  39.520  -34.261  -28.167 0.8999999762
38338  39.805  -35.301  -27.958 0.8999999762
39351  41.205  -34.632  -28.282 0.6999999881
38330  39.170  -35.893  -27.380 0.8999999762
38337  40.684  -35.489  -28.219 0.6999999881
37270  39.613  -36.706  -27.317 0.6000000238
37265  37.729  -37.107  -25.824 0.8999999762
111491  38.221  -36.731  -26.328 0.8999999762
37249  35.619  -37.832  -23.449 0.8000000119
36358  35.116  -39.186  -22.486 0.8000000119
36367  36.132  -38.464  -23.967 0.8000000119
36357  35.679  -38.835  -23.272 0.8000000119
38318  36.411  -37.216  -24.731 0.8000000119
113447  36.650  -38.034  -24.550 0.6999999881
38300  45.195  -35.735  -23.512 0.6999999881
39323  45.372  -35.325  -23.461 0.6000000238
39324  45.078  -35.067  -22.841 0.6999999881
38291  43.704  -36.652  -23.135 0.4000000060
111165  43.095  -36.267  -23.645 0.5000000000
38301  44.464  -36.086  -23.576 0.6000000238
38292  41.687  -36.622  -22.757 0.5000000000
40299  45.244  -34.238  -23.906 0.6999999881
37219  40.748  -36.981  -21.749 0.5000000000
37247  40.355  -37.297  -23.490 0.6000000238
37237  39.816  -37.437  -22.059 0.4000000060
40311  43.338  -33.766  -24.373 0.8000000119
107644  44.396  -33.694  -24.809 0.8000000119
35498  38.934  -39.071  -22.816 0.4000000060
121217  43.437  -34.053  -25.341 0.8000000119
106679  44.644  -33.885  -25.748 0.8000000119
107099  45.532  -34.087  -25.815 0.8000000119
119070  38.934  -40.998  -23.035 0.3000000119
40320  41.047  -34.660  -26.142 0.8000000119
40327  43.408  -34.317  -26.481 0.8000000119
40321  39.964  -34.056  -27.039 0.8000000119
40328  42.233  -34.518  -27.274 0.8000000119
40341  39.094  -33.508  -27.879 0.8999999762
40330  39.667  -33.797  -27.923 0.8999999762
40331  38.593  -33.385  -27.419 0.8999999762
39353  39.058  -33.801  -28.075 0.8999999762
39354  38.686  -33.478  -27.551 0.8999999762
39348  38.435  -34.226  -27.629 0.8999999762
114567  37.659  -34.934  -26.894 0.8999999762
113137  35.237  -38.162  -22.719 0.8000000119
36346  34.621  -39.050  -21.786 0.8000000119
38332  37.705  -36.146  -26.285 0.8999999762
38333  36.961  -35.680  -26.131 0.8999999762
37259  35.985  -37.525  -24.170 0.8000000119
38324  36.418  -36.431  -25.332 0.8000000119
38289  44.987  -36.494  -22.944 0.6000000238
39310  45.060  -36.043  -22.669 0.6000000238
39311  44.385  -35.541  -22.080 0.6000000238
38273  45.018  -37.154  -22.390 0.6000000238
37234  44.853  -37.793  -22.663 0.4000000060
38290  44.898  -36.891  -22.968 0.4000000060
119258  45.390  -34.735  -23.498 0.6999999881
37235  43.975  -37.257  -22.794 0.4000000060
40287  44.506  -34.273  -23.207 0.6999999881
37218  42.897  -37.438  -22.145 0.5000000000
38275  42.519  -36.849  -22.500 0.4000000060
41193  44.255  -33.691  -23.920 0.6999999881
36329  42.060  -37.685  -21.273 0.5000000000
41194  43.130  -33.802  -23.657 0.8000000119
40313  40.845  -34.726  -24.930 0.8000000119
109834  40.009  -34.566  -25.963 0.8000000119
40322  38.873  -33.771  -26.509 0.8999999762
118258  37.825  -33.720  -27.234 0.8999999762
39349  36.891  -34.445  -26.575 1.0000000000
37250  34.959  -37.290  -23.053 0.8000000119
37260  35.294  -36.989  -23.851 0.8000000119
39344  36.148  -35.371  -25.783 1.0000000000
38319  35.759  -36.722  -24.608 0.8000000119
38325  35.463  -35.949  -25.158 0.8000000119
38274  44.634  -36.560  -21.876 0.6000000238
38260  43.490  -35.870  -21.031 0.6000000238
37203  44.907  -37.552  -21.869 0.6000000238
127392  42.760  -35.662  -20.386 0.6999999881
36343  45.105  -38.255  -22.380 0.4000000060
37217  45.103  -37.979  -22.377 0.4000000060
37233  44.982  -37.651  -22.496 0.4000000060
123961  44.098  -37.838  -22.525 0.4000000060
40277  43.989  -34.692  -22.372 0.6999999881
36328  43.346  -38.154  -21.915 0.5000000000
114288  44.710  -38.481  -22.390 0.4000000060
40288  43.317  -34.192  -22.766 0.8000000119
41195  42.249  -34.060  -23.375 0.8000000119
41171  42.323  -34.210  -22.344 0.8000000119
109884  40.500  -34.691  -23.905 0.8000000119
40301  41.650  -34.320  -23.958 0.8000000119
111801  39.252  -34.773  -23.874 0.8000000119
116931  38.086  -33.165  -27.075 0.8999999762
41205  37.943  -33.235  -25.808 0.8999999762
41216  37.573  -32.986  -26.546 1.0000000000
120446  37.391  -33.319  -26.736 1.0000000000
40332  36.688  -33.723  -26.399 1.0000000000
38326  34.954  -36.251  -24.413 0.8000000119
126000  34.773  -37.622  -22.356 0.8000000119
39345  36.132  -34.447  -25.986 1.0000000000
120625  35.231  -35.037  -25.451 0.8000000119
37188  43.605  -37.772  -19.965 0.6000000238
39300  43.333  -34.997  -21.520 0.6999999881
40251  41.942  -34.795  -20.194 0.6999999881
109992  45.123  -38.296  -22.068 0.4000000060
40278  42.864  -34.445  -21.954 0.8000000119
40265  42.394  -34.620  -21.084 0.8000000119
36327  45.068  -38.738  -22.314 0.4000000060
35467  45.157  -39.541  -21.995 0.4000000060
41182  41.818  -34.164  -22.664 0.8000000119
41196  41.231  -34.302  -23.132 0.8000000119
40289  40.045  -34.586  -22.967 0.8000000119
40302  37.817  -33.799  -24.664 0.8999999762
40291  38.281  -34.355  -23.806 0.8000000119
41206  37.277  -32.912  -25.119 1.0000000000
41209  37.417  -32.831  -26.084 1.0000000000
121528  37.211  -32.785  -26.024 1.0000000000
42043  35.612  -32.886  -25.155 1.0000000000
40316  34.329  -34.901  -24.803 0.8999999762
38294  34.497  -36.863  -22.417 0.8000000119
39333  33.993  -35.265  -23.157 0.8999999762
40324  34.834  -34.280  -25.252 1.0000000000
41212  34.732  -33.487  -25.036 1.0000000000
116958  35.701  -31.709  -24.590 1.0000000000
43709  35.699  -30.575  -24.138 1.0000000000
42876  35.251  -31.158  -24.406 1.0000000000
42039  34.838  -31.834  -24.601 1.0000000000
43700  36.145  -30.063  -23.826 1.0000000000
38250  42.727  -36.222  -19.930 0.6999999881
39276  41.987  -35.861  -19.056 0.6999999881
37177  43.194  -37.866  -18.884 0.6000000238
37189  42.941  -37.111  -19.481 0.6000000238
39288  42.273  -35.433  -19.872 0.6999999881
37204  44.478  -38.077  -20.994 0.6000000238
36297  44.457  -39.173  -19.712 0.5000000000
40252  41.201  -34.194  -19.473 0.8000000119
35454  45.174  -39.806  -20.697 0.4000000060
40266  41.609  -34.281  -20.591 0.8000000119
41172  41.270  -34.158  -21.697 0.8000000119
41183  40.725  -34.255  -22.290 0.8000000119
40290  38.942  -34.521  -22.939 0.6999999881
112019  37.900  -33.426  -22.597 0.8000000119
41197  37.534  -33.552  -23.756 0.8999999762
129038  37.620  -32.825  -22.557 1.0000000000
112611  37.293  -32.815  -23.128 1.0000000000
42037  36.877  -32.377  -24.238 1.0000000000
42025  36.931  -31.971  -23.332 1.0000000000
42865  37.087  -31.534  -22.846 1.0000000000
42042  36.844  -32.512  -25.327 1.0000000000
43698  37.066  -30.872  -22.764 1.0000000000
42026  36.572  -31.685  -23.970 1.0000000000
43699  36.677  -30.310  -23.267 1.0000000000
42875  36.089  -31.208  -24.181 1.0000000000
40325  34.152  -34.030  -24.813 1.0000000000
40317  33.756  -34.332  -24.336 1.0000000000
43708  36.283  -30.679  -23.800 1.0000000000
42044  34.559  -32.620  -24.728 1.0000000000
41213  33.998  -33.218  -24.711 1.0000000000
42877  34.377  -31.270  -24.557 1.0000000000
44704  35.925  -29.337  -23.926 1.0000000000
43710  34.719  -30.368  -24.383 1.0000000000
120279  42.342  -36.528  -19.020 0.6999999881
39289  41.631  -35.052  -19.165 0.6999999881
125712  43.374  -38.110  -18.064 0.5000000000
37178  42.481  -37.064  -18.482 0.6999999881
36298  44.032  -38.500  -19.874 0.5000000000
41158  40.983  -33.769  -20.201 0.8000000119
113161  40.606  -33.807  -20.806 0.6999999881
41174  39.270  -33.692  -21.562 0.8000000119
41160  39.790  -33.457  -20.835 0.8000000119
41175  38.530  -33.268  -21.796 0.6999999881
123723  37.933  -32.712  -22.072 0.8999999762
42857  38.482  -31.508  -21.117 0.8000000119
43670  38.854  -30.677  -20.747 0.8000000119
44669  39.306  -29.825  -20.565 0.8000000119
42015  37.858  -31.902  -21.768 0.8999999762
43687  38.406  -30.654  -21.266 0.8000000119
42020  37.404  -32.192  -22.524 1.0000000000
42858  37.912  -31.013  -21.672 0.8999999762
44670  38.713  -29.992  -21.145 0.8999999762
44685  39.121  -29.311  -21.236 0.8000000119
43696  37.477  -30.546  -22.175 1.0000000000
42866  36.679  -31.193  -23.449 1.0000000000
42038  36.311  -31.920  -24.546 1.0000000000
44702  37.043  -29.587  -22.886 1.0000000000
44703  36.536  -29.448  -23.472 1.0000000000
43713  33.798  -30.848  -24.673 1.0000000000
45754  37.000  -28.827  -23.138 1.0000000000
45755  36.387  -28.547  -23.656 1.0000000000
44712  35.112  -29.384  -24.212 1.0000000000
125033  36.933  -28.139  -23.255 1.0000000000
46732  36.624  -27.557  -23.619 1.0000000000
46733  35.979  -27.925  -23.985 1.0000000000
37166  42.873  -37.521  -17.787 0.6999999881
38230  42.370  -36.622  -17.487 0.6999999881
38231  41.905  -35.947  -17.623 0.6999999881
39277  41.615  -35.452  -18.184 0.6999999881
127273  41.514  -34.932  -17.742 0.6999999881
37165  43.564  -37.715  -17.371 0.6000000238
40240  41.277  -34.494  -18.242 0.6999999881
36281  43.793  -38.590  -18.768 0.5000000000
36280  44.508  -38.987  -18.465 0.5000000000
41137  40.859  -33.560  -18.450 0.8000000119
41145  40.639  -33.328  -19.342 0.6999999881
41996  40.211  -32.765  -19.590 0.6999999881
41159  40.294  -33.303  -20.140 0.6999999881
41997  39.650  -32.737  -20.305 0.6999999881
42013  39.084  -33.027  -21.077 0.6999999881
42014  38.444  -32.482  -21.387 0.6999999881
43669  39.352  -30.671  -20.133 0.8000000119
44661  39.675  -30.020  -19.861 0.8000000119
45702  40.494  -28.824  -19.494 0.8000000119
44668  39.917  -29.302  -20.050 0.8000000119
45715  39.688  -28.968  -20.831 0.8000000119
43688  38.036  -30.081  -21.651 1.0000000000
45724  40.101  -28.312  -21.252 0.8000000119
45726  38.696  -28.848  -21.632 1.0000000000
45725  39.440  -28.610  -21.442 0.8000000119
126939  37.132  -30.216  -22.654 1.0000000000
44686  37.968  -29.209  -21.825 1.0000000000
117881  37.459  -28.969  -22.443 1.0000000000
46731  37.300  -27.546  -23.052 1.0000000000
44713  34.238  -29.458  -24.587 1.0000000000
120404  33.770  -30.147  -24.695 1.0000000000
108851  37.203  -26.858  -23.378 1.0000000000
47708  36.614  -26.681  -23.901 1.0000000000
45761  34.724  -28.630  -24.477 1.0000000000
38220  42.764  -36.186  -16.730 0.6999999881
39267  42.204  -35.907  -17.103 0.6999999881
40233  41.519  -34.462  -17.325 0.6000000238
41130  41.196  -33.691  -17.550 0.6000000238
41977  40.908  -32.790  -17.760 0.6999999881
127457  40.442  -32.801  -19.136 0.6999999881
41138  40.602  -32.828  -18.642 0.6999999881
41985  39.870  -32.119  -19.680 0.6999999881
43661  39.823  -30.655  -19.476 0.8000000119
118672  39.424  -32.017  -20.194 0.6999999881
42841  39.579  -31.404  -19.838 0.8000000119
45701  40.948  -27.943  -19.747 0.8000000119
45714  40.287  -28.526  -20.381 0.8000000119
46700  40.509  -27.679  -21.674 0.8000000119
45740  39.000  -28.106  -21.784 0.8000000119
46701  39.855  -27.971  -21.779 0.8000000119
45741  38.020  -28.289  -22.015 1.0000000000
46714  39.415  -27.427  -21.999 1.0000000000
46713  40.302  -27.295  -22.211 0.6999999881
46715  38.503  -27.392  -22.163 1.0000000000
47685  38.701  -26.643  -22.420 1.0000000000
47686  37.895  -26.887  -22.738 1.0000000000
47706  38.330  -26.211  -22.843 1.0000000000
44721  33.372  -29.505  -25.067 1.0000000000
47707  37.714  -26.209  -23.268 1.0000000000
48589  37.463  -25.597  -23.766 1.0000000000
46742  35.244  -27.762  -24.438 1.0000000000
45770  33.905  -28.707  -24.989 1.0000000000
46741  35.985  -27.185  -24.178 1.0000000000
39268  41.803  -35.269  -17.274 0.6999999881
41978  40.609  -32.237  -18.265 0.6999999881
42833  40.060  -31.430  -19.186 0.6999999881
42826  40.511  -31.441  -18.364 0.6999999881
43660  40.299  -30.642  -18.790 0.8000000119
44660  40.219  -29.769  -19.238 0.6999999881
117590  41.023  -28.433  -18.986 0.6999999881
46688  41.331  -27.260  -20.406 0.6999999881
46699  41.133  -27.285  -21.413 0.6999999881
46712  41.027  -27.260  -22.230 0.6999999881
47683  40.952  -26.964  -22.749 0.8000000119
47684  39.525  -26.715  -22.396 0.8999999762
48572  39.019  -25.978  -22.695 1.0000000000
48587  39.352  -25.266  -23.090 1.0000000000
110048  33.774  -28.095  -25.424 1.0000000000
48588  38.370  -25.482  -23.257 1.0000000000
47726  35.336  -26.852  -24.734 1.0000000000
47724  36.730  -25.864  -24.176 1.0000000000
40224  42.049  -34.557  -16.701 0.6000000238
41124  41.674  -33.730  -16.813 0.6000000238
118757  41.350  -33.060  -17.039 0.6000000238
41957  41.967  -32.798  -16.519 0.6000000238
41968  41.349  -32.299  -17.034 0.6000000238
42816  41.433  -31.454  -17.027 0.6000000238
42817  40.998  -31.017  -17.624 0.6000000238
43650  40.696  -30.634  -18.165 0.6000000238
44647  41.279  -29.426  -17.998 0.6999999881
45687  41.463  -28.652  -18.354 0.6999999881
111261  41.643  -27.357  -19.599 0.6999999881
47661  41.798  -26.638  -20.956 0.6999999881
47672  41.654  -26.857  -22.010 0.6999999881
46729  49.184  -27.770  -23.925 0.3000000119
47682  41.519  -26.828  -22.768 0.6999999881
46728  49.857  -28.173  -24.471 0.3000000119
110328  41.412  -26.643  -23.167 0.8000000119
42029  31.084  -31.870  -22.927 0.8999999762
47705  39.878  -26.043  -22.845 1.0000000000
42883  32.249  -30.646  -24.828 1.0000000000
45771  33.112  -28.665  -25.603 1.0000000000
114892  32.389  -30.142  -25.045 1.0000000000
49423  38.832  -24.625  -23.606 1.0000000000
121792  37.043  -25.019  -24.398 1.0000000000
49424  37.910  -24.804  -23.947 1.0000000000
47725  36.024  -26.315  -24.484 1.0000000000
46755  34.743  -27.290  -24.966 1.0000000000
48606  36.150  -25.341  -24.950 1.0000000000
41123  42.457  -33.748  -16.416 0.6000000238
42795  42.554  -31.958  -16.419 0.6000000238
43610  42.968  -31.130  -16.542 0.6000000238
43635  42.479  -30.298  -16.855 0.6999999881
44621  41.809  -29.789  -17.364 0.6999999881
43636  41.624  -30.609  -17.096 0.6000000238
45662  41.973  -29.007  -17.721 0.6999999881
43647  46.589  -30.603  -18.915 0.3000000119
43648  45.621  -30.400  -18.410 0.3000000119
46658  41.687  -27.865  -18.858 0.6999999881
46687  42.057  -26.748  -19.998 0.6999999881
46710  48.132  -27.896  -22.645 0.3000000119
46730  48.387  -27.336  -23.468 0.4000000060
47699  48.414  -27.098  -24.435 0.4000000060
113590  30.208  -32.035  -22.707 0.6999999881
42869  29.844  -31.191  -23.119 0.6999999881
46783  48.030  -28.396  -28.503 0.3000000119
46740  49.073  -27.597  -25.122 0.3000000119
47703  42.115  -26.434  -23.449 0.6999999881
42880  31.361  -30.771  -24.277 0.8999999762
46782  48.947  -28.425  -28.299 0.3000000119
46752  48.642  -28.163  -26.667 0.3000000119
47704  40.798  -26.340  -23.149 0.8000000119
43715  31.871  -29.961  -25.123 0.8999999762
46769  48.687  -28.640  -27.935 0.3000000119
127548  40.894  -25.811  -23.496 0.8000000119
126977  40.079  -24.225  -24.101 1.0000000000
46756  34.152  -27.376  -25.614 1.0000000000
49435  38.409  -24.080  -24.322 1.0000000000
125571  35.385  -26.040  -25.222 1.0000000000
47737  34.749  -26.667  -25.440 1.0000000000
49437  36.764  -24.603  -25.189 1.0000000000
49457  36.724  -24.438  -25.986 1.0000000000
43634  43.444  -30.457  -16.887 0.6999999881
130037  43.125  -29.818  -17.070 0.6999999881
42825  46.063  -31.122  -18.197 0.3000000119
44620  42.542  -29.459  -17.308 0.6999999881
45686  42.223  -28.284  -18.132 0.6999999881
44659  45.833  -29.751  -19.039 0.4000000060
46675  42.443  -27.211  -19.152 0.6999999881
45698  46.366  -29.494  -19.785 0.3000000119
45699  45.531  -28.758  -19.355 0.5000000000
47644  42.859  -26.607  -19.649 0.6999999881
47660  42.777  -26.182  -20.494 0.6999999881
45713  46.052  -28.530  -20.068 0.5000000000
47671  42.412  -26.267  -21.640 0.6999999881
46697  46.979  -27.797  -21.487 0.4000000060
47667  46.581  -26.623  -21.788 0.6000000238
47681  42.230  -26.539  -22.676 0.6999999881
47764  46.355  -28.012  -29.021 0.4000000060
47701  47.037  -26.044  -23.462 0.4000000060
42030  29.100  -32.059  -22.819 0.6999999881
47763  47.195  -28.242  -28.989 0.4000000060
47700  47.756  -26.546  -23.888 0.4000000060
47718  47.593  -26.837  -24.908 0.4000000060
47748  47.898  -27.594  -28.703 0.3000000119
47730  48.153  -27.462  -25.623 0.4000000060
48585  41.492  -26.111  -23.681 0.6999999881
42868  30.739  -30.843  -23.683 0.6999999881
46784  47.403  -28.505  -28.519 0.4000000060
47731  47.312  -27.509  -26.117 0.4000000060
47719  46.764  -26.811  -25.352 0.4000000060
46770  47.903  -28.582  -27.902 0.3000000119
46753  47.804  -28.068  -26.838 0.3000000119
48604  41.653  -25.413  -24.428 0.8000000119
120981  40.869  -24.457  -24.470 0.8999999762
49434  39.335  -24.010  -24.130 1.0000000000
122912  35.496  -25.387  -25.774 1.0000000000
49468  37.923  -23.800  -26.178 1.0000000000
49455  38.094  -23.781  -25.167 1.0000000000
50289  38.968  -23.579  -24.896 1.0000000000
48618  36.073  -24.803  -25.879 1.0000000000
48632  35.532  -25.270  -26.888 1.0000000000
49469  37.224  -24.297  -26.629 1.0000000000
49470  36.460  -24.713  -26.881 1.0000000000
42815  43.916  -31.234  -16.791 0.6000000238
43633  44.349  -30.647  -17.298 0.6000000238
44618  43.900  -29.888  -17.376 0.6000000238
44619  43.362  -29.246  -17.448 0.6999999881
43649  44.758  -30.106  -17.853 0.5000000000
44646  43.532  -28.655  -17.814 0.6999999881
44644  45.105  -29.666  -18.360 0.4000000060
45685  43.124  -28.060  -18.093 0.6999999881
46657  42.511  -27.738  -18.523 0.6999999881
45683  44.939  -28.933  -18.633 0.6000000238
46655  43.917  -27.602  -18.712 0.6999999881
46674  43.449  -27.029  -19.126 0.6999999881
46685  45.732  -27.454  -20.308 0.6000000238
47659  43.696  -25.891  -20.559 0.6999999881
47670  43.269  -25.783  -21.278 0.6999999881
46698  46.203  -27.072  -21.020 0.5000000000
47668  45.772  -26.112  -21.405 0.6000000238
47669  44.929  -25.793  -21.150 0.6000000238
48564  43.739  -25.591  -21.703 0.6000000238
48642  45.674  -26.884  -29.168 0.4000000060
47678  47.672  -26.727  -22.997 0.4000000060
47679  46.879  -26.200  -22.604 0.4000000060
48561  46.074  -25.766  -22.232 0.5000000000
48562  45.225  -25.545  -21.915 0.6000000238
47680  43.103  -25.874  -22.299 0.6999999881
48641  46.633  -27.106  -28.823 0.4000000060
48568  46.254  -25.623  -23.123 0.5000000000
108386  42.878  -26.210  -23.372 0.6999999881
46771  46.763  -28.342  -28.585 0.4000000060
48581  47.003  -26.268  -24.358 0.4000000060
48601  46.297  -26.335  -24.766 0.4000000060
43712  30.819  -30.229  -24.372 0.8999999762
122637  30.069  -30.387  -23.714 0.6999999881
46754  47.106  -28.337  -27.607 0.4000000060
47732  46.503  -27.532  -26.521 0.4000000060
48603  42.369  -25.740  -25.098 0.6999999881
47723  42.270  -26.121  -24.287 0.6999999881
44723  32.046  -29.442  -25.490 0.8999999762
45782  32.762  -28.122  -26.106 0.8999999762
48619  34.816  -25.983  -26.232 1.0000000000
46757  33.389  -27.811  -26.006 1.0000000000
50288  40.041  -23.644  -24.840 1.0000000000
47738  34.319  -26.723  -26.140 1.0000000000
50312  38.605  -23.592  -25.703 1.0000000000
47753  34.214  -26.501  -26.933 1.0000000000
50327  38.709  -23.700  -26.778 1.0000000000
51260  38.750  -23.236  -28.404 0.8999999762
50348  39.412  -23.669  -28.481 1.0000000000
49481  37.821  -24.093  -27.271 1.0000000000
49483  36.154  -24.963  -27.811 1.0000000000
50349  38.440  -23.783  -28.099 1.0000000000
49496  36.863  -24.466  -28.045 1.0000000000
50350  37.443  -24.029  -28.165 0.8999999762
44645  44.274  -29.211  -17.914 0.6000000238
45684  44.048  -28.277  -18.286 0.6999999881
45700  44.706  -28.064  -18.947 0.6999999881
46673  44.401  -27.222  -19.275 0.6999999881
46672  45.260  -27.762  -19.596 0.6000000238
46686  44.927  -26.789  -19.896 0.6000000238
47643  43.832  -26.375  -19.780 0.6999999881
47658  44.508  -26.086  -20.465 0.6000000238
48555  44.102  -25.655  -21.091 0.6000000238
48563  44.408  -25.522  -21.731 0.6000000238
127973  45.517  -25.615  -28.658 0.3000000119
48571  43.875  -25.538  -22.246 0.6000000238
49478  45.015  -24.811  -28.650 0.4000000060
48569  45.377  -25.442  -22.816 0.6000000238
48570  44.515  -25.459  -22.522 0.6000000238
48583  45.461  -25.654  -23.760 0.5000000000
48584  43.724  -25.711  -23.007 0.6000000238
48602  45.582  -26.166  -24.653 0.4000000060
117066  43.650  -26.084  -23.984 0.6000000238
46785  45.591  -27.649  -28.955 0.5000000000
47720  45.845  -26.823  -25.636 0.4000000060
108420  42.922  -26.319  -24.334 0.6000000238
46772  45.974  -28.062  -28.511 0.5000000000
47749  46.228  -28.139  -27.694 0.4000000060
108155  42.768  -26.284  -24.878 0.6000000238
126215  45.776  -27.490  -26.743 0.4000000060
44724  31.487  -29.333  -25.424 0.8999999762
48617  41.749  -24.654  -25.459 0.8999999762
45773  31.701  -28.679  -25.828 0.8999999762
46775  33.009  -27.472  -26.661 0.8999999762
47754  33.562  -26.766  -27.126 0.8999999762
50311  39.408  -23.471  -25.779 1.0000000000
50338  38.475  -23.893  -27.759 1.0000000000
48633  34.743  -25.865  -27.391 1.0000000000
48645  35.316  -25.412  -27.805 0.8999999762
51261  37.872  -23.333  -28.259 1.0000000000
51262  37.009  -23.412  -28.303 1.0000000000
50351  36.665  -24.171  -28.296 0.8999999762
52129  38.482  -21.436  -28.267 1.0000000000
52130  37.286  -22.391  -28.232 0.8999999762
49466  45.430  -24.894  -27.563 0.3000000119
47702  44.531  -25.636  -23.453 0.6000000238
48653  45.009  -26.524  -29.490 0.5000000000
49492  44.509  -24.921  -29.359 0.4000000060
47721  44.568  -26.157  -24.524 0.5000000000
47722  43.641  -26.477  -24.889 0.5000000000
47775  45.128  -27.143  -29.367 0.5000000000
108704  45.042  -26.564  -25.317 0.5000000000
47734  44.311  -26.721  -25.563 0.5000000000
47765  44.583  -27.423  -28.451 0.5000000000
47733  45.065  -27.071  -26.246 0.5000000000
126546  43.176  -26.492  -25.086 0.6000000238
123796  44.663  -27.515  -27.760 0.5000000000
47750  45.313  -27.664  -27.521 0.5000000000
47766  43.979  -26.838  -28.428 0.5000000000
115967  44.012  -27.154  -27.551 0.5000000000
48616  42.574  -25.452  -26.060 0.6000000238
49454  40.917  -23.867  -25.340 0.8999999762
50310  40.369  -23.517  -25.954 0.8999999762
50325  40.533  -23.620  -27.064 0.8999999762
51259  39.506  -23.173  -28.751 0.8999999762
50337  39.195  -23.806  -28.188 0.8999999762
116763  39.141  -23.799  -27.611 0.8999999762
50326  39.668  -23.581  -26.846 1.0000000000
48655  35.455  -25.167  -28.137 0.8999999762
116972  38.996  -22.268  -28.434 0.8000000119
117519  39.194  -20.948  -28.506 0.6999999881
48646  34.685  -25.678  -27.997 0.8999999762
114846  36.018  -24.164  -28.391 0.8999999762
115186  44.734  -24.302  -26.655 0.3000000119
50322  44.718  -24.125  -27.788 0.3000000119
125753  44.322  -23.703  -27.052 0.4000000060
115015  43.775  -23.165  -26.793 0.3000000119
50334  44.447  -24.052  -28.784 0.3000000119
50335  44.126  -23.267  -27.896 0.4000000060
47779  44.460  -26.227  -29.381 0.5000000000
49502  43.925  -24.859  -29.595 0.4000000060
47735  43.631  -26.683  -25.717 0.5000000000
47777  43.977  -26.252  -29.121 0.5000000000
109255  44.317  -27.132  -26.692 0.5000000000
47751  43.554  -26.701  -26.570 0.5000000000
47736  43.005  -26.310  -25.666 0.5000000000
48630  43.405  -26.378  -27.503 0.5000000000
47752  43.068  -26.142  -26.533 0.5000000000
48644  43.041  -25.576  -28.087 0.5000000000
49479  42.508  -24.922  -27.736 0.6000000238
49467  42.108  -24.529  -26.824 0.6000000238
49494  41.801  -24.337  -28.904 0.6999999881
49480  41.918  -24.411  -28.096 0.6999999881
50309  41.266  -23.829  -26.282 0.6999999881
50336  41.009  -24.053  -28.704 0.8000000119
50324  41.290  -23.952  -27.476 0.8000000119
47767  34.122  -26.265  -27.628 0.8999999762
117188  39.939  -23.988  -28.741 0.8999999762
116813  39.770  -23.798  -27.877 0.8999999762
52128  39.739  -22.058  -28.702 0.6999999881
48656  34.854  -25.151  -28.241 0.8999999762
49498  35.345  -24.506  -28.372 0.8999999762
117727  37.645  -21.227  -28.177 1.0000000000
51244  43.224  -22.547  -26.394 0.3000000119
51251  43.476  -22.251  -27.463 0.4000000060
52120  42.931  -21.754  -26.858 0.3000000119
50346  43.791  -23.456  -28.992 0.4000000060
50345  44.043  -24.273  -29.445 0.4000000060
111331  43.670  -22.688  -28.303 0.4000000060
48660  43.849  -25.417  -29.451 0.4000000060
51256  43.261  -22.749  -28.855 0.4000000060
49503  43.301  -24.562  -29.534 0.4000000060
48661  43.019  -24.833  -29.377 0.5000000000
48654  43.361  -25.524  -28.969 0.5000000000
50347  41.392  -23.992  -29.226 0.6000000238
121094  40.491  -23.980  -29.132 0.8000000119
51258  40.156  -22.964  -29.093 0.6999999881
52997  40.039  -20.933  -28.848 0.6999999881
52131  36.402  -22.520  -28.318 0.8999999762
118109  34.651  -23.557  -28.350 0.8999999762
120721  37.650  -20.221  -28.289 0.8999999762
53000  36.621  -21.480  -28.259 0.8000000119
51263  35.706  -22.722  -28.385 0.8000000119
122328  36.884  -20.435  -28.251 0.6999999881
53956  37.204  -19.439  -28.469 0.8000000119
52986  42.008  -20.809  -26.493 0.3000000119
52985  42.896  -20.710  -27.130 0.3000000119
117632  43.403  -21.332  -27.853 0.3000000119
52993  43.751  -20.498  -27.545 0.4000000060
52127  43.267  -22.062  -28.207 0.4000000060
52139  43.148  -21.342  -28.320 0.5000000000
51269  43.119  -23.390  -29.442 0.5000000000
114114  42.196  -22.425  -29.229 0.5000000000
52140  42.364  -21.405  -28.826 0.5000000000
51270  42.345  -23.319  -29.512 0.5000000000
120729  41.630  -23.593  -29.452 0.5000000000
51271  41.548  -22.897  -29.454 0.6000000238
50359  40.796  -23.529  -29.282 0.6999999881
52142  40.868  -22.462  -29.273 0.6999999881
126479  40.586  -20.645  -29.170 0.6999999881
53011  40.056  -20.099  -29.334 0.6999999881
53968  39.561  -19.402  -29.793 0.6999999881
123941  38.790  -19.861  -28.883 0.8000000119
53969  38.739  -19.397  -29.899 0.6999999881
118188  42.422  -21.446  -26.454 0.3000000119
52987  41.667  -20.054  -26.625 0.3000000119
115864  42.989  -19.723  -26.862 0.4000000060
53939  43.922  -19.684  -26.994 0.4000000060
53949  44.287  -19.652  -27.433 0.4000000060
52996  44.031  -20.469  -28.147 0.4000000060
53953  44.324  -19.631  -27.931 0.3000000119
53008  43.282  -20.562  -28.748 0.5000000000
53954  43.401  -19.333  -28.310 0.3000000119
53965  42.988  -19.893  -29.005 0.5000000000
54916  42.301  -18.973  -28.719 0.4000000060
52141  41.556  -21.943  -29.192 0.6999999881
119033  41.641  -21.125  -29.001 0.6999999881
53966  41.779  -19.785  -29.198 0.6000000238
53010  41.290  -20.515  -29.209 0.6999999881
123285  40.371  -21.849  -28.996 0.6999999881
53967  40.612  -19.771  -29.448 0.6999999881
116224  41.199  -18.940  -29.246 0.6000000238
125861  42.929  -18.724  -26.570 0.3000000119
53948  44.257  -19.018  -26.869 0.3000000119
54906  43.813  -18.663  -27.505 0.3000000119
54894  43.814  -18.337  -26.672 0.3000000119
55742  43.628  -17.511  -27.119 0.3000000119
56654  43.164  -16.088  -26.973 0.3000000119
55743  43.061  -17.777  -27.768 0.3000000119
56662  43.025  -16.640  -27.495 0.4000000060
122718  42.403  -18.165  -28.282 0.5000000000
55744  42.305  -17.320  -28.236 0.5000000000
54907  41.692  -18.115  -28.746 0.6000000238
54917  40.809  -18.033  -29.324 0.6000000238
53927  40.654  -20.062  -25.736 0.4000000060
53940  41.103  -19.256  -26.692 0.3000000119
116255  42.222  -17.998  -26.508 0.3000000119
55728  42.063  -16.965  -26.485 0.3000000119
55727  43.178  -17.361  -26.529 0.3000000119
121481  42.220  -16.000  -26.746 0.3000000119
57531  41.584  -15.507  -27.166 0.3000000119
57546  42.445  -15.694  -27.507 0.4000000060
57547  41.786  -15.063  -27.588 0.4000000060
55751  41.427  -17.125  -28.839 0.6000000238
57553  41.638  -15.260  -28.263 0.4000000060
57559  40.844  -14.927  -28.782 0.4000000060
113781  41.075  -15.942  -29.003 0.5000000000
55752  40.462  -17.138  -29.386 0.6000000238
54920  37.560  -18.219  -29.605 0.6999999881
127507  35.538  -20.176  -28.461 0.8000000119
53928  40.067  -19.420  -25.916 0.4000000060
53941  40.141  -19.010  -26.535 0.3000000119
54896  39.863  -18.432  -26.720 0.3000000119
55729  40.560  -17.576  -26.856 0.3000000119
56641  41.166  -16.376  -26.817 0.3000000119
56656  40.362  -15.771  -27.336 0.4000000060
110449  39.782  -15.086  -27.956 0.4000000060
58464  39.939  -14.573  -28.916 0.4000000060
57560  40.271  -15.330  -29.173 0.4000000060
56669  39.981  -16.315  -29.499 0.5000000000
57554  39.352  -14.977  -29.141 0.4000000060
54918  39.374  -18.463  -30.097 0.6000000238
56670  39.106  -16.542  -29.996 0.4000000060
54919  38.086  -17.991  -30.225 0.6999999881
56671  38.371  -16.927  -30.070 0.4000000060
55754  37.647  -17.313  -29.771 0.4000000060
55745  36.863  -17.502  -29.287 0.5000000000
54909  37.040  -18.491  -28.828 0.6000000238
113925  36.485  -18.920  -28.573 0.6999999881
119040  35.695  -18.889  -28.615 0.6999999881
117394  39.603  -19.064  -25.145 0.3000000119
54875  39.160  -18.368  -25.560 0.3000000119
55730  39.153  -18.098  -26.397 0.3000000119
126369  39.593  -17.884  -26.901 0.3000000119
56642  39.843  -17.074  -27.157 0.3000000119
56657  39.016  -16.491  -27.658 0.4000000060
57550  38.755  -15.602  -28.478 0.3000000119
56658  38.122  -16.227  -27.988 0.3000000119
57555  38.854  -15.234  -29.053 0.3000000119
56664  38.146  -15.945  -28.968 0.3000000119
57562  38.721  -15.856  -29.533 0.4000000060
56672  37.891  -16.495  -29.464 0.3000000119
56665  37.143  -16.143  -29.120 0.3000000119
55755  37.078  -16.742  -29.389 0.3000000119
125334  36.489  -16.828  -29.381 0.4000000060
54910  36.117  -18.115  -28.834 0.5000000000
123580  35.446  -18.348  -28.775 0.5000000000
55707  39.079  -17.589  -24.746 0.3000000119
55718  38.680  -17.718  -25.835 0.3000000119
55719  38.649  -17.376  -26.587 0.3000000119
55739  38.576  -16.931  -27.212 0.3000000119
56644  37.639  -15.912  -27.623 0.3000000119
56659  37.424  -15.769  -28.868 0.3000000119
126547  36.526  -15.690  -29.210 0.3000000119
55746  35.779  -17.035  -29.321 0.4000000060
119471  35.121  -17.754  -29.024 0.5000000000
56625  38.603  -17.097  -25.200 0.3000000119
114942  38.512  -16.286  -25.047 0.3000000119
56626  38.251  -16.941  -26.030 0.3000000119
56643  38.181  -16.706  -26.991 0.3000000119
129455  37.208  -15.533  -28.296 0.3000000119
114883  36.094  -16.135  -29.418 0.4000000060
56666  34.956  -16.136  -29.431 0.4000000060
55747  34.504  -16.811  -29.328 0.4000000060
116801  33.772  -15.867  -29.354 0.4000000060
54912  33.913  -17.546  -29.224 0.5000000000
56613  39.715  -16.929  -23.776 0.3000000119
56614  39.131  -16.508  -24.376 0.3000000119
126419  38.120  -16.091  -25.652 0.3000000119
111539  37.861  -16.192  -26.491 0.3000000119
57532  37.480  -15.339  -26.774 0.3000000119
57533  37.112  -15.150  -27.830 0.3000000119
57556  35.518  -15.207  -29.396 0.3000000119
57488  39.068  -15.507  -24.314 0.3000000119
59308  38.676  -13.945  -24.734 0.3000000119
57505  38.430  -15.402  -25.020 0.3000000119
57516  37.908  -15.386  -25.802 0.3000000119
58433  37.755  -14.510  -26.025 0.3000000119
59330  37.651  -13.600  -26.191 0.3000000119
58434  37.067  -14.314  -27.121 0.3000000119
57551  36.625  -15.186  -28.868 0.3000000119
58411  38.883  -14.623  -24.482 0.3000000119
58423  38.304  -14.582  -25.189 0.3000000119
59317  38.749  -13.120  -24.760 0.3000000119
59318  38.242  -13.762  -25.387 0.3000000119
58453  36.500  -14.440  -28.422 0.3000000119
119846  38.192  -12.936  -25.600 0.3000000119
60199  38.603  -12.306  -25.175 0.4000000060
124142  37.606  -12.745  -26.337 0.3000000119
59331  37.032  -13.292  -27.042 0.3000000119
60200  38.119  -12.150  -25.868 0.4000000060
61148  38.501  -11.556  -25.435 0.4000000060
60211  37.541  -11.974  -26.563 0.4000000060
61157  37.980  -11.384  -26.144 0.4000000060
41211  36.125  -33.293  -25.700 1.0000000000
116003  36.178  -32.271  -24.992 1.0000000000
40323  35.626  -34.098  -25.676 0.8999999762
53955  38.061  -19.659  -28.583 0.8000000119
54908  37.762  -18.938  -28.959 0.8000000119
122657  38.020  -18.952  -30.043 0.6999999881
36371  42.664  -38.769  -25.967 0.6000000238
124054  40.311  -41.798  -24.296 0.5000000000
32520  40.365  -42.530  -24.215 0.5000000000
38322  41.987  -36.817  -25.133 0.6000000238
36344  39.242  -38.208  -22.462 0.4000000060
37236  40.397  -37.084  -22.623 0.5000000000
35512  38.843  -39.809  -22.995 0.4000000060
113344  45.198  -33.932  -24.512 0.6999999881
40339  40.425  -34.223  -28.084 0.8999999762
38276  41.488  -36.808  -22.172 0.5000000000
41181  42.747  -34.021  -23.081 0.8000000119
35499  38.566  -39.657  -22.368 0.4000000060
40312  42.210  -34.375  -24.902 0.8000000119
40315  38.523  -34.286  -24.942 0.8000000119
38304  34.549  -36.327  -23.393 0.8000000119
38249  43.804  -37.056  -20.754 0.6000000238
35483  44.846  -39.396  -22.134 0.4000000060
119691  41.262  -34.052  -20.958 0.8000000119
41210  36.624  -32.732  -25.605 1.0000000000
36314  44.857  -38.992  -21.313 0.5000000000
127000  35.386  -32.258  -24.787 1.0000000000
45760  35.578  -28.590  -24.098 1.0000000000
42842  39.105  -31.442  -20.453 0.8000000119
46716  37.780  -27.635  -22.489 1.0000000000
46689  40.683  -27.819  -20.833 0.8000000119
44648  40.690  -29.943  -18.401 0.6999999881
116244  40.320  -26.711  -22.660 0.8000000119
49433  40.397  -24.749  -23.795 1.0000000000
43611  42.112  -31.175  -16.610 0.6000000238
44622  41.150  -30.210  -17.734 0.6999999881
45723  47.398  -29.026  -21.216 0.4000000060
42867  31.449  -31.370  -23.716 1.0000000000
46711  47.373  -27.235  -22.206 0.4000000060
45712  46.895  -29.371  -20.504 0.4000000060
46684  46.541  -28.241  -20.779 0.5000000000
49482  37.041  -24.489  -27.576 1.0000000000
48582  46.315  -25.846  -24.006 0.5000000000
47776  44.623  -26.943  -29.156 0.5000000000
48631  42.766  -25.515  -27.088 0.5000000000
49493  42.597  -24.827  -28.715 0.6000000238
49505  42.295  -24.337  -29.259 0.5000000000
50358  42.190  -23.955  -29.520 0.5000000000
120451  42.773  -22.809  -29.251 0.5000000000
119069  40.062  -17.982  -29.761 0.6999999881
54923  38.836  -17.645  -30.234 0.6000000238
36384  41.442  -38.373  -27.877 0.5000000000
111198  40.915  -37.679  -27.767 0.5000000000
37278  40.173  -37.546  -27.438 0.5000000000
34551  41.882  -40.758  -27.980 0.5000000000
35539  41.074  -39.297  -27.648 0.5000000000
109628  43.965  -40.167  -28.630 0.5000000000
35538  42.097  -39.202  -28.047 0.5000000000
35544  45.199  -39.853  -28.874 0.5000000000
123418  47.139  -39.367  -28.730 0.4000000060
36389  45.284  -38.856  -28.851 0.5000000000
35537  47.389  -39.524  -28.496 0.4000000060
36388  46.614  -38.650  -28.886 0.5000000000
35531  46.949  -39.571  -27.956 0.5000000000
36381  47.075  -38.555  -28.459 0.5000000000
38280  30.928  -36.453  -21.197 0.6999999881
37226  29.733  -37.718  -21.691 0.6999999881
39313  32.452  -35.447  -21.127 0.8000000119
127764  33.840  -35.836  -21.688 0.8000000119
38278  32.887  -36.160  -20.894 0.8000000119
39315  30.301  -35.720  -21.560 0.6999999881
39312  33.316  -35.533  -21.354 0.8999999762
122412  33.515  -34.477  -22.465 0.8999999762
40303  33.596  -34.442  -23.524 0.8999999762
40283  30.907  -34.700  -21.566 0.6000000238
129277  32.894  -34.010  -22.151 0.8999999762
41208  33.108  -33.021  -24.116 0.8999999762
41214  33.441  -32.793  -24.416 0.8999999762
42881  33.903  -31.830  -24.579 0.8999999762
122899  44.789  -34.368  -16.391 0.5000000000
40222  43.911  -34.711  -16.244 0.5000000000
40223  42.864  -34.646  -16.351 0.5000000000
38219  43.581  -36.391  -16.508 0.6000000238
39256  43.252  -35.527  -16.345 0.5000000000
38229  43.103  -37.020  -16.971 0.6000000238
40293  30.133  -34.202  -22.040 0.6000000238
41186  31.455  -33.207  -22.219 0.8999999762
128856  32.470  -33.418  -22.459 0.8999999762
40292  31.995  -34.035  -21.774 0.8999999762
41198  32.836  -33.139  -23.310 0.8999999762
42046  33.163  -32.116  -24.460 0.8999999762
119882  33.328  -31.219  -24.714 0.8999999762
41955  44.129  -32.787  -16.470 0.5000000000
42794  43.507  -31.974  -16.478 0.5000000000
41121  44.292  -33.698  -16.377 0.5000000000
129446  43.697  -33.304  -16.341 0.5000000000
41956  43.075  -32.905  -16.315 0.5000000000
41120  45.364  -33.757  -16.576 0.5000000000
42021  31.345  -32.434  -22.640 0.8999999762
41187  30.535  -33.542  -22.150 0.6999999881
41185  32.145  -32.700  -22.847 0.8999999762
42027  32.542  -32.459  -23.729 0.8999999762
42878  32.670  -31.462  -24.562 0.8999999762
43714  33.056  -30.392  -24.980 0.8999999762
42793  44.431  -31.985  -16.784 0.5000000000
41954  45.033  -32.587  -16.844 0.5000000000
122991  45.515  -33.065  -16.812 0.5000000000
42028  31.840  -32.046  -23.280 0.8999999762
42041  32.276  -31.762  -24.140 0.8999999762
114816  32.769  -30.925  -24.798 0.8999999762
42814  44.791  -31.407  -17.241 0.5000000000
41967  45.185  -32.025  -17.158 0.5000000000
43632  45.223  -30.900  -17.792 0.4000000060
43701  29.499  -29.856  -23.969 0.6000000238
44715  29.358  -29.167  -24.456 0.6000000238
44714  30.318  -29.510  -24.595 0.8000000119
44726  30.014  -28.790  -24.957 0.6999999881
45775  29.696  -28.179  -25.295 0.6999999881
46759  29.454  -27.551  -25.619 0.6999999881
125200  28.663  -27.261  -25.598 0.6999999881
45774  31.032  -28.271  -25.809 0.8000000119
125214  31.136  -28.828  -25.581 0.8000000119
45785  30.880  -27.599  -26.077 0.6999999881
46778  30.110  -27.238  -25.995 0.6999999881
115583  29.990  -26.562  -26.269 0.6999999881
47771  30.989  -26.139  -26.735 0.6999999881
128529  30.458  -26.363  -26.474 0.6999999881
114973  31.921  -27.510  -26.531 0.8000000119
47755  31.956  -27.000  -26.783 0.8000000119
46776  32.452  -27.273  -26.782 0.8000000119
48649  31.620  -25.511  -27.130 0.6999999881
47770  31.896  -26.343  -26.964 0.6999999881
48648  32.649  -25.864  -27.412 0.8000000119
47768  33.393  -26.353  -27.474 0.8000000119
49484  32.221  -24.893  -27.455 0.6999999881
48658  33.152  -25.144  -27.727 0.8000000119
128791  33.042  -23.760  -27.954 0.6000000238
48647  34.004  -25.999  -27.932 0.8000000119
48657  34.077  -25.346  -28.052 0.8000000119
50353  33.699  -23.496  -28.148 0.6000000238
51265  33.259  -22.366  -28.277 0.6000000238
51266  32.493  -22.407  -28.211 0.6000000238
122379  34.094  -22.754  -28.308 0.6000000238
122332  33.987  -21.875  -28.417 0.6000000238
49499  34.396  -24.482  -28.233 0.8000000119
117556  33.808  -20.852  -28.604 0.6000000238
51264  34.869  -22.493  -28.419 0.6999999881
52133  34.613  -21.375  -28.486 0.6000000238
53957  35.094  -19.625  -28.602 0.6999999881
53002  34.239  -20.042  -28.680 0.6000000238
127925  34.417  -20.721  -28.566 0.6000000238
52132  35.589  -21.696  -28.398 0.6999999881
53001  35.956  -20.691  -28.371 0.6999999881
34543  45.753  -41.114  -27.655 0.4000000060
36382  47.256  -38.863  -28.230 0.5000000000
35545  43.593  -39.224  -28.475 0.5000000000
41207  33.610  -33.571  -24.438 0.8999999762
42813  45.645  -31.621  -17.585 0.3000000119
45784  31.543  -27.908  -26.173 0.8000000119
113733  42.698  -40.042  -28.238 0.5000000000
35543  46.531  -39.573  -28.973 0.5000000000
39314  31.418  -35.548  -21.242 0.8000000119
39255  44.165  -35.712  -16.296 0.5000000000
46777  31.429  -27.291  -26.440 0.8000000119
129589  31.428  -26.749  -26.660 0.6999999881
47769  32.585  -26.670  -27.122 0.8000000119
49501  32.712  -24.285  -27.736 0.6999999881
35434  45.047  -39.624  -19.157 0.4000000060
35433  45.897  -39.616  -18.772 0.4000000060
36279  45.398  -39.043  -18.215 0.4000000060
36271  44.895  -38.427  -17.642 0.5000000000
35432  46.825  -39.489  -18.638 0.4000000060
37164  44.379  -37.810  -17.158 0.5000000000
37155  43.922  -37.182  -16.763 0.5000000000
36270  45.912  -38.295  -17.608 0.5000000000
36278  46.365  -38.920  -18.141 0.4000000060
36296  47.750  -39.197  -18.775 0.4000000060
36277  47.297  -38.700  -18.271 0.4000000060
35450  48.226  -39.678  -19.310 0.4000000060
38218  44.464  -36.529  -16.514 0.5000000000
117947  45.389  -37.578  -17.091 0.5000000000
37176  47.671  -38.021  -18.065 0.4000000060
36276  48.116  -38.350  -18.548 0.4000000060
37202  50.003  -37.936  -20.008 0.4000000060
36294  49.311  -38.341  -19.562 0.4000000060
36295  48.580  -38.788  -19.112 0.4000000060
36312  50.401  -38.311  -20.568 0.4000000060
36313  49.714  -38.719  -20.180 0.4000000060
38217  45.392  -36.679  -16.703 0.5000000000
128197  45.918  -37.019  -16.973 0.5000000000
37163  46.488  -37.371  -17.281 0.4000000060
40249  52.487  -34.633  -19.605 0.3000000119
36269  46.911  -38.155  -17.752 0.4000000060
39285  52.231  -35.369  -19.913 0.3000000119
37175  48.397  -37.472  -18.248 0.4000000060
39298  52.609  -35.645  -20.636 0.3000000119
39299  51.950  -36.038  -20.234 0.3000000119
38258  51.657  -36.657  -20.526 0.3000000119
38259  51.018  -36.987  -20.137 0.3000000119
37185  50.370  -37.303  -19.756 0.4000000060
37186  49.659  -37.595  -19.375 0.4000000060
37187  48.883  -37.927  -18.958 0.4000000060
37200  51.358  -37.279  -20.769 0.3000000119
37201  50.692  -37.604  -20.382 0.4000000060
38216  45.789  -36.003  -16.595 0.4000000060
38228  46.360  -36.451  -16.884 0.4000000060
37162  47.510  -37.400  -17.683 0.4000000060
124151  52.132  -34.307  -18.844 0.3000000119
122816  51.433  -34.710  -18.438 0.3000000119
40250  51.826  -35.044  -19.210 0.3000000119
39286  51.573  -35.761  -19.539 0.3000000119
39287  50.929  -36.142  -19.188 0.3000000119
38237  50.374  -36.471  -18.974 0.4000000060
38248  50.049  -36.974  -19.149 0.4000000060
37174  49.326  -37.213  -18.717 0.4000000060
38246  51.324  -36.408  -19.847 0.3000000119
38247  50.686  -36.715  -19.516 0.3000000119
39254  45.059  -35.905  -16.434 0.4000000060
40230  50.189  -34.632  -17.221 0.3000000119
40231  49.254  -34.649  -16.812 0.3000000119
39263  49.171  -35.449  -17.299 0.4000000060
40232  48.624  -35.122  -16.884 0.4000000060
39265  47.945  -36.047  -17.199 0.4000000060
124131  47.149  -35.846  -16.910 0.4000000060
40229  51.035  -34.343  -17.655 0.3000000119
126141  49.645  -35.051  -17.227 0.3000000119
38225  49.510  -36.045  -17.939 0.4000000060
112508  48.715  -36.113  -17.553 0.4000000060
38227  47.281  -36.637  -17.256 0.4000000060
40239  50.699  -35.099  -18.020 0.3000000119
39262  49.946  -35.395  -17.665 0.3000000119
38238  49.783  -36.558  -18.561 0.4000000060
38239  49.004  -36.697  -18.114 0.4000000060
38226  48.154  -36.729  -17.672 0.4000000060
39274  51.155  -35.472  -18.805 0.3000000119
39275  50.352  -35.903  -18.454 0.3000000119
41119  46.235  -34.119  -16.611 0.4000000060
40220  45.543  -34.585  -16.492 0.4000000060
40221  44.850  -35.107  -16.365 0.4000000060
117374  47.934  -33.903  -16.503 0.3000000119
40219  46.844  -34.462  -16.615 0.4000000060
39252  47.025  -35.096  -16.662 0.4000000060
39253  45.666  -35.343  -16.500 0.4000000060
40217  48.340  -34.527  -16.625 0.4000000060
39251  47.873  -35.266  -16.812 0.4000000060
39266  46.395  -35.602  -16.660 0.4000000060
48650  30.613  -25.176  -26.976 0.6000000238
48634  30.006  -25.808  -26.568 0.6000000238
122587  32.221  -22.850  -28.055 0.5000000000
50339  31.848  -23.941  -27.597 0.5000000000
52135  32.382  -21.538  -28.458 0.5000000000
53003  32.781  -20.610  -28.689 0.5000000000
53958  34.320  -19.245  -28.811 0.5000000000
54911  34.780  -18.587  -28.843 0.4000000060
113959  35.749  -12.756  -28.813 0.3000000119
60227  35.175  -12.018  -29.238 0.3000000119
59348  34.587  -12.575  -29.536 0.3000000119
60212  37.008  -12.488  -27.128 0.3000000119
119171  36.494  -12.884  -27.766 0.3000000119
60226  36.219  -12.218  -28.096 0.3000000119
61172  34.602  -11.406  -29.480 0.3000000119
60228  34.162  -11.859  -29.606 0.3000000119
61189  33.792  -11.725  -29.405 0.3000000119
61158  37.411  -11.320  -26.793 0.3000000119
119211  36.836  -11.729  -27.365 0.3000000119
61171  35.788  -11.366  -28.542 0.3000000119
61187  34.728  -10.657  -29.418 0.3000000119
61188  33.956  -11.130  -29.650 0.3000000119
61173  33.492  -11.643  -28.994 0.3000000119
61170  36.759  -10.937  -27.483 0.3000000119
114724  35.967  -10.608  -28.388 0.3000000119
62063  35.578  -10.013  -28.777 0.3000000119
110418  33.658  -10.739  -29.362 0.3000000119
62048  37.659  -10.542  -26.617 0.3000000119
62961  37.684  -9.502  -26.741 0.3000000119
62062  36.705  -9.987  -27.672 0.3000000119
116606  35.897  -9.214  -28.557 0.3000000119
62078  34.451  -9.537  -29.532 0.3000000119
62079  33.883  -10.361  -29.651 0.3000000119
62080  33.589  -9.323  -29.476 0.3000000119
62972  37.043  -8.957  -27.546 0.3000000119
63826  36.351  -8.148  -28.347 0.3000000119
126402  33.998  -8.481  -29.926 0.3000000119
63816  37.780  -8.589  -26.712 0.3000000119
64693  36.105  -7.079  -28.656 0.3000000119
63835  35.493  -7.628  -29.195 0.3000000119
63825  37.291  -8.147  -27.354 0.3000000119
64692  37.000  -7.360  -27.674 0.3000000119
65563  37.428  -6.623  -27.202 0.3000000119
35449  49.029  -39.217  -19.702 0.4000000060
35453  45.600  -40.159  -19.700 0.4000000060
35452  46.407  -40.154  -19.265 0.4000000060
35451  47.318  -40.033  -19.113 0.4000000060
35464  50.158  -39.113  -20.720 0.4000000060
35465  49.462  -39.627  -20.329 0.4000000060
39297  53.305  -35.245  -21.052 0.3000000119
39309  53.070  -35.910  -21.432 0.3000000119
38257  52.344  -36.313  -20.936 0.3000000119
38272  52.027  -36.939  -21.214 0.3000000119
37215  51.691  -37.590  -21.453 0.3000000119
37216  51.047  -37.945  -20.979 0.3000000119
40264  52.849  -34.939  -20.332 0.3000000119
41136  51.731  -33.973  -18.079 0.3000000119
41129  50.704  -33.811  -17.013 0.3000000119
41953  46.207  -33.353  -16.817 0.4000000060
41118  47.091  -33.764  -16.676 0.4000000060
108360  48.827  -33.692  -16.438 0.3000000119
47757  29.171  -26.813  -25.976 0.6000000238
62960  38.288  -9.866  -25.935 0.3000000119
113416  38.246  -9.004  -26.032 0.3000000119
64677  37.890  -7.560  -26.612 0.3000000119
41144  52.758  -33.873  -19.301 0.3000000119
36272  44.003  -38.400  -17.808 0.5000000000
118587  46.300  -34.861  -16.553 0.4000000060
62983  35.050  -8.451  -29.407 0.3000000119
65562  38.032  -6.649  -26.422 0.3000000119
34468  46.022  -40.659  -20.175 0.3000000119
34523  34.773  -40.677  -23.163 0.6000000238
35514  34.903  -40.054  -22.651 0.6999999881
33507  33.752  -41.294  -22.195 0.6999999881
34467  46.868  -40.712  -19.745 0.3000000119
36345  38.792  -38.788  -21.971 0.3000000119
36330  39.281  -37.982  -21.526 0.3000000119
34501  31.949  -40.679  -20.559 0.6999999881
35466  45.334  -40.178  -21.673 0.3000000119
33495  32.534  -41.334  -20.916 0.6999999881
33494  33.256  -41.101  -21.315 0.6999999881
34482  45.650  -40.713  -21.306 0.3000000119
35500  34.548  -39.783  -21.980 0.6999999881
34481  46.338  -41.212  -20.744 0.3000000119
33471  48.579  -41.562  -20.686 0.3000000119
34480  47.325  -41.238  -20.224 0.3000000119
33484  49.299  -41.808  -21.229 0.3000000119
34478  49.217  -40.744  -20.539 0.3000000119
34479  48.254  -41.040  -20.186 0.3000000119
37205  40.886  -37.374  -20.872 0.3000000119
35484  43.766  -39.007  -21.815 0.4000000060
35473  32.874  -38.979  -20.485 0.6999999881
35482  45.223  -40.054  -21.882 0.3000000119
35487  33.388  -39.674  -20.747 0.6999999881
34499  33.847  -40.373  -21.454 0.6999999881
116425  45.369  -40.615  -21.678 0.3000000119
126941  46.208  -41.548  -21.483 0.3000000119
33472  47.786  -41.745  -20.697 0.3000000119
34466  47.796  -40.512  -19.664 0.3000000119
35474  31.965  -38.976  -20.469 0.6999999881
35468  43.909  -39.773  -21.607 0.3000000119
34509  45.957  -41.548  -21.701 0.3000000119
36333  33.627  -38.807  -20.811 0.6999999881
33487  46.491  -42.045  -21.729 0.3000000119
36332  34.236  -38.514  -21.347 0.6999999881
34465  48.685  -40.141  -19.915 0.3000000119
33483  50.216  -41.637  -21.728 0.3000000119
34492  49.956  -40.823  -21.218 0.3000000119
37207  32.925  -37.649  -20.578 0.6999999881
34495  45.118  -40.781  -21.788 0.3000000119
38277  33.474  -36.960  -20.969 0.6999999881
33488  45.490  -42.051  -21.701 0.3000000119
34494  45.636  -41.239  -21.681 0.3000000119
37221  34.285  -37.527  -21.601 0.6999999881
128844  50.415  -40.177  -21.349 0.3000000119
33489  44.963  -41.624  -21.536 0.3000000119
38305  34.193  -35.947  -22.342 0.6999999881
35481  49.971  -39.973  -20.887 0.3000000119
41952  46.949  -32.891  -16.892 0.3000000119
34536  35.930  -40.361  -24.335 0.5000000000
32508  33.358  -42.185  -22.516 0.6999999881
33520  34.519  -41.391  -23.612 0.6000000238
32523  33.599  -42.538  -23.453 0.6000000238
124337  35.194  -40.934  -23.919 0.6000000238
123798  31.370  -41.051  -20.695 0.6999999881
35489  31.478  -39.772  -20.501 0.6999999881
37206  40.102  -37.690  -20.465 0.3000000119
36334  31.133  -38.978  -20.733 0.6999999881
36316  41.359  -38.019  -20.433 0.4000000060
37224  31.433  -38.093  -20.681 0.6999999881
35469  42.790  -39.521  -20.725 0.4000000060
36315  42.476  -38.509  -21.003 0.4000000060
110831  31.569  -37.092  -20.755 0.6999999881
34483  43.291  -40.425  -20.714 0.3000000119
127176  43.781  -40.885  -20.943 0.3000000119
120701  43.173  -41.471  -20.253 0.3000000119
117372  45.532  -40.358  -20.777 0.3000000119
126406  32.151  -37.583  -20.532 0.6999999881
34524  34.261  -41.136  -22.931 0.6000000238
33490  44.193  -41.372  -21.096 0.3000000119
35470  41.688  -38.923  -20.094 0.3000000119
35540  40.141  -39.447  -27.391 0.5000000000
35534  38.192  -40.210  -26.384 0.5000000000
130181  38.592  -40.284  -26.612 0.5000000000
36385  40.539  -38.528  -27.524 0.4000000060
27258  29.843  -48.270  -21.848 0.4000000060
27237  29.768  -48.300  -19.099 0.5000000000
36387  39.173  -39.052  -26.898 0.4000000060
36386  39.750  -38.733  -27.201 0.5000000000
34540  37.552  -40.421  -25.970 0.5000000000
26386  27.745  -49.603  -18.631 0.4000000060
25582  26.718  -50.966  -18.955 0.4000000060
125310  30.562  -48.229  -20.185 0.5000000000
34542  36.219  -40.923  -25.135 0.4000000060
25590  25.916  -50.597  -19.300 0.4000000060
24765  25.943  -51.176  -19.174 0.4000000060
27230  28.561  -48.923  -18.564 0.4000000060
28121  30.073  -47.819  -19.783 0.5000000000
27238  28.926  -48.141  -18.767 0.4000000060
28151  29.355  -47.828  -23.079 0.5000000000
29940  31.521  -45.160  -22.951 0.4000000060
33532  34.807  -41.689  -24.403 0.5000000000
127050  33.310  -43.372  -23.748 0.4000000060
30769  32.324  -44.555  -23.272 0.4000000060
33533  34.174  -42.107  -23.992 0.4000000060
24766  25.130  -50.959  -19.447 0.4000000060
127267  20.489  -50.596  -19.921 0.4000000060
27239  27.816  -48.417  -18.618 0.4000000060
27250  22.534  -48.732  -20.241 0.4000000060
28130  29.448  -47.202  -20.330 0.5000000000
29046  28.975  -46.834  -19.640 0.4000000060
27249  23.227  -48.701  -20.040 0.4000000060
28140  29.326  -47.637  -21.520 0.5000000000
29050  25.021  -46.504  -19.289 0.4000000060
28127  23.665  -47.368  -19.664 0.4000000060
28152  28.858  -47.352  -23.121 0.5000000000
29071  29.057  -46.693  -23.218 0.5000000000
30718  26.178  -44.913  -19.809 0.4000000060
30719  25.171  -44.846  -19.704 0.4000000060
123111  30.003  -46.635  -23.130 0.5000000000
30754  30.558  -45.173  -22.504 0.6000000238
30770  31.886  -44.179  -22.560 0.6000000238
32524  33.006  -42.997  -22.823 0.5000000000
24785  21.550  -50.842  -20.060 0.4000000060
26406  21.712  -49.954  -20.403 0.4000000060
25591  25.199  -50.280  -19.536 0.4000000060
26405  22.862  -49.416  -20.297 0.4000000060
125100  28.342  -47.188  -18.945 0.4000000060
127161  23.818  -48.902  -19.835 0.4000000060
28131  28.867  -47.102  -21.307 0.5000000000
29049  26.019  -46.300  -19.100 0.4000000060
28126  24.520  -47.379  -19.422 0.4000000060
28141  28.591  -47.455  -22.217 0.5000000000
128994  30.386  -44.517  -22.142 0.5000000000
30732  25.725  -44.235  -20.438 0.4000000060
108104  31.082  -44.430  -22.221 0.6000000238
31608  32.264  -43.387  -22.240 0.6000000238
25607  22.008  -50.496  -20.291 0.4000000060
27240  26.622  -48.417  -18.812 0.4000000060
25605  23.702  -49.519  -19.994 0.4000000060
27248  24.520  -49.030  -19.618 0.4000000060
28124  26.423  -46.987  -18.915 0.4000000060
29072  28.062  -46.992  -22.713 0.5000000000
29907  27.380  -45.642  -19.661 0.4000000060
29954  29.135  -45.885  -23.159 0.5000000000
30746  26.153  -44.427  -21.604 0.4000000060
32509  32.643  -42.604  -21.915 0.6000000238
31592  31.818  -42.923  -21.453 0.6000000238
125793  30.647  -43.855  -21.799 0.6000000238
123787  24.550  -50.491  -19.678 0.4000000060
26396  24.517  -49.903  -19.750 0.4000000060
27241  25.936  -47.857  -18.993 0.4000000060
28125  25.464  -47.201  -19.149 0.4000000060
29058  28.616  -46.556  -20.516 0.5000000000
126468  28.476  -46.436  -19.591 0.5000000000
29068  27.898  -46.046  -21.232 0.5000000000
29917  27.346  -45.371  -20.627 0.5000000000
29955  28.241  -46.174  -23.351 0.5000000000
29073  27.488  -46.522  -22.475 0.5000000000
29943  26.966  -46.022  -22.979 0.5000000000
30745  26.787  -45.054  -21.400 0.4000000060
30755  29.712  -45.060  -22.530 0.6000000238
125787  26.285  -44.730  -23.242 0.5000000000
30757  25.983  -44.069  -23.039 0.4000000060
32490  32.187  -42.136  -21.139 0.6000000238
31593  30.944  -43.113  -21.349 0.6000000238
30756  29.181  -44.380  -22.646 0.6000000238
122702  27.711  -45.479  -23.475 0.5000000000
29932  26.500  -45.303  -22.460 0.5000000000
31610  29.927  -44.127  -22.019 0.6000000238
30772  28.259  -44.511  -23.318 0.6000000238
29956  27.004  -45.511  -23.353 0.5000000000
31594  30.157  -43.279  -21.631 0.6000000238
33496  31.700  -41.525  -20.763 0.6000000238
35501  29.254  -39.672  -22.183 0.5000000000
35491  29.773  -39.912  -21.468 0.6000000238
33510  28.497  -41.198  -23.026 0.5000000000
34503  30.177  -40.612  -21.111 0.6000000238
33509  29.119  -41.243  -22.336 0.6000000238
32510  28.919  -42.036  -22.732 0.5000000000
32525  27.669  -42.690  -23.355 0.5000000000
31611  29.464  -43.491  -22.205 0.6000000238
31612  28.726  -43.590  -22.925 0.5000000000
29957  26.606  -44.983  -23.424 0.5000000000
30774  26.483  -44.295  -23.353 0.5000000000
31623  26.264  -43.459  -23.095 0.5000000000
116475  29.754  -39.142  -21.656 0.5000000000
36336  29.600  -38.434  -21.842 0.5000000000
36335  30.371  -38.474  -21.220 0.6000000238
35490  30.476  -39.628  -20.937 0.6000000238
128047  29.348  -41.838  -22.087 0.6000000238
124756  28.442  -42.760  -23.138 0.5000000000
34502  31.014  -40.543  -20.669 0.6000000238
33498  29.790  -41.542  -21.491 0.6000000238
34548  37.215  -41.214  -25.993 0.4000000060
33531  35.526  -41.282  -24.735 0.4000000060
35530  37.216  -39.656  -25.413 0.5000000000
34541  36.909  -40.649  -25.535 0.4000000060
32492  30.399  -42.414  -21.210 0.6000000238
35541  39.386  -39.612  -27.061 0.5000000000
33544  37.372  -41.739  -26.330 0.5000000000
34554  38.995  -40.353  -26.850 0.5000000000
34547  37.801  -41.016  -26.322 0.5000000000
27259  29.158  -47.920  -22.382 0.5000000000
118646  26.654  -50.038  -18.981 0.4000000060
26394  26.132  -49.351  -19.082 0.4000000060
114782  22.607  -48.018  -20.029 0.4000000060
29910  24.395  -45.799  -19.441 0.4000000060
119672  25.557  -48.748  -19.212 0.4000000060
28123  27.359  -46.913  -18.851 0.4000000060
118771  23.408  -50.626  -19.976 0.4000000060
32493  29.586  -42.520  -21.900 0.6000000238
113267  21.358  -49.243  -20.306 0.3000000119
29052  23.454  -46.554  -19.604 0.3000000119
128495  21.618  -48.767  -20.308 0.3000000119
29920  23.328  -45.624  -19.602 0.3000000119
28133  22.046  -47.147  -19.982 0.3000000119
29059  22.622  -46.378  -19.714 0.3000000119
28134  21.168  -47.414  -20.065 0.3000000119
24767  24.090  -50.921  -19.645 0.4000000060
24786  20.939  -50.743  -20.006 0.4000000060
25592  23.898  -50.293  -19.915 0.4000000060
25606  23.176  -50.129  -20.226 0.4000000060
25608  21.443  -50.446  -20.229 0.4000000060
25609  20.843  -50.023  -20.179 0.3000000119
26393  26.964  -49.184  -18.749 0.4000000060
26395  25.288  -49.578  -19.457 0.4000000060
27242  23.962  -48.226  -19.706 0.4000000060
27247  30.090  -47.829  -20.708 0.5000000000
27251  21.889  -48.238  -20.225 0.3000000119
27263  29.581  -48.305  -22.571 0.4000000060
28122  29.356  -47.478  -19.307 0.4000000060
28132  22.890  -47.250  -19.836 0.3000000119
28145  29.311  -47.984  -22.795 0.5000000000
28146  28.712  -47.509  -22.809 0.5000000000
29047  27.855  -46.283  -19.276 0.4000000060
29048  26.988  -46.204  -19.090 0.4000000060
29051  24.186  -46.742  -19.465 0.4000000060
29067  28.201  -46.826  -21.850 0.5000000000
29078  29.647  -47.321  -23.221 0.5000000000
29079  28.123  -46.916  -23.161 0.5000000000
29080  27.507  -46.637  -23.018 0.5000000000
29906  28.071  -45.905  -20.089 0.5000000000
29908  26.568  -45.565  -19.427 0.4000000060
29909  25.586  -45.594  -19.369 0.4000000060
29918  26.918  -45.128  -19.924 0.4000000060
29931  27.104  -45.780  -22.004 0.5000000000
29941  30.694  -45.994  -22.980 0.4000000060
29942  29.905  -45.923  -22.884 0.5000000000
29944  26.509  -45.289  -23.173 0.5000000000
30731  26.599  -44.766  -20.551 0.4000000060
30765  40.210  -44.195  -24.001 0.5000000000
30771  28.695  -45.295  -23.190 0.6000000238
30773  27.244  -44.611  -23.516 0.5000000000
31609  31.443  -43.655  -21.879 0.6000000238
31621  27.937  -43.611  -23.393 0.5000000000
31622  27.051  -43.559  -23.370 0.5000000000
31628  41.437  -43.464  -24.949 0.5000000000
32491  31.299  -42.323  -20.950 0.6000000238
32544  36.742  -42.397  -26.337 0.5000000000
33473  46.888  -41.778  -20.967 0.3000000119
33497  30.788  -41.463  -20.839 0.6999999881
33504  46.087  -41.901  -21.880 0.3000000119
33508  32.997  -41.809  -21.611 0.6000000238
33521  33.940  -41.769  -23.143 0.6000000238
33528  41.230  -41.354  -25.022 0.5000000000
33529  40.612  -41.213  -24.617 0.5000000000
33537  36.575  -41.417  -25.699 0.4000000060
33542  43.740  -41.776  -26.406 0.5000000000
34493  45.752  -41.150  -21.562 0.3000000119
34496  44.456  -40.359  -21.625 0.3000000119
34500  32.968  -40.543  -20.757 0.6999999881
34510  34.374  -40.564  -22.393 0.6999999881
34511  29.444  -40.551  -21.822 0.6000000238
34521  39.102  -40.383  -23.306 0.4000000060
34522  38.648  -40.418  -22.731 0.4000000060
34534  39.596  -40.358  -23.913 0.5000000000
34538  42.726  -40.587  -25.840 0.6000000238
34544  44.420  -40.734  -26.790 0.5000000000
34546  38.433  -40.818  -26.608 0.5000000000
34553  39.725  -40.253  -27.254 0.5000000000
34555  46.579  -40.486  -29.094 0.4000000060
35486  34.119  -39.382  -21.285 0.6999999881
35488  32.463  -39.793  -20.450 0.6999999881
35513  35.454  -39.962  -23.350 0.6000000238
35522  40.576  -39.558  -24.755 0.5000000000
35535  37.865  -39.602  -26.023 0.5000000000
35536  47.201  -40.082  -28.771 0.4000000060
35542  38.765  -39.725  -26.690 0.4000000060
36317  40.508  -37.867  -20.214 0.3000000119
36319  33.148  -38.325  -20.566 0.6999999881
36320  32.419  -38.258  -20.468 0.6999999881
36356  39.368  -38.528  -23.299 0.4000000060
36373  37.659  -38.942  -25.668 0.5000000000
36379  38.742  -38.901  -26.604 0.6000000238
36390  43.944  -38.100  -28.671 0.5000000000
37154  44.695  -37.189  -16.778 0.5000000000
37220  40.017  -37.411  -21.116 0.3000000119
37222  33.681  -37.955  -20.886 0.6999999881
37223  32.490  -36.921  -20.673 0.6999999881
37225  30.623  -37.420  -21.187 0.6000000238
37238  34.772  -38.344  -22.012 0.8000000119
37257  41.235  -37.183  -24.714 0.6000000238
37269  43.186  -37.741  -26.231 0.6000000238
37274  47.050  -37.818  -28.194 0.5000000000
37275  43.016  -37.207  -28.537 0.6000000238
37279  46.496  -36.728  -29.096 0.6000000238
37280  44.183  -37.196  -28.847 0.6000000238
38240  41.978  -36.299  -18.292 0.6999999881
38279  31.964  -36.222  -20.832 0.8000000119
38293  41.033  -36.761  -22.426 0.5000000000
38295  34.043  -36.531  -21.662 0.6999999881
38302  41.852  -36.491  -23.610 0.4000000060
38303  40.976  -36.740  -23.138 0.6000000238
38331  38.460  -35.661  -26.997 0.8999999762
38334  47.248  -35.712  -28.569 0.6999999881
38336  41.525  -35.869  -28.422 0.6000000238
38339  38.935  -34.830  -27.977 0.8999999762
39257  42.462  -35.370  -16.658 0.6999999881
39264  48.466  -35.619  -17.127 0.4000000060
39325  33.794  -35.182  -21.969 0.8000000119
39341  34.334  -35.591  -24.211 0.8000000119
39342  33.892  -34.969  -24.117 1.0000000000
39346  34.788  -35.588  -24.884 0.8000000119
39355  47.146  -35.417  -28.756 0.6999999881
39357  45.275  -35.396  -28.751 0.6999999881
39359  41.999  -34.925  -28.551 0.6999999881
40218  47.521  -34.512  -16.595 0.4000000060
40279  41.922  -34.264  -21.476 0.8000000119
40280  39.614  -34.231  -22.191 0.8000000119
40281  32.973  -34.684  -21.609 0.8999999762
40282  31.974  -34.828  -21.369 0.8999999762
40300  42.551  -33.963  -23.974 0.8000000119
40304  33.170  -33.813  -22.921 0.8999999762
40314  39.609  -34.704  -25.020 0.8000000119
40318  33.321  -33.749  -23.865 0.8999999762
40319  42.260  -34.548  -26.244 0.8000000119
40333  36.279  -33.690  -26.037 1.0000000000
40334  46.760  -35.071  -28.462 0.6999999881
40336  44.642  -34.459  -27.675 0.8000000119
40340  39.572  -33.875  -28.056 0.8999999762
40342  45.969  -35.014  -28.517 0.6999999881
40344  43.043  -34.864  -28.506 0.6999999881
41122  43.357  -33.844  -16.299 0.5000000000
41173  40.171  -34.002  -21.473 0.8000000119
41180  43.585  -33.905  -23.355 0.8000000119
41184  38.700  -33.964  -22.293 0.6999999881
41215  38.001  -33.033  -26.758 0.8999999762
41217  36.908  -33.057  -26.248 1.0000000000
41969  40.917  -31.867  -17.648 0.6000000238
41984  40.324  -32.239  -18.980 0.6999999881
41998  38.998  -32.250  -20.727 0.8000000119
42022  30.496  -32.841  -22.418 0.6999999881
42023  29.412  -32.890  -22.613 0.6000000238
42040  32.892  -32.262  -24.332 0.8999999762
42045  33.675  -32.427  -24.528 0.8999999762
42796  41.848  -31.911  -16.614 0.6000000238
42863  37.438  -31.355  -22.265 1.0000000000
42879  31.974  -31.094  -24.544 1.0000000000
42882  33.188  -31.673  -24.588 0.8999999762
43711  31.639  -30.403  -24.776 0.8999999762
43716  31.194  -29.793  -25.032 0.8999999762
44696  37.481  -29.758  -22.233 1.0000000000
44722  32.634  -29.508  -25.357 1.0000000000
44725  30.810  -29.156  -25.246 0.8000000119
45661  42.764  -28.731  -17.668 0.6999999881
45688  40.808  -29.143  -18.707 0.6999999881
45753  37.381  -28.220  -22.720 1.0000000000
45772  32.360  -28.741  -25.802 0.8999999762
45783  32.244  -27.973  -26.299 0.8999999762
46656  43.175  -27.530  -18.619 0.6999999881
46743  34.395  -27.953  -24.924 1.0000000000
46758  30.305  -27.905  -25.693 0.6999999881
46773  45.201  -27.779  -28.478 0.5000000000
46774  33.756  -27.130  -26.479 1.0000000000
46786  45.046  -27.554  -29.017 0.5000000000
46787  33.011  -26.964  -27.144 0.8000000119
47657  45.379  -26.468  -20.641 0.6000000238
47756  30.770  -26.874  -26.383 0.6999999881
47778  44.825  -26.587  -29.462 0.5000000000
48586  40.293  -25.405  -23.339 0.8000000119
48605  40.953  -25.290  -23.809 0.8000000119
48643  43.560  -26.154  -28.448 0.5000000000
48659  44.528  -25.820  -29.467 0.5000000000
49422  39.716  -24.648  -23.596 1.0000000000
49436  37.548  -24.325  -24.700 1.0000000000
49456  37.345  -24.130  -25.590 1.0000000000
49485  31.228  -24.528  -27.317 0.6000000238
49491  45.090  -25.754  -29.358 0.5000000000
49495  37.660  -24.168  -27.908 1.0000000000
49497  36.131  -24.673  -28.198 0.8999999762
49500  33.535  -24.444  -27.977 0.8000000119
49504  42.733  -24.324  -29.524 0.5000000000
50352  35.479  -23.504  -28.404 0.8999999762
50354  32.392  -23.491  -27.861 0.5000000000
50356  43.501  -24.102  -29.581 0.4000000060
50357  42.860  -23.968  -29.636 0.5000000000
51257  42.760  -22.142  -28.709 0.5000000000
52134  33.259  -21.453  -28.498 0.6000000238
52998  39.469  -19.993  -29.165 0.6999999881
52999  38.339  -20.512  -28.339 0.8000000119
53009  42.291  -20.499  -29.052 0.6999999881
53952  44.313  -19.130  -27.221 0.3000000119
53964  43.864  -20.019  -28.595 0.5000000000
54883  39.572  -18.822  -26.069 0.3000000119
54895  40.977  -18.262  -26.754 0.3000000119
54902  44.093  -18.370  -26.912 0.3000000119
55737  43.622  -17.439  -26.874 0.3000000119
55738  39.043  -17.459  -27.017 0.3000000119
55753  39.616  -17.346  -29.887 0.5000000000
56639  43.356  -16.676  -26.805 0.3000000119
56640  42.976  -16.255  -26.727 0.3000000119
56653  43.478  -16.747  -26.968 0.3000000119
56655  42.527  -15.667  -27.087 0.3000000119
56663  42.105  -16.207  -28.289 0.5000000000
57548  40.831  -14.886  -27.698 0.4000000060
57549  39.505  -14.838  -28.694 0.4000000060
57561  39.508  -15.619  -29.405 0.4000000060
58451  41.049  -14.608  -28.184 0.4000000060
58452  40.281  -14.637  -28.338 0.4000000060
58463  40.478  -14.603  -28.674 0.4000000060
58468  40.266  -14.703  -29.019 0.4000000060
58469  39.853  -14.883  -29.132 0.4000000060
106675  44.742  -35.417  -25.069 0.6999999881
106677  45.217  -33.873  -25.121 0.6999999881
107337  45.630  -34.393  -24.406 0.6999999881
110385  27.485  -46.204  -23.264 0.5000000000
110389  32.853  -23.061  -28.071 0.5000000000
111281  36.229  -23.454  -28.383 0.8999999762
111658  40.205  -18.795  -29.635 0.6000000238
111830  44.716  -37.999  -26.952 0.6000000238
112186  43.850  -19.034  -26.664 0.4000000060
112293  29.321  -26.159  -26.332 0.6000000238
112767  38.359  -39.470  -26.380 0.5000000000
114192  38.171  -22.338  -28.258 1.0000000000
114377  30.529  -28.533  -25.447 0.6999999881
114519  22.076  -49.216  -20.391 0.4000000060
114836  26.144  -44.632  -22.783 0.5000000000
114857  39.972  -23.811  -29.052 0.8999999762
115245  42.493  -42.878  -25.647 0.5000000000
115416  40.958  -21.385  -29.158 0.6999999881
115489  42.978  -18.563  -28.133 0.3000000119
115921  30.993  -33.896  -21.866 0.8999999762
115996  44.873  -33.172  -16.604 0.5000000000
116110  39.900  -42.848  -23.790 0.5000000000
116251  46.763  -37.737  -28.879 0.5000000000
116275  24.969  -48.100  -19.344 0.4000000060
116393  23.225  -47.937  -19.857 0.4000000060
116591  25.837  -49.997  -19.329 0.4000000060
117217  33.516  -25.812  -27.762 0.8000000119
117474  27.406  -47.674  -18.699 0.4000000060
117649  22.434  -50.020  -20.404 0.4000000060
118454  41.659  -39.917  -27.846 0.5000000000
118482  42.510  -42.034  -25.658 0.6000000238
118734  36.132  -19.729  -28.414 0.8000000119
118887  26.745  -47.566  -18.791 0.4000000060
119200  35.545  -29.957  -24.096 1.0000000000
119941  41.687  -37.112  -21.730 0.5000000000
120503  47.254  -40.277  -28.568 0.5000000000
121231  43.154  -21.295  -27.497 0.3000000119
121926  45.609  -34.321  -26.894 0.8000000119
122192  45.575  -34.209  -24.937 0.6999999881
122198  45.826  -34.855  -25.431 0.8000000119
122329  35.044  -20.623  -28.508 0.6000000238
122427  45.122  -38.323  -22.370 0.4000000060
123013  42.692  -35.192  -20.685 0.6999999881
123029  38.615  -18.661  -30.233 0.6999999881
123633  33.540  -36.188  -21.275 0.8000000119
124999  29.042  -42.864  -22.633 0.6000000238
125367  38.521  -29.489  -21.486 1.0000000000
125888  35.378  -33.627  -25.388 1.0000000000
126271  37.132  -26.253  -23.686 1.0000000000
126533  40.493  -23.856  -28.064 0.8000000119
126681  39.630  -38.816  -23.945 0.5000000000
127108  32.643  -43.806  -23.142 0.4000000060
127685  43.807  -34.658  -28.164 0.6999999881
128149  43.699  -43.251  -26.421 0.6000000238
128321  38.985  -19.081  -30.160 0.6999999881
128581  38.316  -19.334  -29.407 0.8000000119
129124  39.124  -33.492  -27.651 0.8999999762
129287  30.795  -32.276  -22.623 0.8999999762
129331  39.029  -26.979  -22.112 1.0000000000
129370  38.183  -34.125  -23.011 0.8000000119
129371  33.803  -31.341  -24.633 0.8999999762
129574  30.198  -29.947  -24.132 0.8000000119
129768  46.534  -35.169  -27.025 0.8000000119
129773  40.502  -21.190  -28.992 0.6999999881
129980  43.578  -27.837  -18.396 0.6999999881
130151  30.685  -31.419  -23.166 0.6999999881
