#!ascii label  , from subject sub-v2s17x50005_ses-1 vox2ras=TkReg
2005
13942  43.912  -64.503  -16.953 0.2000000030
13941  44.864  -64.234  -16.685 0.2000000030
14796  45.260  -63.663  -16.936 0.2000000030
13125  43.468  -65.307  -16.606 0.2000000030
14812  46.699  -63.112  -18.734 0.1000000015
13123  45.652  -64.758  -16.132 0.3000000119
14802  45.289  -63.378  -17.513 0.1000000015
13950  43.707  -64.235  -17.653 0.2000000030
15607  46.422  -62.856  -17.621 0.1000000015
15623  47.493  -62.574  -18.038 0.1000000015
15622  48.384  -62.211  -18.347 0.1000000015
15644  47.706  -62.898  -19.161 0.1000000015
17900  49.123  -60.114  -19.184 0.1000000015
15621  48.791  -61.951  -18.981 0.1000000015
16381  48.942  -61.505  -19.557 0.1000000015
18677  48.909  -58.771  -19.736 0.2000000030
17920  49.137  -60.218  -20.034 0.1000000015
15600  48.439  -62.180  -16.300 0.1000000015
16349  48.532  -61.802  -16.729 0.1000000015
14795  46.299  -63.227  -16.786 0.2000000030
15604  48.583  -61.921  -17.332 0.1000000015
15602  47.117  -62.802  -16.872 0.1000000015
15606  47.440  -62.584  -17.245 0.1000000015
16353  48.894  -61.370  -17.923 0.1000000015
18662  48.746  -59.262  -19.073 0.1000000015
19517  47.423  -57.285  -20.101 0.2000000030
19505  47.313  -57.916  -19.306 0.2000000030
20412  45.905  -56.275  -20.810 0.1000000015
19516  48.622  -57.428  -20.481 0.2000000030
21288  45.732  -55.190  -21.308 0.2000000030
21300  46.722  -54.220  -21.956 0.1000000015
22227  46.031  -53.110  -22.142 0.1000000015
129954  48.672  -61.675  -17.460 0.1000000015
17104  48.114  -60.648  -16.904 0.1000000015
17890  48.723  -59.956  -18.325 0.1000000015
20413  44.886  -56.101  -20.796 0.2000000030
21289  44.648  -54.942  -21.078 0.2000000030
22221  44.050  -54.052  -20.828 0.2000000030
21301  45.574  -53.845  -21.576 0.2000000030
23081  45.123  -52.645  -21.671 0.1000000015
23080  45.412  -52.538  -22.194 0.2000000030
17103  48.711  -60.729  -17.700 0.1000000015
17879  48.035  -59.891  -17.530 0.1000000015
18646  47.878  -59.036  -18.238 0.1000000015
18663  47.274  -58.390  -18.638 0.2000000030
19507  44.970  -57.487  -19.537 0.2000000030
19519  45.150  -56.849  -20.346 0.3000000119
23075  43.761  -51.987  -20.933 0.3000000119
23074  44.443  -52.141  -21.443 0.2000000030
23941  44.348  -51.881  -22.009 0.2000000030
23099  45.494  -52.889  -22.891 0.2000000030
20401  44.162  -56.888  -20.216 0.3000000119
116378  46.603  -57.627  -19.483 0.2000000030
23076  42.991  -52.475  -20.362 0.3000000119
23069  42.437  -51.847  -20.081 0.3000000119
24760  41.741  -50.696  -20.089 0.3000000119
23924  42.940  -51.421  -20.660 0.3000000119
124981  43.283  -51.447  -21.197 0.2000000030
23092  44.111  -52.104  -22.391 0.2000000030
23100  44.644  -52.750  -22.872 0.2000000030
23910  40.369  -51.818  -19.173 0.4000000060
123868  41.975  -54.393  -20.029 0.3000000119
23070  41.711  -52.420  -19.692 0.3000000119
116623  43.658  -55.271  -20.645 0.2000000030
117490  43.204  -54.462  -20.505 0.2000000030
24778  41.967  -50.680  -20.602 0.3000000119
23942  43.504  -51.665  -21.927 0.2000000030
24787  42.198  -50.764  -20.993 0.2000000030
23082  42.609  -51.677  -21.844 0.2000000030
112980  40.066  -50.751  -19.034 0.3000000119
23909  41.323  -51.498  -19.597 0.3000000119
126330  40.866  -50.301  -20.376 0.2000000030
23935  40.956  -51.105  -21.154 0.2000000030
24780  40.535  -50.591  -20.618 0.2000000030
115482  40.387  -52.101  -21.270 0.1000000015
23934  41.915  -51.086  -21.392 0.2000000030
23084  40.614  -52.845  -21.464 0.2000000030
23083  41.604  -52.195  -21.738 0.2000000030
22235  43.595  -53.015  -22.738 0.2000000030
25577  39.274  -49.510  -18.873 0.3000000119
26380  39.349  -49.344  -19.157 0.3000000119
24761  40.896  -50.493  -19.669 0.3000000119
26388  38.277  -48.847  -19.170 0.2000000030
25586  39.720  -49.633  -19.514 0.3000000119
26401  38.217  -49.203  -19.650 0.2000000030
25585  40.509  -50.058  -19.937 0.3000000119
120496  39.310  -49.563  -19.890 0.1000000015
24781  38.741  -50.350  -20.323 0.1000000015
23926  37.862  -51.777  -20.758 0.1000000015
23925  39.195  -51.156  -20.574 0.1000000015
24782  37.473  -50.743  -20.517 0.1000000015
23085  39.477  -53.093  -21.243 0.1000000015
121298  38.152  -49.118  -18.619 0.3000000119
26382  38.037  -48.789  -18.817 0.2000000030
27227  36.794  -48.255  -18.522 0.2000000030
27228  36.184  -47.782  -18.531 0.2000000030
29044  35.003  -46.765  -19.008 0.1000000015
27233  37.362  -48.542  -19.040 0.1000000015
27235  35.652  -47.795  -19.367 0.1000000015
26389  36.427  -48.764  -19.714 0.1000000015
25600  38.460  -49.632  -20.034 0.1000000015
23927  37.069  -51.707  -20.965 0.1000000015
122763  37.310  -48.678  -18.621 0.2000000030
29045  34.664  -46.436  -19.601 0.1000000015
29057  34.690  -46.712  -20.273 0.1000000015
122995  35.729  -48.378  -19.960 0.1000000015
125480  35.434  -48.363  -20.658 0.1000000015
26402  36.310  -49.437  -20.360 0.1000000015
27256  35.461  -48.516  -21.176 0.1000000015
26410  35.932  -49.847  -21.091 0.1000000015
26411  35.718  -48.999  -20.668 0.1000000015
126543  34.490  -45.205  -20.002 0.1000000015
26416  35.741  -49.090  -21.661 0.1000000015
114347  36.015  -50.027  -21.948 0.1000000015
29905  34.497  -45.652  -19.493 0.1000000015
16362  49.006  -61.434  -18.692 0.1000000015
15605  48.181  -62.237  -17.254 0.1000000015
21287  46.857  -55.487  -21.356 0.1000000015
118361  36.733  -66.013  -6.243 0.5000000000
13018  37.173  -65.433  -5.628 0.5000000000
13777  36.416  -64.886  -5.294 0.5000000000
13020  35.430  -64.813  -5.662 0.5000000000
13783  34.845  -64.720  -6.394 0.5000000000
14681  39.150  -63.059  -5.429 0.2000000030
13775  39.193  -63.751  -5.505 0.2000000030
14682  38.128  -63.735  -5.152 0.3000000119
107901  38.203  -64.647  -5.382 0.3000000119
13776  37.354  -64.611  -5.200 0.5000000000
13770  35.825  -64.265  -4.889 0.5000000000
14683  34.954  -64.101  -5.170 0.5000000000
13796  34.939  -64.987  -7.080 0.5000000000
13784  34.361  -64.211  -6.288 0.5000000000
13033  35.451  -65.451  -7.441 0.5000000000
12292  36.845  -65.951  -9.238 0.5000000000
14673  38.602  -62.777  -5.086 0.3000000119
14674  37.498  -63.218  -4.694 0.3000000119
13769  36.906  -64.097  -4.854 0.5000000000
15489  33.834  -63.047  -5.246 0.5000000000
14684  34.233  -63.762  -5.644 0.5000000000
13797  34.393  -64.325  -7.155 0.5000000000
113616  34.945  -64.788  -7.847 0.5000000000
118525  39.868  -65.600  -10.474 0.4000000060
13045  39.663  -65.140  -10.567 0.5000000000
13046  38.774  -65.287  -10.512 0.5000000000
13040  37.225  -65.277  -9.797 0.5000000000
13812  35.907  -64.855  -9.089 0.5000000000
13044  40.573  -65.127  -10.460 0.4000000060
15488  39.714  -62.369  -5.365 0.3000000119
15481  38.033  -62.454  -4.541 0.4000000060
15482  36.922  -62.780  -4.158 0.4000000060
14675  36.359  -63.505  -4.453 0.5000000000
15476  35.180  -62.219  -3.666 0.5000000000
121410  34.820  -62.906  -4.197 0.5000000000
15484  34.073  -62.705  -4.533 0.5000000000
122614  34.386  -62.356  -3.967 0.5000000000
16241  33.709  -62.037  -4.163 0.5000000000
15485  33.409  -62.334  -4.958 0.5000000000
15490  33.279  -62.681  -5.748 0.5000000000
15498  33.303  -63.060  -7.099 0.5000000000
13813  35.245  -64.448  -8.697 0.6000000238
13047  37.943  -65.309  -10.202 0.5000000000
13041  36.554  -65.156  -9.432 0.5000000000
13833  35.635  -64.080  -9.504 0.5000000000
12303  41.906  -65.861  -10.158 0.4000000060
120610  41.135  -65.540  -10.236 0.4000000060
13056  40.046  -64.801  -10.789 0.5000000000
15461  41.312  -60.864  -4.017 0.1000000015
17002  41.477  -60.216  -4.110 0.1000000015
17768  41.098  -59.623  -3.641 0.1000000015
16229  41.044  -60.800  -4.435 0.1000000015
17003  40.539  -60.250  -3.991 0.1000000015
16980  39.814  -59.775  -3.266 0.1000000015
16230  40.127  -60.802  -4.370 0.1000000015
17745  39.023  -59.296  -2.536 0.1000000015
15480  39.150  -62.018  -4.952 0.2000000030
16239  39.679  -61.363  -4.702 0.1000000015
15475  36.303  -62.253  -3.667 0.5000000000
16232  37.868  -61.489  -3.599 0.4000000060
15474  37.428  -62.129  -3.909 0.4000000060
129222  35.034  -61.675  -3.329 0.4000000060
16235  34.372  -61.696  -3.551 0.5000000000
16236  33.498  -61.267  -3.769 0.5000000000
16242  32.907  -61.479  -4.587 0.5000000000
14703  33.862  -63.576  -7.580 0.5000000000
13831  36.879  -64.747  -9.928 0.5000000000
13849  38.371  -64.816  -10.714 0.5000000000
12295  41.634  -65.211  -10.489 0.4000000060
11615  43.561  -66.512  -10.299 0.5000000000
15439  41.082  -62.202  -0.773 0.1000000015
16205  40.401  -61.466  -1.770 0.1000000015
15462  40.511  -61.568  -2.709 0.1000000015
16214  41.393  -60.650  -3.223 0.1000000015
16213  41.490  -60.164  -4.271 0.1000000015
16979  42.001  -59.677  -3.848 0.1000000015
17743  41.785  -58.838  -3.348 0.1000000015
16971  42.263  -60.247  -2.828 0.1000000015
17744  40.421  -58.836  -2.867 0.1000000015
18489  36.391  -58.549  -1.302 0.2000000030
19296  35.799  -57.504  -1.032 0.2000000030
16238  40.717  -61.093  -4.896 0.1000000015
17004  39.360  -60.472  -3.652 0.1000000015
16981  38.616  -60.116  -2.886 0.1000000015
17733  37.237  -59.154  -1.698 0.2000000030
16231  38.948  -61.103  -4.025 0.2000000030
17005  38.248  -60.822  -3.257 0.1000000015
16982  37.591  -60.451  -2.566 0.2000000030
17748  35.901  -60.108  -2.005 0.2000000030
16215  37.253  -61.108  -2.962 0.2000000030
16216  36.412  -61.212  -2.885 0.3000000119
109148  35.019  -60.368  -2.365 0.3000000119
16985  34.214  -60.353  -2.819 0.4000000060
111378  34.051  -60.982  -3.265 0.5000000000
14719  34.976  -63.852  -9.029 0.5000000000
17007  33.353  -60.379  -3.357 0.4000000060
15548  34.230  -62.813  -11.260 0.5000000000
128706  34.199  -62.993  -10.593 0.5000000000
15536  34.114  -63.071  -9.878 0.5000000000
111947  35.671  -63.526  -11.101 0.5000000000
14731  35.623  -63.689  -10.274 0.5000000000
14720  34.953  -63.552  -9.705 0.5000000000
15491  32.799  -61.937  -5.601 0.5000000000
13869  37.822  -64.468  -11.302 0.5000000000
13870  36.997  -64.186  -11.008 0.5000000000
14730  36.285  -63.891  -10.706 0.5000000000
15525  33.539  -62.899  -8.875 0.5000000000
13055  40.902  -64.759  -10.868 0.5000000000
13848  39.248  -64.865  -10.821 0.5000000000
13852  36.131  -64.074  -10.105 0.5000000000
13814  34.525  -63.964  -8.250 0.6000000238
13850  37.459  -64.672  -10.428 0.5000000000
12302  43.013  -65.895  -10.018 0.4000000060
15438  43.122  -62.598  -1.186 0.1000000015
16189  40.734  -61.593  -1.162 0.1000000015
16203  42.693  -60.804  -1.924 0.1000000015
16969  43.433  -59.870  -2.424 0.1000000015
17716  43.435  -59.460  -0.990 0.1000000015
16204  41.408  -60.954  -1.858 0.1000000015
16970  43.133  -60.168  -2.501 0.1000000015
16978  42.887  -59.615  -3.100 0.1000000015
117012  42.360  -58.233  -2.779 0.1000000015
18504  41.439  -57.951  -2.636 0.1000000015
129202  40.450  -57.844  -2.387 0.1000000015
18487  38.726  -57.702  -1.749 0.1000000015
19294  38.086  -57.050  -1.400 0.2000000030
19295  36.980  -57.466  -1.157 0.2000000030
17732  38.292  -58.786  -1.917 0.1000000015
18488  37.598  -58.172  -1.464 0.2000000030
112890  35.092  -59.752  -1.902 0.3000000119
17735  34.683  -59.037  -1.717 0.3000000119
19297  34.612  -57.679  -1.311 0.2000000030
17749  34.422  -59.700  -2.263 0.3000000119
128779  34.618  -58.405  -1.497 0.2000000030
18507  33.502  -58.674  -2.419 0.3000000119
17750  33.585  -59.523  -2.739 0.4000000060
16297  33.011  -61.936  -10.640 0.5000000000
16289  32.514  -61.794  -9.743 0.5000000000
15537  33.260  -62.452  -9.774 0.5000000000
17010  32.833  -60.779  -3.956 0.5000000000
17800  31.401  -59.329  -9.505 0.5000000000
17792  31.399  -59.475  -8.630 0.5000000000
112934  31.724  -60.853  -8.890 0.5000000000
109027  32.129  -61.528  -8.924 0.5000000000
15526  32.752  -62.246  -8.939 0.6000000238
16245  32.327  -61.076  -5.441 0.5000000000
124602  31.428  -59.711  -7.943 0.5000000000
113597  31.598  -60.409  -7.510 0.5000000000
17024  31.813  -61.107  -8.179 0.6000000238
15508  33.374  -63.042  -7.960 0.5000000000
15499  32.855  -62.396  -6.557 0.5000000000
16271  32.363  -61.946  -8.046 0.5000000000
15509  32.849  -62.530  -7.520 0.5000000000
11614  45.278  -67.231  -10.609 0.4000000060
112978  44.506  -66.574  -10.294 0.4000000060
11616  42.468  -66.620  -10.529 0.4000000060
116825  40.278  -58.407  0.247 0.1000000015
17717  42.392  -58.686  -0.751 0.1000000015
19264  40.900  -56.801  -0.598 0.1000000015
17741  43.268  -59.168  -2.816 0.1000000015
17715  43.712  -59.428  -1.783 0.1000000015
19274  41.846  -57.131  -1.607 0.1000000015
18467  41.638  -57.041  -1.083 0.1000000015
18484  43.374  -58.772  -2.333 0.1000000015
20169  40.628  -56.094  -1.017 0.1000000015
19310  40.944  -57.094  -2.110 0.1000000015
19292  40.366  -56.265  -1.423 0.1000000015
19293  39.259  -56.527  -1.534 0.1000000015
20172  37.899  -55.318  -1.067 0.2000000030
20173  36.873  -55.886  -0.999 0.2000000030
20174  35.900  -56.425  -0.936 0.2000000030
119733  35.072  -56.832  -1.044 0.2000000030
21110  38.362  -55.457  -6.275 0.2000000030
19298  33.776  -57.466  -1.827 0.2000000030
20214  37.797  -56.398  -6.553 0.2000000030
20215  36.909  -56.523  -6.440 0.2000000030
20216  36.001  -56.440  -6.363 0.2000000030
21113  35.122  -56.037  -6.190 0.2000000030
18491  34.058  -58.356  -1.833 0.2000000030
20236  37.293  -57.382  -6.996 0.2000000030
20237  36.327  -57.297  -6.820 0.2000000030
124767  35.178  -56.943  -6.627 0.2000000030
19350  33.799  -56.826  -6.302 0.2000000030
20217  34.403  -56.371  -6.168 0.3000000119
20219  33.246  -56.725  -5.447 0.2000000030
19328  32.789  -57.140  -4.825 0.4000000060
19365  35.290  -57.757  -7.803 0.2000000030
19349  34.714  -57.327  -7.047 0.3000000119
107934  33.732  -57.218  -6.884 0.3000000119
116966  32.950  -57.269  -6.446 0.4000000060
19335  32.866  -57.182  -5.659 0.3000000119
19336  32.324  -57.825  -5.149 0.4000000060
119863  32.175  -58.401  -4.533 0.5000000000
18524  32.425  -58.578  -3.821 0.4000000060
17770  32.546  -59.295  -3.654 0.5000000000
19382  31.988  -57.764  -8.674 0.5000000000
19368  32.386  -57.594  -7.926 0.4000000060
19367  33.027  -57.333  -7.295 0.4000000060
18551  32.135  -57.840  -6.833 0.4000000060
17783  31.529  -59.204  -6.508 0.5000000000
18543  31.668  -58.879  -5.812 0.5000000000
18535  31.890  -58.611  -5.144 0.5000000000
17008  32.560  -60.038  -3.796 0.5000000000
18555  31.794  -58.143  -7.868 0.5000000000
17789  31.454  -59.477  -7.271 0.5000000000
17021  32.008  -61.306  -7.346 0.5000000000
16258  32.431  -61.957  -7.169 0.5000000000
16251  32.293  -61.449  -6.425 0.5000000000
18435  38.423  -58.552  0.905 0.1000000015
17705  39.267  -59.133  0.708 0.1000000015
126477  39.385  -58.190  0.515 0.1000000015
19266  38.730  -56.437  0.506 0.1000000015
124097  40.251  -56.345  -0.358 0.1000000015
19265  39.650  -56.339  0.127 0.1000000015
20143  39.921  -55.787  -0.465 0.1000000015
20144  39.301  -55.556  0.039 0.1000000015
21050  39.522  -55.437  -0.768 0.1000000015
21051  38.797  -55.056  -0.526 0.1000000015
20171  39.577  -55.597  -1.131 0.1000000015
116085  37.987  -54.798  -0.838 0.2000000030
21984  37.568  -54.471  -0.480 0.2000000030
21059  37.262  -55.008  -0.817 0.2000000030
20175  35.156  -55.934  -1.041 0.2000000030
20176  34.238  -56.533  -1.435 0.2000000030
124009  37.813  -54.898  -5.935 0.1000000015
21111  37.429  -55.634  -6.160 0.2000000030
21112  36.562  -55.663  -6.119 0.2000000030
121814  35.782  -55.601  -6.113 0.2000000030
113005  39.293  -54.039  -5.928 0.1000000015
22039  38.498  -54.480  -5.924 0.1000000015
22040  37.037  -54.862  -5.874 0.1000000015
22041  36.097  -54.860  -5.911 0.1000000015
22042  35.081  -55.005  -5.885 0.1000000015
20218  33.772  -56.261  -5.635 0.1000000015
19312  33.140  -58.171  -2.672 0.3000000119
18492  33.520  -58.039  -2.232 0.2000000030
21115  33.746  -55.620  -5.101 0.1000000015
20207  33.238  -56.370  -4.734 0.1000000015
19319  32.757  -57.803  -3.270 0.2000000030
17013  31.671  -59.758  -5.808 0.5000000000
17778  31.757  -59.301  -5.228 0.5000000000
126927  32.078  -59.340  -4.424 0.5000000000
16243  32.271  -60.467  -4.612 0.5000000000
17017  31.571  -60.053  -6.656 0.5000000000
17016  31.913  -60.583  -6.087 0.5000000000
126230  31.957  -60.363  -5.393 0.5000000000
115707  31.852  -60.761  -6.804 0.5000000000
19250  37.002  -57.427  1.352 0.1000000015
20128  37.085  -56.170  1.094 0.1000000015
122604  37.822  -56.624  0.842 0.1000000015
21024  36.569  -55.374  1.130 0.1000000015
20145  38.272  -55.547  0.454 0.1000000015
21039  38.070  -54.628  0.153 0.1000000015
21040  37.262  -54.524  0.454 0.1000000015
21959  38.189  -54.579  -0.276 0.1000000015
21971  37.824  -54.406  -0.308 0.2000000030
21060  36.662  -54.606  -0.628 0.2000000030
118437  36.194  -55.439  -0.871 0.2000000030
21061  35.530  -54.894  -0.959 0.2000000030
22884  38.624  -53.599  -5.687 0.1000000015
22885  37.639  -54.040  -5.732 0.1000000015
22886  36.547  -54.034  -5.755 0.1000000015
117647  33.313  -56.005  -2.779 0.1000000015
19311  33.231  -57.505  -2.502 0.2000000030
20191  33.453  -56.680  -2.156 0.2000000030
22043  34.194  -54.899  -5.372 0.1000000015
19318  32.829  -57.006  -3.939 0.2000000030
108745  33.005  -56.852  -3.007 0.2000000030
19236  35.650  -57.286  2.534 0.1000000015
19251  36.149  -56.827  1.734 0.1000000015
116017  35.194  -55.711  3.414 0.1000000015
20129  35.842  -56.004  1.734 0.1000000015
21002  34.974  -54.844  3.123 0.1000000015
21935  35.055  -54.698  2.097 0.1000000015
21945  36.394  -54.468  0.865 0.1000000015
21960  36.950  -54.064  0.297 0.1000000015
22799  35.898  -53.274  0.158 0.1000000015
22816  36.395  -53.736  -0.259 0.1000000015
22817  35.521  -53.010  -0.369 0.1000000015
22834  35.519  -53.430  -0.774 0.1000000015
21986  36.036  -54.098  -0.613 0.2000000030
21987  34.922  -54.189  -1.282 0.2000000030
116469  34.520  -55.370  -1.390 0.2000000030
115431  34.241  -53.866  -1.965 0.2000000030
21062  34.033  -54.781  -1.874 0.2000000030
21996  33.758  -54.274  -2.615 0.1000000015
21063  33.748  -55.755  -1.920 0.2000000030
23702  39.840  -52.351  -5.492 0.1000000015
126958  37.983  -52.069  -5.446 0.1000000015
22865  37.837  -53.054  -5.565 0.1000000015
22887  35.539  -54.061  -5.725 0.1000000015
21075  33.539  -55.126  -2.635 0.2000000030
23684  36.910  -52.573  -5.526 0.1000000015
22867  35.996  -53.148  -5.631 0.1000000015
22025  33.676  -54.897  -4.486 0.1000000015
21103  33.420  -55.699  -4.351 0.1000000015
21090  33.374  -55.405  -3.582 0.2000000030
21928  35.275  -54.312  3.886 0.1000000015
22768  34.819  -53.407  2.986 0.1000000015
22774  34.725  -53.309  2.215 0.1000000015
22783  35.473  -53.451  0.956 0.1000000015
23624  35.145  -52.424  0.146 0.1000000015
23652  34.701  -52.397  -1.607 0.1000000015
22835  34.840  -53.258  -1.480 0.1000000015
108707  34.317  -53.077  -2.241 0.2000000030
23663  34.288  -52.303  -2.606 0.1000000015
24556  37.672  -51.129  -5.321 0.1000000015
116580  36.624  -50.781  -5.168 0.1000000015
24557  35.599  -51.256  -5.138 0.1000000015
23687  34.366  -52.150  -4.405 0.1000000015
22846  33.964  -52.985  -3.097 0.1000000015
122906  39.013  -52.016  -5.376 0.1000000015
111268  36.771  -51.654  -5.419 0.1000000015
23686  34.957  -52.009  -5.125 0.1000000015
116419  34.532  -52.747  -5.019 0.1000000015
22870  33.785  -53.975  -4.283 0.1000000015
22847  33.751  -53.724  -3.391 0.1000000015
22007  33.562  -54.554  -3.500 0.1000000015
23685  35.878  -52.188  -5.464 0.1000000015
126746  35.244  -52.663  -5.415 0.1000000015
22869  34.230  -53.544  -4.968 0.1000000015
22024  34.031  -54.258  -4.980 0.1000000015
23592  35.155  -52.723  3.390 0.1000000015
23593  34.760  -52.658  2.650 0.1000000015
117985  34.592  -51.897  1.477 0.1000000015
23612  34.814  -52.425  1.067 0.1000000015
24521  34.746  -51.624  -0.235 0.1000000015
112265  34.752  -51.717  -1.097 0.1000000015
27047  37.076  -48.644  -4.046 0.1000000015
26192  36.251  -48.999  -3.864 0.1000000015
25373  34.814  -50.030  -3.134 0.1000000015
25374  34.458  -50.721  -2.635 0.1000000015
24533  34.473  -51.465  -1.975 0.1000000015
26196  38.458  -49.012  -4.712 0.1000000015
26197  37.560  -49.181  -4.530 0.1000000015
25381  35.938  -49.665  -4.318 0.1000000015
26193  35.485  -49.443  -3.541 0.1000000015
24539  34.331  -51.543  -3.073 0.1000000015
26204  38.017  -49.809  -4.909 0.1000000015
25379  37.447  -50.355  -5.063 0.1000000015
25380  36.613  -50.041  -4.785 0.1000000015
25376  35.178  -50.141  -4.059 0.1000000015
25377  34.580  -50.852  -3.734 0.1000000015
123359  34.358  -51.625  -3.876 0.1000000015
23674  34.163  -52.270  -3.536 0.1000000015
25332  34.572  -50.582  0.585 0.1000000015
26135  34.689  -49.895  0.313 0.1000000015
25343  34.541  -50.334  -0.269 0.1000000015
26151  35.197  -49.026  -1.005 0.1000000015
26152  34.818  -49.564  -0.443 0.1000000015
109717  34.532  -50.974  -0.924 0.1000000015
129512  37.543  -48.295  -3.900 0.1000000015
26181  35.942  -48.747  -2.976 0.1000000015
27026  35.543  -48.800  -2.223 0.1000000015
26166  34.789  -49.537  -1.301 0.1000000015
123261  34.473  -50.628  -1.751 0.1000000015
107947  37.830  -48.534  -4.242 0.1000000015
26182  35.158  -49.306  -2.640 0.1000000015
124051  33.348  -63.016  -6.378 0.5000000000
16240  38.512  -61.759  -4.336 0.2000000030
16234  35.742  -61.600  -3.186 0.4000000060
17006  34.865  -61.122  -2.965 0.4000000060
16188  42.013  -61.545  -1.311 0.1000000015
17742  42.643  -58.987  -3.253 0.1000000015
121833  36.398  -59.459  -1.642 0.3000000119
112147  36.584  -56.778  -1.027 0.2000000030
17746  37.933  -59.702  -2.187 0.2000000030
17747  36.951  -60.018  -1.948 0.2000000030
16983  36.621  -60.663  -2.459 0.2000000030
17734  35.592  -59.271  -1.562 0.3000000119
16984  35.737  -60.866  -2.625 0.3000000119
18490  35.240  -58.460  -1.274 0.2000000030
16202  43.744  -60.672  -1.850 0.1000000015
16955  43.933  -60.372  -1.770 0.1000000015
18465  43.189  -58.526  -1.654 0.1000000015
18502  42.981  -58.584  -2.752 0.1000000015
18503  41.912  -57.345  -2.179 0.1000000015
18485  42.685  -57.939  -2.178 0.1000000015
18486  39.895  -57.217  -1.959 0.1000000015
18505  39.419  -58.311  -2.240 0.1000000015
113442  37.492  -56.402  -1.188 0.2000000030
18506  34.007  -59.084  -2.138 0.3000000119
18508  32.886  -58.822  -3.054 0.4000000060
16298  32.387  -61.320  -10.374 0.5000000000
17038  31.900  -60.970  -9.714 0.5000000000
17051  31.622  -60.057  -10.087 0.5000000000
18556  31.529  -58.493  -8.827 0.5000000000
18452  41.376  -57.847  -0.538 0.1000000015
127883  40.648  -57.567  -0.170 0.1000000015
18466  42.329  -57.690  -1.394 0.1000000015
20142  40.522  -56.091  -0.809 0.1000000015
19291  41.228  -56.694  -1.474 0.1000000015
20170  40.120  -55.708  -0.969 0.1000000015
20157  40.057  -55.709  -0.781 0.1000000015
119955  38.578  -55.861  -1.272 0.1000000015
21131  38.555  -56.282  -6.741 0.2000000030
21114  34.368  -55.691  -5.775 0.1000000015
19348  35.804  -57.721  -7.257 0.2000000030
19329  32.495  -57.777  -4.229 0.4000000060
19366  34.154  -57.380  -7.593 0.5000000000
18542  31.961  -58.170  -5.872 0.5000000000
19381  33.356  -57.304  -8.323 0.5000000000
116526  31.602  -58.613  -7.126 0.5000000000
19249  38.045  -57.502  0.885 0.1000000015
18454  39.037  -57.395  0.512 0.1000000015
21037  39.455  -55.419  -0.484 0.1000000015
21038  38.818  -55.064  -0.109 0.1000000015
21058  38.741  -55.065  -0.857 0.1000000015
21983  38.180  -54.656  -0.546 0.2000000030
21985  36.906  -54.218  -0.354 0.2000000030
18436  37.421  -58.389  1.377 0.1000000015
19235  36.157  -57.830  2.020 0.1000000015
20146  37.502  -55.186  0.645 0.1000000015
21025  35.693  -55.124  1.575 0.1000000015
110679  37.563  -54.183  0.011 0.1000000015
21972  37.290  -54.191  -0.211 0.2000000030
22883  39.537  -53.235  -5.685 0.1000000015
23703  38.825  -52.722  -5.512 0.1000000015
22023  34.650  -54.151  -5.469 0.1000000015
20200  33.164  -56.224  -3.723 0.1000000015
20117  35.575  -56.521  2.284 0.1000000015
19223  35.502  -57.527  3.414 0.1000000015
20106  35.321  -56.591  3.178 0.1000000015
21001  35.344  -55.178  4.017 0.1000000015
21013  35.236  -55.696  2.455 0.1000000015
21929  34.935  -54.048  3.262 0.1000000015
21936  34.833  -54.058  2.579 0.1000000015
21946  35.589  -54.228  1.305 0.1000000015
21947  34.971  -53.849  1.752 0.1000000015
21961  36.247  -53.812  0.527 0.1000000015
22798  36.852  -53.863  0.021 0.1000000015
22800  35.233  -52.878  0.710 0.1000000015
129080  33.942  -53.590  -2.641 0.2000000030
22866  36.986  -53.358  -5.608 0.1000000015
22868  34.988  -53.348  -5.476 0.1000000015
22767  35.238  -53.500  3.687 0.1000000015
23604  34.646  -52.578  1.864 0.1000000015
22784  34.909  -53.080  1.444 0.1000000015
23623  35.041  -52.295  -0.699 0.1000000015
22818  35.208  -52.799  -0.994 0.1000000015
25396  38.372  -50.566  -5.171 0.1000000015
24547  35.061  -50.755  -4.530 0.1000000015
24546  35.773  -50.400  -4.740 0.1000000015
24548  34.727  -51.397  -4.547 0.1000000015
22856  33.950  -53.010  -4.153 0.1000000015
24464  35.072  -51.916  3.054 0.1000000015
24481  34.666  -51.924  2.278 0.1000000015
124467  34.659  -51.251  1.865 0.1000000015
24497  34.554  -51.250  1.081 0.1000000015
24511  34.578  -51.251  0.400 0.1000000015
116319  34.545  -50.952  -0.081 0.1000000015
26198  36.752  -49.351  -4.416 0.1000000015
27041  37.303  -48.127  -3.415 0.1000000015
26183  34.626  -49.883  -2.073 0.1000000015
112550  37.286  -49.761  -4.763 0.1000000015
124472  34.836  -49.931  1.058 0.1000000015
25360  34.518  -50.127  -1.129 0.1000000015
27014  35.651  -48.626  -1.519 0.1000000015
27003  35.820  -48.523  -0.675 0.1000000015
27912  37.915  -47.637  -3.024 0.1000000015
27040  38.037  -47.965  -3.792 0.1000000015
108072  36.711  -48.196  -2.784 0.1000000015
12275  42.271  -66.119  -6.368 0.1000000015
11589  42.588  -66.868  -6.423 0.1000000015
11590  41.491  -66.983  -6.380 0.1000000015
12276  40.884  -66.259  -6.176 0.1000000015
12268  40.458  -65.507  -5.963 0.1000000015
13025  41.625  -64.910  -6.189 0.1000000015
13015  41.068  -64.258  -6.040 0.1000000015
10904  43.385  -67.627  -6.612 0.2000000030
13774  40.371  -63.714  -5.801 0.1000000015
10905  42.033  -67.826  -6.748 0.2000000030
10923  41.521  -68.603  -7.318 0.2000000030
115737  39.146  -64.680  -5.580 0.1000000015
10241  43.151  -69.454  -7.697 0.2000000030
10906  40.968  -67.946  -6.904 0.2000000030
12269  39.367  -66.015  -5.905 0.2000000030
108678  40.355  -67.293  -6.592 0.2000000030
12277  39.807  -66.639  -6.264 0.2000000030
121046  38.986  -65.517  -5.706 0.3000000119
13017  38.206  -65.506  -5.670 0.3000000119
13026  38.405  -66.200  -6.016 0.3000000119
11592  39.185  -67.506  -7.012 0.2000000030
10248  41.523  -69.739  -8.530 0.2000000030
12278  38.754  -66.795  -6.459 0.2000000030
10243  41.089  -69.125  -8.002 0.2000000030
8842  41.313  -72.014  -11.006 0.1000000015
10247  42.556  -70.013  -8.341 0.2000000030
10242  42.033  -69.303  -7.776 0.2000000030
13027  37.512  -66.145  -6.111 0.3000000119
9546  42.310  -71.330  -9.460 0.1000000015
9538  41.932  -70.492  -9.036 0.1000000015
11591  40.000  -68.050  -7.289 0.2000000030
8826  41.614  -71.624  -10.305 0.1000000015
12280  36.975  -66.504  -6.780 0.4000000060
10924  40.625  -68.559  -7.594 0.2000000030
9560  40.888  -70.965  -11.081 0.1000000015
10249  40.632  -69.323  -8.886 0.2000000030
10925  39.885  -68.505  -8.102 0.2000000030
11596  39.168  -68.093  -7.966 0.2000000030
12283  38.160  -67.245  -7.202 0.4000000060
9547  41.361  -70.710  -9.972 0.1000000015
116188  38.364  -67.699  -7.923 0.4000000060
13028  36.123  -66.026  -6.893 0.4000000060
10251  41.058  -69.985  -9.415 0.2000000030
10252  40.511  -69.489  -9.741 0.4000000060
11597  37.718  -67.344  -7.905 0.4000000060
10936  39.980  -68.750  -8.866 0.3000000119
112329  39.867  -68.531  -10.176 0.4000000060
10951  40.106  -68.971  -9.597 0.3000000119
21129  40.789  -55.090  -6.968 0.1000000015
22038  39.175  -54.836  -6.253 0.1000000015
12285  36.676  -66.561  -7.609 0.4000000060
10938  38.611  -67.869  -8.745 0.4000000060
12287  37.193  -67.023  -8.279 0.5000000000
10952  39.571  -68.417  -9.567 0.4000000060
10937  39.312  -68.323  -8.810 0.4000000060
11604  38.975  -67.846  -9.516 0.4000000060
117393  39.915  -55.031  -6.621 0.1000000015
21130  39.217  -55.731  -6.694 0.1000000015
13032  36.002  -66.012  -7.934 0.4000000060
13036  36.196  -65.664  -8.782 0.5000000000
12291  37.229  -66.795  -9.019 0.5000000000
13037  35.560  -65.256  -8.330 0.5000000000
20234  39.173  -56.849  -7.459 0.1000000015
20235  38.190  -57.062  -7.147 0.1000000015
117488  39.868  -57.536  -8.213 0.1000000015
19346  37.850  -57.894  -7.549 0.1000000015
129375  43.554  -66.491  -6.399 0.1000000015
113133  41.737  -65.883  -6.285 0.1000000015
13016  39.916  -64.943  -5.766 0.1000000015
12274  43.133  -65.732  -6.370 0.1000000015
13014  41.941  -63.829  -6.199 0.1000000015
14680  40.102  -62.883  -5.636 0.1000000015
13029  35.444  -65.318  -6.543 0.4000000060
111105  44.840  -67.795  -6.598 0.1000000015
12279  37.824  -66.715  -6.635 0.3000000119
122382  40.432  -68.870  -8.266 0.2000000030
12284  37.375  -66.971  -7.396 0.4000000060
11601  37.791  -67.346  -8.714 0.4000000060
20233  40.094  -56.020  -7.240 0.1000000015
19345  38.536  -57.708  -7.712 0.1000000015
13013  43.001  -64.171  -5.873 0.1000000015
8872  34.803  -71.610  -14.107 0.1000000015
8886  35.084  -70.479  -14.268 0.1000000015
9588  36.888  -70.204  -14.642 0.1000000015
8887  34.247  -71.281  -14.393 0.1000000015
8885  36.872  -70.808  -13.844 0.1000000015
8178  34.270  -72.345  -14.390 0.1000000015
112210  33.253  -72.427  -14.928 0.1000000015
7536  32.213  -73.461  -15.224 0.1000000015
121133  33.338  -71.114  -14.639 0.1000000015
3435  30.897  -81.307  -7.022 0.1000000015
123470  31.661  -75.939  -11.990 0.1000000015
120034  32.000  -75.851  -13.648 0.1000000015
8870  36.330  -71.525  -13.435 0.1000000015
8871  35.482  -71.464  -13.759 0.1000000015
7520  32.656  -74.265  -14.981 0.1000000015
8869  37.220  -71.737  -13.316 0.1000000015
8884  37.678  -70.804  -14.462 0.1000000015
2924  32.158  -81.455  -6.926 0.1000000015
3986  31.016  -80.345  -7.477 0.1000000015
4476  30.466  -79.078  -7.139 0.1000000015
3950  33.582  -80.238  -6.639 0.1000000015
3419  32.976  -80.871  -6.880 0.1000000015
2938  32.200  -81.340  -7.366 0.1000000015
3447  32.100  -81.205  -7.804 0.1000000015
4996  30.252  -77.816  -7.165 0.1000000015
6212  27.918  -75.066  -9.711 0.1000000015
6241  29.925  -75.590  -11.034 0.1000000015
8165  34.754  -72.394  -13.798 0.1000000015
7518  33.788  -72.983  -14.781 0.1000000015
8163  36.560  -72.462  -12.796 0.1000000015
8868  38.086  -72.153  -13.419 0.1000000015
8883  38.474  -71.699  -14.426 0.1000000015
3985  31.803  -80.542  -8.012 0.1000000015
119893  31.403  -79.435  -7.793 0.1000000015
4462  34.466  -79.805  -6.752 0.1000000015
3433  33.576  -80.724  -7.467 0.1000000015
3434  32.749  -81.100  -7.350 0.1000000015
3984  32.503  -80.716  -8.182 0.1000000015
4475  31.805  -78.517  -8.026 0.1000000015
123781  31.023  -78.429  -7.539 0.1000000015
120518  30.959  -76.464  -7.568 0.1000000015
6188  29.164  -75.329  -7.633 0.1000000015
6795  28.587  -74.598  -8.199 0.1000000015
6794  29.543  -74.492  -7.981 0.1000000015
6810  28.294  -74.292  -8.847 0.1000000015
123783  28.858  -73.668  -10.009 0.1000000015
6833  29.269  -74.511  -10.678 0.1000000015
6847  30.245  -74.821  -11.240 0.1000000015
6846  31.679  -74.879  -11.944 0.1000000015
7504  33.446  -74.170  -13.822 0.1000000015
8164  35.619  -72.197  -13.156 0.1000000015
8155  34.845  -72.744  -12.943 0.1000000015
7502  34.114  -73.143  -14.339 0.1000000015
7503  33.864  -73.723  -14.170 0.1000000015
6874  33.329  -74.193  -14.346 0.1000000015
8162  37.494  -72.501  -12.911 0.1000000015
121299  37.735  -71.332  -13.786 0.1000000015
4994  32.286  -77.543  -8.143 0.1000000015
4447  35.347  -79.020  -5.997 0.1000000015
3967  34.216  -80.304  -7.402 0.1000000015
3446  33.510  -80.809  -7.988 0.1000000015
123200  33.304  -80.421  -8.448 0.1000000015
4481  33.397  -79.349  -8.795 0.1000000015
115337  32.596  -78.651  -8.474 0.1000000015
6186  31.213  -75.566  -7.716 0.1000000015
6793  30.600  -74.572  -7.865 0.1000000015
7439  30.065  -72.966  -8.616 0.1000000015
4461  35.235  -79.626  -6.742 0.1000000015
3966  34.988  -79.919  -7.622 0.1000000015
3432  34.219  -80.381  -7.902 0.1000000015
3983  34.114  -80.275  -8.293 0.1000000015
4480  34.299  -79.394  -8.720 0.1000000015
6809  28.981  -73.903  -8.526 0.1000000015
7440  29.403  -73.231  -8.819 0.1000000015
7461  29.445  -72.856  -10.083 0.1000000015
7472  30.574  -73.069  -11.235 0.1000000015
108999  30.772  -74.191  -11.494 0.1000000015
8145  31.371  -72.493  -11.478 0.1000000015
111619  31.491  -73.695  -11.810 0.1000000015
7471  32.267  -73.268  -12.119 0.1000000015
7489  32.358  -74.444  -12.571 0.1000000015
8156  33.577  -73.065  -12.608 0.1000000015
7488  33.083  -73.720  -12.944 0.1000000015
7486  34.340  -73.131  -13.732 0.1000000015
7487  33.851  -73.527  -13.476 0.1000000015
7484  36.460  -73.430  -12.040 0.1000000015
8153  37.181  -73.154  -12.483 0.1000000015
8161  38.786  -72.900  -13.901 0.1000000015
7501  38.120  -73.318  -12.911 0.1000000015
7500  38.797  -74.205  -13.618 0.1000000015
7482  38.240  -74.664  -12.753 0.1000000015
5579  33.090  -77.040  -8.284 0.1000000015
5566  32.456  -76.590  -8.062 0.1000000015
3949  36.468  -79.498  -6.585 0.1000000015
116192  35.866  -79.590  -7.198 0.1000000015
3981  35.577  -79.593  -7.763 0.1000000015
4479  35.013  -79.453  -8.449 0.1000000015
5006  33.879  -78.609  -8.750 0.1000000015
123923  33.868  -77.650  -8.472 0.1000000015
122939  32.155  -75.964  -7.870 0.1000000015
120008  31.445  -74.724  -7.816 0.1000000015
6807  31.161  -73.893  -8.037 0.1000000015
4460  35.887  -79.545  -6.559 0.1000000015
3982  34.816  -79.963  -8.122 0.1000000015
7438  31.417  -72.971  -8.200 0.1000000015
8111  29.847  -72.593  -9.036 0.1000000015
8119  29.788  -72.437  -9.633 0.1000000015
8110  30.385  -71.994  -9.309 0.1000000015
8118  30.165  -71.960  -10.035 0.1000000015
8833  30.871  -71.445  -9.705 0.1000000015
124570  30.559  -72.153  -10.841 0.1000000015
8860  32.716  -71.610  -11.260 0.1000000015
8144  32.344  -72.349  -11.737 0.1000000015
7485  35.817  -72.966  -11.735 0.1000000015
8130  35.388  -72.531  -11.368 0.1000000015
8142  34.956  -72.631  -11.996 0.1000000015
118329  34.129  -72.605  -12.077 0.1000000015
8859  33.608  -71.730  -11.284 0.1000000015
8143  33.195  -72.388  -11.845 0.1000000015
7459  36.070  -73.111  -11.272 0.1000000015
113983  34.243  -73.106  -12.988 0.1000000015
7470  36.567  -73.695  -11.396 0.1000000015
7483  37.430  -74.070  -12.225 0.1000000015
6270  38.649  -75.951  -13.233 0.1000000015
4416  36.750  -79.626  -4.304 0.1000000015
4432  36.655  -79.490  -5.116 0.1000000015
4433  36.178  -78.932  -5.165 0.1000000015
3965  37.049  -79.461  -6.572 0.1000000015
4993  33.832  -76.628  -8.152 0.1000000015
3980  36.403  -79.415  -7.163 0.1000000015
4473  35.598  -79.438  -8.093 0.1000000015
117355  35.379  -78.018  -8.157 0.1000000015
6184  33.025  -75.900  -8.034 0.1000000015
119633  32.947  -74.983  -7.806 0.1000000015
6791  32.564  -74.359  -7.787 0.1000000015
6183  34.421  -75.354  -7.586 0.1000000015
7422  32.895  -73.497  -7.769 0.1000000015
7437  32.313  -72.751  -8.029 0.1000000015
8108  31.721  -72.063  -8.440 0.1000000015
8822  31.317  -71.468  -9.017 0.1000000015
8095  32.491  -71.937  -8.158 0.1000000015
8831  31.983  -70.884  -9.029 0.1000000015
9552  32.304  -70.661  -9.433 0.1000000015
8847  32.256  -70.990  -10.609 0.1000000015
8129  36.009  -72.633  -10.816 0.1000000015
7458  36.535  -73.701  -10.995 0.1000000015
6844  36.942  -74.691  -11.131 0.1000000015
6845  37.086  -74.412  -11.598 0.1000000015
6857  37.683  -75.076  -12.092 0.1000000015
6856  38.276  -75.620  -12.691 0.1000000015
5552  36.987  -77.398  -6.940 0.1000000015
6167  37.135  -76.533  -6.486 0.1000000015
119360  36.714  -79.981  -3.554 0.1000000015
3933  36.959  -79.721  -4.973 0.1000000015
111666  37.423  -79.593  -5.239 0.1000000015
3947  37.565  -79.394  -5.954 0.1000000015
4459  36.995  -79.146  -7.094 0.1000000015
5563  36.288  -77.182  -7.363 0.1000000015
5553  35.967  -76.221  -7.166 0.1000000015
6169  35.776  -75.282  -6.869 0.1000000015
3948  36.918  -79.656  -5.766 0.1000000015
4990  36.631  -78.344  -7.444 0.1000000015
5564  35.414  -76.912  -7.679 0.1000000015
6776  35.024  -74.030  -7.075 0.1000000015
8093  34.200  -72.436  -7.319 0.1000000015
120235  33.637  -75.124  -7.736 0.1000000015
6789  34.266  -74.354  -7.413 0.1000000015
8810  32.935  -71.450  -8.128 0.1000000015
9544  32.683  -70.697  -8.887 0.1000000015
9551  33.097  -70.494  -9.364 0.1000000015
9563  32.688  -70.594  -10.016 0.1000000015
8829  35.438  -70.724  -9.685 0.1000000015
9562  33.566  -70.542  -10.003 0.1000000015
8117  36.578  -72.037  -10.109 0.1000000015
8844  35.271  -71.829  -10.826 0.1000000015
126607  34.719  -71.276  -10.630 0.1000000015
8128  36.776  -73.230  -10.490 0.1000000015
7457  37.009  -74.340  -10.720 0.1000000015
4942  38.846  -78.426  -3.955 0.1000000015
3915  37.459  -79.812  -3.489 0.1000000015
4431  38.552  -78.777  -4.567 0.1000000015
4970  38.582  -77.940  -5.479 0.1000000015
5551  37.642  -77.427  -6.379 0.1000000015
5545  37.853  -76.509  -5.846 0.1000000015
3900  36.305  -80.165  -2.778 0.1000000015
3899  36.865  -80.206  -2.995 0.1000000015
3916  37.275  -79.780  -4.394 0.1000000015
3932  38.026  -79.364  -4.840 0.1000000015
4978  37.979  -78.219  -6.165 0.1000000015
4979  37.401  -78.347  -6.808 0.1000000015
6168  36.507  -75.807  -6.638 0.1000000015
6161  37.168  -75.603  -6.093 0.1000000015
6775  35.627  -74.328  -6.690 0.1000000015
8073  34.958  -72.341  -6.862 0.1000000015
8783  34.640  -71.536  -7.199 0.1000000015
9533  33.940  -70.681  -8.152 0.1000000015
9542  34.365  -70.446  -8.529 0.1000000015
9550  33.979  -70.368  -9.254 0.1000000015
9548  35.744  -70.469  -8.841 0.1000000015
8843  35.827  -71.496  -10.278 0.1000000015
7448  37.476  -73.702  -10.124 0.1000000015
6824  38.333  -73.969  -9.721 0.1000000015
4396  38.383  -78.870  -3.098 0.1000000015
4957  38.968  -78.013  -4.674 0.1000000015
5544  38.580  -76.954  -5.365 0.1000000015
3914  38.158  -79.292  -4.069 0.1000000015
127776  38.177  -77.444  -5.850 0.1000000015
6160  37.802  -75.484  -5.469 0.1000000015
6751  37.855  -74.575  -5.096 0.1000000015
7390  36.715  -73.990  -5.805 0.1000000015
113977  36.660  -72.987  -5.658 0.1000000015
8072  35.665  -72.154  -6.371 0.1000000015
9511  35.898  -70.767  -6.942 0.1000000015
117775  34.319  -70.951  -7.631 0.1000000015
9530  36.385  -70.543  -7.248 0.1000000015
9532  34.737  -70.566  -7.890 0.1000000015
8819  36.597  -70.678  -8.631 0.1000000015
9540  36.033  -70.396  -7.996 0.1000000015
8818  37.482  -71.034  -8.462 0.1000000015
8828  36.279  -71.002  -9.537 0.1000000015
8817  38.404  -71.545  -8.302 0.1000000015
8827  37.074  -71.469  -9.305 0.1000000015
8115  38.138  -72.986  -9.579 0.1000000015
7435  39.400  -74.010  -9.194 0.1000000015
6209  40.128  -76.074  -9.407 0.1000000015
119447  39.073  -78.001  -3.251 0.1000000015
5531  39.499  -76.752  -4.215 0.1000000015
6143  38.474  -75.398  -4.916 0.1000000015
4384  38.239  -78.676  -1.971 0.1000000015
6159  38.375  -76.134  -5.282 0.1000000015
7389  37.269  -73.753  -5.315 0.1000000015
8053  36.891  -72.034  -5.460 0.1000000015
8781  36.142  -71.260  -6.326 0.1000000015
9510  36.833  -70.754  -6.449 0.1000000015
8805  38.704  -71.149  -7.438 0.1000000015
9539  36.884  -70.521  -7.740 0.1000000015
8806  37.792  -70.765  -7.582 0.1000000015
7436  38.880  -72.664  -8.978 0.1000000015
8106  39.728  -73.184  -8.592 0.1000000015
7434  40.368  -74.150  -8.461 0.1000000015
6804  41.624  -75.141  -8.210 0.1000000015
6820  42.247  -74.847  -8.885 0.1000000015
4920  38.776  -77.700  -1.312 0.1000000015
4928  38.922  -77.903  -2.370 0.1000000015
4927  39.497  -77.263  -2.829 0.1000000015
6126  39.997  -76.040  -3.694 0.1000000015
6737  39.931  -75.357  -3.899 0.1000000015
6750  38.572  -74.497  -4.527 0.1000000015
124974  39.619  -75.995  -4.237 0.1000000015
7373  37.944  -73.622  -4.729 0.1000000015
8044  37.425  -72.616  -5.028 0.1000000015
9489  37.545  -70.881  -5.714 0.1000000015
9509  37.716  -70.631  -6.224 0.1000000015
9529  37.229  -70.520  -6.927 0.1000000015
8745  45.622  -71.138  -6.067 0.1000000015
8746  44.830  -71.204  -5.706 0.1000000015
8775  44.302  -72.163  -6.209 0.1000000015
8777  41.814  -71.647  -6.321 0.1000000015
8070  40.972  -71.945  -6.910 0.1000000015
8779  38.993  -70.824  -6.576 0.1000000015
8780  38.095  -70.614  -6.766 0.1000000015
8774  45.196  -72.071  -6.492 0.1000000015
8776  43.079  -71.890  -6.136 0.1000000015
123954  39.475  -71.452  -7.280 0.1000000015
9481  46.316  -70.196  -6.175 0.1000000015
8773  45.724  -71.788  -6.734 0.1000000015
8067  44.646  -72.997  -6.911 0.1000000015
8091  42.340  -73.647  -7.096 0.1000000015
8092  41.314  -73.178  -7.458 0.1000000015
8816  39.442  -72.124  -8.067 0.1000000015
9525  46.342  -70.266  -6.706 0.1000000015
9526  46.182  -70.946  -7.288 0.1000000015
7400  43.896  -73.731  -7.094 0.1000000015
8105  40.404  -73.166  -8.025 0.1000000015
7417  43.839  -73.890  -7.585 0.1000000015
7420  41.159  -74.310  -7.874 0.1000000015
8814  44.560  -72.378  -8.693 0.1000000015
6786  43.060  -74.363  -7.769 0.1000000015
7446  43.494  -73.890  -8.545 0.1000000015
5492  39.321  -76.914  -0.683 0.1000000015
4919  39.478  -77.102  -1.743 0.1000000015
5491  39.996  -76.441  -1.111 0.1000000015
5503  40.124  -76.440  -2.268 0.1000000015
5502  40.347  -76.059  -3.037 0.1000000015
5515  39.805  -76.656  -3.346 0.1000000015
6125  40.648  -75.419  -3.262 0.1000000015
110655  40.341  -74.779  -3.624 0.1000000015
6738  39.487  -74.406  -4.025 0.1000000015
7365  39.361  -73.434  -3.882 0.1000000015
8043  38.180  -72.729  -4.473 0.1000000015
8733  37.985  -71.849  -4.712 0.1000000015
8750  37.442  -71.531  -5.268 0.1000000015
108604  38.370  -70.710  -5.591 0.1000000015
9487  40.263  -70.692  -5.247 0.1000000015
9508  38.374  -70.562  -6.157 0.1000000015
8748  42.412  -71.026  -5.555 0.1000000015
9507  39.645  -70.728  -5.970 0.1000000015
9483  45.382  -70.199  -5.002 0.1000000015
10230  46.088  -69.153  -6.875 0.1000000015
10238  46.250  -70.088  -7.209 0.1000000015
5478  39.805  -76.251  -0.266 0.1000000015
5490  40.688  -75.959  -1.367 0.1000000015
6116  40.915  -75.643  -2.328 0.1000000015
6115  41.467  -74.971  -2.610 0.1000000015
6736  41.121  -74.661  -3.189 0.1000000015
7364  40.285  -73.809  -3.523 0.1000000015
8038  38.869  -72.738  -4.057 0.1000000015
126420  38.517  -72.128  -4.323 0.1000000015
9469  38.874  -70.883  -4.898 0.1000000015
8732  38.644  -71.467  -4.541 0.1000000015
117761  41.128  -70.685  -4.730 0.1000000015
9467  40.454  -70.809  -4.581 0.1000000015
9468  39.710  -70.846  -4.729 0.1000000015
9484  44.209  -70.496  -4.792 0.1000000015
120386  41.997  -70.633  -4.858 0.1000000015
9488  39.246  -70.669  -5.345 0.1000000015
10874  46.458  -68.582  -4.391 0.1000000015
9506  40.655  -71.052  -6.177 0.1000000015
10885  46.693  -68.167  -5.391 0.1000000015
127675  46.287  -69.654  -5.299 0.1000000015
112613  40.452  -75.332  -0.048 0.1000000015
6108  41.236  -75.468  -1.462 0.1000000015
6097  41.695  -74.950  -1.186 0.1000000015
6730  42.243  -74.454  -1.956 0.1000000015
6735  41.966  -74.358  -2.614 0.1000000015
7363  41.474  -73.811  -3.117 0.1000000015
8036  40.715  -72.783  -3.357 0.1000000015
8717  40.152  -71.790  -3.720 0.1000000015
9451  41.129  -70.903  -4.179 0.1000000015
8730  40.282  -71.088  -4.176 0.1000000015
9466  41.967  -70.708  -4.225 0.1000000015
9462  46.071  -69.655  -4.810 0.1000000015
10902  46.540  -68.483  -6.302 0.1000000015
6709  40.813  -74.903  -0.141 0.1000000015
7331  42.230  -74.109  -0.556 0.1000000015
128069  42.019  -74.663  -1.538 0.1000000015
7330  43.088  -73.883  -0.762 0.1000000015
6723  42.550  -74.316  -1.143 0.1000000015
7362  42.526  -73.751  -2.590 0.1000000015
120376  42.742  -74.061  -2.161 0.1000000015
8035  41.935  -72.874  -3.082 0.1000000015
114848  41.202  -72.030  -3.377 0.1000000015
8716  41.161  -71.369  -3.719 0.1000000015
124147  43.251  -70.737  -3.755 0.1000000015
9465  43.748  -70.449  -4.101 0.1000000015
128763  42.676  -70.600  -4.360 0.1000000015
10212  46.165  -69.231  -4.131 0.1000000015
9464  44.915  -70.050  -3.914 0.1000000015
11587  45.711  -66.817  -6.177 0.1000000015
11588  44.519  -66.653  -6.338 0.1000000015
7995  43.600  -73.510  -0.702 0.1000000015
6722  43.241  -73.986  -1.656 0.1000000015
7345  44.065  -73.439  -1.493 0.1000000015
8026  44.300  -73.046  -1.992 0.1000000015
8027  43.186  -72.956  -2.559 0.1000000015
8715  42.523  -71.887  -3.151 0.1000000015
9450  42.272  -71.052  -3.666 0.1000000015
12258  46.052  -66.296  -5.299 0.1000000015
114235  46.466  -67.707  -4.594 0.1000000015
126161  45.751  -66.252  -5.900 0.1000000015
8011  44.320  -73.140  -0.881 0.1000000015
8698  45.030  -72.006  -1.223 0.1000000015
8682  44.364  -72.348  -0.803 0.1000000015
9434  45.002  -71.018  -1.520 0.1000000015
9414  44.045  -71.263  -1.073 0.1000000015
8010  44.647  -72.715  -1.322 0.1000000015
118330  44.949  -70.294  -1.825 0.1000000015
8714  44.114  -71.470  -2.856 0.1000000015
11557  46.161  -66.776  -4.770 0.1000000015
11541  45.967  -67.511  -4.042 0.1000000015
10865  46.150  -68.357  -3.793 0.1000000015
10202  45.816  -69.345  -3.356 0.1000000015
9449  45.347  -69.891  -3.010 0.1000000015
8729  44.812  -70.659  -3.007 0.1000000015
13023  44.374  -65.172  -5.900 0.1000000015
112708  45.924  -68.952  -3.105 0.1000000015
10184  44.294  -69.618  -2.026 0.1000000015
8713  45.071  -71.389  -1.975 0.1000000015
8699  44.833  -72.254  -1.917 0.1000000015
10183  45.171  -69.748  -2.360 0.1000000015
10867  44.719  -68.258  -3.022 0.1000000015
111669  45.081  -70.532  -2.184 0.1000000015
10182  45.363  -69.009  -2.709 0.1000000015
5614  30.605  -76.672  -11.197 0.1000000015
125911  31.117  -75.196  -11.592 0.1000000015
6859  32.105  -75.405  -12.479 0.1000000015
6256  31.929  -75.999  -12.743 0.1000000015
6858  32.480  -75.265  -13.298 0.1000000015
6271  32.586  -75.213  -14.022 0.1000000015
121641  35.988  -70.799  -13.868 0.1000000015
7519  33.610  -73.684  -14.641 0.1000000015
6875  32.980  -74.742  -13.958 0.1000000015
118551  33.158  -73.496  -15.048 0.1000000015
113990  33.184  -74.115  -14.754 0.1000000015
2925  31.759  -81.585  -6.844 0.1000000015
5635  31.642  -76.578  -12.844 0.1000000015
6240  30.931  -75.917  -11.429 0.1000000015
6287  32.127  -75.035  -14.541 0.1000000015
3456  32.746  -81.036  -7.900 0.1000000015
4995  31.217  -77.442  -7.618 0.1000000015
7441  28.764  -73.681  -9.186 0.1000000015
6834  28.516  -74.656  -10.167 0.1000000015
4474  32.393  -79.735  -8.417 0.1000000015
123803  34.010  -79.966  -8.639 0.1000000015
120291  30.207  -75.924  -7.506 0.1000000015
5568  29.398  -76.295  -7.260 0.1000000015
5567  31.742  -76.590  -7.804 0.1000000015
6187  30.157  -75.160  -7.705 0.1000000015
7449  29.313  -73.043  -9.454 0.1000000015
7460  29.948  -72.600  -10.549 0.1000000015
115319  32.916  -74.538  -13.402 0.1000000015
8154  35.608  -72.685  -12.389 0.1000000015
6185  32.197  -75.145  -7.830 0.1000000015
6808  30.006  -73.695  -8.268 0.1000000015
3995  35.131  -79.711  -8.188 0.1000000015
8861  31.799  -71.613  -11.158 0.1000000015
8157  32.871  -72.935  -12.285 0.1000000015
4992  34.620  -77.287  -8.163 0.1000000015
4446  36.173  -79.405  -5.841 0.1000000015
4991  35.961  -78.739  -8.012 0.1000000015
5005  34.667  -78.486  -8.538 0.1000000015
7423  32.051  -73.664  -7.904 0.1000000015
8848  31.397  -71.154  -10.337 0.1000000015
8131  34.545  -71.928  -11.292 0.1000000015
4458  37.627  -79.007  -6.498 0.1000000015
5565  34.551  -76.268  -7.823 0.1000000015
6790  33.344  -74.311  -7.653 0.1000000015
6182  35.189  -75.786  -7.387 0.1000000015
7421  33.756  -73.399  -7.483 0.1000000015
8094  33.264  -72.290  -7.767 0.1000000015
8821  32.298  -71.231  -8.589 0.1000000015
8845  34.017  -71.101  -10.666 0.1000000015
113350  37.209  -75.162  -10.880 0.1000000015
125772  37.390  -75.191  -11.521 0.1000000015
4445  38.108  -78.795  -5.853 0.1000000015
6170  35.044  -74.852  -7.173 0.1000000015
7401  36.143  -73.707  -6.195 0.1000000015
7403  34.608  -73.327  -7.137 0.1000000015
8820  33.153  -70.884  -8.396 0.1000000015
8830  34.544  -70.633  -9.953 0.1000000015
8116  37.334  -72.551  -9.835 0.1000000015
6832  37.689  -74.893  -10.315 0.1000000015
4444  38.450  -78.717  -5.188 0.1000000015
6768  36.443  -74.765  -6.288 0.1000000015
120457  36.034  -72.838  -6.134 0.1000000015
8782  35.383  -71.363  -6.784 0.1000000015
9549  34.870  -70.391  -9.057 0.1000000015
9541  35.203  -70.402  -8.272 0.1000000015
8107  37.940  -71.967  -9.139 0.1000000015
127614  38.699  -73.360  -9.382 0.1000000015
6823  38.767  -74.964  -9.799 0.1000000015
5532  39.040  -77.253  -4.842 0.1000000015
4941  39.340  -77.510  -3.861 0.1000000015
9531  35.559  -70.554  -7.607 0.1000000015
6806  40.274  -74.912  -8.789 0.1000000015
6822  39.748  -75.313  -9.297 0.1000000015
6196  40.524  -75.507  -8.862 0.1000000015
6195  40.947  -75.595  -8.743 0.1000000015
6749  39.215  -75.351  -4.400 0.1000000015
8751  36.837  -71.291  -5.802 0.1000000015
6803  42.294  -74.898  -8.230 0.1000000015
6788  41.646  -74.946  -7.866 0.1000000015
6787  42.251  -74.802  -7.783 0.1000000015
7433  42.980  -74.369  -8.363 0.1000000015
8749  38.116  -71.075  -5.085 0.1000000015
8069  42.679  -72.822  -6.637 0.1000000015
129934  41.826  -72.629  -6.912 0.1000000015
8804  40.280  -72.154  -7.473 0.1000000015
8778  39.986  -71.286  -6.751 0.1000000015
8068  43.713  -73.063  -6.597 0.1000000015
10228  46.443  -69.769  -6.225 0.1000000015
8066  45.464  -72.425  -7.148 0.1000000015
7419  41.974  -74.407  -7.528 0.1000000015
119221  42.772  -74.318  -7.403 0.1000000015
10229  46.428  -69.479  -6.574 0.1000000015
8088  45.031  -72.999  -7.635 0.1000000015
7416  44.440  -73.462  -7.927 0.1000000015
8824  43.771  -72.730  -9.058 0.1000000015
8104  44.167  -73.305  -8.490 0.1000000015
8747  43.607  -71.125  -5.526 0.1000000015
9485  42.996  -70.613  -4.853 0.1000000015
9486  41.338  -70.811  -5.532 0.1000000015
10903  46.002  -68.017  -6.558 0.1000000015
8037  39.694  -72.709  -3.703 0.1000000015
8731  39.432  -71.277  -4.328 0.1000000015
11573  46.470  -67.061  -5.325 0.1000000015
109767  46.431  -67.403  -5.995 0.1000000015
8700  43.973  -72.340  -2.470 0.1000000015
11605  38.363  -67.447  -9.361 0.4000000060
10964  40.135  -68.266  -10.876 0.3000000119
10965  39.496  -67.716  -10.283 0.3000000119
11609  38.763  -66.966  -10.028 0.3000000119
12299  37.534  -66.076  -9.683 0.4000000060
111670  39.529  -66.529  -10.479 0.3000000119
12298  38.293  -66.084  -10.096 0.4000000060
126989  45.464  -69.072  -16.580 0.1000000015
11009  46.519  -68.723  -15.273 0.1000000015
10988  47.355  -68.592  -13.079 0.2000000030
11613  46.270  -67.177  -10.599 0.3000000119
14741  37.123  -64.165  -11.918 0.4000000060
114975  40.246  -69.096  -10.369 0.3000000119
13053  43.388  -65.668  -10.425 0.4000000060
12294  42.500  -65.568  -10.344 0.4000000060
10983  46.722  -68.656  -11.724 0.2000000030
12309  45.371  -66.526  -10.428 0.3000000119
13054  42.433  -65.184  -10.697 0.4000000060
13868  38.749  -64.656  -11.288 0.4000000060
10306  44.901  -69.359  -17.064 0.1000000015
10982  47.394  -68.347  -11.809 0.3000000119
13069  41.357  -64.982  -11.683 0.4000000060
13866  40.062  -64.706  -11.353 0.4000000060
13881  39.126  -64.711  -11.990 0.4000000060
11010  45.973  -68.484  -16.321 0.1000000015
14742  36.396  -63.806  -11.499 0.5000000000
11633  48.017  -67.769  -12.351 0.2000000030
11612  46.934  -67.134  -10.719 0.3000000119
13052  44.477  -66.020  -10.480 0.3000000119
129633  40.623  -64.874  -11.710 0.4000000060
14743  34.999  -63.197  -11.588 0.4000000060
15542  33.721  -62.615  -10.571 0.4000000060
13067  43.134  -65.447  -11.482 0.4000000060
13068  42.202  -65.178  -11.624 0.4000000060
13070  39.915  -65.064  -12.425 0.4000000060
13896  38.230  -64.589  -12.874 0.4000000060
125844  37.604  -64.335  -12.482 0.5000000000
11651  46.219  -67.665  -16.198 0.2000000030
11008  46.849  -67.999  -15.661 0.2000000030
10996  47.243  -68.252  -14.528 0.2000000030
12307  47.460  -66.773  -11.316 0.2000000030
13065  45.569  -66.093  -11.231 0.3000000119
13066  44.237  -65.706  -11.298 0.3000000119
117845  45.568  -68.225  -16.666 0.1000000015
13088  40.737  -65.318  -12.917 0.4000000060
127619  46.306  -66.846  -10.515 0.3000000119
13086  42.696  -65.545  -12.776 0.4000000060
13089  39.922  -65.303  -13.488 0.4000000060
14750  36.407  -63.749  -12.365 0.5000000000
15554  35.123  -63.020  -12.451 0.5000000000
13087  41.737  -65.417  -12.849 0.4000000060
13895  39.057  -64.959  -13.406 0.4000000060
13897  37.481  -64.187  -13.381 0.5000000000
123966  36.399  -63.618  -13.121 0.5000000000
113364  34.552  -62.768  -12.028 0.4000000060
11650  47.129  -67.348  -15.659 0.2000000030
11642  47.980  -67.692  -13.674 0.2000000030
12319  48.156  -66.970  -12.103 0.2000000030
13064  47.001  -66.159  -11.662 0.4000000060
12320  47.994  -66.213  -12.232 0.2000000030
13083  46.386  -65.631  -12.391 0.4000000060
13084  44.989  -65.676  -12.537 0.3000000119
13915  37.372  -63.790  -14.224 0.5000000000
15555  34.619  -62.401  -12.688 0.5000000000
16304  33.941  -62.198  -12.041 0.4000000060
16305  33.289  -61.619  -11.541 0.4000000060
13101  42.140  -65.359  -13.696 0.4000000060
13103  40.391  -65.310  -14.090 0.4000000060
15563  36.177  -63.101  -13.775 0.5000000000
11649  47.693  -67.477  -14.942 0.2000000030
121031  48.482  -66.355  -13.018 0.2000000030
17057  32.949  -60.830  -11.880 0.4000000060
13082  47.618  -65.535  -12.608 0.2000000030
13085  43.746  -65.642  -12.682 0.3000000119
13912  40.843  -64.978  -14.726 0.4000000060
111394  38.914  -64.668  -14.516 0.4000000060
11658  45.136  -67.460  -16.375 0.2000000030
12330  48.523  -65.719  -13.844 0.2000000030
13894  45.578  -65.130  -13.242 0.4000000060
16306  32.647  -61.124  -11.091 0.4000000060
13099  44.235  -65.250  -13.460 0.3000000119
14771  37.885  -63.739  -14.755 0.5000000000
15564  35.303  -62.591  -13.339 0.5000000000
12341  45.612  -66.793  -16.090 0.2000000030
12339  47.879  -66.734  -15.255 0.2000000030
13911  41.683  -64.953  -14.543 0.4000000060
13930  39.475  -64.432  -15.153 0.4000000060
16317  34.567  -61.338  -13.466 0.5000000000
13114  45.538  -65.795  -15.980 0.2000000030
12338  48.301  -65.916  -14.687 0.2000000030
13081  48.314  -65.543  -13.128 0.2000000030
13893  47.042  -64.857  -13.021 0.2000000030
13909  43.543  -64.717  -14.184 0.4000000060
14772  37.361  -63.195  -14.766 0.5000000000
15576  35.840  -62.252  -14.134 0.5000000000
12348  44.416  -66.245  -16.190 0.2000000030
13910  42.557  -64.862  -14.340 0.3000000119
13931  38.550  -64.058  -15.025 0.5000000000
14773  36.839  -63.299  -14.265 0.5000000000
16312  34.205  -61.719  -12.842 0.5000000000
13124  44.535  -65.070  -16.389 0.2000000030
124710  32.571  -57.414  -8.690 0.4000000060
19380  34.658  -57.541  -8.455 0.2000000030
18563  31.470  -58.504  -9.835 0.4000000060
17813  31.761  -59.812  -10.957 0.4000000060
12340  46.721  -66.592  -15.760 0.2000000030
17064  33.318  -60.507  -12.612 0.4000000060
17824  31.990  -59.535  -11.770 0.4000000060
13113  46.709  -65.418  -15.623 0.2000000030
13098  48.377  -64.897  -13.814 0.2000000030
13906  47.608  -63.997  -13.479 0.2000000030
13112  48.013  -65.067  -15.117 0.2000000030
19398  31.624  -57.918  -10.183 0.4000000060
17825  31.590  -59.002  -11.270 0.4000000060
17833  31.808  -58.724  -12.067 0.4000000060
13929  40.399  -64.399  -15.298 0.3000000119
123193  36.252  -61.886  -14.615 0.5000000000
16316  35.139  -61.803  -13.839 0.5000000000
17832  32.372  -59.235  -12.520 0.4000000060
13908  44.801  -64.428  -14.002 0.4000000060
13927  42.078  -64.288  -14.996 0.4000000060
117995  40.817  -63.557  -15.507 0.3000000119
14784  39.066  -63.556  -15.454 0.4000000060
14770  43.872  -63.857  -14.635 0.4000000060
15592  36.846  -61.860  -14.956 0.5000000000
13923  48.296  -64.271  -14.470 0.2000000030
19415  31.711  -57.709  -10.849 0.4000000060
17073  33.771  -60.164  -13.228 0.5000000000
17841  34.254  -59.848  -13.669 0.5000000000
15589  39.674  -62.870  -15.557 0.4000000060
14785  38.169  -63.169  -15.225 0.5000000000
16328  35.705  -61.454  -14.337 0.5000000000
125733  37.505  -61.785  -15.147 0.5000000000
109241  38.241  -62.165  -15.347 0.5000000000
13867  39.505  -64.711  -11.167 0.4000000060
19383  31.758  -57.841  -9.479 0.4000000060
18577  31.531  -58.427  -10.681 0.4000000060
17081  35.749  -60.611  -14.433 0.5000000000
10274  41.245  -68.752  -12.176 0.3000000119
10978  41.099  -67.895  -11.654 0.3000000119
11618  40.652  -67.521  -11.160 0.2000000030
11608  40.070  -67.060  -10.826 0.2000000030
111402  41.637  -69.560  -12.527 0.2000000030
11626  41.879  -67.743  -11.637 0.3000000119
11617  41.438  -66.985  -10.860 0.3000000119
10986  42.521  -68.689  -12.428 0.2000000030
10985  43.879  -68.275  -12.040 0.2000000030
11625  43.035  -67.494  -11.332 0.2000000030
10989  46.916  -68.983  -12.362 0.2000000030
13126  42.543  -65.563  -16.865 0.1000000015
13135  42.339  -65.284  -17.573 0.1000000015
17100  46.148  -60.085  -15.740 0.1000000015
9575  40.700  -70.002  -11.537 0.1000000015
10255  40.522  -69.182  -11.156 0.2000000030
10979  40.652  -68.496  -11.590 0.2000000030
10266  40.951  -69.828  -12.185 0.2000000030
8858  41.129  -71.675  -11.730 0.1000000015
112534  41.473  -70.498  -12.491 0.1000000015
9580  41.420  -71.491  -12.351 0.1000000015
11659  43.958  -67.237  -16.281 0.1000000015
12349  43.139  -66.274  -16.409 0.1000000015
14780  48.198  -63.426  -15.154 0.1000000015
15572  48.061  -62.835  -14.293 0.1000000015
16325  46.698  -62.021  -14.464 0.1000000015
16326  45.665  -61.887  -14.714 0.1000000015
14793  48.166  -62.701  -15.606 0.1000000015
16337  47.261  -61.634  -14.901 0.1000000015
16338  46.102  -61.371  -14.993 0.1000000015
16339  44.947  -61.275  -15.172 0.1000000015
17085  46.689  -60.881  -15.367 0.1000000015
17087  44.528  -60.026  -15.693 0.1000000015
119793  43.598  -59.981  -15.644 0.1000000015
17864  43.947  -59.212  -15.680 0.1000000015
17866  42.469  -58.789  -15.513 0.1000000015
9574  40.915  -70.759  -11.975 0.1000000015
116462  45.711  -63.588  -13.972 0.1000000015
116341  41.621  -62.762  -15.381 0.3000000119
13925  46.868  -64.433  -15.685 0.1000000015
13924  47.934  -64.148  -15.236 0.1000000015
13905  48.303  -64.013  -13.805 0.1000000015
14768  46.881  -63.327  -13.762 0.1000000015
117085  43.549  -62.287  -15.067 0.2000000030
15587  42.608  -62.470  -15.189 0.3000000119
116597  39.682  -61.360  -15.287 0.3000000119
17093  38.453  -60.628  -15.088 0.3000000119
13943  43.043  -64.820  -17.241 0.1000000015
13940  45.924  -63.927  -16.390 0.1000000015
15574  45.968  -62.637  -14.218 0.1000000015
15585  44.694  -62.247  -14.855 0.1000000015
17091  40.179  -60.620  -15.235 0.3000000119
13939  47.172  -63.620  -15.899 0.1000000015
114496  43.229  -60.765  -15.403 0.1000000015
17090  41.625  -60.311  -15.376 0.2000000030
17868  39.743  -59.838  -15.163 0.3000000119
121632  41.726  -59.383  -15.425 0.1000000015
18631  41.131  -58.693  -15.302 0.2000000030
119059  39.571  -58.282  -15.068 0.4000000060
18629  43.418  -58.407  -15.644 0.1000000015
120521  41.852  -58.160  -15.443 0.1000000015
19453  40.622  -57.183  -15.282 0.3000000119
10921  43.901  -68.721  -7.106 0.1000000015
17857  35.001  -59.973  -14.099 0.4000000060
17080  36.525  -60.385  -14.744 0.4000000060
114383  39.198  -62.100  -15.426 0.3000000119
16345  37.982  -61.280  -15.168 0.4000000060
17079  37.281  -60.182  -14.924 0.4000000060
17853  38.246  -59.121  -15.022 0.4000000060
18623  37.241  -58.687  -14.976 0.4000000060
17852  39.219  -59.107  -15.095 0.4000000060
19455  39.012  -57.671  -14.887 0.5000000000
18620  40.423  -58.036  -15.194 0.3000000119
114889  39.321  -56.665  -14.769 0.5000000000
19468  42.495  -57.240  -15.874 0.2000000030
19469  41.836  -57.293  -15.585 0.1000000015
19454  39.868  -57.359  -15.028 0.4000000060
19474  43.651  -57.547  -16.495 0.1000000015
19475  42.911  -57.255  -16.444 0.1000000015
20364  41.282  -56.682  -15.760 0.2000000030
19470  41.172  -57.068  -15.471 0.2000000030
19484  44.787  -57.923  -17.580 0.1000000015
19485  44.026  -57.626  -17.307 0.1000000015
20369  41.538  -56.718  -16.363 0.2000000030
19496  45.352  -57.918  -18.548 0.1000000015
123015  44.484  -57.763  -18.525 0.1000000015
17842  33.652  -59.382  -13.489 0.4000000060
17831  33.072  -59.717  -12.902 0.3000000119
17858  34.356  -59.171  -14.016 0.4000000060
18624  36.156  -58.807  -14.802 0.4000000060
17856  35.890  -59.716  -14.586 0.4000000060
17855  36.751  -59.545  -14.860 0.4000000060
125340  35.403  -57.959  -14.749 0.4000000060
18622  38.161  -58.137  -14.987 0.4000000060
19456  38.259  -57.053  -14.714 0.4000000060
117714  37.444  -57.759  -14.943 0.4000000060
20365  40.473  -56.331  -15.614 0.3000000119
20347  40.102  -56.465  -15.140 0.4000000060
20348  39.436  -55.859  -14.804 0.4000000060
19509  42.268  -57.268  -19.049 0.2000000030
125297  41.684  -57.154  -18.330 0.2000000030
20370  40.813  -56.376  -16.169 0.2000000030
126309  43.154  -57.555  -18.970 0.1000000015
19498  42.911  -57.510  -18.327 0.2000000030
120118  49.165  -58.719  -20.454 0.1000000015
18607  33.609  -58.465  -13.843 0.4000000060
18608  32.782  -58.066  -13.448 0.4000000060
19459  34.504  -57.477  -14.526 0.4000000060
20352  35.462  -56.400  -14.549 0.4000000060
127291  35.147  -57.097  -14.686 0.4000000060
20351  36.589  -56.127  -14.445 0.4000000060
20350  37.827  -56.114  -14.376 0.4000000060
21238  38.338  -55.260  -14.198 0.3000000119
22159  38.923  -55.085  -14.773 0.4000000060
21237  38.876  -55.321  -14.556 0.4000000060
20378  39.478  -56.072  -17.237 0.3000000119
21253  40.027  -55.882  -15.975 0.3000000119
20366  39.845  -55.840  -15.215 0.4000000060
20403  42.465  -56.476  -20.017 0.2000000030
20404  41.608  -56.433  -19.597 0.2000000030
125703  40.863  -56.913  -18.188 0.2000000030
110959  40.872  -56.689  -17.066 0.2000000030
19524  49.201  -57.634  -21.793 0.1000000015
18688  49.160  -58.626  -21.250 0.1000000015
19515  49.234  -57.922  -20.913 0.1000000015
19414  32.067  -57.092  -10.989 0.3000000119
20339  32.571  -56.851  -13.211 0.4000000060
111517  32.170  -56.997  -12.365 0.3000000119
20354  33.670  -56.367  -14.066 0.4000000060
21227  34.497  -55.276  -13.751 0.4000000060
21242  34.213  -55.898  -14.139 0.4000000060
21240  35.786  -55.719  -14.254 0.4000000060
21241  34.956  -55.795  -14.251 0.4000000060
21225  37.349  -54.585  -13.687 0.4000000060
121489  36.565  -55.230  -13.921 0.4000000060
22147  37.735  -54.204  -13.828 0.4000000060
21224  37.967  -54.722  -13.957 0.3000000119
22186  37.788  -55.064  -17.444 0.3000000119
22181  37.867  -54.701  -16.095 0.3000000119
22173  37.822  -54.207  -15.139 0.3000000119
22172  38.397  -54.601  -14.878 0.3000000119
21223  38.291  -54.678  -14.257 0.3000000119
110260  41.144  -55.287  -19.692 0.2000000030
110214  39.050  -55.385  -18.586 0.3000000119
118426  39.000  -55.885  -18.065 0.2000000030
21257  39.148  -55.557  -16.300 0.3000000119
21255  38.780  -55.087  -15.555 0.3000000119
21281  42.046  -55.509  -20.079 0.2000000030
20394  40.076  -56.400  -18.567 0.2000000030
20414  43.342  -56.297  -20.361 0.2000000030
124634  32.468  -56.837  -10.571 0.3000000119
109876  34.147  -56.263  -9.899 0.3000000119
20309  33.058  -56.274  -10.576 0.3000000119
20310  32.507  -56.499  -11.168 0.4000000060
19425  31.872  -57.450  -11.611 0.3000000119
22140  33.712  -54.317  -11.704 0.3000000119
22110  33.686  -54.502  -10.832 0.4000000060
22975  34.611  -53.363  -11.746 0.4000000060
22139  34.290  -54.210  -12.511 0.4000000060
22150  33.949  -54.920  -13.141 0.4000000060
22138  35.323  -53.596  -12.554 0.4000000060
109862  34.888  -54.472  -13.192 0.4000000060
23004  36.324  -53.215  -12.777 0.3000000119
118510  36.582  -54.523  -13.502 0.4000000060
22149  36.067  -54.059  -13.076 0.4000000060
23025  35.784  -53.047  -16.070 0.3000000119
23856  36.113  -52.895  -14.995 0.2000000030
23847  35.746  -52.355  -14.457 0.2000000030
23832  36.730  -52.607  -13.194 0.2000000030
23002  37.470  -53.632  -13.608 0.3000000119
22148  37.058  -53.839  -13.322 0.3000000119
23037  36.460  -53.686  -17.190 0.3000000119
22182  36.937  -54.110  -16.061 0.3000000119
23023  37.442  -53.726  -14.801 0.2000000030
23014  37.587  -53.617  -13.998 0.2000000030
23831  37.197  -53.094  -13.614 0.2000000030
23071  40.660  -53.092  -19.375 0.2000000030
23051  38.586  -53.547  -18.698 0.3000000119
23052  37.725  -53.679  -18.332 0.3000000119
22206  37.391  -54.386  -17.867 0.3000000119
20295  34.509  -56.869  -9.597 0.3000000119
19396  33.059  -57.128  -9.225 0.3000000119
20297  32.740  -56.980  -9.977 0.3000000119
22974  35.097  -52.400  -11.341 0.3000000119
24684  34.886  -50.923  -12.516 0.2000000030
25505  34.980  -50.637  -11.611 0.2000000030
24683  35.418  -51.526  -11.896 0.2000000030
23801  35.337  -51.712  -11.419 0.2000000030
25535  34.349  -50.489  -14.034 0.2000000030
24695  35.377  -51.830  -13.787 0.2000000030
116154  35.488  -51.606  -12.762 0.2000000030
122808  35.905  -52.032  -12.362 0.2000000030
19395  35.141  -57.434  -9.152 0.2000000030
19506  45.863  -57.682  -19.279 0.1000000015
23050  39.582  -53.246  -19.046 0.3000000119
130027  42.525  -54.759  -20.289 0.2000000030
12297  39.109  -65.904  -10.410 0.3000000119
12304  40.919  -66.387  -10.520 0.3000000119
11624  44.198  -67.338  -10.845 0.2000000030
10922  42.614  -68.619  -7.171 0.1000000015
9561  40.651  -69.935  -10.491 0.2000000030
13907  46.255  -64.294  -13.554 0.1000000015
13926  42.934  -64.116  -14.806 0.3000000119
118954  34.043  -57.161  -9.155 0.3000000119
18599  32.268  -58.399  -12.779 0.3000000119
15586  44.010  -62.964  -14.833 0.3000000119
15588  40.604  -62.536  -15.501 0.2000000030
116044  43.213  -63.177  -14.998 0.2000000030
14766  48.253  -63.450  -14.335 0.1000000015
17086  45.468  -60.567  -15.449 0.1000000015
123928  48.065  -62.521  -14.724 0.1000000015
14767  47.934  -63.289  -13.856 0.1000000015
129142  44.760  -60.646  -15.458 0.1000000015
17088  44.148  -60.693  -15.421 0.1000000015
17089  42.586  -59.914  -15.526 0.1000000015
14769  44.817  -63.301  -14.454 0.2000000030
123092  41.275  -61.925  -15.398 0.3000000119
16341  42.928  -61.591  -15.225 0.2000000030
114648  41.467  -61.165  -15.318 0.3000000119
17092  39.293  -60.621  -15.148 0.4000000060
17870  38.009  -59.991  -15.022 0.4000000060
114495  42.304  -60.917  -15.351 0.3000000119
129508  40.936  -60.663  -15.284 0.3000000119
17851  40.143  -58.970  -15.164 0.3000000119
18625  34.471  -58.321  -14.380 0.4000000060
119313  36.540  -57.886  -14.927 0.4000000060
19486  43.181  -57.382  -17.367 0.2000000030
113552  41.729  -56.994  -17.320 0.2000000030
121194  33.901  -57.798  -14.256 0.4000000060
125316  41.382  -56.961  -18.914 0.2000000030
113250  33.115  -56.908  -13.836 0.4000000060
21262  38.640  -55.581  -17.380 0.3000000119
20377  40.107  -56.539  -17.686 0.2000000030
21282  40.199  -55.640  -19.197 0.2000000030
21203  32.804  -55.709  -12.181 0.4000000060
20321  32.933  -55.722  -11.413 0.4000000060
21215  33.179  -55.444  -12.835 0.4000000060
22183  36.555  -54.021  -16.802 0.3000000119
126467  39.812  -54.136  -19.194 0.2000000030
21283  39.604  -55.059  -19.068 0.2000000030
21186  33.457  -55.341  -10.784 0.4000000060
22992  35.649  -52.718  -12.138 0.4000000060
23820  36.247  -52.536  -12.632 0.2000000030
24716  35.118  -51.703  -15.801 0.2000000030
24705  35.056  -51.870  -14.891 0.2000000030
23833  36.233  -52.312  -13.564 0.2000000030
109490  33.315  -54.960  -11.331 0.3000000119
21177  33.801  -55.820  -10.291 0.2000000030
22102  34.312  -54.373  -9.571 0.3000000119
20296  33.585  -56.677  -9.870 0.2000000030
21175  34.776  -56.298  -9.641 0.2000000030
10272  43.957  -69.504  -12.792 0.1000000015
9577  44.732  -70.296  -13.201 0.1000000015
116520  44.828  -68.914  -12.230 0.1000000015
11623  45.018  -68.107  -11.462 0.1000000015
10278  45.610  -69.798  -13.178 0.1000000015
10977  46.097  -68.008  -11.128 0.1000000015
10270  46.260  -69.261  -12.518 0.1000000015
19379  35.693  -57.947  -8.596 0.1000000015
19394  36.059  -57.761  -9.222 0.1000000015
110714  37.910  -58.160  -9.399 0.1000000015
19393  36.700  -57.950  -9.292 0.1000000015
20294  35.556  -57.100  -9.589 0.1000000015
20293  36.490  -57.507  -9.526 0.1000000015
20278  36.259  -56.894  -9.579 0.1000000015
21156  36.675  -56.145  -9.190 0.1000000015
21158  34.950  -55.427  -9.314 0.1000000015
21176  34.358  -55.369  -9.727 0.2000000030
21157  35.654  -56.019  -9.334 0.1000000015
22077  37.221  -55.194  -8.626 0.2000000030
22954  34.396  -53.571  -9.551 0.2000000030
22933  36.773  -54.205  -8.176 0.2000000030
118524  35.812  -54.047  -8.294 0.2000000030
22934  35.072  -53.921  -8.659 0.2000000030
124415  34.606  -53.928  -9.047 0.2000000030
121166  38.252  -53.569  -8.150 0.2000000030
22918  37.364  -53.302  -7.914 0.2000000030
111641  35.443  -53.000  -8.335 0.2000000030
22961  34.334  -53.235  -10.287 0.2000000030
111248  34.515  -53.018  -10.970 0.2000000030
25481  35.375  -50.485  -10.011 0.1000000015
22932  37.770  -54.299  -8.269 0.2000000030
22935  34.793  -53.226  -8.925 0.2000000030
23756  35.094  -52.203  -8.915 0.2000000030
23778  34.948  -51.940  -9.846 0.1000000015
126514  35.844  -50.680  -8.521 0.1000000015
24658  35.205  -51.266  -10.180 0.1000000015
19363  36.954  -58.339  -8.322 0.1000000015
19377  37.157  -58.262  -9.096 0.1000000015
20276  38.039  -57.543  -9.675 0.1000000015
20277  37.046  -57.143  -9.560 0.1000000015
22079  35.372  -54.820  -8.791 0.2000000030
22919  36.308  -53.268  -7.955 0.2000000030
23889  38.512  -51.820  -18.515 0.2000000030
23036  37.017  -53.694  -17.829 0.2000000030
23890  37.538  -52.663  -18.258 0.2000000030
119270  39.318  -51.023  -18.704 0.2000000030
24751  37.730  -50.742  -18.211 0.2000000030
23883  35.800  -51.907  -17.127 0.2000000030
24744  37.069  -51.882  -18.013 0.2000000030
112423  36.339  -52.171  -17.550 0.2000000030
24750  38.775  -50.544  -18.530 0.2000000030
23873  35.504  -52.328  -16.402 0.2000000030
24745  36.626  -50.973  -17.675 0.1000000015
25573  36.233  -50.098  -17.392 0.2000000030
24746  35.711  -50.998  -17.069 0.2000000030
124310  35.429  -51.616  -16.580 0.2000000030
26374  35.991  -49.203  -17.261 0.1000000015
25557  35.558  -50.169  -16.797 0.1000000015
27219  36.331  -47.917  -17.940 0.1000000015
28111  35.930  -47.286  -17.971 0.1000000015
122536  38.145  -55.229  -8.737 0.1000000015
114147  34.910  -50.974  -15.653 0.1000000015
27194  35.005  -48.193  -15.646 0.1000000015
25546  35.013  -50.160  -15.942 0.1000000015
114518  35.769  -47.651  -17.232 0.1000000015
122559  35.371  -47.734  -16.409 0.1000000015
29033  35.366  -46.351  -17.333 0.1000000015
28102  35.467  -46.958  -16.695 0.1000000015
29902  34.866  -45.768  -17.919 0.1000000015
22931  39.060  -53.228  -8.351 0.1000000015
22074  40.433  -54.622  -9.267 0.1000000015
129435  39.419  -53.864  -8.603 0.1000000015
25523  34.408  -50.374  -13.138 0.1000000015
25547  34.543  -50.564  -15.037 0.1000000015
26345  35.031  -49.185  -15.841 0.1000000015
27195  34.699  -48.972  -15.010 0.1000000015
112244  35.285  -46.578  -16.021 0.1000000015
128449  34.843  -44.820  -16.726 0.1000000015
29885  35.080  -45.323  -16.482 0.1000000015
22930  40.131  -53.503  -8.835 0.1000000015
22917  38.186  -52.763  -7.959 0.1000000015
28077  34.751  -48.070  -13.715 0.1000000015
26300  34.360  -49.356  -12.692 0.1000000015
28980  35.445  -46.694  -13.692 0.1000000015
27179  34.511  -48.869  -14.097 0.1000000015
26319  34.296  -49.630  -13.515 0.1000000015
29004  35.346  -46.280  -14.409 0.1000000015
27178  34.763  -48.130  -14.640 0.1000000015
128559  35.614  -44.806  -14.434 0.1000000015
29014  35.165  -46.644  -15.195 0.1000000015
28091  35.185  -47.273  -15.833 0.1000000015
28076  34.938  -47.488  -15.107 0.1000000015
31507  35.919  -43.236  -14.421 0.1000000015
117960  35.411  -44.918  -14.873 0.1000000015
29859  35.306  -45.697  -15.034 0.1000000015
30687  35.303  -44.337  -15.343 0.1000000015
23752  40.431  -52.525  -8.893 0.1000000015
26288  34.566  -49.277  -11.891 0.1000000015
30662  35.846  -44.720  -13.997 0.1000000015
29841  35.558  -45.388  -14.315 0.1000000015
31494  36.138  -43.964  -13.792 0.1000000015
25488  34.749  -49.873  -11.544 0.1000000015
25571  37.593  -49.825  -18.177 0.1000000015
27218  36.755  -48.564  -17.989 0.1000000015
110538  35.289  -45.899  -15.820 0.1000000015
30695  34.993  -44.472  -16.211 0.1000000015
28054  34.774  -48.021  -12.801 0.1000000015
21338  46.704  -55.387  -24.637 0.1000000015
21339  45.967  -55.144  -24.609 0.1000000015
20452  46.450  -56.149  -25.743 0.1000000015
20451  46.704  -56.075  -25.016 0.1000000015
19557  46.566  -57.466  -25.240 0.1000000015
18728  45.156  -58.394  -23.958 0.1000000015
18720  44.030  -58.683  -22.287 0.1000000015
22249  47.265  -54.625  -23.817 0.1000000015
22250  46.568  -54.432  -23.916 0.1000000015
19567  46.783  -56.843  -25.471 0.1000000015
19546  46.572  -57.314  -24.173 0.1000000015
124765  44.770  -54.481  -23.752 0.1000000015
22243  45.206  -53.482  -23.405 0.1000000015
23098  46.158  -53.215  -23.013 0.1000000015
109981  47.528  -54.426  -23.436 0.1000000015
21337  47.367  -55.242  -24.182 0.1000000015
20446  45.264  -55.841  -25.094 0.1000000015
23090  45.605  -52.768  -22.539 0.1000000015
23079  46.027  -53.062  -22.486 0.1000000015
21326  44.067  -55.320  -23.794 0.1000000015
22244  44.018  -54.080  -23.255 0.1000000015
22236  42.683  -53.337  -22.450 0.1000000015
21327  43.075  -55.439  -23.251 0.1000000015
121198  41.732  -54.312  -22.217 0.1000000015
22242  46.102  -53.563  -23.405 0.1000000015
17967  43.251  -59.056  -22.073 0.1000000015
2926  31.239  -81.719  -6.612 0.1000000015
2939  31.687  -81.463  -7.226 0.1000000015
3946  37.969  -79.243  -5.455 0.1000000015
3996  34.601  -79.867  -8.421 0.1000000015
4472  36.249  -79.282  -7.626 0.1000000015
5007  33.164  -78.118  -8.570 0.1000000015
5612  31.668  -76.573  -12.292 0.1000000015
5613  31.328  -76.735  -11.777 0.1000000015
6098  40.944  -75.416  -0.613 0.1000000015
6107  41.633  -75.052  -1.881 0.1000000015
6142  39.027  -76.296  -4.766 0.1000000015
6767  37.197  -74.692  -5.682 0.1000000015
6792  31.900  -74.382  -7.824 0.1000000015
6805  40.997  -75.151  -8.281 0.1000000015
6825  28.311  -74.329  -9.461 0.1000000015
6889  32.858  -74.631  -14.445 0.1000000015
7346  43.608  -73.753  -1.046 0.1000000015
7356  43.514  -73.697  -2.089 0.1000000015
7372  38.680  -73.568  -4.238 0.1000000015
7402  35.418  -73.267  -6.622 0.1000000015
7418  43.365  -74.076  -7.348 0.1000000015
7432  43.752  -73.948  -8.104 0.1000000015
7473  29.727  -73.581  -10.835 0.1000000015
8012  43.536  -72.904  -0.581 0.1000000015
8071  36.330  -72.033  -5.894 0.1000000015
8089  44.390  -73.485  -7.448 0.1000000015
8090  43.203  -73.824  -6.963 0.1000000015
8109  30.695  -72.384  -8.684 0.1000000015
8113  43.300  -73.428  -9.115 0.1000000015
8132  31.084  -71.704  -10.931 0.1000000015
8179  32.605  -72.757  -15.129 0.1000000015
8681  44.786  -72.584  -0.984 0.1000000015
8718  39.153  -71.960  -4.018 0.1000000015
8802  45.897  -71.743  -7.283 0.1000000015
8807  35.093  -70.840  -7.328 0.1000000015
8808  33.995  -71.645  -7.545 0.1000000015
8809  33.582  -71.200  -7.895 0.1000000015
8832  31.604  -70.964  -9.537 0.1000000015
8846  33.136  -70.977  -10.682 0.1000000015
8849  30.748  -71.605  -10.377 0.1000000015
8908  38.152  -71.040  -15.327 0.1000000015
9463  45.657  -69.654  -3.951 0.1000000015
9482  46.075  -70.194  -5.655 0.1000000015
9505  46.077  -70.960  -6.574 0.1000000015
9543  33.521  -70.535  -8.737 0.1000000015
9553  31.991  -70.708  -9.979 0.1000000015
10201  46.113  -68.906  -3.679 0.1000000015
10219  46.406  -69.687  -5.715 0.1000000015
10220  46.550  -69.181  -5.050 0.1000000015
10267  40.736  -69.282  -11.818 0.2000000030
10884  46.589  -69.119  -5.893 0.1000000015
10984  45.823  -68.847  -11.948 0.1000000015
11015  45.228  -68.719  -16.934 0.1000000015
11586  46.108  -66.566  -5.732 0.1000000015
11621  47.595  -67.501  -11.377 0.2000000030
11622  46.973  -67.855  -11.016 0.3000000119
11632  48.429  -67.109  -12.976 0.2000000030
11641  48.412  -66.709  -14.101 0.2000000030
12267  45.707  -66.002  -5.680 0.1000000015
12273  45.140  -65.873  -6.066 0.1000000015
12288  36.627  -66.411  -8.506 0.5000000000
12290  37.946  -66.843  -9.536 0.4000000060
12296  40.377  -65.880  -10.440 0.4000000060
12301  44.077  -66.051  -10.027 0.4000000060
12308  46.474  -66.620  -10.798 0.3000000119
13019  36.143  -65.532  -5.973 0.5000000000
13024  42.555  -65.039  -6.311 0.1000000015
13100  43.116  -65.309  -13.586 0.3000000119
13102  41.237  -65.362  -13.853 0.4000000060
13111  48.393  -65.182  -14.353 0.2000000030
13778  34.739  -64.370  -5.779 0.5000000000
13832  36.323  -64.503  -9.721 0.5000000000
13851  36.691  -64.336  -10.319 0.5000000000
13882  38.226  -64.498  -11.964 0.4000000060
13892  48.029  -64.764  -13.326 0.2000000030
13913  39.616  -65.071  -14.337 0.4000000060
13914  38.127  -64.397  -14.113 0.4000000060
13928  41.259  -64.381  -15.225 0.4000000060
14676  35.309  -63.569  -4.540 0.5000000000
14677  34.502  -63.389  -4.854 0.5000000000
14685  33.655  -63.269  -5.883 0.5000000000
14692  33.832  -63.628  -6.580 0.5000000000
14710  33.926  -63.392  -8.345 0.6000000238
14732  34.815  -63.302  -10.634 0.5000000000
14749  36.944  -64.025  -12.825 0.5000000000
14751  35.732  -63.455  -11.981 0.5000000000
14758  36.837  -63.689  -13.635 0.5000000000
14759  35.803  -63.325  -12.877 0.5000000000
14781  42.357  -63.417  -15.189 0.3000000119
14782  41.635  -63.696  -15.342 0.3000000119
14783  39.928  -63.716  -15.544 0.3000000119
14803  44.503  -63.881  -17.311 0.2000000030
15483  35.786  -62.914  -4.022 0.5000000000
15524  34.354  -63.450  -9.011 0.5000000000
15549  33.611  -62.269  -11.229 0.4000000060
15565  34.714  -62.006  -13.291 0.5000000000
15573  47.313  -62.657  -14.075 0.1000000015
15575  36.635  -62.605  -14.604 0.5000000000
15584  48.124  -62.941  -14.826 0.1000000015
15590  38.843  -62.802  -15.471 0.5000000000
15591  37.433  -62.480  -15.079 0.5000000000
15601  47.931  -62.521  -16.498 0.1000000015
15643  48.317  -62.502  -19.551 0.1000000015
16233  36.823  -61.692  -3.319 0.4000000060
16313  33.602  -61.311  -12.337 0.5000000000
16324  47.704  -62.289  -14.516 0.1000000015
16327  36.361  -61.222  -14.696 0.5000000000
16329  35.060  -60.962  -14.023 0.5000000000
16340  43.905  -61.466  -15.204 0.1000000015
16342  42.033  -61.787  -15.292 0.3000000119
16343  40.593  -61.459  -15.348 0.3000000119
16344  38.811  -61.360  -15.237 0.3000000119
16956  44.119  -60.318  -1.251 0.1000000015
17011  31.832  -59.867  -5.058 0.5000000000
17025  31.524  -60.316  -8.394 0.5000000000
17039  31.517  -60.198  -9.211 0.5000000000
17050  32.061  -60.627  -10.622 0.4000000060
17058  32.300  -60.336  -11.433 0.4000000060
17063  33.965  -60.942  -13.038 0.4000000060
17065  32.637  -60.036  -12.200 0.4000000060
17072  34.435  -60.541  -13.592 0.5000000000
17094  37.778  -60.627  -15.022 0.4000000060
17095  37.177  -61.054  -14.933 0.5000000000
17098  48.615  -61.372  -17.176 0.1000000015
17099  48.249  -61.347  -16.336 0.1000000015
17111  49.042  -60.803  -18.501 0.1000000015
17127  49.110  -60.869  -19.321 0.1000000015
17731  43.588  -59.473  -2.295 0.1000000015
17769  32.946  -59.615  -3.299 0.4000000060
17814  31.482  -59.204  -10.409 0.4000000060
17843  32.921  -58.889  -13.195 0.4000000060
17854  37.496  -59.505  -14.964 0.4000000060
17865  43.216  -59.233  -15.588 0.1000000015
17867  40.783  -59.789  -15.275 0.3000000119
17869  38.828  -59.889  -15.080 0.4000000060
17880  47.188  -59.192  -17.382 0.1000000015
18453  40.074  -57.248  0.136 0.1000000015
18547  31.709  -58.488  -6.414 0.5000000000
18552  31.442  -58.905  -7.928 0.5000000000
18590  31.640  -58.207  -11.489 0.3000000119
18600  31.871  -57.883  -12.261 0.3000000119
18619  41.197  -57.712  -15.356 0.3000000119
18621  38.829  -58.478  -15.014 0.5000000000
18630  42.586  -57.859  -15.594 0.1000000015
18647  45.734  -58.292  -17.723 0.1000000015
18678  48.163  -58.438  -19.242 0.2000000030
18729  44.224  -58.772  -23.338 0.1000000015
19275  41.201  -56.512  -1.131 0.1000000015
19351  32.416  -57.657  -5.953 0.5000000000
19378  36.463  -58.203  -8.786 0.1000000015
19392  37.220  -57.817  -9.497 0.1000000015
19397  32.325  -57.414  -9.357 0.4000000060
19434  32.301  -57.582  -12.983 0.4000000060
19442  33.286  -57.620  -13.925 0.4000000060
19457  37.096  -56.995  -14.802 0.4000000060
19458  36.010  -57.067  -14.819 0.4000000060
19460  33.765  -57.116  -14.293 0.4000000060
19495  46.378  -58.099  -18.685 0.1000000015
19497  43.702  -57.640  -18.241 0.2000000030
19504  48.818  -58.136  -20.069 0.2000000030
19508  43.907  -57.549  -19.270 0.1000000015
19518  46.090  -57.152  -20.093 0.3000000119
20322  32.462  -56.293  -11.909 0.4000000060
20330  32.642  -56.217  -12.693 0.4000000060
20338  33.087  -56.208  -13.446 0.4000000060
20349  38.791  -55.966  -14.481 0.4000000060
20353  34.491  -56.582  -14.454 0.4000000060
20363  41.950  -56.858  -15.922 0.2000000030
20368  42.237  -56.948  -16.428 0.2000000030
20376  42.353  -57.335  -17.914 0.2000000030
20402  43.166  -57.146  -19.735 0.2000000030
20405  40.765  -56.433  -19.180 0.2000000030
20444  47.152  -55.941  -24.597 0.1000000015
20445  46.099  -55.774  -25.361 0.1000000015
20459  46.710  -56.624  -25.975 0.1000000015
21202  33.122  -55.074  -11.988 0.4000000060
21226  35.589  -55.011  -13.743 0.4000000060
21228  33.702  -55.641  -13.649 0.4000000060
21236  39.288  -55.516  -14.899 0.4000000060
21239  37.518  -55.308  -14.019 0.4000000060
21254  39.396  -55.490  -15.322 0.3000000119
21258  38.387  -55.264  -16.594 0.3000000119
21261  40.259  -56.333  -16.795 0.2000000030
21278  39.522  -55.828  -18.650 0.2000000030
21279  38.431  -55.325  -18.175 0.2000000030
21290  42.826  -55.513  -20.385 0.2000000030
21313  42.819  -54.359  -22.725 0.1000000015
21325  44.985  -55.202  -24.298 0.1000000015
22076  38.772  -54.299  -8.525 0.1000000015
22078  36.225  -55.063  -8.630 0.2000000030
22080  34.739  -54.613  -9.083 0.3000000119
22103  33.911  -54.856  -10.199 0.3000000119
22109  34.043  -54.008  -10.205 0.2000000030
22160  37.798  -54.090  -13.965 0.2000000030
22187  36.979  -54.384  -17.112 0.3000000119
22204  38.942  -54.526  -18.817 0.2000000030
22205  38.001  -54.548  -18.346 0.3000000119
22215  42.221  -53.121  -19.955 0.3000000119
22216  41.345  -53.823  -19.708 0.2000000030
22217  40.432  -54.544  -19.418 0.2000000030
22220  44.783  -53.593  -21.241 0.2000000030
22222  42.735  -53.755  -20.281 0.3000000119
22241  46.875  -53.899  -23.362 0.1000000015
22251  45.666  -54.324  -23.915 0.1000000015
22962  34.053  -53.698  -10.967 0.3000000119
23003  36.921  -53.108  -13.172 0.2000000030
23013  37.950  -54.161  -14.362 0.3000000119
23015  37.065  -53.169  -14.367 0.2000000030
23024  36.538  -53.464  -15.491 0.3000000119
23034  36.259  -53.608  -16.519 0.3000000119
23089  46.475  -53.408  -22.879 0.1000000015
23091  44.931  -52.309  -22.438 0.2000000030
23093  43.162  -52.246  -22.301 0.2000000030
23094  42.150  -52.808  -22.126 0.2000000030
23736  36.699  -52.538  -7.801 0.2000000030
23779  34.617  -52.754  -9.602 0.2000000030
23789  35.092  -51.768  -10.721 0.3000000119
23790  34.702  -52.486  -10.464 0.2000000030
23821  35.745  -52.091  -11.954 0.2000000030
23846  36.672  -52.651  -13.933 0.2000000030
23857  35.460  -52.418  -15.483 0.3000000119
23872  35.918  -52.920  -17.042 0.2000000030
23882  36.656  -52.888  -17.696 0.2000000030
23888  39.267  -52.161  -18.774 0.2000000030
23908  42.329  -50.967  -20.385 0.3000000119
23923  44.056  -51.821  -21.549 0.2000000030
23930  45.043  -52.224  -22.200 0.1000000015
23931  44.787  -52.070  -21.876 0.2000000030
23932  43.592  -51.624  -21.641 0.2000000030
23933  42.830  -51.272  -21.374 0.2000000030
23936  39.829  -51.743  -20.947 0.1000000015
23937  38.595  -52.484  -20.958 0.1000000015
24641  35.282  -51.297  -9.388 0.1000000015
24682  36.128  -52.162  -12.937 0.2000000030
24696  34.739  -51.131  -13.456 0.1000000015
24706  34.662  -51.264  -14.420 0.2000000030
24717  34.778  -51.334  -15.157 0.1000000015
24730  35.253  -50.952  -16.332 0.2000000030
24749  39.694  -50.041  -18.880 0.3000000119
24762  40.170  -49.906  -19.357 0.3000000119
24777  42.596  -50.954  -20.888 0.2000000030
24779  41.308  -50.473  -20.312 0.3000000119
24788  41.490  -50.569  -20.782 0.2000000030
24789  36.665  -51.201  -21.047 0.1000000015
25308  34.963  -50.652  2.120 0.1000000015
25447  35.556  -50.580  -9.083 0.1000000015
25506  34.526  -50.053  -12.329 0.2000000030
25572  36.946  -49.825  -17.808 0.1000000015
25576  39.706  -49.584  -19.162 0.3000000119
25578  38.488  -49.633  -18.561 0.3000000119
25587  38.988  -49.212  -19.406 0.3000000119
25599  40.004  -49.952  -20.166 0.1000000015
25601  37.553  -49.749  -20.139 0.1000000015
25602  36.676  -50.198  -20.590 0.1000000015
25611  36.236  -50.623  -21.407 0.1000000015
26165  35.068  -49.155  -1.806 0.1000000015
26330  34.426  -49.720  -14.511 0.1000000015
26346  34.696  -49.726  -15.281 0.1000000015
26358  35.385  -49.467  -16.516 0.1000000015
26372  37.433  -49.042  -18.279 0.3000000119
26373  36.717  -49.288  -17.725 0.1000000015
26381  38.791  -49.024  -18.939 0.2000000030
27025  36.181  -48.359  -2.123 0.1000000015
27046  38.430  -48.265  -4.334 0.1000000015
27161  34.436  -48.735  -13.181 0.1000000015
27206  35.488  -48.544  -16.642 0.1000000015
27234  36.432  -48.190  -19.115 0.1000000015
27246  35.264  -47.856  -20.249 0.1000000015
27262  35.556  -48.015  -21.703 0.1000000015
28118  35.516  -47.259  -18.767 0.2000000030
28120  34.994  -47.219  -19.699 0.1000000015
29025  35.301  -46.145  -16.582 0.1000000015
29042  34.732  -46.134  -18.807 0.1000000015
29872  35.254  -45.102  -15.635 0.1000000015
29916  34.583  -45.899  -20.337 0.1000000015
30675  35.640  -44.223  -14.540 0.1000000015
30704  34.744  -45.072  -17.275 0.1000000015
30717  34.422  -44.848  -19.425 0.1000000015
31534  35.150  -43.647  -15.768 0.1000000015
109596  35.229  -47.913  -21.007 0.1000000015
109930  35.096  -45.749  -17.115 0.1000000015
110125  37.402  -75.532  -11.292 0.1000000015
110242  43.496  -59.073  -22.864 0.1000000015
110323  49.141  -59.432  -19.889 0.1000000015
111693  40.762  -56.705  -15.453 0.4000000060
112256  45.622  -56.313  -26.111 0.1000000015
112281  42.520  -57.105  -17.051 0.2000000030
112427  48.791  -61.765  -18.101 0.1000000015
112650  44.375  -52.761  -21.049 0.1000000015
112750  35.193  -59.002  -14.494 0.4000000060
113450  40.125  -64.931  -14.819 0.4000000060
113514  33.887  -75.829  -7.926 0.1000000015
114429  39.954  -62.051  -15.444 0.2000000030
115009  46.003  -57.947  -24.594 0.1000000015
115450  31.534  -81.091  -7.573 0.1000000015
116092  30.645  -73.156  -8.340 0.1000000015
116356  38.891  -70.572  -5.886 0.1000000015
116494  37.254  -49.176  -19.726 0.1000000015
117630  32.030  -57.349  -10.173 0.4000000060
117903  35.963  -77.834  -7.761 0.1000000015
118126  47.637  -65.987  -15.304 0.2000000030
118398  38.285  -52.824  -18.550 0.2000000030
118906  34.672  -51.818  0.647 0.1000000015
119701  35.052  -47.262  -14.301 0.1000000015
119742  37.891  -51.569  -18.328 0.2000000030
120197  43.582  -53.179  -20.575 0.2000000030
122753  48.115  -57.784  -19.789 0.2000000030
122936  32.162  -56.847  -11.613 0.3000000119
123430  39.541  -56.273  -18.069 0.2000000030
124509  32.949  -62.577  -8.267 0.6000000238
124552  35.384  -78.896  -8.331 0.1000000015
124957  42.003  -51.326  -19.909 0.3000000119
125779  36.636  -48.517  -3.450 0.1000000015
125817  41.742  -64.873  -10.884 0.4000000060
125937  41.109  -51.775  -21.464 0.2000000030
126592  44.092  -55.976  -20.645 0.2000000030
126627  45.572  -69.451  -2.850 0.1000000015
126901  35.190  -71.105  -10.316 0.1000000015
127001  33.826  -72.107  -14.658 0.1000000015
127218  33.578  -54.762  -12.461 0.3000000119
127725  41.793  -58.760  -15.443 0.1000000015
127731  34.305  -49.862  -12.922 0.1000000015
128070  36.365  -56.132  1.438 0.1000000015
128207  29.760  -72.397  -10.051 0.1000000015
128391  37.314  -57.991  -7.474 0.1000000015
128411  32.759  -57.397  -13.527 0.4000000060
128782  40.248  -63.189  -15.562 0.4000000060
128833  39.226  -77.386  -4.426 0.1000000015
128846  37.700  -64.370  -11.921 0.4000000060
129299  44.260  -57.736  -17.898 0.1000000015
129408  36.061  -48.314  -17.468 0.1000000015
129634  36.575  -76.599  -6.921 0.1000000015
129876  37.386  -67.089  -8.680 0.4000000060
130077  35.669  -46.941  -17.466 0.1000000015
