#!ascii label  , from subject sub-v2s17x50051_ses-1 vox2ras=TkReg
970
137920  -42.086  -35.665  40.113 0.0000000000
45021  -24.053  -40.147  39.419 0.0000000000
44001  -34.955  -41.161  36.548 0.0000000000
67972  -50.458  -15.538  24.863 0.0000000000
69794  -57.919  -12.974  20.826 0.0000000000
46096  -15.451  -39.231  43.876 0.0000000000
65311  -46.513  -18.371  27.060 0.0000000000
52444  -39.604  -31.702  41.615 0.0000000000
45060  -39.970  -39.728  37.931 0.0000000000
46140  -19.207  -39.599  40.597 0.0000000000
42231  -19.429  -42.719  43.948 0.0000000000
49714  -39.092  -35.513  37.697 0.0000000000
51494  -37.399  -33.331  40.073 0.0000000000
46178  -29.847  -39.822  38.251 0.0000000000
47107  -36.135  -37.515  36.435 0.0000000000
58007  -41.183  -26.676  28.392 0.0000000000
60749  -45.456  -23.032  26.529 0.0000000000
62646  -50.047  -21.048  24.637 0.0000000000
126362  -11.699  -46.220  45.558 0.0000000000
37625  -8.714  -48.915  47.039 0.0000000000
54152  -34.589  -31.564  38.144 0.0000000000
55126  -36.344  -29.434  35.306 0.0000000000
55200  -38.203  -29.404  30.789 0.0000000000
134178  -14.237  -43.874  44.216 0.0000000000
43917  -24.409  -41.476  41.431 0.0000000000
44985  -26.781  -41.137  41.010 0.0000000000
47980  -41.461  -37.285  38.775 0.0000000000
47958  -22.725  -37.475  39.450 0.0000000000
46155  -21.382  -39.558  39.811 0.0000000000
43914  -21.319  -41.392  41.451 0.0000000000
48842  -39.185  -36.658  39.883 0.0000000000
47994  -38.282  -36.719  36.697 0.0000000000
130012  -40.464  -23.244  28.461 0.0000000000
59857  -42.658  -24.163  27.639 0.0000000000
62608  -42.808  -21.405  27.432 0.0000000000
64411  -47.660  -19.704  24.559 0.0000000000
64427  -49.951  -19.013  23.680 0.0000000000
64415  -52.136  -19.674  24.084 0.0000000000
66281  -52.407  -16.993  22.853 0.0000000000
67142  -53.662  -16.276  22.441 0.0000000000
51474  -34.779  -33.615  40.915 0.0000000000
52467  -35.638  -32.601  39.553 0.0000000000
53318  -32.729  -31.753  39.578 0.0000000000
56024  -33.618  -28.332  36.013 0.0000000000
56933  -35.139  -27.323  33.672 0.0000000000
55158  -36.746  -29.613  32.959 0.0000000000
56941  -36.483  -27.418  31.901 0.0000000000
57970  -38.503  -26.790  30.358 0.0000000000
45057  -32.373  -40.926  37.007 0.0000000000
43865  -12.884  -42.040  44.801 0.0000000000
43876  -14.430  -41.602  43.351 0.0000000000
34009  -8.896  -52.509  47.667 0.0000000000
139332  -7.582  -53.809  48.557 0.0000000000
64363  -44.806  -19.021  28.883 0.0000000000
54133  -39.085  -30.393  41.431 0.0000000000
43995  -37.975  -41.026  37.463 0.0000000000
46109  -17.034  -39.242  42.169 0.0000000000
43886  -16.425  -41.351  42.291 0.0000000000
43889  -19.137  -41.692  41.893 0.0000000000
70675  -60.341  -11.810  20.101 0.0000000000
49717  -41.216  -35.584  38.114 0.0000000000
51527  -39.879  -33.645  38.807 0.0000000000
50601  -38.883  -34.621  39.359 0.0000000000
47971  -24.570  -37.167  38.355 0.0000000000
46175  -27.138  -39.268  38.442 0.0000000000
48004  -27.884  -36.837  37.108 0.0000000000
123164  -29.913  -37.765  36.044 0.0000000000
130075  -32.862  -39.158  34.719 0.0000000000
47085  -33.954  -37.496  37.537 0.0000000000
46218  -36.106  -39.268  34.973 0.0000000000
47141  -37.950  -38.314  35.576 0.0000000000
48889  -40.093  -36.887  36.609 0.0000000000
56080  -42.789  -28.746  30.166 0.0000000000
63485  -45.056  -20.686  25.941 0.0000000000
61707  -47.468  -22.375  25.473 0.0000000000
67145  -56.168  -16.060  21.991 0.0000000000
137908  -10.272  -47.426  46.149 0.0000000000
35755  -10.025  -50.568  46.988 0.0000000000
52468  -38.449  -32.722  39.885 0.0000000000
128489  -37.187  -30.828  40.563 0.0000000000
55040  -36.645  -29.833  39.106 0.0000000000
54158  -32.823  -30.283  37.367 0.0000000000
54168  -34.820  -30.317  36.480 0.0000000000
122774  -38.111  -29.190  37.022 0.0000000000
123147  -38.729  -29.355  35.084 0.0000000000
141342  -39.956  -29.818  33.873 0.0000000000
54210  -41.152  -30.109  31.469 0.0000000000
56980  -40.235  -27.950  29.137 0.0000000000
59826  -39.470  -24.711  29.501 0.0000000000
45010  -29.444  -40.614  40.506 0.0000000000
42151  -11.617  -43.682  46.250 0.0000000000
41353  -12.910  -44.474  44.896 0.0000000000
42228  -16.599  -43.068  43.609 0.0000000000
32158  -5.239  -54.474  49.110 0.0000000000
45004  -23.561  -40.639  40.033 0.0000000000
43940  -24.904  -41.151  40.765 0.0000000000
45006  -25.447  -40.839  40.070 0.0000000000
48853  -41.902  -36.114  39.604 0.0000000000
46171  -23.300  -38.771  38.844 0.0000000000
47050  -21.848  -37.881  39.726 0.0000000000
45020  -23.142  -40.029  39.530 0.0000000000
45003  -22.662  -40.515  40.114 0.0000000000
62573  -41.312  -21.356  29.657 0.0000000000
61669  -41.599  -22.293  27.858 0.0000000000
63444  -42.153  -20.538  28.817 0.0000000000
136921  -49.546  -16.360  25.145 0.0000000000
66246  -48.917  -17.830  24.343 0.0000000000
66258  -49.724  -17.346  23.949 0.0000000000
66259  -50.697  -17.421  23.443 0.0000000000
131696  -50.886  -15.850  23.599 0.0000000000
67140  -51.930  -15.635  22.880 0.0000000000
52441  -33.397  -32.653  40.954 0.0000000000
57906  -35.133  -26.375  35.392 0.0000000000
56939  -35.562  -27.588  32.895 0.0000000000
57926  -36.209  -26.620  33.215 0.0000000000
57940  -37.674  -26.438  32.551 0.0000000000
45058  -33.254  -41.041  36.664 0.0000000000
122080  -33.010  -41.419  38.567 0.0000000000
123856  -34.965  -41.634  38.097 0.0000000000
44949  -13.511  -40.498  44.648 0.0000000000
44961  -14.436  -40.721  43.476 0.0000000000
68873  -58.331  -14.465  20.536 0.0000000000
33090  -8.168  -53.126  47.973 0.0000000000
52446  -41.162  -32.722  42.085 0.0000000000
53298  -39.389  -30.850  41.870 0.0000000000
124225  -39.283  -40.130  37.432 0.0000000000
45044  -40.148  -40.069  38.852 0.0000000000
47036  -20.264  -37.739  40.904 0.0000000000
47022  -19.092  -37.690  42.142 0.0000000000
47020  -17.528  -38.435  42.629 0.0000000000
46126  -18.456  -39.327  40.927 0.0000000000
126422  -18.229  -40.704  41.345 0.0000000000
44999  -18.680  -40.218  40.942 0.0000000000
43058  -22.466  -42.105  42.682 0.0000000000
142953  -21.694  -42.011  42.614 0.0000000000
49725  -39.825  -35.430  37.372 0.0000000000
49715  -39.647  -34.385  38.302 0.0000000000
141667  -39.211  -34.920  38.199 0.0000000000
48858  -25.251  -36.316  38.374 0.0000000000
47987  -26.124  -37.281  37.599 0.0000000000
49709  -26.970  -35.829  37.760 0.0000000000
126272  -29.588  -36.144  37.165 0.0000000000
48886  -30.880  -36.968  36.256 0.0000000000
48020  -31.449  -38.095  35.165 0.0000000000
48008  -31.793  -37.261  35.856 0.0000000000
136897  -35.342  -38.330  38.313 0.0000000000
121736  -35.304  -37.585  36.093 0.0000000000
47124  -35.106  -38.101  35.329 0.0000000000
47125  -35.994  -37.955  35.527 0.0000000000
46219  -36.917  -39.195  35.170 0.0000000000
48023  -37.401  -37.797  35.623 0.0000000000
48874  -38.710  -36.182  37.202 0.0000000000
48887  -38.985  -36.533  36.528 0.0000000000
48875  -39.385  -36.002  36.976 0.0000000000
48877  -40.968  -36.260  37.585 0.0000000000
56982  -42.113  -27.560  29.062 0.0000000000
56963  -43.600  -27.764  29.980 0.0000000000
57003  -42.562  -26.897  28.812 0.0000000000
127128  -44.114  -23.495  27.377 0.0000000000
59841  -44.423  -24.637  28.362 0.0000000000
64372  -45.924  -18.534  27.659 0.0000000000
64370  -44.525  -19.642  27.073 0.0000000000
64381  -45.786  -18.764  26.762 0.0000000000
141471  -48.906  -20.599  24.348 0.0000000000
62643  -47.382  -21.301  24.826 0.0000000000
62629  -48.790  -21.752  25.021 0.0000000000
61689  -49.412  -22.732  26.470 0.0000000000
67144  -55.305  -16.102  22.140 0.0000000000
67992  -54.809  -14.658  21.879 0.0000000000
67994  -56.368  -14.702  21.398 0.0000000000
40407  -10.741  -44.974  46.965 0.0000000000
39457  -10.254  -46.234  46.921 0.0000000000
39469  -10.610  -46.673  46.120 0.0000000000
36718  -10.932  -49.120  46.593 0.0000000000
34889  -10.466  -51.470  48.970 0.0000000000
51509  -38.474  -33.468  39.543 0.0000000000
135483  -39.728  -33.125  39.404 0.0000000000
134440  -37.556  -32.763  40.037 0.0000000000
123171  -34.716  -32.300  38.872 0.0000000000
121686  -36.186  -31.913  39.646 0.0000000000
140878  -36.426  -30.921  39.847 0.0000000000
142811  -36.826  -30.337  40.231 0.0000000000
54145  -36.080  -30.619  39.035 0.0000000000
56003  -32.645  -28.482  38.408 0.0000000000
55124  -34.469  -29.218  35.470 0.0000000000
55106  -34.202  -29.827  36.078 0.0000000000
141527  -35.811  -29.593  35.723 0.0000000000
55085  -36.551  -29.837  37.016 0.0000000000
55108  -36.531  -29.591  36.128 0.0000000000
141695  -38.871  -29.053  36.637 0.0000000000
55128  -37.883  -29.454  35.183 0.0000000000
55172  -37.932  -30.061  32.051 0.0000000000
55160  -39.102  -29.897  33.458 0.0000000000
142786  -39.160  -30.092  32.413 0.0000000000
54197  -40.415  -30.230  32.498 0.0000000000
55188  -39.752  -29.918  31.228 0.0000000000
55203  -40.492  -29.253  30.113 0.0000000000
55201  -39.053  -29.042  30.258 0.0000000000
58920  -39.336  -25.342  32.136 0.0000000000
57971  -38.919  -25.911  30.159 0.0000000000
59798  -39.637  -24.594  31.324 0.0000000000
46176  -28.064  -39.289  38.508 0.0000000000
45025  -27.983  -40.414  39.730 0.0000000000
46177  -29.325  -40.000  39.076 0.0000000000
42200  -13.676  -43.273  44.163 0.0000000000
42199  -13.050  -43.753  44.684 0.0000000000
41354  -13.531  -44.121  44.594 0.0000000000
43053  -17.660  -42.048  42.474 0.0000000000
43026  -17.153  -42.558  43.053 0.0000000000
42229  -17.596  -43.008  43.743 0.0000000000
43894  -23.908  -41.825  42.104 0.0000000000
43895  -24.797  -41.775  42.201 0.0000000000
43897  -26.532  -41.653  42.421 0.0000000000
134976  -27.980  -41.363  41.900 0.0000000000
47091  -41.180  -38.353  38.839 0.0000000000
128931  -40.614  -39.694  39.342 0.0000000000
47947  -21.622  -37.153  40.596 0.0000000000
47037  -20.991  -37.812  40.258 0.0000000000
46141  -20.587  -39.273  40.066 0.0000000000
45001  -20.418  -40.486  40.683 0.0000000000
45002  -21.707  -40.357  40.266 0.0000000000
43915  -22.642  -41.428  41.299 0.0000000000
48851  -38.793  -36.462  39.101 0.0000000000
121797  -39.018  -35.257  39.683 0.0000000000
47976  -37.053  -37.585  37.732 0.0000000000
47992  -36.907  -37.258  36.689 0.0000000000
123401  -38.357  -37.052  38.640 0.0000000000
143040  -41.077  -24.663  27.849 0.0000000000
59008  -42.383  -25.013  27.844 0.0000000000
60727  -41.718  -23.776  27.624 0.0000000000
142494  -42.983  -22.574  27.333 0.0000000000
61683  -44.120  -22.135  26.674 0.0000000000
65322  -47.157  -18.604  25.519 0.0000000000
65323  -47.874  -18.255  25.209 0.0000000000
64412  -48.428  -19.279  24.231 0.0000000000
63506  -49.972  -19.801  23.961 0.0000000000
63498  -51.648  -20.223  24.413 0.0000000000
64428  -50.770  -19.198  23.735 0.0000000000
65363  -52.133  -18.375  23.388 0.0000000000
66262  -53.360  -17.914  23.165 0.0000000000
66282  -53.276  -17.138  22.769 0.0000000000
67985  -52.563  -15.150  22.646 0.0000000000
39481  -12.532  -46.515  45.612 0.0000000000
38548  -11.449  -47.387  45.820 0.0000000000
38532  -12.507  -47.532  46.266 0.0000000000
121235  -35.713  -33.816  40.602 0.0000000000
128474  -36.260  -33.094  39.974 0.0000000000
143676  -35.023  -33.525  40.155 0.0000000000
52466  -34.121  -32.845  39.449 0.0000000000
53329  -33.842  -31.989  38.428 0.0000000000
56015  -33.291  -28.007  36.868 0.0000000000
57899  -34.448  -26.828  35.894 0.0000000000
56041  -34.418  -27.905  34.799 0.0000000000
55142  -35.445  -28.828  34.038 0.0000000000
129940  -36.371  -29.359  33.787 0.0000000000
55157  -35.892  -29.027  32.955 0.0000000000
56057  -36.119  -28.806  32.079 0.0000000000
56067  -37.433  -28.898  30.770 0.0000000000
56079  -38.241  -28.651  30.376 0.0000000000
57953  -37.397  -26.898  31.671 0.0000000000
45055  -30.877  -40.286  37.585 0.0000000000
45039  -30.642  -40.354  38.440 0.0000000000
43971  -32.060  -41.100  38.532 0.0000000000
43875  -13.838  -41.823  43.847 0.0000000000
42226  -14.521  -43.156  43.698 0.0000000000
34907  -8.575  -51.261  46.853 0.0000000000
35743  -8.009  -50.668  47.737 0.0000000000
34902  -7.831  -52.030  47.528 0.0000000000
34894  -7.563  -52.084  48.335 0.0000000000
34002  -6.987  -52.801  49.050 0.0000000000
55002  -38.853  -29.934  41.168 0.0000000000
44003  -36.726  -41.079  36.611 0.0000000000
43972  -35.806  -41.660  38.047 0.0000000000
47000  -17.486  -38.286  43.588 0.0000000000
46097  -16.075  -38.985  43.441 0.0000000000
44972  -15.560  -40.327  42.767 0.0000000000
44983  -16.797  -40.141  41.933 0.0000000000
43888  -18.157  -41.479  41.782 0.0000000000
43054  -18.588  -42.077  42.494 0.0000000000
43913  -20.523  -41.397  41.519 0.0000000000
43056  -20.355  -42.022  42.785 0.0000000000
43002  -20.300  -42.629  44.017 0.0000000000
70674  -59.562  -12.171  20.272 0.0000000000
124373  -41.464  -34.993  38.686 0.0000000000
50602  -41.604  -34.532  39.414 0.0000000000
50609  -40.405  -34.249  38.336 0.0000000000
51526  -39.176  -33.869  38.923 0.0000000000
50600  -38.389  -33.986  39.736 0.0000000000
50592  -38.515  -34.572  40.074 0.0000000000
144046  -37.848  -34.322  40.639 0.0000000000
50591  -37.631  -33.894  40.303 0.0000000000
51475  -35.356  -33.731  41.606 0.0000000000
124000  -24.573  -38.641  38.312 0.0000000000
46159  -25.608  -39.759  38.802 0.0000000000
47082  -25.913  -38.533  37.984 0.0000000000
47102  -27.296  -38.055  37.496 0.0000000000
47103  -28.149  -38.220  37.461 0.0000000000
49723  -28.288  -35.690  37.612 0.0000000000
48005  -28.549  -37.165  36.920 0.0000000000
46204  -29.939  -39.012  36.692 0.0000000000
126289  -30.563  -39.298  36.269 0.0000000000
46206  -32.187  -39.583  35.228 0.0000000000
45069  -33.609  -40.570  35.815 0.0000000000
47991  -33.241  -37.105  37.064 0.0000000000
47122  -33.516  -37.820  35.247 0.0000000000
46216  -34.540  -39.240  34.743 0.0000000000
45071  -35.395  -40.674  35.829 0.0000000000
45073  -37.262  -40.486  35.978 0.0000000000
124782  -37.989  -39.834  35.846 0.0000000000
46194  -39.702  -39.254  36.963 0.0000000000
48024  -38.072  -37.603  35.757 0.0000000000
47109  -39.771  -38.248  36.480 0.0000000000
47110  -40.467  -38.129  37.204 0.0000000000
47979  -41.032  -37.746  37.949 0.0000000000
48862  -41.403  -36.409  38.367 0.0000000000
47959  -23.415  -37.146  39.200 0.0000000000
58009  -43.563  -25.768  28.631 0.0000000000
136729  -43.365  -19.829  28.329 0.0000000000
130203  -44.354  -20.822  26.418 0.0000000000
61704  -45.318  -21.498  25.782 0.0000000000
128993  -46.365  -20.265  25.181 0.0000000000
62626  -46.642  -21.526  25.177 0.0000000000
61685  -46.044  -22.676  25.874 0.0000000000
61687  -47.765  -22.889  26.007 0.0000000000
144887  -57.170  -15.155  21.207 0.0000000000
68871  -57.074  -14.263  21.103 0.0000000000
69793  -57.215  -13.354  21.178 0.0000000000
39456  -9.870  -46.589  47.402 0.0000000000
37626  -9.137  -48.257  46.862 0.0000000000
141293  -10.989  -47.905  45.941 0.0000000000
36717  -10.123  -49.332  46.332 0.0000000000
36716  -9.455  -49.580  46.403 0.0000000000
34896  -9.856  -51.246  47.417 0.0000000000
51512  -41.160  -33.794  39.458 0.0000000000
52470  -39.955  -32.836  40.026 0.0000000000
52459  -39.317  -32.208  40.763 0.0000000000
138182  -36.549  -32.624  39.897 0.0000000000
53322  -37.636  -31.953  40.418 0.0000000000
53312  -37.962  -31.150  41.105 0.0000000000
54139  -38.095  -30.297  41.139 0.0000000000
54138  -37.333  -29.854  40.398 0.0000000000
55042  -37.999  -29.130  39.860 0.0000000000
54143  -32.457  -31.113  38.880 0.0000000000
54151  -33.624  -31.514  37.817 0.0000000000
56023  -33.212  -28.976  36.530 0.0000000000
54167  -33.900  -30.442  36.621 0.0000000000
54160  -34.511  -30.974  37.284 0.0000000000
55062  -36.459  -30.084  38.114 0.0000000000
55063  -37.224  -29.413  38.559 0.0000000000
55144  -38.048  -29.604  34.415 0.0000000000
121391  -39.712  -29.381  34.853 0.0000000000
55205  -42.316  -29.432  30.606 0.0000000000
55215  -41.056  -28.860  29.658 0.0000000000
57002  -40.647  -27.328  28.704 0.0000000000
56978  -38.802  -27.468  29.765 0.0000000000
58005  -39.692  -26.686  28.880 0.0000000000
58989  -40.037  -25.871  28.569 0.0000000000
143812  -39.987  -23.777  28.786 0.0000000000
61627  -40.417  -22.440  29.780 0.0000000000
45024  -27.074  -40.417  39.591 0.0000000000
144307  -28.424  -41.109  41.369 0.0000000000
45011  -30.461  -40.685  40.388 0.0000000000
41340  -11.683  -44.538  45.778 0.0000000000
42152  -12.040  -43.092  45.810 0.0000000000
42173  -12.115  -43.917  45.479 0.0000000000
40431  -12.638  -45.233  45.205 0.0000000000
40432  -13.042  -45.755  45.307 0.0000000000
43050  -15.172  -41.692  42.888 0.0000000000
141032  -15.522  -42.328  42.974 0.0000000000
124592  -16.043  -43.617  44.121 0.0000000000
32160  -6.734  -55.288  49.475 0.0000000000
133472  -5.810  -54.188  49.334 0.0000000000
33078  -5.216  -53.763  49.443 0.0000000000
124822  -42.153  -34.871  40.283 0.0000000000
45005  -24.493  -40.756  40.010 0.0000000000
45022  -25.025  -40.291  39.357 0.0000000000
46157  -23.611  -39.483  39.021 0.0000000000
46156  -22.789  -39.276  39.225 0.0000000000
63425  -41.851  -20.813  29.697 0.0000000000
63443  -41.439  -21.103  29.012 0.0000000000
63434  -42.586  -20.274  29.695 0.0000000000
140615  -50.022  -15.973  24.798 0.0000000000
67125  -49.822  -16.443  24.458 0.0000000000
67128  -50.361  -16.513  23.789 0.0000000000
67126  -50.415  -15.771  24.243 0.0000000000
67976  -50.970  -15.226  23.897 0.0000000000
44000  -34.091  -41.106  36.553 0.0000000000
134443  -33.779  -41.333  37.242 0.0000000000
43991  -34.518  -41.422  37.313 0.0000000000
44951  -14.898  -39.457  44.192 0.0000000000
44950  -14.185  -39.988  44.130 0.0000000000
44962  -14.961  -40.023  43.458 0.0000000000
69798  -58.287  -13.563  20.475 0.0000000000
52445  -40.384  -32.210  41.852 0.0000000000
53306  -40.102  -31.352  42.315 0.0000000000
45043  -39.490  -40.430  38.345 0.0000000000
47048  -19.802  -38.810  40.459 0.0000000000
47035  -19.385  -38.056  41.184 0.0000000000
46127  -18.998  -38.816  40.735 0.0000000000
47034  -18.590  -38.414  41.410 0.0000000000
139582  -39.593  -35.001  37.840 0.0000000000
49701  -38.960  -35.440  38.787 0.0000000000
48859  -26.126  -35.951  38.076 0.0000000000
127798  -31.439  -36.174  37.975 0.0000000000
48873  -30.595  -36.226  37.165 0.0000000000
47990  -31.570  -36.603  36.912 0.0000000000
142144  -32.432  -36.878  36.817 0.0000000000
47108  -36.385  -37.625  37.331 0.0000000000
47087  -35.536  -37.763  37.369 0.0000000000
48022  -36.753  -38.060  35.496 0.0000000000
48010  -36.790  -37.512  35.893 0.0000000000
48861  -38.609  -36.199  38.171 0.0000000000
128286  -41.836  -27.038  28.625 0.0000000000
58008  -42.020  -26.449  28.358 0.0000000000
60748  -44.540  -22.901  26.793 0.0000000000
60730  -44.982  -23.459  27.235 0.0000000000
60731  -45.814  -23.449  27.149 0.0000000000
63496  -49.591  -20.521  24.297 0.0000000000
62645  -49.217  -21.143  24.584 0.0000000000
62630  -49.666  -21.608  25.111 0.0000000000
68868  -54.990  -13.883  22.033 0.0000000000
40429  -11.225  -46.041  45.788 0.0000000000
40418  -10.753  -45.790  46.465 0.0000000000
54144  -35.373  -31.444  38.590 0.0000000000
53320  -35.729  -31.608  39.195 0.0000000000
55125  -35.363  -29.235  35.074 0.0000000000
55107  -35.027  -29.742  35.805 0.0000000000
55127  -37.252  -29.463  35.664 0.0000000000
123937  -37.035  -29.498  34.670 0.0000000000
55187  -38.362  -29.875  31.402 0.0000000000
54207  -38.778  -30.085  32.000 0.0000000000
136991  -39.079  -29.963  31.498 0.0000000000
54208  -39.602  -30.139  32.024 0.0000000000
133143  -39.002  -29.675  30.908 0.0000000000
55202  -39.782  -29.489  30.530 0.0000000000
128723  -28.931  -39.439  38.426 0.0000000000
130278  -14.017  -44.559  44.679 0.0000000000
41355  -14.930  -44.362  44.679 0.0000000000
43027  -18.088  -42.526  43.113 0.0000000000
42230  -18.541  -42.872  43.836 0.0000000000
38505  -8.832  -48.087  47.705 0.0000000000
37606  -8.414  -48.854  48.010 0.0000000000
52461  -40.946  -33.015  41.199 0.0000000000
43941  -25.841  -41.165  40.876 0.0000000000
43919  -26.188  -41.415  41.665 0.0000000000
123997  -27.406  -41.653  42.515 0.0000000000
43920  -27.095  -41.403  41.770 0.0000000000
47075  -41.382  -38.571  39.661 0.0000000000
47948  -22.420  -36.950  40.259 0.0000000000
120656  -21.944  -38.950  39.432 0.0000000000
47065  -21.147  -38.647  39.796 0.0000000000
47049  -20.509  -38.455  40.227 0.0000000000
46142  -20.813  -40.071  40.172 0.0000000000
43938  -23.099  -41.082  40.657 0.0000000000
43916  -23.506  -41.485  41.348 0.0000000000
43893  -22.993  -41.794  42.020 0.0000000000
131792  -39.017  -35.941  39.533 0.0000000000
47089  -37.345  -38.102  38.541 0.0000000000
47964  -38.832  -37.403  39.473 0.0000000000
144075  -40.943  -23.795  27.897 0.0000000000
60715  -41.214  -23.070  27.854 0.0000000000
62607  -42.004  -21.545  27.849 0.0000000000
61670  -42.450  -22.277  27.504 0.0000000000
61671  -43.264  -22.062  27.148 0.0000000000
66234  -47.721  -17.861  25.891 0.0000000000
66239  -48.429  -17.583  25.224 0.0000000000
65360  -49.477  -18.376  23.845 0.0000000000
65341  -48.864  -18.612  24.110 0.0000000000
64413  -49.295  -19.199  23.922 0.0000000000
64414  -50.843  -20.029  24.188 0.0000000000
66260  -51.712  -17.435  23.169 0.0000000000
65362  -51.214  -18.332  23.432 0.0000000000
66261  -52.637  -17.732  23.103 0.0000000000
68864  -51.952  -14.887  23.067 0.0000000000
52455  -33.364  -32.635  39.923 0.0000000000
53319  -33.522  -32.424  39.011 0.0000000000
56926  -34.717  -27.401  34.372 0.0000000000
56925  -34.492  -27.077  34.996 0.0000000000
56032  -34.738  -28.611  34.797 0.0000000000
56042  -34.857  -28.064  34.105 0.0000000000
56051  -35.353  -28.210  33.336 0.0000000000
57938  -35.979  -27.116  32.575 0.0000000000
56940  -35.920  -27.884  32.222 0.0000000000
56948  -36.330  -28.202  31.653 0.0000000000
56066  -36.661  -28.921  31.331 0.0000000000
56949  -37.030  -27.950  31.133 0.0000000000
140138  -38.112  -26.303  32.005 0.0000000000
45056  -31.556  -40.577  37.217 0.0000000000
45040  -31.384  -40.728  38.058 0.0000000000
45041  -31.951  -40.953  37.731 0.0000000000
43110  -33.823  -41.703  39.135 0.0000000000
43867  -13.882  -41.011  43.877 0.0000000000
43866  -13.371  -41.480  44.357 0.0000000000
43023  -14.127  -42.477  43.703 0.0000000000
43024  -14.822  -42.426  43.221 0.0000000000
34013  -8.676  -51.855  47.062 0.0000000000
35754  -8.098  -51.375  47.168 0.0000000000
34903  -8.200  -51.933  47.165 0.0000000000
33084  -7.758  -53.094  48.141 0.0000000000
34008  -7.593  -52.656  48.140 0.0000000000
33083  -6.988  -53.514  48.852 0.0000000000
54129  -39.895  -30.500  41.703 0.0000000000
55003  -39.681  -30.008  41.386 0.0000000000
137892  -37.445  -40.944  36.770 0.0000000000
43994  -37.088  -41.296  37.391 0.0000000000
46098  -16.765  -38.722  42.971 0.0000000000
46108  -16.229  -39.621  42.594 0.0000000000
43910  -17.483  -40.673  41.629 0.0000000000
43935  -20.849  -40.949  41.046 0.0000000000
44984  -20.213  -40.956  41.086 0.0000000000
43057  -21.127  -42.072  42.993 0.0000000000
43891  -21.006  -41.790  42.177 0.0000000000
49716  -40.884  -34.781  38.031 0.0000000000
50608  -39.085  -34.537  38.748 0.0000000000
130407  -38.798  -34.091  39.199 0.0000000000
131060  -38.973  -35.195  40.365 0.0000000000
50572  -36.873  -34.301  41.612 0.0000000000
50590  -36.836  -34.101  40.781 0.0000000000
136503  -24.321  -37.954  38.296 0.0000000000
135201  -25.253  -38.428  38.056 0.0000000000
47099  -24.905  -37.916  37.993 0.0000000000
47988  -27.044  -37.237  37.297 0.0000000000
47101  -26.417  -37.946  37.576 0.0000000000
47989  -27.944  -37.541  37.229 0.0000000000
48885  -29.939  -36.881  36.429 0.0000000000
48884  -29.085  -36.704  36.822 0.0000000000
48006  -29.253  -37.454  36.582 0.0000000000
47119  -29.432  -38.319  36.660 0.0000000000
47120  -30.164  -38.539  36.000 0.0000000000
47135  -32.248  -38.670  34.822 0.0000000000
46215  -31.560  -38.936  35.133 0.0000000000
45079  -33.150  -39.844  35.084 0.0000000000
47086  -34.670  -37.935  37.954 0.0000000000
47069  -33.943  -37.949  38.563 0.0000000000
47975  -33.341  -37.404  38.153 0.0000000000
48009  -32.866  -37.294  35.915 0.0000000000
47105  -33.786  -37.345  36.296 0.0000000000
47138  -35.447  -38.657  34.943 0.0000000000
47137  -34.356  -38.487  34.823 0.0000000000
46225  -34.914  -38.892  34.703 0.0000000000
45081  -34.933  -39.979  35.198 0.0000000000
45082  -35.798  -40.003  35.246 0.0000000000
45072  -36.303  -40.635  35.871 0.0000000000
45083  -36.650  -39.934  35.350 0.0000000000
46220  -37.671  -39.110  35.433 0.0000000000
46207  -38.454  -38.993  35.774 0.0000000000
46193  -38.815  -39.785  36.489 0.0000000000
46208  -39.168  -38.877  36.222 0.0000000000
47993  -37.563  -36.936  37.108 0.0000000000
48011  -37.635  -37.158  36.148 0.0000000000
48013  -39.457  -37.209  36.281 0.0000000000
48014  -40.155  -37.508  36.644 0.0000000000
47995  -40.659  -37.096  37.187 0.0000000000
49726  -40.574  -35.453  37.548 0.0000000000
49702  -41.634  -35.813  38.860 0.0000000000
137152  -24.586  -36.344  38.934 0.0000000000
47960  -24.037  -36.749  39.044 0.0000000000
47970  -23.874  -37.572  38.655 0.0000000000
47081  -23.847  -38.335  38.540 0.0000000000
55206  -43.254  -29.212  30.780 0.0000000000
56984  -43.928  -27.150  29.711 0.0000000000
56964  -44.299  -27.669  30.369 0.0000000000
58993  -42.970  -25.430  28.209 0.0000000000
59009  -43.093  -24.785  27.944 0.0000000000
64349  -44.365  -19.326  29.460 0.0000000000
64348  -43.597  -19.603  29.169 0.0000000000
138429  -44.092  -19.363  28.573 0.0000000000
63473  -44.595  -20.247  26.485 0.0000000000
62618  -44.606  -21.454  26.254 0.0000000000
64398  -47.148  -19.314  24.946 0.0000000000
64397  -46.483  -19.411  25.419 0.0000000000
64410  -46.950  -20.001  24.844 0.0000000000
62628  -47.909  -21.849  24.991 0.0000000000
62627  -47.217  -21.880  25.146 0.0000000000
61706  -46.689  -22.247  25.460 0.0000000000
61686  -46.892  -22.880  25.859 0.0000000000
66284  -55.117  -16.847  22.571 0.0000000000
67989  -56.468  -15.429  21.571 0.0000000000
68870  -56.368  -13.707  21.491 0.0000000000
140595  -9.984  -47.017  46.747 0.0000000000
38516  -9.394  -47.347  47.313 0.0000000000
37653  -9.715  -47.981  46.366 0.0000000000
37674  -11.841  -47.776  46.062 0.0000000000
37673  -11.281  -47.997  46.030 0.0000000000
37655  -11.517  -48.407  46.414 0.0000000000
36701  -10.394  -49.833  46.808 0.0000000000
35765  -9.654  -50.154  46.595 0.0000000000
34904  -9.219  -51.091  46.781 0.0000000000
34004  -10.064  -52.238  49.182 0.0000000000
136374  -40.617  -33.822  38.849 0.0000000000
52469  -39.197  -32.660  39.893 0.0000000000
53321  -36.773  -31.839  40.106 0.0000000000
52458  -38.480  -32.039  40.587 0.0000000000
54146  -36.673  -30.082  39.789 0.0000000000
55041  -37.194  -29.425  39.512 0.0000000000
55061  -32.489  -29.642  37.960 0.0000000000
55039  -32.325  -30.206  38.800 0.0000000000
54150  -32.648  -30.872  38.003 0.0000000000
54161  -35.669  -30.459  37.192 0.0000000000
55086  -37.289  -29.468  37.558 0.0000000000
55064  -37.931  -28.972  38.914 0.0000000000
55087  -38.029  -29.115  37.954 0.0000000000
55110  -38.250  -29.310  36.015 0.0000000000
120311  -37.348  -29.678  33.709 0.0000000000
54198  -41.178  -30.277  32.163 0.0000000000
54189  -41.147  -30.289  32.963 0.0000000000
129228  -42.015  -30.255  32.642 0.0000000000
54211  -41.846  -30.083  31.740 0.0000000000
55191  -42.303  -29.845  31.269 0.0000000000
55190  -41.610  -29.854  30.994 0.0000000000
55214  -40.323  -28.661  29.603 0.0000000000
56092  -40.786  -28.340  29.277 0.0000000000
56107  -40.881  -27.885  28.979 0.0000000000
56962  -38.290  -27.797  30.216 0.0000000000
58957  -39.176  -25.222  30.042 0.0000000000
57988  -39.084  -26.741  29.533 0.0000000000
58975  -39.382  -25.778  29.266 0.0000000000
59838  -39.735  -25.168  28.812 0.0000000000
60702  -39.851  -24.458  28.767 0.0000000000
138832  -39.712  -23.977  29.281 0.0000000000
60691  -40.092  -23.119  30.385 0.0000000000
46174  -26.211  -39.193  38.392 0.0000000000
45023  -26.049  -40.383  39.449 0.0000000000
46160  -26.601  -39.814  38.937 0.0000000000
45026  -28.906  -40.333  39.819 0.0000000000
45009  -28.439  -40.791  40.567 0.0000000000
44987  -29.124  -40.964  41.260 0.0000000000
45012  -31.300  -40.798  39.803 0.0000000000
45028  -30.608  -40.468  39.402 0.0000000000
122473  -31.251  -41.030  40.540 0.0000000000
123848  -36.165  -41.800  38.647 0.0000000000
41316  -11.175  -44.338  46.608 0.0000000000
43857  -12.448  -41.657  45.601 0.0000000000
42981  -12.029  -42.192  46.122 0.0000000000
42990  -12.456  -42.572  45.302 0.0000000000
140576  -12.587  -44.074  45.004 0.0000000000
41341  -12.315  -44.643  45.247 0.0000000000
44973  -16.223  -40.579  42.303 0.0000000000
43885  -15.655  -41.107  42.569 0.0000000000
43025  -16.246  -42.524  42.983 0.0000000000
42227  -15.513  -43.008  43.442 0.0000000000
31241  -5.642  -55.672  49.125 0.0000000000
32159  -5.830  -55.025  49.142 0.0000000000
43939  -23.991  -41.104  40.694 0.0000000000
45007  -26.470  -40.899  40.174 0.0000000000
47966  -41.837  -37.008  39.767 0.0000000000
47066  -22.607  -38.390  39.201 0.0000000000
45019  -22.253  -39.826  39.670 0.0000000000
47952  -39.288  -37.566  40.286 0.0000000000
62572  -40.866  -21.813  29.205 0.0000000000
61653  -40.914  -22.389  28.442 0.0000000000
62587  -41.372  -21.651  28.437 0.0000000000
62588  -41.801  -21.078  28.375 0.0000000000
63457  -42.357  -20.822  27.932 0.0000000000
123696  -49.118  -16.962  24.748 0.0000000000
65361  -50.282  -18.290  23.569 0.0000000000
67129  -51.128  -16.605  23.314 0.0000000000
66280  -51.850  -16.472  22.916 0.0000000000
137625  -51.409  -15.963  23.176 0.0000000000
67977  -51.402  -15.343  23.347 0.0000000000
52456  -34.161  -33.268  40.252 0.0000000000
137971  -32.903  -32.039  40.558 0.0000000000
57925  -35.602  -26.964  33.167 0.0000000000
57939  -36.744  -26.774  32.488 0.0000000000
57927  -37.129  -26.383  33.285 0.0000000000
43989  -32.484  -41.179  37.878 0.0000000000
43990  -33.124  -41.298  37.573 0.0000000000
122735  -33.972  -41.529  38.128 0.0000000000
43957  -34.645  -41.800  38.922 0.0000000000
68001  -57.996  -15.190  20.969 0.0000000000
33086  -8.836  -53.296  48.514 0.0000000000
34012  -8.312  -52.383  47.410 0.0000000000
33085  -8.150  -54.124  48.770 0.0000000000
32170  -7.367  -54.521  48.948 0.0000000000
45059  -38.613  -40.485  37.149 0.0000000000
45042  -38.764  -40.737  37.934 0.0000000000
45030  -39.615  -40.705  39.243 0.0000000000
47023  -19.947  -37.429  41.939 0.0000000000
47002  -19.051  -37.665  43.266 0.0000000000
47021  -18.273  -38.029  42.364 0.0000000000
46110  -17.785  -38.961  41.635 0.0000000000
145163  -17.343  -39.784  41.605 0.0000000000
46125  -17.918  -39.953  41.196 0.0000000000
43911  -18.901  -41.042  41.309 0.0000000000
43892  -22.014  -41.743  41.902 0.0000000000
43031  -21.826  -42.378  43.313 0.0000000000
50617  -40.170  -34.826  37.815 0.0000000000
47972  -25.359  -37.241  37.890 0.0000000000
48867  -25.847  -36.667  37.819 0.0000000000
48868  -26.536  -36.541  37.547 0.0000000000
48869  -27.334  -36.392  37.333 0.0000000000
49724  -29.105  -35.605  37.731 0.0000000000
48872  -29.966  -35.655  37.856 0.0000000000
48007  -30.451  -37.418  35.912 0.0000000000
47134  -30.579  -37.992  35.540 0.0000000000
141039  -30.999  -37.514  35.627 0.0000000000
48021  -32.497  -37.885  35.140 0.0000000000
47106  -34.620  -37.525  36.835 0.0000000000
47123  -34.448  -37.686  35.597 0.0000000000
47139  -36.410  -38.597  35.154 0.0000000000
47140  -37.188  -38.501  35.353 0.0000000000
47978  -38.142  -36.647  37.634 0.0000000000
48888  -39.639  -36.514  36.571 0.0000000000
48876  -40.214  -36.159  36.958 0.0000000000
56094  -42.416  -28.185  29.591 0.0000000000
56095  -43.104  -28.130  29.908 0.0000000000
56983  -43.044  -27.483  29.425 0.0000000000
57004  -43.486  -26.562  29.081 0.0000000000
134267  -43.325  -23.568  27.492 0.0000000000
59858  -43.710  -24.245  27.819 0.0000000000
59859  -44.636  -23.957  27.881 0.0000000000
130290  -45.389  -18.749  28.397 0.0000000000
129766  -44.596  -19.143  27.980 0.0000000000
64371  -45.177  -18.963  27.372 0.0000000000
64380  -45.211  -19.610  26.433 0.0000000000
63495  -48.308  -20.216  24.328 0.0000000000
63494  -47.545  -20.527  24.610 0.0000000000
62644  -48.278  -21.096  24.559 0.0000000000
61708  -48.321  -22.351  25.540 0.0000000000
135769  -49.327  -22.282  25.718 0.0000000000
120338  -54.022  -15.662  22.232 0.0000000000
67143  -54.501  -16.238  22.319 0.0000000000
67987  -54.678  -15.467  22.009 0.0000000000
67988  -55.587  -15.260  21.668 0.0000000000
67993  -55.612  -14.301  21.676 0.0000000000
35744  -10.461  -50.701  47.790 0.0000000000
51510  -39.171  -33.239  39.332 0.0000000000
56031  -34.139  -28.530  35.387 0.0000000000
130451  -33.784  -29.175  35.920 0.0000000000
54169  -35.753  -29.949  36.375 0.0000000000
55109  -37.342  -29.441  36.584 0.0000000000
55171  -37.067  -29.825  32.195 0.0000000000
55159  -37.653  -29.900  32.855 0.0000000000
54188  -38.642  -30.037  32.744 0.0000000000
125421  -39.618  -30.112  32.898 0.0000000000
135424  -40.451  -30.141  33.221 0.0000000000
54209  -40.461  -30.144  31.693 0.0000000000
55189  -40.654  -29.835  30.848 0.0000000000
55213  -39.834  -28.994  30.002 0.0000000000
56091  -39.623  -28.435  29.660 0.0000000000
57955  -38.682  -25.806  31.132 0.0000000000
58939  -39.173  -25.151  31.028 0.0000000000
59815  -39.447  -24.577  30.522 0.0000000000
60690  -39.640  -23.864  30.043 0.0000000000
46161  -27.560  -39.867  39.047 0.0000000000
46162  -28.452  -39.909  39.104 0.0000000000
43000  -13.002  -42.942  44.637 0.0000000000
40444  -13.316  -44.883  44.959 0.0000000000
43052  -16.767  -42.006  42.538 0.0000000000
52460  -40.157  -32.553  40.939 0.0000000000
43059  -23.407  -42.177  42.785 0.0000000000
43060  -24.324  -42.149  42.867 0.0000000000
43061  -25.182  -42.001  42.976 0.0000000000
43062  -26.042  -41.930  43.059 0.0000000000
43918  -25.295  -41.461  41.534 0.0000000000
43896  -25.671  -41.693  42.309 0.0000000000
46179  -40.588  -39.214  38.569 0.0000000000
141966  -20.984  -37.251  40.961 0.0000000000
125066  -20.035  -39.839  40.386 0.0000000000
130352  -21.066  -40.552  40.621 0.0000000000
43936  -21.529  -40.933  40.886 0.0000000000
43937  -22.266  -40.969  40.724 0.0000000000
141335  -21.962  -41.318  41.246 0.0000000000
121470  -39.169  -35.878  40.195 0.0000000000
47088  -36.348  -38.294  38.381 0.0000000000
47977  -37.762  -37.402  38.170 0.0000000000
58990  -40.820  -25.772  28.061 0.0000000000
58991  -41.529  -26.001  28.097 0.0000000000
59007  -41.610  -25.302  27.890 0.0000000000
59856  -41.848  -24.588  27.691 0.0000000000
123875  -41.888  -22.931  27.541 0.0000000000
60728  -42.633  -23.155  27.454 0.0000000000
60729  -43.571  -22.831  27.187 0.0000000000
65321  -46.435  -18.658  26.186 0.0000000000
65312  -47.130  -18.201  26.473 0.0000000000
65339  -47.696  -18.878  24.759 0.0000000000
65340  -48.336  -18.378  24.598 0.0000000000
127136  -49.081  -19.967  24.092 0.0000000000
63497  -50.289  -20.451  24.335 0.0000000000
62647  -50.963  -20.796  24.710 0.0000000000
140432  -51.421  -19.652  24.007 0.0000000000
64429  -51.704  -19.078  23.684 0.0000000000
64430  -52.553  -19.080  23.736 0.0000000000
67141  -52.679  -16.157  22.597 0.0000000000
67986  -53.340  -15.428  22.392 0.0000000000
39480  -11.882  -46.700  45.583 0.0000000000
38549  -12.181  -47.180  45.775 0.0000000000
51493  -36.498  -33.555  40.289 0.0000000000
51508  -35.638  -33.356  39.918 0.0000000000
52457  -34.887  -33.084  39.592 0.0000000000
56912  -33.865  -27.390  36.381 0.0000000000
56919  -34.063  -27.679  35.515 0.0000000000
55143  -36.081  -29.250  34.558 0.0000000000
56056  -35.698  -28.327  32.655 0.0000000000
55170  -36.421  -29.423  32.360 0.0000000000
55185  -36.639  -29.435  31.813 0.0000000000
55186  -37.398  -29.639  31.399 0.0000000000
56961  -37.719  -28.150  30.583 0.0000000000
56950  -37.834  -27.332  30.821 0.0000000000
57954  -38.229  -26.488  31.298 0.0000000000
126329  -38.686  -25.864  32.006 0.0000000000
143665  -30.426  -40.051  37.888 0.0000000000
45029  -31.306  -40.784  38.909 0.0000000000
43955  -31.872  -41.029  39.329 0.0000000000
43956  -32.526  -41.331  39.338 0.0000000000
43001  -13.457  -42.380  44.180 0.0000000000
129917  -8.430  -50.572  46.872 0.0000000000
36700  -8.362  -49.738  47.328 0.0000000000
35742  -7.843  -51.511  47.761 0.0000000000
34011  -7.977  -52.534  47.594 0.0000000000
34888  -7.209  -52.082  49.394 0.0000000000
64350  -45.201  -19.091  29.715 0.0000000000
126557  -45.935  -18.742  29.253 0.0000000000
141952  -46.181  -18.550  28.467 0.0000000000
64364  -46.755  -18.412  27.975 0.0000000000
55021  -39.351  -29.495  40.822 0.0000000000
44002  -35.848  -41.154  36.561 0.0000000000
43992  -35.390  -41.457  37.316 0.0000000000
43993  -36.251  -41.414  37.330 0.0000000000
43973  -36.596  -41.562  38.088 0.0000000000
46081  -16.761  -38.511  43.922 0.0000000000
46107  -15.601  -39.611  43.183 0.0000000000
43909  -16.807  -40.867  41.984 0.0000000000
43887  -17.212  -41.465  42.051 0.0000000000
43028  -19.009  -42.467  43.207 0.0000000000
45000  -19.570  -40.533  40.841 0.0000000000
43912  -19.723  -41.289  41.412 0.0000000000
43890  -20.023  -41.780  42.034 0.0000000000
43055  -19.493  -42.063  42.630 0.0000000000
43029  -19.877  -42.364  43.335 0.0000000000
70673  -58.728  -12.682  20.436 0.0000000000
49703  -41.847  -35.316  39.471 0.0000000000
50610  -41.089  -34.288  38.696 0.0000000000
46158  -24.567  -39.536  38.744 0.0000000000
46173  -25.333  -39.074  38.308 0.0000000000
47100  -25.620  -37.904  37.754 0.0000000000
47083  -26.754  -38.614  37.960 0.0000000000
47084  -27.642  -38.697  37.966 0.0000000000
46189  -28.513  -38.815  37.888 0.0000000000
47104  -28.847  -38.440  37.283 0.0000000000
49697  -26.833  -35.427  38.704 0.0000000000
49722  -27.646  -35.859  37.525 0.0000000000
48870  -28.049  -36.203  37.220 0.0000000000
48871  -28.768  -36.114  37.223 0.0000000000
48883  -28.471  -36.603  37.042 0.0000000000
47118  -28.704  -37.857  37.009 0.0000000000
46190  -29.386  -39.063  37.495 0.0000000000
46191  -30.287  -39.679  37.258 0.0000000000
46192  -31.051  -39.980  36.713 0.0000000000
45067  -31.818  -40.252  36.261 0.0000000000
47121  -30.884  -38.739  35.520 0.0000000000
46205  -31.321  -39.494  35.803 0.0000000000
45068  -32.696  -40.447  35.940 0.0000000000
45070  -34.501  -40.640  35.809 0.0000000000
47136  -33.180  -38.491  34.720 0.0000000000
131600  -33.675  -39.175  34.631 0.0000000000
45080  -34.060  -39.926  35.122 0.0000000000
45084  -37.329  -39.750  35.475 0.0000000000
45074  -38.044  -40.483  36.578 0.0000000000
48012  -38.541  -37.100  36.072 0.0000000000
47126  -38.809  -38.000  35.883 0.0000000000
144921  -40.117  -38.679  37.010 0.0000000000
46195  -40.302  -38.946  37.593 0.0000000000
47090  -40.746  -38.495  38.017 0.0000000000
47996  -41.205  -36.975  37.911 0.0000000000
48852  -41.667  -36.531  39.076 0.0000000000
47949  -23.185  -36.726  39.970 0.0000000000
48835  -23.763  -36.550  39.705 0.0000000000
47067  -23.255  -37.975  38.908 0.0000000000
46172  -23.924  -39.023  38.528 0.0000000000
56081  -43.643  -28.417  30.427 0.0000000000
58992  -42.211  -25.737  28.118 0.0000000000
126296  -42.817  -26.159  28.513 0.0000000000
138186  -44.062  -25.955  29.063 0.0000000000
59840  -43.684  -25.042  28.279 0.0000000000
64347  -42.848  -19.889  28.972 0.0000000000
63445  -42.742  -20.265  28.269 0.0000000000
63458  -43.204  -20.514  27.510 0.0000000000
64369  -43.912  -19.757  27.665 0.0000000000
63459  -43.980  -20.372  26.881 0.0000000000
62617  -43.706  -21.248  26.801 0.0000000000
61684  -45.117  -22.272  26.119 0.0000000000
140229  -45.884  -19.219  26.053 0.0000000000
64396  -45.780  -20.033  25.653 0.0000000000
63493  -46.783  -20.786  24.934 0.0000000000
62625  -45.939  -21.000  25.352 0.0000000000
61705  -45.915  -21.924  25.512 0.0000000000
60751  -47.176  -23.220  26.586 0.0000000000
61688  -48.659  -22.816  26.229 0.0000000000
145059  -57.735  -15.655  21.402 0.0000000000
68872  -57.663  -14.615  20.923 0.0000000000
69797  -57.729  -13.894  20.780 0.0000000000
70667  -57.576  -12.458  21.551 0.0000000000
39479  -11.259  -46.749  45.709 0.0000000000
38531  -10.801  -47.368  45.900 0.0000000000
37672  -10.389  -48.000  46.068 0.0000000000
37654  -10.704  -48.497  46.169 0.0000000000
123373  -9.916  -48.763  46.151 0.0000000000
37652  -9.241  -48.903  46.397 0.0000000000
36715  -8.814  -49.727  46.568 0.0000000000
35764  -9.013  -50.455  46.540 0.0000000000
34895  -9.246  -51.771  47.252 0.0000000000
34010  -9.817  -51.912  48.123 0.0000000000
126522  -9.479  -52.653  48.516 0.0000000000
51511  -40.383  -33.379  39.386 0.0000000000
51495  -40.815  -33.261  40.205 0.0000000000
53313  -38.796  -31.363  41.336 0.0000000000
53305  -38.612  -30.710  41.454 0.0000000000
55020  -38.370  -29.566  40.649 0.0000000000
145110  -32.320  -29.756  39.370 0.0000000000
54137  -32.361  -30.437  39.738 0.0000000000
53328  -32.991  -31.749  38.552 0.0000000000
56014  -32.840  -28.730  37.409 0.0000000000
55084  -32.921  -29.639  37.038 0.0000000000
55105  -33.480  -29.797  36.420 0.0000000000
54166  -33.256  -30.260  36.870 0.0000000000
54159  -33.378  -30.849  37.213 0.0000000000
54153  -35.493  -30.916  38.056 0.0000000000
120440  -38.798  -28.843  39.194 0.0000000000
120882  -38.837  -28.969  37.407 0.0000000000
129067  -38.292  -29.832  33.571 0.0000000000
55145  -38.978  -29.623  34.205 0.0000000000
120724  -42.894  -29.694  31.176 0.0000000000
55204  -41.340  -29.420  30.286 0.0000000000
55216  -41.906  -28.846  29.892 0.0000000000
56093  -41.494  -28.191  29.280 0.0000000000
56981  -41.337  -27.477  28.766 0.0000000000
56090  -38.906  -28.217  29.888 0.0000000000
56979  -39.476  -27.565  29.326 0.0000000000
57001  -40.064  -27.262  28.832 0.0000000000
58006  -40.394  -26.617  28.524 0.0000000000
59839  -40.306  -25.034  28.311 0.0000000000
60714  -40.405  -24.165  28.270 0.0000000000
60703  -39.962  -23.210  29.376 0.0000000000
61652  -40.425  -22.555  29.036 0.0000000000
62564  -40.917  -21.797  30.105 0.0000000000
62565  -41.654  -21.350  30.329 0.0000000000
45008  -27.436  -40.884  40.314 0.0000000000
44986  -27.692  -41.103  41.168 0.0000000000
45038  -30.031  -40.179  39.012 0.0000000000
45027  -29.805  -40.283  39.758 0.0000000000
43942  -30.736  -41.226  41.255 0.0000000000
44988  -29.929  -40.931  41.204 0.0000000000
43922  -29.582  -41.298  41.814 0.0000000000
43958  -35.481  -41.847  38.794 0.0000000000
40419  -11.220  -45.186  46.091 0.0000000000
40430  -11.855  -45.443  45.469 0.0000000000
42174  -12.535  -43.416  45.090 0.0000000000
120233  -12.267  -46.015  45.414 0.0000000000
40445  -13.824  -45.205  45.155 0.0000000000
43877  -14.937  -40.910  42.934 0.0000000000
43051  -15.934  -41.864  42.622 0.0000000000
42201  -15.126  -43.727  44.021 0.0000000000
42204  -19.003  -43.101  44.606 0.0000000000
42203  -18.114  -43.371  44.490 0.0000000000
138903  -15.641  -44.064  44.536 0.0000000000
141134  -59.279  -12.995  19.919 0.0000000000
32161  -7.687  -54.878  49.576 0.0000000000
31242  -6.080  -55.983  49.714 0.0000000000
32169  -6.698  -54.378  49.047 0.0000000000
34001  -5.898  -53.378  49.685 0.0000000000
32168  -4.978  -54.926  48.768 0.0000000000
32157  -4.724  -54.208  48.910 0.0000000000
33077  -4.779  -53.646  49.267 0.0000000000
34000  -4.957  -53.152  49.805 0.0000000000
43899  -30.036  -41.722  42.287 0.0000000000
46217  -35.290  -39.303  34.860 0.0000000000
63435  -43.207  -19.885  29.639 0.0000000000
135581  -10.317  -51.226  48.195 0.0000000000
137904  -41.716  -30.265  33.364 0.0000000000
