#!ascii label  , from subject sub-v2s17x50051_ses-1 vox2ras=TkReg
1750
51422  -47.592  -33.592  45.131 0.0000000000
36747  -42.734  -48.932  45.405 0.0000000000
54228  -49.718  -29.915  29.115 0.0000000000
49746  -42.534  -35.194  33.961 0.0000000000
51555  -52.902  -32.976  35.980 0.0000000000
43854  -51.318  -40.705  46.723 0.0000000000
38665  -48.609  -47.948  39.310 0.0000000000
43148  -45.213  -42.515  35.460 0.0000000000
37643  -32.157  -48.603  47.281 0.0000000000
59757  -58.684  -24.367  34.862 0.0000000000
40613  -37.441  -45.421  32.844 0.0000000000
50611  -45.714  -34.756  38.739 0.0000000000
51575  -47.469  -32.892  34.980 0.0000000000
139092  -51.230  -32.549  41.250 0.0000000000
47881  -48.515  -37.614  46.579 0.0000000000
46166  -51.511  -39.976  39.720 0.0000000000
142004  -46.935  -38.424  39.617 0.0000000000
46227  -44.123  -39.143  35.070 0.0000000000
56970  -60.775  -27.873  30.330 0.0000000000
35766  -37.075  -50.119  46.244 0.0000000000
39542  -33.543  -46.782  39.860 0.0000000000
38651  -39.178  -46.612  39.699 0.0000000000
136682  -54.226  -34.361  30.019 0.0000000000
41335  -46.739  -45.000  46.358 0.0000000000
43088  -43.434  -42.892  40.931 0.0000000000
45014  -48.992  -41.271  40.975 0.0000000000
40530  -49.299  -45.641  37.654 0.0000000000
37614  -26.774  -48.833  48.842 0.0000000000
53330  -58.420  -31.726  37.850 0.0000000000
56048  -55.023  -29.140  34.991 0.0000000000
59726  -55.908  -23.577  38.731 0.0000000000
58926  -53.006  -25.920  32.064 0.0000000000
57007  -55.033  -27.818  28.008 0.0000000000
40460  -27.644  -45.802  40.938 0.0000000000
39599  -42.864  -45.856  35.871 0.0000000000
50584  -46.965  -34.310  41.786 0.0000000000
143113  -48.117  -33.192  39.972 0.0000000000
52416  -48.777  -32.620  43.207 0.0000000000
123630  -47.253  -35.739  45.801 0.0000000000
142712  -48.101  -38.181  43.121 0.0000000000
144265  -46.735  -36.189  42.741 0.0000000000
48854  -45.616  -36.363  39.784 0.0000000000
53395  -47.758  -31.217  25.731 0.0000000000
56122  -47.973  -28.203  27.589 0.0000000000
35786  -40.268  -50.098  45.567 0.0000000000
37722  -37.937  -48.458  42.636 0.0000000000
37724  -41.104  -47.785  42.768 0.0000000000
51601  -42.583  -33.676  32.051 0.0000000000
51565  -50.727  -32.799  35.924 0.0000000000
138222  -48.899  -32.370  32.897 0.0000000000
52506  -51.265  -32.651  32.864 0.0000000000
51632  -52.065  -34.534  30.384 0.0000000000
51595  -53.737  -33.395  33.159 0.0000000000
123093  -48.841  -42.771  46.344 0.0000000000
43882  -47.348  -41.645  43.919 0.0000000000
44966  -50.210  -40.829  43.439 0.0000000000
43996  -48.222  -41.802  37.349 0.0000000000
43129  -51.000  -43.045  38.759 0.0000000000
41423  -46.763  -44.266  36.232 0.0000000000
127380  -42.925  -37.165  34.941 0.0000000000
55139  -57.536  -30.369  35.900 0.0000000000
58897  -54.546  -25.406  34.639 0.0000000000
59791  -55.773  -24.904  32.758 0.0000000000
58979  -54.030  -25.519  30.068 0.0000000000
58967  -57.184  -25.935  30.675 0.0000000000
56128  -58.754  -28.601  28.058 0.0000000000
37640  -29.508  -48.381  47.676 0.0000000000
130250  -27.513  -47.232  44.744 0.0000000000
39492  -29.991  -47.139  44.156 0.0000000000
40546  -35.151  -45.471  36.030 0.0000000000
40543  -32.249  -45.379  36.280 0.0000000000
40623  -33.653  -45.371  32.369 0.0000000000
42281  -46.079  -43.975  38.842 0.0000000000
42294  -43.441  -43.489  37.791 0.0000000000
39586  -45.658  -46.764  37.761 0.0000000000
49732  -44.491  -34.785  36.381 0.0000000000
131208  -45.363  -33.484  34.579 0.0000000000
51541  -47.231  -33.564  37.085 0.0000000000
121916  -49.837  -33.045  37.841 0.0000000000
51532  -52.301  -32.920  38.792 0.0000000000
46941  -51.085  -38.949  47.545 0.0000000000
44958  -54.141  -40.026  43.565 0.0000000000
47018  -50.912  -39.087  43.257 0.0000000000
46164  -49.319  -39.333  39.094 0.0000000000
46210  -46.546  -39.763  36.644 0.0000000000
45085  -44.869  -40.905  35.351 0.0000000000
47128  -45.499  -38.633  36.549 0.0000000000
48891  -44.000  -36.477  36.807 0.0000000000
58931  -60.168  -25.899  32.484 0.0000000000
58935  -63.406  -25.791  32.916 0.0000000000
36722  -34.418  -49.152  46.493 0.0000000000
38594  -32.658  -47.477  43.311 0.0000000000
122847  -35.412  -48.297  42.682 0.0000000000
142084  -36.560  -46.802  39.136 0.0000000000
40523  -37.701  -45.308  36.745 0.0000000000
52511  -45.794  -32.595  32.432 0.0000000000
51662  -51.890  -34.754  28.445 0.0000000000
53372  -52.197  -32.475  28.908 0.0000000000
38563  -44.921  -46.965  45.634 0.0000000000
39503  -43.191  -46.426  43.278 0.0000000000
42238  -45.306  -43.533  43.967 0.0000000000
43947  -46.185  -41.536  40.494 0.0000000000
124937  -48.675  -43.988  40.116 0.0000000000
43953  -52.831  -42.158  40.958 0.0000000000
41380  -51.865  -45.088  40.460 0.0000000000
131028  -51.134  -47.645  39.475 0.0000000000
52366  -48.993  -31.971  46.402 0.0000000000
36713  -44.192  -49.395  47.838 0.0000000000
42136  -47.230  -44.186  48.868 0.0000000000
42959  -48.114  -42.210  48.574 0.0000000000
142714  -51.235  -32.006  44.462 0.0000000000
51449  -53.324  -32.674  42.837 0.0000000000
51520  -54.737  -33.290  39.761 0.0000000000
51488  -57.349  -32.805  40.892 0.0000000000
51557  -56.105  -33.462  36.787 0.0000000000
51598  -56.784  -32.983  33.555 0.0000000000
53352  -55.391  -31.890  31.827 0.0000000000
54212  -52.803  -30.226  31.662 0.0000000000
56915  -54.947  -26.574  36.413 0.0000000000
56938  -53.357  -27.402  33.489 0.0000000000
56072  -51.106  -27.920  31.410 0.0000000000
125951  -50.516  -26.487  29.265 0.0000000000
56989  -58.080  -28.401  29.212 0.0000000000
38554  -24.751  -47.915  45.360 0.0000000000
40517  -26.301  -45.397  37.663 0.0000000000
121619  -30.939  -46.349  39.875 0.0000000000
40539  -28.552  -45.159  36.774 0.0000000000
40472  -41.374  -45.334  40.454 0.0000000000
41407  -40.627  -44.121  37.036 0.0000000000
132983  -40.340  -45.303  34.348 0.0000000000
36844  -42.114  -49.337  35.273 0.0000000000
51447  -47.419  -33.714  43.136 0.0000000000
51464  -48.002  -33.089  42.738 0.0000000000
51448  -47.963  -33.140  43.731 0.0000000000
135257  -47.063  -34.956  45.128 0.0000000000
49677  -47.046  -35.793  44.020 0.0000000000
139827  -46.942  -35.210  43.608 0.0000000000
50583  -46.656  -34.974  42.194 0.0000000000
53379  -49.929  -31.499  27.950 0.0000000000
54248  -48.219  -30.320  27.237 0.0000000000
55242  -47.551  -29.681  26.633 0.0000000000
55225  -49.046  -29.632  28.640 0.0000000000
36735  -41.421  -49.946  45.776 0.0000000000
36757  -40.998  -49.059  44.209 0.0000000000
37713  -41.752  -48.482  44.019 0.0000000000
49751  -41.230  -35.456  32.361 0.0000000000
50642  -42.870  -34.029  32.868 0.0000000000
51566  -51.395  -32.780  36.021 0.0000000000
51593  -51.017  -32.510  33.962 0.0000000000
51580  -52.586  -32.851  34.432 0.0000000000
51594  -52.984  -33.041  33.601 0.0000000000
122217  -53.492  -33.166  34.105 0.0000000000
42987  -49.697  -42.031  46.333 0.0000000000
43861  -49.539  -41.905  45.759 0.0000000000
43872  -50.899  -41.205  45.089 0.0000000000
43143  -46.607  -42.304  36.232 0.0000000000
43138  -48.066  -42.722  37.140 0.0000000000
42301  -46.672  -43.343  36.227 0.0000000000
41432  -46.182  -44.785  35.792 0.0000000000
49742  -42.694  -35.756  34.657 0.0000000000
48035  -41.637  -37.554  33.067 0.0000000000
48904  -41.605  -36.675  33.118 0.0000000000
59755  -56.463  -24.436  34.444 0.0000000000
59774  -57.117  -24.604  33.555 0.0000000000
59806  -56.375  -25.003  31.956 0.0000000000
59793  -57.677  -24.858  32.781 0.0000000000
37641  -30.412  -48.422  47.654 0.0000000000
38558  -29.750  -47.657  45.501 0.0000000000
38559  -30.499  -47.765  45.396 0.0000000000
40570  -36.252  -44.905  34.781 0.0000000000
40591  -34.212  -44.764  34.178 0.0000000000
40624  -35.372  -45.408  32.600 0.0000000000
38735  -35.551  -46.960  32.503 0.0000000000
38721  -37.106  -46.988  32.836 0.0000000000
40502  -46.908  -45.900  38.816 0.0000000000
40501  -45.882  -45.433  38.356 0.0000000000
39562  -46.875  -46.769  38.623 0.0000000000
50618  -45.484  -34.610  37.939 0.0000000000
120210  -45.668  -34.142  37.083 0.0000000000
123772  -46.316  -34.132  38.373 0.0000000000
51497  -48.929  -32.825  40.048 0.0000000000
51529  -49.190  -33.068  38.533 0.0000000000
51516  -50.598  -32.673  39.528 0.0000000000
121915  -50.801  -32.876  38.002 0.0000000000
51517  -51.421  -32.665  39.807 0.0000000000
46953  -50.089  -38.577  47.067 0.0000000000
46975  -51.471  -39.198  45.446 0.0000000000
46996  -50.095  -38.740  44.813 0.0000000000
47945  -47.249  -37.993  41.706 0.0000000000
47044  -49.064  -38.701  41.184 0.0000000000
47077  -47.677  -38.769  39.243 0.0000000000
47114  -48.084  -39.414  38.238 0.0000000000
47113  -47.269  -39.160  37.858 0.0000000000
47129  -46.253  -38.976  36.842 0.0000000000
47999  -45.984  -38.242  37.915 0.0000000000
49705  -45.674  -35.313  39.428 0.0000000000
48864  -45.058  -36.486  38.722 0.0000000000
49728  -44.711  -35.434  37.790 0.0000000000
49727  -44.337  -35.500  37.048 0.0000000000
36731  -35.654  -49.382  45.743 0.0000000000
37696  -34.603  -48.554  44.286 0.0000000000
36752  -36.151  -48.950  44.091 0.0000000000
37732  -38.892  -47.719  41.508 0.0000000000
37740  -37.506  -47.688  40.995 0.0000000000
38663  -37.788  -46.841  39.420 0.0000000000
39581  -36.782  -46.134  37.913 0.0000000000
39583  -38.550  -45.751  38.053 0.0000000000
51574  -46.053  -33.291  34.846 0.0000000000
51590  -45.434  -33.189  33.878 0.0000000000
51592  -47.195  -32.735  34.240 0.0000000000
121512  -48.967  -32.504  31.207 0.0000000000
52529  -47.229  -32.399  31.113 0.0000000000
52539  -47.542  -32.512  30.116 0.0000000000
50659  -53.196  -34.847  29.992 0.0000000000
50671  -52.206  -35.042  29.084 0.0000000000
51646  -53.107  -34.385  29.009 0.0000000000
52568  -51.973  -33.747  28.344 0.0000000000
52555  -53.662  -33.519  29.366 0.0000000000
39476  -45.992  -46.091  46.241 0.0000000000
40448  -45.384  -45.596  45.130 0.0000000000
138530  -46.113  -44.629  45.330 0.0000000000
44974  -48.297  -40.676  41.874 0.0000000000
43904  -46.567  -41.333  42.442 0.0000000000
43949  -48.101  -41.409  40.630 0.0000000000
43120  -47.474  -42.398  39.987 0.0000000000
43121  -48.609  -43.130  40.209 0.0000000000
46136  -53.045  -39.921  41.728 0.0000000000
44996  -53.353  -40.497  42.494 0.0000000000
43968  -52.622  -41.725  40.396 0.0000000000
42298  -50.105  -44.316  38.232 0.0000000000
42282  -51.226  -44.077  38.957 0.0000000000
41396  -51.237  -45.068  39.203 0.0000000000
40505  -51.930  -46.575  39.976 0.0000000000
45090  -44.309  -40.150  35.045 0.0000000000
42966  -47.849  -42.896  48.748 0.0000000000
46924  -48.774  -38.250  49.445 0.0000000000
52367  -49.872  -31.737  45.956 0.0000000000
52403  -53.038  -32.398  44.802 0.0000000000
52421  -54.181  -32.795  43.876 0.0000000000
122237  -54.165  -32.931  41.195 0.0000000000
122172  -55.410  -33.129  41.950 0.0000000000
52472  -58.040  -32.578  39.476 0.0000000000
123610  -57.127  -33.291  39.158 0.0000000000
51546  -57.371  -32.938  37.196 0.0000000000
51583  -56.545  -33.285  34.919 0.0000000000
52484  -57.770  -32.362  35.978 0.0000000000
142059  -56.492  -29.979  35.485 0.0000000000
54194  -56.503  -31.154  33.815 0.0000000000
55168  -55.167  -30.247  33.901 0.0000000000
54199  -53.751  -30.663  32.034 0.0000000000
55167  -54.358  -29.793  33.611 0.0000000000
58867  -55.427  -24.832  37.215 0.0000000000
58910  -53.860  -25.818  33.179 0.0000000000
57923  -53.907  -26.412  34.332 0.0000000000
56937  -53.194  -26.762  32.994 0.0000000000
56060  -52.530  -28.063  32.540 0.0000000000
56954  -51.649  -26.981  31.661 0.0000000000
57975  -50.501  -27.021  30.421 0.0000000000
57977  -51.786  -26.174  31.010 0.0000000000
128275  -53.635  -26.445  28.585 0.0000000000
58013  -52.153  -26.174  28.467 0.0000000000
136413  -53.244  -27.078  27.507 0.0000000000
56955  -60.589  -27.636  30.954 0.0000000000
125120  -59.298  -26.948  31.128 0.0000000000
124166  -59.285  -28.187  29.957 0.0000000000
39498  -27.346  -46.449  43.009 0.0000000000
39496  -25.978  -46.696  43.159 0.0000000000
39517  -26.803  -45.798  40.971 0.0000000000
143899  -25.263  -45.733  39.792 0.0000000000
40479  -27.187  -45.391  39.271 0.0000000000
38621  -33.000  -47.217  41.558 0.0000000000
128720  -31.580  -46.700  41.204 0.0000000000
142923  -32.002  -46.415  39.241 0.0000000000
40541  -30.463  -45.187  36.558 0.0000000000
38730  -30.330  -47.093  32.607 0.0000000000
40463  -43.138  -44.920  42.398 0.0000000000
126631  -42.375  -45.932  41.970 0.0000000000
41373  -42.427  -44.434  41.195 0.0000000000
41422  -43.252  -44.493  36.827 0.0000000000
41408  -42.105  -43.704  37.278 0.0000000000
137864  -42.037  -44.556  36.038 0.0000000000
41429  -40.537  -44.469  35.489 0.0000000000
40575  -41.640  -45.416  35.223 0.0000000000
36865  -40.733  -48.970  34.690 0.0000000000
135640  -46.705  -34.250  40.334 0.0000000000
50604  -46.827  -33.949  39.690 0.0000000000
51496  -47.388  -33.666  40.356 0.0000000000
52447  -48.710  -32.712  41.493 0.0000000000
52448  -49.562  -32.512  41.716 0.0000000000
48794  -47.865  -36.723  46.739 0.0000000000
47900  -48.195  -38.029  44.722 0.0000000000
132826  -47.612  -37.313  44.197 0.0000000000
47933  -47.019  -37.392  42.457 0.0000000000
47954  -46.572  -37.471  41.146 0.0000000000
47967  -45.926  -37.243  39.849 0.0000000000
48844  -45.978  -36.731  40.607 0.0000000000
49693  -45.909  -35.576  40.279 0.0000000000
57043  -48.369  -27.542  26.003 0.0000000000
35776  -38.785  -50.267  45.908 0.0000000000
36754  -37.646  -49.158  43.994 0.0000000000
36745  -39.488  -49.462  44.418 0.0000000000
37723  -39.969  -48.301  42.737 0.0000000000
38625  -40.233  -47.367  41.514 0.0000000000
125049  -49.086  -32.877  35.563 0.0000000000
52493  -48.168  -32.639  34.435 0.0000000000
52494  -49.107  -32.509  34.304 0.0000000000
52505  -50.321  -32.430  33.246 0.0000000000
52516  -50.501  -32.618  32.225 0.0000000000
51630  -50.277  -33.734  30.047 0.0000000000
52517  -51.380  -33.132  31.819 0.0000000000
51606  -52.991  -33.839  31.694 0.0000000000
121844  -54.472  -33.954  31.560 0.0000000000
42171  -47.710  -43.767  46.386 0.0000000000
42224  -47.241  -42.979  45.224 0.0000000000
42996  -48.082  -42.672  45.671 0.0000000000
43883  -49.460  -41.203  44.069 0.0000000000
44976  -50.043  -40.693  42.569 0.0000000000
43977  -49.912  -41.135  38.409 0.0000000000
43978  -51.112  -41.592  39.123 0.0000000000
43140  -49.689  -42.175  38.149 0.0000000000
42297  -48.825  -43.585  37.523 0.0000000000
41425  -48.305  -45.138  37.141 0.0000000000
39602  -48.008  -46.500  36.455 0.0000000000
40554  -46.923  -45.186  36.199 0.0000000000
48030  -43.018  -37.852  34.612 0.0000000000
47153  -42.342  -38.814  33.532 0.0000000000
55081  -58.751  -29.870  39.138 0.0000000000
54171  -58.360  -31.227  36.624 0.0000000000
56020  -58.097  -29.226  38.090 0.0000000000
56029  -57.156  -29.342  36.886 0.0000000000
56027  -55.674  -28.340  36.342 0.0000000000
60627  -56.482  -23.219  38.090 0.0000000000
59737  -55.633  -24.428  37.033 0.0000000000
59754  -55.568  -24.565  34.923 0.0000000000
59772  -54.930  -24.992  34.262 0.0000000000
58928  -54.325  -25.371  32.768 0.0000000000
58963  -53.285  -25.472  30.723 0.0000000000
58946  -55.073  -25.182  31.316 0.0000000000
132659  -55.658  -25.443  30.675 0.0000000000
139594  -55.800  -26.925  29.295 0.0000000000
57012  -60.987  -27.507  29.325 0.0000000000
56100  -59.693  -28.400  29.154 0.0000000000
58017  -60.012  -27.387  28.441 0.0000000000
37615  -28.192  -48.636  48.435 0.0000000000
38537  -26.917  -47.947  46.330 0.0000000000
38539  -28.552  -47.847  46.246 0.0000000000
39491  -29.056  -47.000  44.139 0.0000000000
39519  -28.820  -46.245  42.079 0.0000000000
39578  -34.128  -46.135  37.746 0.0000000000
39577  -32.767  -45.867  37.583 0.0000000000
40544  -33.153  -45.342  35.946 0.0000000000
125804  -32.589  -44.771  33.708 0.0000000000
40621  -31.896  -45.543  32.329 0.0000000000
37822  -31.851  -47.710  32.534 0.0000000000
38733  -33.588  -46.852  32.158 0.0000000000
43117  -44.559  -42.283  39.287 0.0000000000
42265  -43.201  -42.792  39.156 0.0000000000
41393  -44.772  -43.582  38.276 0.0000000000
41411  -44.439  -44.619  37.561 0.0000000000
39601  -44.367  -46.747  36.779 0.0000000000
49737  -43.314  -35.502  35.251 0.0000000000
50637  -43.981  -34.069  34.203 0.0000000000
50628  -45.140  -34.035  35.816 0.0000000000
50629  -45.997  -33.539  35.631 0.0000000000
51550  -47.813  -33.291  36.443 0.0000000000
136832  -48.061  -33.387  38.474 0.0000000000
51542  -48.006  -33.445  37.567 0.0000000000
51551  -48.638  -33.246  36.638 0.0000000000
51552  -50.144  -32.936  36.455 0.0000000000
120896  -51.436  -32.910  37.376 0.0000000000
120895  -52.344  -33.028  37.335 0.0000000000
44940  -51.497  -39.972  47.221 0.0000000000
44946  -52.645  -40.216  45.696 0.0000000000
46091  -52.752  -39.596  45.264 0.0000000000
129042  -52.098  -39.396  42.872 0.0000000000
47046  -51.297  -39.241  41.435 0.0000000000
123919  -48.901  -38.432  43.342 0.0000000000
47045  -50.167  -38.904  41.498 0.0000000000
46165  -50.324  -39.574  39.371 0.0000000000
46199  -49.238  -39.907  38.351 0.0000000000
45061  -47.662  -40.415  37.287 0.0000000000
44010  -46.120  -41.428  36.019 0.0000000000
44008  -44.688  -41.772  35.245 0.0000000000
45086  -45.601  -40.631  35.807 0.0000000000
46222  -45.421  -39.750  35.846 0.0000000000
47142  -44.514  -38.660  35.587 0.0000000000
135193  -45.591  -37.678  38.320 0.0000000000
48016  -45.001  -37.937  36.957 0.0000000000
48026  -43.998  -37.819  35.785 0.0000000000
48025  -43.355  -37.060  35.588 0.0000000000
48890  -43.509  -36.170  35.968 0.0000000000
58912  -59.632  -25.166  33.116 0.0000000000
59778  -60.985  -24.946  34.133 0.0000000000
58933  -61.897  -26.153  32.892 0.0000000000
57964  -62.657  -26.904  31.616 0.0000000000
56972  -62.226  -27.219  30.426 0.0000000000
58020  -62.337  -26.462  29.285 0.0000000000
37644  -32.976  -48.819  47.137 0.0000000000
38561  -32.186  -47.918  45.000 0.0000000000
37683  -33.626  -48.511  45.325 0.0000000000
37719  -34.112  -47.898  42.701 0.0000000000
128329  -34.344  -47.418  41.048 0.0000000000
37721  -36.860  -48.366  42.435 0.0000000000
37730  -35.762  -47.741  41.173 0.0000000000
38660  -35.197  -46.810  39.057 0.0000000000
127418  -36.023  -46.120  37.629 0.0000000000
40548  -36.964  -45.336  36.358 0.0000000000
40595  -37.779  -44.632  34.317 0.0000000000
51588  -43.693  -33.701  33.237 0.0000000000
51603  -44.320  -33.036  32.601 0.0000000000
143169  -47.293  -32.499  32.892 0.0000000000
53381  -51.413  -32.320  28.523 0.0000000000
54230  -51.475  -31.307  29.341 0.0000000000
37701  -43.960  -48.051  45.519 0.0000000000
37715  -42.959  -47.776  44.283 0.0000000000
38580  -44.202  -46.972  44.539 0.0000000000
40457  -44.107  -45.290  43.537 0.0000000000
42256  -44.006  -43.175  42.343 0.0000000000
42239  -45.986  -42.977  44.257 0.0000000000
43073  -45.159  -42.138  42.543 0.0000000000
142194  -44.704  -41.990  40.789 0.0000000000
43119  -46.475  -42.433  39.631 0.0000000000
41382  -46.873  -44.178  39.266 0.0000000000
39546  -48.936  -46.455  39.924 0.0000000000
142163  -52.627  -40.658  43.475 0.0000000000
44994  -51.947  -41.319  41.925 0.0000000000
127717  -51.535  -42.475  41.325 0.0000000000
43130  -51.790  -42.731  39.402 0.0000000000
42262  -52.412  -43.934  40.951 0.0000000000
42261  -51.488  -44.092  41.066 0.0000000000
42269  -51.238  -44.844  40.932 0.0000000000
40488  -51.298  -46.427  40.414 0.0000000000
132782  -44.012  -42.029  34.911 0.0000000000
51413  -47.514  -33.445  46.056 0.0000000000
52386  -47.963  -32.894  45.518 0.0000000000
36663  -29.006  -49.268  49.911 0.0000000000
36689  -32.702  -49.192  48.500 0.0000000000
36710  -34.112  -49.519  47.999 0.0000000000
36711  -35.447  -49.845  47.577 0.0000000000
35768  -39.048  -50.640  46.740 0.0000000000
35769  -40.555  -50.636  46.762 0.0000000000
35780  -41.995  -50.274  46.632 0.0000000000
36726  -43.358  -49.621  46.921 0.0000000000
37650  -44.820  -48.288  47.082 0.0000000000
39465  -45.885  -47.077  47.208 0.0000000000
40414  -46.871  -45.979  47.297 0.0000000000
40402  -46.964  -45.631  48.192 0.0000000000
40403  -47.280  -45.345  47.527 0.0000000000
42147  -48.201  -44.012  47.558 0.0000000000
42976  -48.867  -42.719  47.406 0.0000000000
42968  -49.302  -41.826  47.763 0.0000000000
43840  -50.392  -40.640  48.106 0.0000000000
45997  -50.039  -39.283  48.563 0.0000000000
46940  -50.243  -38.507  47.999 0.0000000000
50552  -47.196  -34.132  46.649 0.0000000000
52388  -49.352  -32.118  44.828 0.0000000000
52401  -49.954  -32.040  44.277 0.0000000000
52434  -51.007  -32.398  42.749 0.0000000000
52369  -52.453  -31.612  46.097 0.0000000000
52419  -52.128  -32.351  43.808 0.0000000000
51483  -52.044  -32.639  41.264 0.0000000000
51500  -52.629  -32.766  40.490 0.0000000000
51533  -53.309  -33.145  38.942 0.0000000000
121912  -53.748  -33.293  38.148 0.0000000000
129396  -56.211  -33.353  40.197 0.0000000000
137695  -55.735  -33.548  38.531 0.0000000000
120891  -54.521  -33.373  36.355 0.0000000000
120889  -54.908  -33.427  34.631 0.0000000000
138558  -55.465  -33.559  33.183 0.0000000000
51609  -56.017  -33.493  32.289 0.0000000000
53341  -57.855  -31.787  35.117 0.0000000000
52519  -56.688  -32.579  32.993 0.0000000000
139638  -55.358  -33.144  31.101 0.0000000000
53365  -54.179  -32.176  30.649 0.0000000000
132102  -52.706  -30.954  30.866 0.0000000000
55208  -51.346  -29.881  30.799 0.0000000000
56916  -55.459  -27.231  36.764 0.0000000000
56924  -55.015  -27.732  35.980 0.0000000000
58883  -54.842  -25.239  35.790 0.0000000000
56929  -53.995  -27.118  34.624 0.0000000000
56047  -54.371  -28.586  34.617 0.0000000000
56061  -52.909  -28.843  32.725 0.0000000000
56073  -51.690  -28.830  31.642 0.0000000000
55207  -50.623  -29.338  30.547 0.0000000000
56096  -49.501  -28.363  29.650 0.0000000000
132736  -49.089  -27.191  28.214 0.0000000000
57033  -49.262  -27.025  26.379 0.0000000000
57992  -51.909  -25.848  29.269 0.0000000000
58031  -50.703  -26.523  27.468 0.0000000000
140590  -50.134  -27.200  25.068 0.0000000000
58950  -58.853  -26.179  31.511 0.0000000000
57979  -57.765  -26.705  30.428 0.0000000000
56987  -56.284  -27.823  28.835 0.0000000000
56098  -58.447  -28.716  28.685 0.0000000000
57009  -56.848  -28.719  28.302 0.0000000000
57027  -55.697  -28.616  27.407 0.0000000000
38555  -25.625  -47.718  45.280 0.0000000000
39502  -31.181  -46.987  43.009 0.0000000000
39520  -30.706  -46.520  41.579 0.0000000000
40471  -29.245  -46.021  40.585 0.0000000000
40521  -31.433  -45.883  37.965 0.0000000000
132964  -30.031  -45.720  38.185 0.0000000000
40496  -28.295  -45.352  38.329 0.0000000000
40538  -27.499  -45.184  36.729 0.0000000000
38613  -42.172  -47.370  43.222 0.0000000000
38626  -41.314  -46.867  41.747 0.0000000000
39535  -40.286  -46.439  40.283 0.0000000000
42264  -42.040  -43.728  39.649 0.0000000000
142442  -41.158  -44.483  39.135 0.0000000000
40499  -40.055  -45.334  38.602 0.0000000000
40525  -39.184  -45.039  37.399 0.0000000000
40573  -39.245  -44.461  35.437 0.0000000000
39637  -39.008  -45.410  33.416 0.0000000000
38688  -45.270  -48.098  37.114 0.0000000000
37766  -43.900  -48.079  36.105 0.0000000000
38697  -42.469  -47.231  35.278 0.0000000000
38708  -41.251  -47.328  34.519 0.0000000000
38706  -39.753  -47.665  33.756 0.0000000000
38722  -38.431  -47.181  33.201 0.0000000000
139383  -47.436  -33.823  43.878 0.0000000000
51434  -47.614  -33.564  44.385 0.0000000000
50562  -47.281  -34.257  44.569 0.0000000000
124603  -47.053  -35.031  44.281 0.0000000000
50568  -47.099  -34.472  43.581 0.0000000000
54239  -50.208  -30.934  28.618 0.0000000000
54249  -49.126  -31.051  27.501 0.0000000000
54238  -49.437  -30.478  28.323 0.0000000000
54237  -48.646  -29.953  28.001 0.0000000000
36736  -42.313  -49.652  45.901 0.0000000000
37698  -41.834  -49.178  44.959 0.0000000000
37699  -42.473  -48.442  44.551 0.0000000000
137210  -42.056  -35.384  33.442 0.0000000000
49752  -41.745  -35.040  32.839 0.0000000000
50635  -42.376  -34.700  33.254 0.0000000000
123120  -52.123  -32.764  35.480 0.0000000000
51567  -53.171  -32.998  35.035 0.0000000000
43853  -50.468  -41.482  46.860 0.0000000000
43862  -50.458  -41.519  45.674 0.0000000000
123502  -50.955  -41.302  46.179 0.0000000000
48905  -42.137  -36.223  33.891 0.0000000000
49745  -41.600  -35.823  33.080 0.0000000000
59741  -58.192  -24.058  35.713 0.0000000000
59756  -57.664  -24.375  34.512 0.0000000000
141653  -58.321  -24.500  34.195 0.0000000000
59775  -58.044  -24.643  33.626 0.0000000000
37642  -31.317  -48.491  47.517 0.0000000000
37666  -30.741  -48.204  46.810 0.0000000000
37667  -31.611  -48.284  46.659 0.0000000000
40593  -36.420  -44.823  33.670 0.0000000000
40611  -35.721  -44.926  33.130 0.0000000000
40612  -36.606  -45.094  32.929 0.0000000000
38736  -36.438  -46.524  32.620 0.0000000000
38737  -37.101  -46.161  32.702 0.0000000000
39563  -47.889  -46.866  39.304 0.0000000000
38664  -47.298  -47.554  38.703 0.0000000000
51498  -49.943  -32.581  40.178 0.0000000000
127403  -51.035  -32.582  40.440 0.0000000000
47877  -49.166  -38.010  47.022 0.0000000000
46974  -50.203  -38.720  45.923 0.0000000000
46952  -49.103  -38.180  46.215 0.0000000000
47955  -47.129  -38.166  40.883 0.0000000000
47059  -47.651  -38.574  40.144 0.0000000000
47093  -47.515  -38.957  38.519 0.0000000000
47076  -46.831  -38.535  38.936 0.0000000000
47092  -46.701  -38.647  38.194 0.0000000000
49718  -45.133  -35.548  38.621 0.0000000000
36724  -36.265  -49.867  46.467 0.0000000000
125255  -35.883  -49.189  44.887 0.0000000000
36732  -36.477  -49.594  45.592 0.0000000000
38639  -39.318  -46.958  40.354 0.0000000000
38638  -38.651  -47.320  40.595 0.0000000000
38650  -38.378  -46.744  39.480 0.0000000000
39559  -37.962  -46.579  38.986 0.0000000000
39544  -38.723  -46.331  38.903 0.0000000000
124381  -46.756  -32.986  34.719 0.0000000000
52540  -48.252  -32.512  30.680 0.0000000000
50660  -53.676  -34.633  29.964 0.0000000000
50672  -52.993  -34.771  29.444 0.0000000000
51647  -53.741  -34.356  29.543 0.0000000000
51648  -54.335  -33.826  29.874 0.0000000000
40441  -46.243  -45.478  46.038 0.0000000000
40449  -45.905  -45.238  45.513 0.0000000000
41350  -46.452  -44.794  45.827 0.0000000000
44992  -49.017  -40.869  41.429 0.0000000000
44991  -48.157  -40.861  41.221 0.0000000000
43104  -48.455  -42.212  40.353 0.0000000000
43950  -49.350  -41.927  40.732 0.0000000000
46167  -52.287  -40.371  40.392 0.0000000000
46152  -52.729  -40.343  41.061 0.0000000000
45033  -52.255  -40.808  40.120 0.0000000000
41414  -50.243  -45.309  38.331 0.0000000000
40531  -50.349  -46.267  38.413 0.0000000000
39588  -49.536  -46.541  37.546 0.0000000000
46226  -43.559  -39.640  34.561 0.0000000000
51468  -55.081  -33.038  42.661 0.0000000000
53324  -58.453  -31.217  39.527 0.0000000000
53315  -58.248  -31.560  40.205 0.0000000000
138566  -58.260  -32.239  38.961 0.0000000000
52477  -58.089  -32.511  38.731 0.0000000000
52476  -57.878  -32.593  37.959 0.0000000000
52479  -57.842  -32.448  36.855 0.0000000000
52485  -58.161  -32.053  36.511 0.0000000000
55138  -55.811  -29.631  35.243 0.0000000000
140602  -55.902  -30.567  34.094 0.0000000000
54182  -55.520  -29.933  34.556 0.0000000000
55154  -54.713  -29.458  34.310 0.0000000000
60613  -55.283  -23.104  38.840 0.0000000000
141495  -55.883  -24.078  38.196 0.0000000000
58927  -53.689  -25.648  32.370 0.0000000000
57947  -53.331  -26.159  32.766 0.0000000000
57946  -52.809  -26.566  32.459 0.0000000000
57959  -52.334  -26.361  31.806 0.0000000000
58944  -52.677  -25.769  31.300 0.0000000000
58015  -54.464  -26.820  28.641 0.0000000000
57006  -54.009  -27.212  27.866 0.0000000000
58033  -53.853  -27.701  27.033 0.0000000000
56969  -59.971  -28.042  30.305 0.0000000000
37613  -25.832  -48.941  48.351 0.0000000000
39518  -27.930  -46.082  41.809 0.0000000000
120300  -27.082  -45.995  41.701 0.0000000000
40468  -26.581  -45.584  40.142 0.0000000000
40469  -27.540  -45.542  40.071 0.0000000000
38633  -33.231  -47.035  40.740 0.0000000000
39534  -32.741  -46.747  40.245 0.0000000000
39541  -32.668  -46.578  39.520 0.0000000000
39634  -29.646  -46.281  32.930 0.0000000000
42255  -43.447  -43.381  41.704 0.0000000000
41374  -42.979  -44.270  41.841 0.0000000000
41379  -42.892  -43.516  41.081 0.0000000000
40551  -42.875  -45.053  36.263 0.0000000000
41421  -42.409  -44.173  36.681 0.0000000000
40576  -42.290  -45.267  35.707 0.0000000000
144311  -41.826  -44.872  35.645 0.0000000000
39612  -42.396  -46.182  35.396 0.0000000000
50596  -46.886  -34.274  40.971 0.0000000000
51479  -47.466  -33.668  41.319 0.0000000000
51480  -48.054  -33.116  41.814 0.0000000000
52432  -48.758  -32.659  42.284 0.0000000000
52433  -49.816  -32.401  42.719 0.0000000000
48798  -47.571  -36.689  45.781 0.0000000000
47899  -47.697  -37.179  45.144 0.0000000000
144152  -47.363  -36.344  45.202 0.0000000000
48809  -46.856  -35.863  43.216 0.0000000000
48810  -47.153  -36.605  43.702 0.0000000000
138791  -46.923  -36.686  42.956 0.0000000000
47944  -46.652  -37.238  41.842 0.0000000000
48820  -46.586  -36.519  42.280 0.0000000000
48833  -46.290  -36.591  41.483 0.0000000000
50595  -46.530  -34.957  41.413 0.0000000000
135203  -46.361  -34.880  40.670 0.0000000000
53387  -48.568  -31.166  26.906 0.0000000000
55235  -47.575  -28.766  26.924 0.0000000000
56131  -47.751  -28.070  26.561 0.0000000000
35784  -38.740  -49.756  44.949 0.0000000000
35785  -39.585  -49.972  45.321 0.0000000000
37712  -41.139  -48.355  43.430 0.0000000000
37711  -40.425  -48.666  43.459 0.0000000000
132048  -40.645  -48.186  42.936 0.0000000000
37733  -39.688  -47.775  41.930 0.0000000000
38611  -40.921  -47.318  42.020 0.0000000000
50648  -41.811  -34.025  31.640 0.0000000000
51564  -49.927  -32.853  35.742 0.0000000000
51577  -49.607  -32.681  35.005 0.0000000000
130688  -52.977  -33.267  32.739 0.0000000000
51607  -53.786  -33.738  32.126 0.0000000000
51619  -53.690  -34.303  31.131 0.0000000000
42172  -48.351  -43.299  46.571 0.0000000000
42197  -48.186  -43.045  46.233 0.0000000000
43871  -49.810  -41.510  45.043 0.0000000000
122042  -48.862  -41.612  44.648 0.0000000000
44965  -49.148  -40.809  43.138 0.0000000000
43997  -48.868  -41.231  37.803 0.0000000000
142739  -48.885  -41.928  37.696 0.0000000000
42302  -47.352  -43.800  36.637 0.0000000000
42296  -47.900  -43.438  36.994 0.0000000000
41412  -48.097  -44.204  37.110 0.0000000000
41424  -47.503  -44.679  36.632 0.0000000000
40555  -47.726  -45.596  36.579 0.0000000000
47147  -42.739  -38.300  34.118 0.0000000000
48036  -42.189  -37.930  33.582 0.0000000000
55058  -58.610  -28.880  39.475 0.0000000000
55080  -58.531  -29.479  38.632 0.0000000000
56902  -57.069  -26.856  38.719 0.0000000000
56910  -57.229  -27.965  38.202 0.0000000000
56018  -56.755  -28.452  37.413 0.0000000000
56028  -56.404  -28.885  36.615 0.0000000000
56908  -56.032  -27.900  37.113 0.0000000000
60628  -57.370  -23.142  37.804 0.0000000000
60616  -57.808  -22.390  38.293 0.0000000000
139119  -56.234  -23.863  36.898 0.0000000000
59739  -56.248  -24.166  35.719 0.0000000000
125495  -56.309  -24.684  33.433 0.0000000000
59773  -55.605  -24.734  33.809 0.0000000000
59790  -54.945  -25.041  33.247 0.0000000000
59804  -54.978  -25.092  32.298 0.0000000000
125834  -54.273  -25.304  31.870 0.0000000000
59805  -55.622  -25.066  31.912 0.0000000000
58948  -56.867  -25.382  31.243 0.0000000000
58947  -55.998  -25.172  31.247 0.0000000000
58966  -56.418  -25.669  30.616 0.0000000000
57978  -55.899  -26.092  29.943 0.0000000000
58018  -60.896  -27.057  28.837 0.0000000000
57011  -60.211  -28.006  28.951 0.0000000000
37639  -28.623  -48.396  47.685 0.0000000000
37665  -28.130  -48.201  46.965 0.0000000000
38522  -29.027  -48.149  46.929 0.0000000000
139614  -30.059  -47.475  44.914 0.0000000000
38574  -29.396  -47.325  44.849 0.0000000000
128868  -28.751  -46.453  42.945 0.0000000000
39500  -29.443  -46.704  43.365 0.0000000000
39595  -34.679  -45.805  36.937 0.0000000000
39594  -33.734  -45.710  36.877 0.0000000000
40545  -34.208  -45.427  35.989 0.0000000000
40610  -34.130  -44.892  33.152 0.0000000000
40590  -33.457  -44.742  33.960 0.0000000000
40609  -33.143  -44.865  32.919 0.0000000000
40608  -32.274  -44.959  32.797 0.0000000000
40622  -32.752  -45.408  32.277 0.0000000000
129452  -32.820  -46.678  32.037 0.0000000000
39645  -33.215  -46.010  31.988 0.0000000000
38719  -35.647  -47.832  32.905 0.0000000000
37825  -34.896  -47.762  32.756 0.0000000000
42280  -45.442  -43.352  38.723 0.0000000000
43128  -44.671  -42.812  38.712 0.0000000000
40529  -45.415  -45.933  37.816 0.0000000000
137850  -45.148  -45.039  37.882 0.0000000000
40528  -44.701  -45.512  37.442 0.0000000000
40553  -44.223  -45.859  36.933 0.0000000000
39585  -44.943  -46.459  37.366 0.0000000000
49738  -43.857  -35.174  35.838 0.0000000000
50631  -43.869  -34.645  35.103 0.0000000000
132314  -44.395  -34.495  35.629 0.0000000000
137225  -46.375  -33.749  36.864 0.0000000000
50625  -45.845  -33.808  36.364 0.0000000000
121116  -46.795  -33.422  36.218 0.0000000000
51513  -47.645  -33.479  39.431 0.0000000000
50613  -47.020  -33.760  38.848 0.0000000000
51528  -48.867  -33.236  37.756 0.0000000000
51543  -48.623  -33.330  37.179 0.0000000000
120898  -49.430  -33.145  37.034 0.0000000000
121318  -49.295  -33.056  36.242 0.0000000000
121914  -51.575  -32.861  38.187 0.0000000000
144294  -52.075  -32.952  37.947 0.0000000000
46045  -51.768  -39.538  46.850 0.0000000000
46046  -52.384  -39.822  46.098 0.0000000000
46072  -52.198  -39.594  45.997 0.0000000000
46997  -51.066  -39.068  44.324 0.0000000000
138612  -52.063  -39.374  43.901 0.0000000000
46119  -52.198  -39.464  41.902 0.0000000000
47031  -51.030  -39.116  42.216 0.0000000000
47918  -48.113  -38.098  43.834 0.0000000000
47029  -48.632  -38.437  42.557 0.0000000000
47060  -48.835  -38.798  40.365 0.0000000000
47079  -49.653  -39.119  39.793 0.0000000000
46150  -50.755  -39.370  40.035 0.0000000000
46181  -49.844  -39.803  38.751 0.0000000000
46180  -48.925  -39.554  38.533 0.0000000000
46211  -47.207  -39.904  37.091 0.0000000000
46197  -47.743  -39.743  37.634 0.0000000000
45076  -47.022  -40.507  36.808 0.0000000000
45075  -46.349  -40.604  36.316 0.0000000000
46209  -45.841  -39.322  36.309 0.0000000000
47143  -45.197  -38.977  35.946 0.0000000000
47981  -45.579  -37.154  39.047 0.0000000000
47997  -44.471  -37.146  37.530 0.0000000000
48015  -44.261  -37.456  36.606 0.0000000000
48895  -43.686  -37.008  36.219 0.0000000000
135259  -43.946  -35.602  36.456 0.0000000000
58915  -62.232  -25.517  33.602 0.0000000000
58934  -62.707  -26.067  32.974 0.0000000000
57950  -62.318  -26.648  32.277 0.0000000000
57951  -63.129  -26.445  32.313 0.0000000000
57982  -63.506  -26.592  30.964 0.0000000000
57998  -63.352  -26.438  30.195 0.0000000000
57997  -62.444  -26.864  29.856 0.0000000000
36721  -33.839  -49.142  47.176 0.0000000000
137804  -33.491  -48.722  46.279 0.0000000000
37669  -34.169  -48.823  45.791 0.0000000000
37707  -34.890  -48.398  43.389 0.0000000000
37706  -34.072  -48.179  43.530 0.0000000000
143504  -34.446  -48.163  43.052 0.0000000000
38610  -34.380  -47.695  41.839 0.0000000000
37729  -35.194  -47.950  41.907 0.0000000000
36761  -37.991  -48.851  43.440 0.0000000000
37710  -37.289  -48.768  43.308 0.0000000000
38637  -37.197  -47.445  40.290 0.0000000000
37739  -36.736  -47.840  41.277 0.0000000000
38636  -36.274  -47.478  40.362 0.0000000000
120414  -35.418  -47.389  40.361 0.0000000000
38648  -35.854  -47.076  39.588 0.0000000000
120316  -35.427  -46.568  38.531 0.0000000000
39580  -36.105  -46.468  38.369 0.0000000000
39582  -37.697  -45.846  37.770 0.0000000000
39598  -37.075  -45.678  37.233 0.0000000000
40571  -36.922  -44.878  35.265 0.0000000000
127486  -37.703  -44.819  35.650 0.0000000000
139491  -44.808  -33.611  34.242 0.0000000000
51604  -45.178  -32.846  33.041 0.0000000000
52510  -45.060  -32.658  32.268 0.0000000000
52503  -48.554  -32.450  33.566 0.0000000000
52502  -47.682  -32.532  33.555 0.0000000000
52514  -48.090  -32.419  32.689 0.0000000000
51631  -51.246  -34.242  30.198 0.0000000000
51645  -51.003  -34.792  29.280 0.0000000000
50683  -51.836  -34.987  28.655 0.0000000000
51661  -51.245  -34.544  28.029 0.0000000000
53371  -50.869  -31.382  28.802 0.0000000000
53363  -52.285  -31.668  29.576 0.0000000000
38562  -44.596  -47.779  46.023 0.0000000000
123381  -44.397  -47.375  45.247 0.0000000000
38581  -44.694  -46.779  45.042 0.0000000000
134854  -45.170  -44.505  44.347 0.0000000000
41368  -45.024  -45.309  44.573 0.0000000000
130413  -44.603  -44.957  43.905 0.0000000000
41370  -44.107  -44.579  43.260 0.0000000000
41367  -44.642  -44.060  43.611 0.0000000000
133269  -46.537  -43.285  44.837 0.0000000000
43018  -46.801  -42.375  44.352 0.0000000000
43929  -46.559  -41.224  41.339 0.0000000000
43074  -45.868  -41.786  42.975 0.0000000000
43903  -45.785  -41.580  41.965 0.0000000000
43090  -44.995  -41.883  41.448 0.0000000000
135080  -45.757  -41.561  41.094 0.0000000000
43103  -45.287  -41.745  40.420 0.0000000000
43964  -45.851  -41.852  39.812 0.0000000000
42267  -47.421  -43.372  39.697 0.0000000000
41383  -48.015  -44.531  39.796 0.0000000000
40486  -48.544  -45.532  39.953 0.0000000000
44957  -53.878  -40.058  44.354 0.0000000000
44956  -53.061  -40.511  44.911 0.0000000000
44968  -53.367  -40.426  43.884 0.0000000000
43932  -52.637  -41.713  41.326 0.0000000000
44995  -52.861  -41.013  42.064 0.0000000000
43931  -51.655  -41.839  41.515 0.0000000000
43952  -52.472  -42.582  41.198 0.0000000000
138929  -50.677  -42.121  38.728 0.0000000000
122943  -51.960  -44.754  40.023 0.0000000000
42270  -52.374  -44.318  40.592 0.0000000000
143101  -52.113  -44.544  40.939 0.0000000000
38656  -51.668  -47.074  40.005 0.0000000000
39548  -51.464  -47.148  40.125 0.0000000000
39547  -50.357  -46.922  40.261 0.0000000000
38655  -51.155  -47.646  39.738 0.0000000000
36662  -28.028  -49.330  49.977 0.0000000000
36690  -33.535  -49.509  48.684 0.0000000000
142276  -38.377  -50.553  46.649 0.0000000000
120984  -43.810  -49.526  47.422 0.0000000000
36727  -43.939  -48.994  46.881 0.0000000000
122143  -44.285  -48.896  47.259 0.0000000000
39466  -46.297  -46.382  46.752 0.0000000000
141055  -46.361  -46.581  47.442 0.0000000000
41262  -46.352  -44.253  49.345 0.0000000000
41285  -46.627  -44.872  48.816 0.0000000000
41286  -47.354  -44.903  48.196 0.0000000000
41312  -47.637  -44.675  47.318 0.0000000000
128772  -47.836  -44.381  48.160 0.0000000000
42967  -48.317  -42.818  48.156 0.0000000000
138946  -48.664  -42.175  48.030 0.0000000000
43834  -48.724  -41.457  48.330 0.0000000000
44918  -49.031  -40.569  48.539 0.0000000000
139350  -49.927  -40.252  48.487 0.0000000000
45998  -50.590  -39.729  48.147 0.0000000000
46930  -49.213  -38.138  48.956 0.0000000000
47872  -49.449  -38.096  48.413 0.0000000000
136602  -48.497  -32.406  45.771 0.0000000000
126292  -48.609  -32.484  45.060 0.0000000000
52387  -49.231  -32.053  45.510 0.0000000000
142465  -51.194  -31.712  45.413 0.0000000000
52389  -50.237  -31.819  45.190 0.0000000000
52418  -50.501  -32.208  43.544 0.0000000000
123750  -51.392  -32.279  43.478 0.0000000000
52420  -53.447  -32.691  43.599 0.0000000000
122059  -52.882  -32.537  44.104 0.0000000000
52436  -52.782  -32.565  43.288 0.0000000000
52435  -52.041  -32.468  42.834 0.0000000000
51465  -52.438  -32.583  42.003 0.0000000000
143735  -52.395  -32.685  40.895 0.0000000000
51484  -52.839  -32.697  41.295 0.0000000000
127921  -54.392  -33.072  40.511 0.0000000000
51501  -53.486  -32.888  40.672 0.0000000000
51519  -53.846  -33.116  39.781 0.0000000000
51534  -54.268  -33.347  38.992 0.0000000000
52452  -57.700  -32.186  41.076 0.0000000000
51487  -56.339  -33.018  41.992 0.0000000000
51504  -56.705  -33.077  41.018 0.0000000000
51545  -56.731  -33.340  37.459 0.0000000000
51536  -56.528  -33.467  38.390 0.0000000000
51544  -55.874  -33.515  37.735 0.0000000000
120892  -55.165  -33.474  37.075 0.0000000000
138104  -54.914  -33.405  35.558 0.0000000000
120890  -55.470  -33.444  36.127 0.0000000000
51584  -56.816  -33.173  34.187 0.0000000000
51582  -55.925  -33.415  34.038 0.0000000000
142856  -55.992  -33.490  33.310 0.0000000000
51596  -55.996  -33.517  32.831 0.0000000000
51610  -56.354  -33.207  32.854 0.0000000000
54170  -58.025  -30.619  36.300 0.0000000000
53338  -58.197  -31.430  35.898 0.0000000000
54175  -57.840  -30.939  35.488 0.0000000000
53348  -56.396  -31.698  33.043 0.0000000000
53349  -57.017  -31.881  33.613 0.0000000000
53353  -56.157  -32.260  32.272 0.0000000000
53359  -55.746  -32.744  31.617 0.0000000000
53358  -55.054  -32.452  31.143 0.0000000000
54214  -54.432  -31.553  31.533 0.0000000000
54213  -53.509  -31.195  31.243 0.0000000000
125092  -51.912  -30.851  30.308 0.0000000000
54220  -52.078  -30.168  31.098 0.0000000000
57903  -55.309  -25.429  37.193 0.0000000000
57904  -55.463  -26.038  37.457 0.0000000000
59753  -55.105  -24.842  35.415 0.0000000000
58882  -54.276  -25.842  34.915 0.0000000000
123948  -53.721  -27.041  34.019 0.0000000000
56930  -54.206  -27.803  34.832 0.0000000000
56046  -53.823  -27.889  34.202 0.0000000000
56054  -53.993  -28.902  33.994 0.0000000000
56945  -53.061  -28.184  33.115 0.0000000000
127647  -51.920  -27.961  31.977 0.0000000000
56084  -51.049  -28.986  31.204 0.0000000000
56083  -50.496  -28.355  30.800 0.0000000000
55218  -49.996  -28.745  30.201 0.0000000000
56082  -49.980  -27.745  30.246 0.0000000000
137369  -50.638  -26.592  29.919 0.0000000000
56986  -50.054  -26.970  29.749 0.0000000000
58010  -49.682  -26.823  28.890 0.0000000000
57023  -49.121  -26.999  27.367 0.0000000000
58030  -49.794  -26.671  27.904 0.0000000000
58962  -52.460  -25.671  30.477 0.0000000000
58978  -53.129  -25.583  29.860 0.0000000000
58032  -52.428  -26.641  27.634 0.0000000000
57024  -51.792  -26.752  26.980 0.0000000000
58042  -50.860  -26.736  26.564 0.0000000000
58930  -59.234  -25.651  32.262 0.0000000000
56968  -58.516  -27.742  30.014 0.0000000000
57960  -58.612  -26.843  30.806 0.0000000000
57996  -57.514  -27.447  29.704 0.0000000000
57995  -56.589  -27.144  29.482 0.0000000000
56988  -57.173  -28.177  29.012 0.0000000000
56114  -59.276  -28.473  28.654 0.0000000000
56099  -59.102  -28.637  28.964 0.0000000000
56113  -58.599  -28.714  28.387 0.0000000000
56111  -57.363  -29.041  27.789 0.0000000000
126149  -27.157  -47.614  45.670 0.0000000000
37680  -26.208  -47.870  45.970 0.0000000000
126654  -26.513  -47.465  45.069 0.0000000000
39508  -25.531  -46.585  42.667 0.0000000000
38590  -25.292  -46.957  43.382 0.0000000000
39529  -24.693  -46.007  40.409 0.0000000000
40477  -25.526  -45.629  39.046 0.0000000000
40476  -24.951  -45.753  38.535 0.0000000000
40494  -25.543  -45.614  38.120 0.0000000000
40516  -25.480  -45.600  37.211 0.0000000000
38577  -32.449  -47.671  44.172 0.0000000000
38576  -31.572  -47.577  44.413 0.0000000000
38593  -31.809  -47.325  43.587 0.0000000000
39532  -30.872  -46.415  40.638 0.0000000000
39531  -29.991  -46.270  41.035 0.0000000000
40482  -30.115  -46.138  40.023 0.0000000000
39593  -32.887  -45.669  36.914 0.0000000000
39576  -32.302  -45.987  38.068 0.0000000000
40522  -32.025  -45.666  37.232 0.0000000000
40540  -29.570  -45.166  36.691 0.0000000000
40520  -30.198  -45.458  37.382 0.0000000000
40519  -29.353  -45.375  37.573 0.0000000000
40497  -29.104  -45.530  38.550 0.0000000000
120927  -28.639  -45.327  37.771 0.0000000000
120928  -27.947  -45.248  37.620 0.0000000000
37808  -32.467  -48.417  33.009 0.0000000000
37807  -31.556  -48.466  33.133 0.0000000000
38597  -43.381  -47.095  43.922 0.0000000000
38596  -42.679  -47.405  43.688 0.0000000000
38614  -42.651  -46.945  43.228 0.0000000000
40473  -41.950  -45.444  41.250 0.0000000000
39523  -41.746  -46.335  41.650 0.0000000000
124990  -41.364  -46.016  40.933 0.0000000000
126171  -40.933  -46.547  40.959 0.0000000000
122605  -40.827  -45.973  40.347 0.0000000000
42278  -43.278  -43.093  38.430 0.0000000000
143835  -42.629  -43.147  39.576 0.0000000000
42277  -42.475  -43.239  38.729 0.0000000000
125241  -41.327  -43.837  37.462 0.0000000000
41391  -41.201  -44.061  38.355 0.0000000000
41390  -40.590  -44.390  37.989 0.0000000000
40500  -40.657  -44.890  38.917 0.0000000000
40526  -39.899  -44.737  37.676 0.0000000000
39584  -39.307  -45.606  38.327 0.0000000000
41406  -39.898  -44.403  36.709 0.0000000000
40574  -40.851  -44.886  34.962 0.0000000000
41428  -40.013  -44.553  34.884 0.0000000000
40596  -39.591  -44.940  34.081 0.0000000000
39622  -39.873  -45.747  33.706 0.0000000000
37768  -45.172  -48.792  36.854 0.0000000000
38687  -44.515  -47.642  36.653 0.0000000000
37767  -44.584  -48.483  36.511 0.0000000000
36845  -42.961  -49.160  35.554 0.0000000000
37780  -43.295  -48.460  35.684 0.0000000000
37779  -42.503  -48.341  35.274 0.0000000000
38696  -41.791  -47.749  34.838 0.0000000000
37778  -41.575  -48.697  34.930 0.0000000000
36864  -39.865  -49.166  34.532 0.0000000000
37796  -40.246  -48.329  34.231 0.0000000000
37795  -39.382  -48.519  34.041 0.0000000000
38723  -39.228  -47.016  33.390 0.0000000000
37815  -38.916  -47.883  33.547 0.0000000000
50575  -47.023  -34.356  42.651 0.0000000000
51463  -47.449  -33.696  42.239 0.0000000000
141457  -47.129  -34.954  45.709 0.0000000000
49671  -47.150  -35.699  44.815 0.0000000000
49682  -46.649  -35.689  42.527 0.0000000000
49676  -46.776  -35.042  42.967 0.0000000000
138196  -49.726  -32.123  27.392 0.0000000000
54259  -47.944  -30.721  26.510 0.0000000000
54258  -47.489  -30.324  26.011 0.0000000000
55236  -47.941  -29.309  27.541 0.0000000000
56108  -48.488  -28.867  28.427 0.0000000000
36734  -40.777  -49.919  45.461 0.0000000000
36746  -40.362  -49.640  44.838 0.0000000000
127158  -41.094  -49.562  45.034 0.0000000000
37725  -41.695  -47.847  43.299 0.0000000000
51578  -50.615  -32.638  35.062 0.0000000000
137907  -51.294  -32.686  35.493 0.0000000000
51579  -51.637  -32.640  34.704 0.0000000000
123004  -52.107  -32.791  33.534 0.0000000000
42986  -49.047  -42.802  46.770 0.0000000000
42997  -48.897  -42.468  45.994 0.0000000000
129982  -47.426  -42.040  36.791 0.0000000000
43144  -47.322  -42.936  36.655 0.0000000000
42307  -46.049  -43.859  35.857 0.0000000000
41431  -45.476  -44.365  35.439 0.0000000000
48899  -42.621  -36.547  34.610 0.0000000000
48029  -42.510  -37.319  34.204 0.0000000000
132884  -41.986  -37.149  33.612 0.0000000000
60641  -57.744  -23.683  36.746 0.0000000000
59740  -57.135  -24.075  35.563 0.0000000000
59792  -56.740  -24.822  32.724 0.0000000000
59807  -57.313  -25.110  31.953 0.0000000000
38523  -29.887  -48.161  46.891 0.0000000000
38540  -29.401  -47.896  46.194 0.0000000000
38541  -30.213  -47.959  46.127 0.0000000000
38575  -30.709  -47.525  44.651 0.0000000000
139320  -35.570  -45.108  35.240 0.0000000000
40569  -34.775  -45.017  34.952 0.0000000000
40592  -35.607  -44.844  34.239 0.0000000000
140886  -34.955  -44.982  32.924 0.0000000000
135760  -34.553  -45.407  32.483 0.0000000000
131044  -34.104  -46.067  32.146 0.0000000000
39646  -35.007  -46.104  32.341 0.0000000000
37812  -36.141  -48.270  33.308 0.0000000000
41395  -46.406  -44.848  38.822 0.0000000000
41394  -45.512  -44.358  38.376 0.0000000000
39561  -46.153  -46.327  38.242 0.0000000000
39587  -46.361  -47.162  38.158 0.0000000000
49733  -44.907  -34.738  37.166 0.0000000000
140204  -45.195  -34.278  36.561 0.0000000000
50619  -46.357  -33.928  37.562 0.0000000000
51514  -48.572  -33.111  39.278 0.0000000000
51515  -49.577  -32.818  39.337 0.0000000000
51530  -50.226  -32.852  38.658 0.0000000000
51531  -51.302  -32.762  38.931 0.0000000000
130934  -52.103  -32.767  39.712 0.0000000000
46954  -51.281  -39.173  46.616 0.0000000000
47017  -49.910  -38.739  43.745 0.0000000000
47028  -47.698  -38.116  42.529 0.0000000000
123432  -48.281  -38.422  41.823 0.0000000000
47043  -48.005  -38.516  41.029 0.0000000000
47078  -48.623  -38.950  39.549 0.0000000000
47094  -48.394  -39.150  38.828 0.0000000000
46196  -46.936  -39.367  37.250 0.0000000000
47112  -46.519  -38.784  37.485 0.0000000000
47111  -45.752  -38.406  37.223 0.0000000000
49704  -45.299  -36.162  39.198 0.0000000000
48863  -44.691  -36.364  38.136 0.0000000000
137274  -44.379  -36.207  37.490 0.0000000000
36723  -35.358  -49.575  46.675 0.0000000000
36730  -34.853  -49.097  45.794 0.0000000000
36742  -35.113  -48.938  45.004 0.0000000000
37697  -35.378  -48.755  44.189 0.0000000000
37708  -35.712  -48.597  43.414 0.0000000000
125145  -38.307  -48.046  41.903 0.0000000000
37731  -37.575  -48.033  41.735 0.0000000000
37741  -38.145  -47.698  41.189 0.0000000000
128794  -37.903  -47.466  40.544 0.0000000000
38649  -37.266  -47.027  39.577 0.0000000000
142038  -36.849  -46.510  38.605 0.0000000000
38662  -37.321  -46.690  39.061 0.0000000000
129732  -38.069  -46.239  38.488 0.0000000000
144406  -45.779  -33.221  34.359 0.0000000000
51591  -46.280  -32.937  34.127 0.0000000000
52500  -46.008  -32.758  33.284 0.0000000000
121088  -48.886  -32.398  32.131 0.0000000000
52530  -48.105  -32.424  31.666 0.0000000000
51618  -52.933  -34.548  30.620 0.0000000000
50657  -51.820  -34.952  29.512 0.0000000000
50658  -52.580  -34.910  29.772 0.0000000000
50684  -52.426  -34.850  28.800 0.0000000000
52569  -52.487  -34.396  28.610 0.0000000000
52554  -52.827  -33.581  28.803 0.0000000000
53373  -52.947  -32.488  29.366 0.0000000000
39486  -45.444  -46.516  45.924 0.0000000000
39494  -45.126  -46.265  45.249 0.0000000000
40440  -45.694  -45.864  45.695 0.0000000000
41362  -45.571  -44.922  44.981 0.0000000000
42223  -45.916  -44.007  44.784 0.0000000000
122028  -47.363  -41.211  43.034 0.0000000000
43047  -46.626  -41.692  43.433 0.0000000000
43905  -47.422  -40.825  41.956 0.0000000000
43930  -47.390  -40.960  41.054 0.0000000000
43948  -47.042  -41.353  40.543 0.0000000000
43965  -46.725  -41.820  40.051 0.0000000000
43966  -47.506  -41.808  40.275 0.0000000000
46137  -53.551  -40.149  42.468 0.0000000000
44979  -53.880  -40.434  42.942 0.0000000000
46153  -53.204  -40.370  41.865 0.0000000000
45017  -52.811  -41.098  41.552 0.0000000000
41397  -52.020  -45.848  40.092 0.0000000000
40504  -51.219  -46.008  39.318 0.0000000000
39564  -51.294  -46.894  39.479 0.0000000000
37649  -44.583  -48.733  47.629 0.0000000000
36698  -44.395  -48.770  48.384 0.0000000000
42130  -47.228  -43.265  49.091 0.0000000000
45973  -48.712  -38.988  49.425 0.0000000000
53261  -49.216  -31.647  47.213 0.0000000000
53262  -50.096  -31.340  46.739 0.0000000000
138861  -50.738  -31.520  46.009 0.0000000000
52368  -51.641  -31.476  46.059 0.0000000000
124350  -53.586  -32.611  44.410 0.0000000000
51450  -53.963  -32.800  43.107 0.0000000000
51485  -53.640  -32.799  41.604 0.0000000000
127600  -54.392  -32.906  42.679 0.0000000000
51486  -54.471  -32.987  41.961 0.0000000000
51502  -54.914  -33.098  41.207 0.0000000000
54134  -58.043  -31.015  40.767 0.0000000000
53314  -58.001  -31.753  40.724 0.0000000000
52462  -57.736  -32.757  40.198 0.0000000000
51522  -57.166  -33.145  40.108 0.0000000000
137111  -57.663  -32.964  39.577 0.0000000000
51537  -57.321  -33.140  38.175 0.0000000000
51569  -56.325  -33.350  35.836 0.0000000000
51558  -56.853  -33.186  36.504 0.0000000000
51571  -57.363  -32.740  35.399 0.0000000000
51585  -57.291  -32.804  34.696 0.0000000000
54174  -57.175  -30.471  35.392 0.0000000000
54184  -57.429  -31.163  34.812 0.0000000000
54183  -56.526  -30.539  34.695 0.0000000000
54193  -55.760  -30.943  33.437 0.0000000000
54201  -55.595  -31.406  32.646 0.0000000000
54200  -54.676  -31.057  32.349 0.0000000000
54192  -54.913  -30.614  33.152 0.0000000000
55180  -54.024  -30.205  32.854 0.0000000000
127558  -55.859  -23.990  38.724 0.0000000000
140220  -55.696  -24.646  37.934 0.0000000000
58911  -54.384  -25.425  33.685 0.0000000000
58896  -53.983  -25.834  34.053 0.0000000000
57935  -53.595  -26.448  33.530 0.0000000000
56944  -52.867  -27.329  32.808 0.0000000000
123613  -52.293  -27.149  32.255 0.0000000000
56966  -50.588  -27.581  30.817 0.0000000000
56967  -50.997  -26.938  31.066 0.0000000000
57976  -51.106  -26.427  30.393 0.0000000000
57991  -51.192  -26.198  29.626 0.0000000000
57994  -53.840  -25.970  29.229 0.0000000000
57993  -52.866  -25.902  29.009 0.0000000000
58014  -53.054  -26.526  28.164 0.0000000000
57948  -60.662  -26.693  32.046 0.0000000000
57961  -59.900  -27.435  31.060 0.0000000000
57980  -59.296  -27.617  30.545 0.0000000000
56990  -58.896  -28.493  29.369 0.0000000000
56127  -58.247  -28.674  27.525 0.0000000000
56126  -57.699  -28.948  27.489 0.0000000000
37679  -25.204  -48.109  46.019 0.0000000000
39489  -27.412  -46.831  43.798 0.0000000000
38572  -26.652  -47.098  44.227 0.0000000000
138411  -26.491  -46.336  42.494 0.0000000000
131146  -26.266  -46.037  41.564 0.0000000000
39516  -25.377  -46.080  41.268 0.0000000000
136776  -26.135  -45.851  40.872 0.0000000000
40478  -26.347  -45.485  39.208 0.0000000000
40495  -26.792  -45.341  38.460 0.0000000000
38608  -32.829  -47.334  42.427 0.0000000000
38607  -32.014  -47.153  42.715 0.0000000000
39522  -32.431  -46.894  40.947 0.0000000000
39533  -31.813  -46.572  40.117 0.0000000000
39540  -31.312  -46.311  39.300 0.0000000000
40565  -31.625  -44.991  35.533 0.0000000000
40542  -31.371  -45.296  36.436 0.0000000000
40563  -29.819  -44.920  35.792 0.0000000000
40562  -28.495  -45.036  35.760 0.0000000000
40603  -28.125  -45.744  33.784 0.0000000000
143281  -28.940  -46.835  33.148 0.0000000000
38717  -29.532  -47.315  32.979 0.0000000000
138498  -30.096  -48.569  33.469 0.0000000000
40456  -43.607  -45.136  42.966 0.0000000000
40455  -43.017  -45.752  42.635 0.0000000000
40462  -42.617  -45.168  41.910 0.0000000000
122545  -41.905  -44.512  40.493 0.0000000000
41409  -42.897  -43.797  37.262 0.0000000000
42293  -42.661  -43.420  37.879 0.0000000000
41420  -41.479  -44.063  36.587 0.0000000000
41419  -40.624  -44.230  36.178 0.0000000000
138666  -41.280  -44.546  35.704 0.0000000000
40597  -41.062  -45.815  34.585 0.0000000000
35906  -41.758  -50.156  35.468 0.0000000000
36843  -41.234  -49.558  35.127 0.0000000000
50612  -46.251  -34.365  39.185 0.0000000000
132082  -48.210  -33.033  40.822 0.0000000000
51481  -49.252  -32.614  40.861 0.0000000000
51482  -50.284  -32.515  41.049 0.0000000000
47889  -48.367  -37.871  45.568 0.0000000000
124744  -47.995  -37.356  45.995 0.0000000000
48802  -47.294  -36.478  44.513 0.0000000000
47015  -47.469  -37.512  43.270 0.0000000000
47058  -46.546  -37.860  40.266 0.0000000000
133149  -46.301  -37.901  39.392 0.0000000000
49688  -46.421  -35.724  41.823 0.0000000000
132327  -46.152  -35.716  41.061 0.0000000000
50603  -46.225  -34.670  39.951 0.0000000000
54267  -47.371  -30.388  25.273 0.0000000000
121005  -37.881  -50.255  46.066 0.0000000000
35775  -37.343  -49.734  45.349 0.0000000000
36744  -37.936  -49.568  44.691 0.0000000000
36755  -38.547  -49.222  44.009 0.0000000000
36762  -38.585  -48.721  43.211 0.0000000000
120964  -40.171  -49.214  44.021 0.0000000000
36756  -39.465  -48.848  43.469 0.0000000000
36763  -38.986  -48.299  42.466 0.0000000000
38624  -39.502  -47.364  41.057 0.0000000000
38640  -40.013  -47.043  40.780 0.0000000000
51576  -48.289  -32.867  35.297 0.0000000000
129315  -48.859  -32.706  34.952 0.0000000000
52504  -49.414  -32.392  33.482 0.0000000000
52495  -50.020  -32.466  34.208 0.0000000000
52515  -49.621  -32.401  32.620 0.0000000000
52531  -49.725  -32.560  31.673 0.0000000000
52541  -49.725  -32.879  30.768 0.0000000000
143902  -49.636  -33.156  30.239 0.0000000000
52532  -50.642  -33.170  31.089 0.0000000000
51617  -51.512  -33.762  30.960 0.0000000000
51605  -52.173  -33.174  32.327 0.0000000000
121471  -52.198  -33.846  31.292 0.0000000000
50649  -53.558  -34.639  30.407 0.0000000000
51633  -54.209  -34.381  30.641 0.0000000000
41351  -47.066  -44.270  46.106 0.0000000000
42196  -47.489  -43.463  45.899 0.0000000000
43019  -47.929  -42.074  44.759 0.0000000000
43020  -48.850  -42.049  45.377 0.0000000000
127168  -48.286  -41.267  43.776 0.0000000000
43906  -48.204  -40.811  42.658 0.0000000000
44975  -49.113  -40.666  42.179 0.0000000000
45015  -49.545  -41.162  41.233 0.0000000000
45046  -50.499  -40.509  38.817 0.0000000000
45032  -51.625  -40.941  39.547 0.0000000000
43139  -48.899  -42.568  37.630 0.0000000000
122730  -49.954  -43.282  38.142 0.0000000000
41413  -49.079  -44.681  37.656 0.0000000000
40556  -48.555  -46.050  37.064 0.0000000000
40578  -47.218  -46.091  36.025 0.0000000000
39614  -46.755  -46.646  35.444 0.0000000000
47148  -43.418  -38.624  34.667 0.0000000000
46230  -42.911  -39.206  34.077 0.0000000000
46234  -41.854  -39.313  32.957 0.0000000000
47152  -41.753  -38.423  33.007 0.0000000000
54147  -58.641  -30.321  39.582 0.0000000000
54154  -58.561  -31.157  38.290 0.0000000000
53334  -58.328  -31.718  36.995 0.0000000000
54162  -58.517  -31.006  37.535 0.0000000000
55122  -58.292  -30.563  37.043 0.0000000000
55101  -57.885  -29.835  37.156 0.0000000000
137910  -57.822  -28.441  38.380 0.0000000000
56019  -57.479  -28.928  37.706 0.0000000000
136909  -57.532  -29.995  36.425 0.0000000000
55121  -56.905  -29.795  36.089 0.0000000000
56038  -56.049  -29.298  35.947 0.0000000000
56037  -55.335  -28.761  35.655 0.0000000000
59727  -56.058  -23.795  37.801 0.0000000000
59738  -55.743  -24.326  36.240 0.0000000000
58945  -53.492  -25.535  31.558 0.0000000000
58964  -54.156  -25.312  30.978 0.0000000000
58965  -54.944  -25.511  30.371 0.0000000000
124670  -54.906  -26.247  29.446 0.0000000000
58016  -55.404  -27.343  28.719 0.0000000000
123388  -60.763  -27.818  29.529 0.0000000000
133013  -60.285  -28.146  29.657 0.0000000000
57010  -59.437  -28.143  28.264 0.0000000000
37638  -26.824  -48.620  47.963 0.0000000000
127351  -27.729  -48.451  47.747 0.0000000000
38538  -27.668  -47.867  46.305 0.0000000000
38556  -28.074  -47.528  45.561 0.0000000000
38557  -28.959  -47.545  45.539 0.0000000000
38573  -28.541  -47.241  44.821 0.0000000000
39490  -28.221  -46.953  44.059 0.0000000000
39499  -28.091  -46.566  43.344 0.0000000000
39510  -28.058  -46.300  42.596 0.0000000000
40461  -28.558  -46.000  41.176 0.0000000000
39556  -33.956  -46.462  38.474 0.0000000000
39555  -33.208  -46.187  38.142 0.0000000000
138353  -33.350  -45.893  37.476 0.0000000000
40568  -33.781  -44.943  35.025 0.0000000000
40567  -32.877  -44.875  34.811 0.0000000000
40566  -32.369  -45.051  35.462 0.0000000000
127094  -31.928  -44.811  34.490 0.0000000000
39643  -31.529  -46.228  32.162 0.0000000000
37823  -32.883  -47.560  32.397 0.0000000000
38734  -34.527  -46.936  32.334 0.0000000000
37824  -33.954  -47.692  32.585 0.0000000000
43102  -44.469  -42.097  40.149 0.0000000000
42260  -43.105  -42.840  40.153 0.0000000000
43101  -43.838  -42.476  39.613 0.0000000000
43116  -43.894  -42.644  38.852 0.0000000000
42295  -44.238  -43.789  37.759 0.0000000000
141088  -44.828  -44.266  37.944 0.0000000000
41410  -43.693  -44.148  37.362 0.0000000000
40527  -44.002  -44.983  37.090 0.0000000000
40552  -43.609  -45.283  36.667 0.0000000000
39600  -43.534  -46.121  36.384 0.0000000000
122701  -43.180  -34.882  34.535 0.0000000000
50632  -44.697  -33.959  34.976 0.0000000000
51573  -45.442  -33.646  35.168 0.0000000000
121513  -46.769  -33.184  35.363 0.0000000000
51562  -47.609  -33.093  35.726 0.0000000000
50620  -47.169  -33.700  37.976 0.0000000000
141024  -48.074  -33.393  36.974 0.0000000000
51563  -48.473  -33.080  35.991 0.0000000000
120897  -50.439  -32.938  37.196 0.0000000000
51553  -51.000  -32.863  36.576 0.0000000000
51554  -51.962  -32.897  36.505 0.0000000000
142879  -52.760  -33.044  36.745 0.0000000000
43847  -50.835  -40.754  47.451 0.0000000000
43855  -51.876  -40.687  46.159 0.0000000000
44941  -52.092  -40.074  46.529 0.0000000000
46073  -52.979  -39.821  45.524 0.0000000000
46104  -53.890  -39.876  44.130 0.0000000000
145051  -52.162  -39.361  44.757 0.0000000000
124735  -53.113  -39.588  44.519 0.0000000000
135205  -53.899  -39.841  43.378 0.0000000000
46120  -53.300  -39.752  42.632 0.0000000000
46135  -52.110  -39.621  41.109 0.0000000000
46151  -51.844  -39.755  40.409 0.0000000000
46995  -49.124  -38.374  45.235 0.0000000000
47030  -49.785  -38.725  42.621 0.0000000000
130400  -49.175  -38.620  41.920 0.0000000000
47062  -51.038  -39.252  40.782 0.0000000000
46182  -50.779  -40.045  39.147 0.0000000000
45045  -49.706  -40.263  38.441 0.0000000000
45063  -49.110  -40.383  38.087 0.0000000000
46198  -48.591  -39.837  38.059 0.0000000000
45062  -48.356  -40.377  37.681 0.0000000000
128404  -48.100  -40.993  37.438 0.0000000000
44005  -47.523  -41.176  37.042 0.0000000000
44004  -46.831  -41.340  36.525 0.0000000000
43149  -45.895  -42.141  35.769 0.0000000000
44009  -45.412  -41.562  35.591 0.0000000000
46223  -45.975  -39.997  36.152 0.0000000000
135378  -45.006  -40.182  35.502 0.0000000000
46221  -44.786  -39.466  35.484 0.0000000000
47982  -46.134  -38.058  38.631 0.0000000000
47998  -45.306  -37.735  37.690 0.0000000000
48878  -45.034  -37.120  38.276 0.0000000000
47127  -44.772  -38.253  36.208 0.0000000000
47149  -43.928  -38.416  35.239 0.0000000000
48031  -43.470  -37.822  35.119 0.0000000000
48900  -43.008  -36.351  35.216 0.0000000000
59776  -59.026  -24.657  33.942 0.0000000000
59777  -60.125  -24.788  34.031 0.0000000000
58913  -60.585  -25.359  33.293 0.0000000000
58914  -61.434  -25.506  33.480 0.0000000000
58932  -61.053  -26.066  32.708 0.0000000000
57949  -61.490  -26.741  32.202 0.0000000000
57962  -61.074  -27.266  31.574 0.0000000000
56956  -61.340  -27.545  30.963 0.0000000000
58952  -63.818  -26.075  32.257 0.0000000000
57965  -63.403  -26.601  31.633 0.0000000000
57981  -62.844  -26.994  31.027 0.0000000000
56971  -61.497  -27.583  30.376 0.0000000000
56992  -61.506  -27.460  29.812 0.0000000000
58019  -61.663  -26.994  29.343 0.0000000000
58998  -61.767  -26.219  28.793 0.0000000000
58999  -62.703  -25.875  28.845 0.0000000000
37668  -32.495  -48.445  46.468 0.0000000000
37681  -31.916  -48.096  45.836 0.0000000000
37682  -32.807  -48.279  45.611 0.0000000000
37694  -33.046  -48.088  44.749 0.0000000000
38578  -33.269  -47.895  43.880 0.0000000000
37684  -34.362  -48.724  45.103 0.0000000000
37695  -33.827  -48.359  44.468 0.0000000000
38595  -33.443  -47.686  43.010 0.0000000000
38609  -33.583  -47.542  42.142 0.0000000000
38622  -33.746  -47.350  41.311 0.0000000000
38634  -33.981  -47.150  40.522 0.0000000000
36743  -36.661  -49.315  44.760 0.0000000000
37709  -36.483  -48.701  43.338 0.0000000000
141660  -36.077  -48.434  42.780 0.0000000000
134153  -35.995  -48.132  42.036 0.0000000000
38623  -34.957  -47.605  41.117 0.0000000000
38635  -34.666  -47.278  40.414 0.0000000000
39543  -34.314  -46.758  39.180 0.0000000000
39557  -34.724  -46.508  38.460 0.0000000000
39579  -35.247  -46.214  37.818 0.0000000000
39596  -35.594  -45.828  36.934 0.0000000000
39597  -36.397  -45.760  37.059 0.0000000000
40547  -36.105  -45.352  35.988 0.0000000000
130821  -36.939  -44.755  34.229 0.0000000000
40594  -37.271  -44.840  33.368 0.0000000000
50636  -43.093  -34.403  33.697 0.0000000000
51602  -43.401  -33.398  32.379 0.0000000000
51589  -44.574  -33.403  33.541 0.0000000000
51616  -43.827  -32.900  31.867 0.0000000000
52501  -46.834  -32.647  33.468 0.0000000000
52512  -46.606  -32.550  32.661 0.0000000000
52513  -47.288  -32.454  32.131 0.0000000000
52528  -46.442  -32.470  31.796 0.0000000000
52527  -45.488  -32.502  31.509 0.0000000000
50670  -51.513  -35.055  28.787 0.0000000000
52567  -51.097  -33.293  27.950 0.0000000000
53389  -50.384  -32.697  27.599 0.0000000000
53380  -50.664  -31.977  28.221 0.0000000000
134026  -50.573  -30.576  29.312 0.0000000000
37685  -43.482  -48.713  45.813 0.0000000000
37700  -43.247  -48.269  45.025 0.0000000000
39504  -43.980  -46.427  43.939 0.0000000000
40447  -44.953  -45.864  44.735 0.0000000000
40453  -44.467  -45.757  44.084 0.0000000000
40452  -43.741  -45.843  43.398 0.0000000000
41369  -43.589  -44.171  42.531 0.0000000000
42195  -46.683  -43.950  45.469 0.0000000000
141377  -46.140  -42.269  43.697 0.0000000000
43046  -45.477  -42.576  43.447 0.0000000000
42247  -44.643  -43.022  43.104 0.0000000000
43072  -44.522  -42.487  42.177 0.0000000000
43089  -44.114  -42.483  41.257 0.0000000000
128005  -45.113  -41.936  39.679 0.0000000000
43118  -45.456  -42.468  39.230 0.0000000000
42266  -46.247  -43.241  39.199 0.0000000000
40485  -47.348  -45.177  39.382 0.0000000000
40503  -47.832  -45.990  39.501 0.0000000000
43863  -51.736  -40.921  45.518 0.0000000000
44955  -51.740  -40.791  44.662 0.0000000000
44967  -51.474  -40.694  43.684 0.0000000000
44978  -53.340  -40.638  42.939 0.0000000000
44977  -52.100  -40.819  42.721 0.0000000000
129737  -50.905  -40.637  42.933 0.0000000000
139585  -51.022  -40.867  42.308 0.0000000000
44993  -50.280  -41.028  41.686 0.0000000000
43951  -50.223  -41.653  41.180 0.0000000000
43967  -52.317  -42.216  39.916 0.0000000000
43108  -52.785  -42.624  40.645 0.0000000000
42283  -52.071  -43.791  39.740 0.0000000000
43122  -52.602  -43.363  40.443 0.0000000000
43107  -52.670  -43.097  40.908 0.0000000000
43106  -51.877  -43.284  41.230 0.0000000000
121370  -50.641  -42.490  41.099 0.0000000000
43105  -50.050  -43.021  40.769 0.0000000000
42268  -49.957  -44.046  40.690 0.0000000000
41384  -49.636  -44.969  40.469 0.0000000000
125586  -51.879  -45.983  40.318 0.0000000000
41385  -51.162  -45.637  40.663 0.0000000000
40487  -49.985  -46.036  40.482 0.0000000000
38653  -49.395  -47.370  39.801 0.0000000000
45095  -42.949  -40.141  34.064 0.0000000000
52365  -47.925  -32.591  46.460 0.0000000000
52345  -48.408  -32.098  47.258 0.0000000000
37594  -27.664  -48.888  49.111 0.0000000000
37595  -28.581  -48.951  49.194 0.0000000000
37616  -29.066  -48.637  48.450 0.0000000000
37596  -29.457  -48.919  49.249 0.0000000000
37617  -29.979  -48.638  48.497 0.0000000000
37618  -31.036  -48.748  48.571 0.0000000000
37619  -31.959  -48.825  48.119 0.0000000000
36688  -31.988  -49.113  49.103 0.0000000000
137963  -32.601  -48.920  47.771 0.0000000000
140638  -34.701  -49.534  47.334 0.0000000000
122759  -36.888  -50.389  47.100 0.0000000000
35777  -39.820  -50.471  46.214 0.0000000000
35778  -40.693  -50.324  46.020 0.0000000000
35779  -41.196  -50.413  46.475 0.0000000000
36725  -42.708  -49.846  46.601 0.0000000000
36737  -43.066  -49.338  46.187 0.0000000000
37686  -44.060  -48.512  46.260 0.0000000000
37670  -44.461  -48.406  46.683 0.0000000000
140088  -44.868  -47.842  46.547 0.0000000000
38529  -45.311  -47.557  46.820 0.0000000000
38545  -45.155  -47.226  46.221 0.0000000000
39475  -45.694  -46.789  46.465 0.0000000000
40426  -46.558  -45.700  46.541 0.0000000000
40415  -47.067  -45.220  46.841 0.0000000000
41336  -47.346  -44.507  46.586 0.0000000000
41313  -47.991  -43.997  46.815 0.0000000000
42148  -48.528  -43.443  47.053 0.0000000000
42137  -48.031  -43.646  48.451 0.0000000000
42138  -48.385  -43.372  47.681 0.0000000000
42977  -49.685  -42.174  47.067 0.0000000000
43846  -50.113  -41.389  47.631 0.0000000000
43839  -49.738  -41.111  48.312 0.0000000000
44931  -50.926  -40.075  47.748 0.0000000000
46020  -51.183  -39.367  47.596 0.0000000000
46019  -50.735  -38.895  48.149 0.0000000000
46925  -49.399  -38.780  49.005 0.0000000000
46931  -49.882  -38.583  48.475 0.0000000000
138176  -49.467  -38.054  47.757 0.0000000000
125243  -48.676  -37.504  47.390 0.0000000000
48787  -48.454  -37.012  48.749 0.0000000000
48791  -48.297  -36.861  47.875 0.0000000000
49661  -47.162  -34.951  46.315 0.0000000000
50557  -47.267  -34.314  45.645 0.0000000000
51435  -48.045  -33.007  44.651 0.0000000000
52400  -48.844  -32.459  44.177 0.0000000000
52417  -49.570  -32.304  43.582 0.0000000000
52449  -50.609  -32.476  41.918 0.0000000000
53264  -52.053  -31.192  46.711 0.0000000000
52390  -51.961  -31.889  45.383 0.0000000000
52391  -52.789  -32.064  45.427 0.0000000000
52402  -52.341  -32.241  44.681 0.0000000000
52450  -51.600  -32.517  41.999 0.0000000000
51499  -51.924  -32.673  40.495 0.0000000000
51518  -52.944  -32.949  39.749 0.0000000000
121913  -52.809  -33.109  38.095 0.0000000000
120894  -53.203  -33.172  37.362 0.0000000000
51556  -53.558  -33.198  36.545 0.0000000000
51469  -55.802  -33.031  42.612 0.0000000000
51503  -55.823  -33.202  41.147 0.0000000000
127920  -55.262  -33.252  40.428 0.0000000000
143143  -56.695  -33.379  39.674 0.0000000000
127394  -56.166  -33.509  39.259 0.0000000000
51535  -55.199  -33.523  39.084 0.0000000000
121911  -54.865  -33.487  38.135 0.0000000000
120893  -54.154  -33.351  37.278 0.0000000000
51568  -53.977  -33.244  35.531 0.0000000000
51581  -54.005  -33.259  34.609 0.0000000000
120887  -54.519  -33.458  33.731 0.0000000000
120888  -55.713  -33.420  35.169 0.0000000000
141659  -55.240  -33.498  33.870 0.0000000000
120776  -54.616  -33.642  32.616 0.0000000000
51608  -55.355  -33.655  32.144 0.0000000000
51620  -54.951  -33.973  31.197 0.0000000000
144177  -58.274  -31.745  36.328 0.0000000000
52489  -57.646  -32.376  35.251 0.0000000000
52496  -57.168  -32.847  34.125 0.0000000000
53345  -57.463  -31.887  34.289 0.0000000000
52507  -57.202  -32.512  33.814 0.0000000000
52518  -56.245  -33.042  32.181 0.0000000000
125211  -55.528  -33.401  31.655 0.0000000000
51634  -54.677  -33.986  30.468 0.0000000000
137668  -54.258  -33.044  29.915 0.0000000000
52542  -53.583  -32.367  29.924 0.0000000000
54221  -53.353  -31.614  30.554 0.0000000000
53364  -52.799  -31.601  30.094 0.0000000000
54219  -50.999  -30.287  30.061 0.0000000000
57913  -54.578  -25.872  35.960 0.0000000000
57912  -54.164  -26.443  35.015 0.0000000000
56923  -54.424  -27.115  35.429 0.0000000000
56036  -54.663  -28.220  35.276 0.0000000000
55166  -53.532  -29.168  33.239 0.0000000000
55179  -53.226  -29.707  32.444 0.0000000000
55178  -52.431  -29.045  32.111 0.0000000000
55196  -52.128  -29.568  31.580 0.0000000000
55195  -51.644  -29.495  31.296 0.0000000000
54229  -50.226  -29.676  29.848 0.0000000000
55217  -49.652  -29.121  29.646 0.0000000000
55226  -49.126  -28.995  29.169 0.0000000000
56109  -48.949  -28.186  29.055 0.0000000000
123637  -49.136  -27.536  28.820 0.0000000000
57005  -48.548  -27.876  28.408 0.0000000000
57032  -48.360  -27.444  26.956 0.0000000000
58961  -51.762  -25.883  30.098 0.0000000000
58012  -51.265  -26.172  28.831 0.0000000000
58011  -50.520  -26.435  28.410 0.0000000000
58041  -49.943  -26.647  26.974 0.0000000000
140103  -50.145  -26.792  26.251 0.0000000000
59794  -58.642  -25.006  32.936 0.0000000000
58929  -58.283  -25.350  32.056 0.0000000000
58949  -57.864  -25.860  31.201 0.0000000000
122643  -56.903  -26.437  30.107 0.0000000000
56991  -59.546  -28.356  29.532 0.0000000000
56112  -58.042  -29.015  28.082 0.0000000000
56097  -57.711  -28.823  28.463 0.0000000000
57008  -55.945  -28.378  28.168 0.0000000000
37663  -26.401  -48.199  46.672 0.0000000000
37662  -25.637  -48.372  46.667 0.0000000000
38591  -25.940  -47.021  43.806 0.0000000000
136440  -23.280  -46.372  39.573 0.0000000000
39538  -24.607  -45.864  39.319 0.0000000000
38560  -31.309  -47.866  45.200 0.0000000000
38592  -30.941  -47.215  43.854 0.0000000000
39513  -31.385  -46.825  42.132 0.0000000000
39512  -30.559  -46.675  42.459 0.0000000000
139913  -29.893  -46.582  42.752 0.0000000000
126871  -29.808  -46.355  42.000 0.0000000000
136747  -29.281  -46.172  41.374 0.0000000000
40470  -28.406  -45.714  40.279 0.0000000000
39554  -32.552  -46.339  38.730 0.0000000000
137663  -31.729  -46.183  38.649 0.0000000000
39553  -30.823  -46.042  38.624 0.0000000000
121964  -31.035  -45.550  37.263 0.0000000000
136367  -30.701  -45.769  37.891 0.0000000000
40498  -29.962  -45.982  39.045 0.0000000000
40481  -29.170  -45.793  39.625 0.0000000000
40480  -28.199  -45.444  39.238 0.0000000000
120757  -27.598  -45.314  38.432 0.0000000000
40518  -27.154  -45.257  37.654 0.0000000000
137280  -26.786  -45.258  37.008 0.0000000000
127264  -26.802  -45.266  36.283 0.0000000000
40537  -26.165  -45.404  36.701 0.0000000000
37821  -30.963  -47.807  32.738 0.0000000000
37714  -42.292  -47.897  43.817 0.0000000000
39514  -42.423  -46.455  42.529 0.0000000000
136970  -41.853  -46.750  42.233 0.0000000000
38612  -41.621  -47.253  42.568 0.0000000000
38641  -40.657  -47.000  41.233 0.0000000000
136388  -40.325  -46.754  40.675 0.0000000000
39545  -39.793  -46.415  39.809 0.0000000000
42259  -42.455  -43.659  40.381 0.0000000000
41378  -41.472  -44.500  39.754 0.0000000000
42276  -41.904  -43.536  38.013 0.0000000000
41392  -41.660  -43.787  38.909 0.0000000000
40484  -40.920  -45.230  39.736 0.0000000000
40483  -40.272  -45.861  39.574 0.0000000000
39560  -39.556  -46.128  39.162 0.0000000000
40524  -38.441  -45.243  37.108 0.0000000000
41418  -39.931  -44.341  35.800 0.0000000000
40550  -39.176  -44.624  36.419 0.0000000000
40549  -38.443  -44.729  36.077 0.0000000000
40572  -38.552  -44.543  34.979 0.0000000000
136427  -38.782  -44.651  33.983 0.0000000000
127439  -38.272  -45.601  32.991 0.0000000000
38678  -46.603  -47.981  38.132 0.0000000000
38677  -45.747  -47.515  37.624 0.0000000000
125218  -46.002  -48.234  37.631 0.0000000000
140846  -45.349  -47.027  37.477 0.0000000000
38676  -45.021  -47.275  37.203 0.0000000000
38686  -43.789  -47.160  36.221 0.0000000000
36817  -43.887  -49.028  35.940 0.0000000000
38698  -43.203  -47.664  35.683 0.0000000000
39613  -43.078  -46.707  35.773 0.0000000000
39611  -41.725  -46.641  34.810 0.0000000000
39624  -41.048  -46.684  34.404 0.0000000000
37797  -41.050  -48.102  34.511 0.0000000000
38707  -40.570  -47.319  34.132 0.0000000000
39623  -40.525  -46.248  34.076 0.0000000000
140917  -39.410  -46.216  33.386 0.0000000000
39636  -38.741  -46.292  33.114 0.0000000000
39635  -37.860  -46.388  32.864 0.0000000000
134323  -37.717  -47.339  33.093 0.0000000000
37813  -37.093  -47.974  33.279 0.0000000000
36733  -38.120  -49.963  45.393 0.0000000000
36738  -43.617  -49.049  46.454 0.0000000000
36753  -36.898  -49.084  43.989 0.0000000000
37637  -26.064  -48.595  47.387 0.0000000000
37661  -24.757  -48.622  46.701 0.0000000000
37664  -27.111  -48.264  47.047 0.0000000000
37720  -34.728  -48.091  42.595 0.0000000000
37734  -40.448  -47.763  42.314 0.0000000000
38542  -31.045  -48.015  46.008 0.0000000000
38579  -43.727  -47.607  44.739 0.0000000000
38646  -34.318  -46.977  39.923 0.0000000000
38647  -34.973  -47.049  39.730 0.0000000000
38652  -39.801  -46.699  40.261 0.0000000000
38661  -35.833  -46.751  38.933 0.0000000000
38718  -30.180  -47.934  33.023 0.0000000000
38720  -36.341  -47.455  32.858 0.0000000000
38724  -39.963  -46.704  33.637 0.0000000000
38732  -32.087  -46.879  32.111 0.0000000000
39493  -44.605  -46.345  44.588 0.0000000000
39497  -26.640  -46.721  43.418 0.0000000000
39501  -30.334  -46.859  43.275 0.0000000000
39509  -27.384  -46.210  42.331 0.0000000000
39511  -29.343  -46.454  42.631 0.0000000000
39521  -32.224  -46.989  41.831 0.0000000000
39530  -25.648  -45.767  40.378 0.0000000000
39539  -30.629  -46.185  39.363 0.0000000000
39558  -37.444  -46.366  38.505 0.0000000000
39633  -28.606  -46.246  33.372 0.0000000000
39644  -32.366  -46.075  31.993 0.0000000000
39647  -35.850  -45.962  32.495 0.0000000000
39648  -36.588  -45.681  32.671 0.0000000000
40467  -25.869  -45.605  39.730 0.0000000000
40489  -51.974  -46.585  40.096 0.0000000000
40625  -36.042  -45.368  32.690 0.0000000000
41427  -39.268  -44.562  34.626 0.0000000000
42246  -44.174  -43.787  42.970 0.0000000000
42279  -44.029  -43.153  38.266 0.0000000000
44947  -53.508  -40.057  45.113 0.0000000000
44954  -50.572  -41.020  44.353 0.0000000000
44969  -53.957  -40.285  43.427 0.0000000000
44980  -54.128  -40.206  43.124 0.0000000000
44997  -53.905  -40.276  42.855 0.0000000000
45016  -52.763  -41.163  40.749 0.0000000000
46092  -53.620  -39.872  44.918 0.0000000000
46121  -54.035  -40.027  42.980 0.0000000000
47016  -49.013  -38.434  44.262 0.0000000000
47061  -49.928  -38.964  40.574 0.0000000000
51451  -54.723  -32.894  43.304 0.0000000000
51466  -53.143  -32.670  42.110 0.0000000000
51467  -53.810  -32.787  42.379 0.0000000000
51521  -55.515  -33.425  39.748 0.0000000000
51559  -57.366  -32.781  36.224 0.0000000000
51570  -56.978  -33.097  35.594 0.0000000000
51597  -56.333  -33.316  33.418 0.0000000000
51621  -55.135  -33.627  30.933 0.0000000000
52451  -57.275  -32.534  41.569 0.0000000000
52463  -58.019  -32.262  40.293 0.0000000000
52471  -57.774  -32.907  38.870 0.0000000000
52480  -58.211  -32.120  37.388 0.0000000000
52497  -57.479  -32.432  34.530 0.0000000000
52543  -54.845  -33.214  30.468 0.0000000000
53323  -58.309  -32.010  39.559 0.0000000000
53331  -58.432  -31.685  38.755 0.0000000000
53337  -58.103  -32.005  35.820 0.0000000000
53344  -57.065  -31.336  34.206 0.0000000000
54155  -58.642  -30.775  38.940 0.0000000000
54163  -58.627  -30.390  38.391 0.0000000000
55102  -58.437  -30.053  37.778 0.0000000000
56137  -57.753  -28.671  27.090 0.0000000000
56957  -62.113  -27.316  30.990 0.0000000000
56985  -49.501  -27.572  29.436 0.0000000000
57022  -48.525  -27.488  27.747 0.0000000000
57963  -61.854  -27.142  31.603 0.0000000000
58951  -59.789  -26.584  31.708 0.0000000000
58977  -52.401  -25.679  29.737 0.0000000000
58980  -63.073  -26.236  29.454 0.0000000000
120213  -23.906  -46.201  39.887 0.0000000000
120929  -33.384  -46.535  38.964 0.0000000000
121206  -38.153  -44.938  33.285 0.0000000000
121505  -25.727  -46.286  42.021 0.0000000000
121744  -37.993  -47.143  39.914 0.0000000000
122382  -24.323  -48.342  46.080 0.0000000000
122997  -53.498  -28.317  33.649 0.0000000000
123408  -62.875  -26.855  30.516 0.0000000000
124058  -57.062  -33.066  34.912 0.0000000000
125802  -34.904  -44.812  33.725 0.0000000000
126640  -57.632  -32.540  40.766 0.0000000000
127603  -28.719  -46.700  43.580 0.0000000000
127609  -60.967  -27.864  29.916 0.0000000000
128938  -51.467  -26.367  27.949 0.0000000000
129160  -38.698  -46.918  39.981 0.0000000000
129703  -36.642  -47.181  39.749 0.0000000000
133669  -53.181  -39.598  43.580 0.0000000000
135820  -43.780  -42.511  40.406 0.0000000000
136662  -26.114  -45.490  38.500 0.0000000000
137298  -25.859  -47.367  44.541 0.0000000000
137661  -30.046  -44.827  34.817 0.0000000000
139133  -58.263  -32.170  38.265 0.0000000000
140033  -49.902  -26.945  25.726 0.0000000000
140274  -52.511  -40.632  44.166 0.0000000000
141090  -58.254  -28.899  27.900 0.0000000000
141202  -60.410  -27.183  31.481 0.0000000000
142217  -42.149  -46.946  42.748 0.0000000000
142820  -48.466  -37.769  46.082 0.0000000000
142946  -37.289  -49.371  44.556 0.0000000000
143260  -51.595  -32.609  40.852 0.0000000000
143558  -27.143  -45.652  40.533 0.0000000000
143905  -52.769  -32.588  42.597 0.0000000000
