#!ascii label  , from subject sub-v2s17x50051_ses-1 vox2ras=TkReg
2028
32985  -31.416  -54.613  -26.531 0.5000000000
141838  -30.085  -55.459  -26.929 0.4000000060
32067  -29.518  -55.657  -27.196 0.6000000238
131751  -30.166  -55.042  -27.324 0.6000000238
33918  -32.620  -53.269  -27.888 0.6000000238
32994  -31.484  -54.306  -27.263 0.5000000000
33932  -33.057  -52.758  -28.187 0.6000000238
32076  -29.304  -55.158  -27.393 0.6999999881
32075  -27.806  -55.939  -27.773 0.6999999881
32077  -30.597  -54.494  -27.426 0.6999999881
33008  -31.213  -54.102  -27.672 0.6999999881
33931  -32.305  -53.098  -28.091 0.6999999881
35652  -34.504  -51.507  -28.713 0.5000000000
34819  -33.629  -52.101  -28.431 0.6999999881
34820  -34.917  -51.932  -28.716 0.5000000000
125340  -24.721  -65.773  -17.266 0.5000000000
32992  -28.188  -55.273  -27.603 0.6999999881
33006  -29.554  -54.330  -27.304 0.6999999881
33930  -31.877  -53.060  -28.030 0.6999999881
33903  -29.823  -53.490  -27.151 0.6999999881
34811  -32.085  -52.488  -28.015 0.6999999881
34810  -31.408  -52.885  -27.799 0.6999999881
35642  -31.668  -52.271  -27.661 0.6999999881
36517  -34.691  -50.684  -28.798 0.6000000238
28165  -27.770  -58.729  -23.018 0.6999999881
132118  -27.238  -57.594  -23.352 0.6999999881
32983  -27.452  -55.153  -27.284 0.6999999881
32974  -27.386  -54.828  -26.125 0.6999999881
22463  -23.956  -65.258  -17.187 0.6000000238
21627  -22.484  -66.564  -17.761 0.4000000060
32993  -28.743  -54.543  -27.312 0.6999999881
35650  -32.880  -51.952  -28.262 0.6999999881
35651  -33.796  -51.377  -28.448 0.6999999881
37458  -33.824  -49.916  -27.889 0.6999999881
37460  -35.929  -48.995  -28.365 0.6000000238
28166  -28.578  -59.126  -22.651 0.6999999881
30184  -27.174  -57.006  -23.587 0.6999999881
30174  -28.201  -57.360  -22.558 0.6999999881
29166  -28.356  -58.217  -22.553 0.6999999881
129602  -26.640  -64.071  -17.863 0.6000000238
138081  -27.682  -55.859  -23.550 0.6999999881
32975  -27.947  -54.229  -25.552 0.6999999881
127502  -27.397  -55.639  -24.363 0.6999999881
31125  -28.125  -56.585  -22.640 0.6999999881
31126  -28.654  -56.847  -22.317 0.6999999881
22462  -22.920  -65.058  -17.511 0.5000000000
21615  -23.196  -65.977  -17.450 0.5000000000
34802  -30.963  -52.606  -27.352 0.6999999881
33902  -28.892  -53.758  -26.768 0.6999999881
32045  -28.847  -55.247  -22.336 0.6999999881
21626  -21.676  -66.280  -18.197 0.4000000060
35643  -32.404  -51.796  -27.885 0.6999999881
33891  -28.389  -53.794  -26.077 0.6999999881
32050  -28.008  -55.135  -23.727 0.6999999881
32044  -28.160  -55.728  -22.865 0.6999999881
122238  -21.121  -67.059  -18.640 0.4000000060
34800  -29.515  -53.096  -26.396 0.6999999881
143814  -28.390  -54.628  -23.535 0.6999999881
32051  -28.479  -54.847  -22.971 0.6999999881
35644  -33.216  -51.063  -28.025 0.6999999881
35639  -32.084  -51.632  -27.229 0.6999999881
34786  -30.468  -52.440  -24.619 0.6999999881
34785  -29.668  -52.949  -24.127 0.6999999881
37459  -34.578  -49.061  -28.222 0.6999999881
35632  -30.835  -52.242  -25.650 0.6999999881
144451  -35.404  -48.533  -28.066 0.6000000238
39323  -34.352  -47.686  -27.491 0.6999999881
127789  -33.953  -48.925  -27.718 0.6999999881
40182  -35.080  -46.549  -24.204 0.5000000000
39265  -37.528  -47.673  -22.890 0.4000000060
40183  -36.663  -47.193  -23.062 0.5000000000
30160  -29.710  -57.460  -21.742 0.6999999881
120164  -26.883  -62.771  -18.530 0.6000000238
32968  -27.639  -54.905  -24.872 0.6999999881
23377  -24.464  -64.411  -17.232 0.5000000000
31114  -28.705  -56.117  -22.280 0.6999999881
35638  -31.404  -52.033  -26.974 0.6999999881
34791  -30.145  -52.602  -25.969 0.6999999881
37457  -33.073  -50.383  -27.228 0.6999999881
35634  -32.114  -51.341  -25.653 0.6999999881
41147  -34.310  -45.117  -24.660 0.6999999881
38400  -34.865  -48.346  -27.990 0.6999999881
39294  -34.485  -46.794  -26.391 0.6999999881
39311  -34.376  -47.174  -27.169 0.6999999881
40181  -34.427  -45.925  -24.918 0.6999999881
27109  -30.770  -61.099  -19.276 0.6999999881
26132  -31.077  -61.074  -20.020 0.6999999881
28138  -31.494  -59.538  -20.305 0.8000000119
28137  -31.456  -58.793  -20.640 0.8000000119
26114  -29.689  -61.803  -18.823 0.6000000238
27087  -30.267  -61.110  -18.645 0.6000000238
137324  -31.287  -60.084  -19.117 0.6000000238
144540  -31.134  -59.377  -20.857 0.8000000119
27086  -29.493  -61.062  -18.225 0.6000000238
30161  -30.408  -57.778  -21.417 0.6999999881
25167  -27.775  -62.876  -18.810 0.6000000238
120662  -28.184  -62.301  -18.720 0.6000000238
24260  -25.563  -63.175  -17.935 0.6000000238
122149  -26.032  -62.634  -18.452 0.6000000238
32036  -29.409  -55.746  -21.852 0.6999999881
23376  -23.533  -64.360  -17.447 0.5000000000
24244  -24.101  -63.672  -17.546 0.6000000238
31116  -30.281  -56.320  -21.486 0.6999999881
32964  -29.031  -54.376  -22.475 0.6999999881
36501  -32.515  -50.942  -26.515 0.6999999881
35633  -31.404  -51.881  -26.058 0.6999999881
34780  -29.650  -53.016  -22.985 0.6999999881
40231  -33.848  -46.930  -27.289 0.8000000119
128408  -31.918  -51.570  -26.490 0.6999999881
34781  -30.146  -52.537  -23.330 0.6999999881
41169  -33.871  -45.488  -25.678 0.8000000119
37450  -33.368  -49.371  -27.168 0.6999999881
36491  -32.612  -50.545  -25.462 0.6999999881
41149  -35.872  -45.833  -23.260 0.5000000000
41136  -37.799  -45.816  -22.921 0.5000000000
42007  -37.455  -44.362  -23.357 0.5000000000
121216  -37.638  -46.751  -22.815 0.4000000060
27088  -30.853  -60.412  -18.770 0.6000000238
28118  -31.557  -59.708  -19.587 0.6999999881
29132  -32.244  -58.159  -19.435 0.8000000119
29145  -32.003  -58.799  -20.021 0.8999999762
27066  -30.147  -60.408  -18.116 0.6000000238
30149  -32.311  -57.865  -20.051 0.8000000119
30148  -31.747  -57.341  -20.634 0.8000000119
31117  -31.212  -56.563  -21.060 0.8000000119
26112  -27.836  -61.481  -18.407 0.6000000238
121570  -27.107  -62.042  -18.677 0.6000000238
30162  -30.839  -57.186  -21.211 0.8000000119
24243  -23.281  -63.703  -17.782 0.6000000238
24259  -24.663  -63.107  -17.976 0.6000000238
25190  -25.632  -62.059  -18.874 0.6000000238
32959  -30.896  -54.402  -21.179 0.6999999881
22461  -22.109  -64.940  -17.779 0.5000000000
32958  -30.024  -54.012  -21.420 0.6999999881
33858  -30.539  -53.448  -21.091 0.6999999881
22473  -20.772  -64.921  -18.433 0.5000000000
23387  -21.579  -64.498  -18.117 0.5000000000
32957  -29.496  -53.765  -21.921 0.6999999881
33870  -29.290  -53.624  -22.706 0.6999999881
41168  -33.253  -45.195  -26.232 0.8000000119
39322  -33.811  -47.518  -27.446 0.8000000119
37449  -32.916  -49.943  -26.317 0.6999999881
145127  -31.207  -52.024  -23.992 0.6999999881
39310  -33.206  -47.602  -26.974 0.6999999881
40165  -36.825  -46.216  -22.869 0.5000000000
28100  -30.670  -59.847  -18.241 0.6999999881
29108  -31.199  -58.410  -17.968 0.6999999881
132647  -31.429  -58.892  -18.521 0.6999999881
29122  -31.832  -58.276  -18.631 0.8000000119
30138  -32.587  -57.380  -19.466 0.8000000119
27065  -29.217  -60.201  -17.701 0.6999999881
31092  -32.892  -56.528  -19.441 0.8000000119
27085  -28.569  -60.921  -18.034 0.6000000238
31102  -31.981  -56.393  -20.615 0.8000000119
27084  -27.649  -60.622  -18.129 0.6000000238
32029  -32.268  -55.567  -20.563 0.6999999881
24258  -23.693  -63.104  -18.292 0.6000000238
25164  -24.375  -62.612  -18.755 0.6000000238
32947  -31.452  -53.792  -20.896 0.8000000119
132055  -31.844  -54.736  -20.820 0.6999999881
24257  -22.737  -63.390  -18.311 0.6000000238
33839  -31.827  -53.058  -20.684 0.8000000119
23403  -20.155  -64.360  -18.839 0.4000000060
33856  -29.606  -52.958  -22.043 0.6999999881
33837  -30.367  -52.574  -21.003 0.6999999881
22502  -18.836  -65.940  -19.852 0.4000000060
35607  -30.473  -51.995  -22.623 0.6999999881
34763  -30.060  -52.402  -21.504 0.6999999881
39321  -33.387  -46.938  -27.185 0.8000000119
142308  -32.975  -48.727  -26.416 0.8000000119
135166  -31.153  -51.715  -23.123 0.6999999881
35624  -32.312  -51.076  -24.632 0.6999999881
42018  -34.154  -44.431  -24.532 0.8000000119
41148  -34.929  -45.512  -23.885 0.5000000000
42021  -38.099  -43.955  -23.957 0.5000000000
145008  -36.754  -44.312  -23.256 0.5000000000
41137  -38.591  -45.667  -23.382 0.4000000060
29107  -30.436  -58.626  -17.521 0.6000000238
30116  -31.617  -57.538  -17.954 0.6999999881
30130  -32.294  -57.567  -18.742 0.8000000119
136811  -32.665  -56.944  -18.853 0.8000000119
27064  -28.299  -60.243  -17.738 0.6999999881
32020  -33.102  -55.870  -19.650 0.8000000119
26111  -26.802  -61.071  -18.544 0.6000000238
31083  -33.249  -55.891  -19.137 0.8000000119
145060  -26.179  -61.009  -18.807 0.6000000238
32031  -33.253  -54.698  -20.171 0.8000000119
132305  -32.632  -54.935  -20.468 0.8000000119
25163  -23.733  -62.639  -19.049 0.6000000238
25189  -24.849  -62.050  -19.140 0.6000000238
33838  -30.975  -52.971  -20.810 0.8999999762
33840  -32.816  -53.054  -20.443 0.8000000119
34764  -30.424  -51.843  -21.014 0.8000000119
35584  -30.993  -51.439  -20.842 0.8000000119
23386  -20.971  -63.997  -18.542 0.5000000000
138942  -32.921  -49.636  -22.657 0.8000000119
35596  -30.343  -51.847  -21.687 0.6999999881
24277  -20.497  -63.514  -19.158 0.4000000060
42041  -32.920  -44.516  -25.838 0.8000000119
39293  -32.586  -47.718  -26.124 0.8000000119
38367  -32.688  -48.545  -25.260 0.8000000119
36469  -31.758  -51.128  -22.732 0.6999999881
42042  -33.456  -43.923  -24.896 0.8000000119
37440  -32.801  -49.548  -25.388 0.8000000119
35618  -31.821  -51.465  -23.820 0.6999999881
131370  -32.206  -47.049  -25.886 0.8000000119
42863  -33.999  -43.036  -24.433 0.8000000119
40198  -31.937  -46.509  -26.116 0.8000000119
42865  -36.007  -42.915  -23.985 0.6000000238
138337  -35.309  -43.539  -23.852 0.6000000238
42851  -37.236  -43.714  -23.684 0.5000000000
124262  -30.014  -58.012  -17.026 0.6000000238
30117  -32.244  -56.854  -18.222 0.6999999881
28077  -28.472  -59.555  -17.491 0.6000000238
32009  -32.781  -55.376  -17.905 0.6999999881
32010  -33.305  -55.372  -18.638 0.6999999881
28076  -27.579  -59.753  -17.775 0.6000000238
30114  -29.191  -58.006  -16.962 0.6000000238
136953  -29.596  -57.425  -16.828 0.6000000238
143114  -27.157  -59.078  -17.719 0.6000000238
32936  -33.754  -54.384  -19.584 0.8000000119
26128  -25.282  -61.424  -19.193 0.6000000238
27083  -26.871  -60.183  -18.279 0.6000000238
32927  -33.741  -54.645  -18.834 0.6999999881
25187  -23.382  -62.356  -19.596 0.5000000000
32949  -33.451  -53.849  -20.198 0.8000000119
25186  -22.644  -62.545  -19.735 0.3000000119
36446  -32.779  -50.127  -20.190 0.8000000119
34753  -32.071  -52.294  -20.507 0.8000000119
36458  -31.953  -50.295  -21.100 0.8000000119
36445  -32.075  -50.506  -20.549 0.8000000119
122230  -33.098  -48.793  -23.193 0.8000000119
40218  -32.108  -46.028  -26.500 0.8000000119
37430  -32.842  -49.267  -24.583 0.8000000119
144304  -32.685  -50.112  -23.042 0.8000000119
140372  -32.330  -50.372  -22.306 0.6999999881
39281  -32.327  -47.538  -25.023 0.8000000119
40197  -31.320  -46.017  -25.758 0.8000000119
42864  -34.443  -43.749  -24.195 0.6999999881
43731  -36.644  -42.430  -24.636 0.6000000238
42883  -39.104  -43.408  -25.706 0.3000000119
30103  -30.287  -57.226  -16.930 0.6000000238
31056  -31.371  -56.237  -17.157 0.6999999881
31997  -32.182  -55.257  -17.253 0.6999999881
33797  -33.334  -54.003  -17.438 0.6999999881
30137  -24.007  -57.928  -18.846 0.5000000000
29105  -28.654  -58.696  -17.202 0.6000000238
134407  -28.362  -57.824  -17.001 0.6000000238
33812  -33.883  -53.890  -18.294 0.6999999881
122925  -24.976  -60.711  -19.336 0.5000000000
28098  -26.189  -59.657  -18.403 0.5000000000
131640  -27.896  -58.292  -17.236 0.6000000238
33813  -34.381  -53.296  -18.957 0.6999999881
25209  -22.980  -62.016  -20.203 0.3000000119
26127  -24.440  -61.346  -19.608 0.5000000000
33824  -34.009  -53.621  -19.607 0.8000000119
36433  -34.282  -50.724  -19.646 0.8000000119
34741  -34.013  -52.278  -19.833 0.8000000119
37400  -32.556  -49.859  -20.676 0.8999999762
37388  -33.206  -49.482  -20.311 0.8999999762
35586  -32.662  -50.885  -20.174 0.8000000119
35574  -33.669  -51.367  -19.909 0.8000000119
24278  -21.362  -63.282  -19.066 0.4000000060
38336  -33.240  -48.205  -22.829 0.8999999762
37411  -32.758  -49.729  -21.587 0.8999999762
42881  -32.331  -43.762  -25.715 0.8000000119
144024  -32.239  -44.493  -26.194 0.8000000119
38354  -32.751  -48.438  -24.189 0.8000000119
37422  -32.868  -49.623  -23.672 0.8000000119
43746  -32.992  -43.026  -25.059 0.8000000119
43729  -34.753  -42.222  -24.503 0.6999999881
43730  -35.770  -42.228  -24.411 0.6000000238
43758  -37.857  -41.752  -26.302 0.6000000238
43748  -37.946  -42.389  -26.071 0.6000000238
31055  -30.563  -56.390  -16.804 0.6000000238
31982  -30.964  -55.501  -16.699 0.6000000238
32900  -32.032  -54.609  -16.782 0.6999999881
31054  -29.566  -56.591  -16.657 0.6000000238
32914  -32.733  -54.646  -17.330 0.6999999881
30102  -28.877  -57.229  -16.769 0.6000000238
122983  -25.567  -58.989  -18.481 0.6000000238
29121  -26.418  -58.804  -18.005 0.5000000000
30113  -27.549  -57.637  -17.145 0.6000000238
33798  -33.786  -53.429  -17.591 0.6999999881
34728  -34.591  -52.611  -18.576 0.8000000119
27107  -24.245  -60.377  -19.632 0.4000000060
34742  -34.513  -52.474  -19.236 0.6999999881
26143  -23.674  -61.709  -19.936 0.4000000060
143744  -34.175  -52.959  -19.566 0.8000000119
38316  -33.638  -48.719  -20.580 0.8000000119
125604  -33.097  -47.501  -22.915 0.8999999762
38327  -33.540  -48.385  -21.424 0.8000000119
37377  -33.618  -49.934  -19.890 0.8000000119
38337  -33.453  -47.976  -22.230 0.8000000119
41166  -30.777  -44.792  -25.815 0.8000000119
40179  -31.481  -46.214  -24.626 0.8000000119
122174  -32.434  -47.545  -24.130 0.6999999881
42040  -31.560  -44.271  -26.132 0.8000000119
121878  -32.047  -46.904  -24.420 0.8000000119
43728  -33.691  -42.229  -24.789 0.8000000119
42039  -30.880  -44.210  -25.843 0.8000000119
44712  -36.168  -41.100  -25.627 0.6999999881
44699  -36.435  -41.772  -25.111 0.6999999881
46805  -37.647  -39.182  -26.142 0.6000000238
46806  -38.072  -39.695  -25.623 0.6000000238
46791  -38.527  -39.781  -24.903 0.6000000238
31053  -28.539  -56.408  -16.657 0.6000000238
34697  -32.109  -53.385  -16.128 0.8000000119
33786  -32.601  -53.875  -16.700 0.6999999881
31081  -24.942  -56.648  -17.857 0.5000000000
131068  -27.203  -56.871  -17.055 0.5000000000
34711  -33.984  -52.813  -17.294 0.8000000119
33799  -34.274  -53.077  -18.091 0.6999999881
145007  -25.120  -57.769  -18.258 0.5000000000
30129  -26.393  -58.016  -17.725 0.5000000000
34700  -34.221  -52.141  -16.891 0.8000000119
137198  -34.729  -51.699  -17.264 0.8000000119
29119  -24.888  -58.292  -18.577 0.5000000000
34712  -34.622  -52.274  -17.821 0.8000000119
35567  -35.300  -51.134  -18.590 0.8000000119
37370  -35.876  -49.766  -18.379 0.8000000119
35576  -35.036  -51.109  -19.237 0.8000000119
142882  -34.906  -50.531  -19.390 0.8000000119
36434  -35.430  -50.403  -18.989 0.8000000119
38317  -34.243  -48.346  -20.135 0.8000000119
128127  -33.410  -47.138  -22.254 0.8000000119
37389  -33.962  -49.173  -19.954 0.8000000119
42038  -30.464  -44.207  -25.371 0.8000000119
40151  -32.476  -46.268  -23.212 0.8000000119
40163  -31.807  -45.886  -23.756 0.8999999762
122705  -32.614  -42.184  -25.244 0.8000000119
43744  -30.961  -42.791  -25.503 0.8000000119
44711  -35.152  -40.854  -25.302 0.6999999881
44697  -34.449  -41.484  -24.894 0.6999999881
45830  -37.157  -40.298  -26.774 0.6999999881
45819  -34.760  -40.218  -25.892 0.6999999881
45820  -35.805  -40.467  -26.147 0.6999999881
46828  -36.454  -39.248  -27.339 0.6999999881
136466  -37.229  -39.131  -27.028 0.6999999881
33766  -30.208  -53.183  -15.891 0.8000000119
32898  -30.227  -54.688  -16.415 0.6000000238
33784  -30.754  -53.911  -16.237 0.6000000238
34685  -32.148  -52.745  -15.733 0.8000000119
33811  -25.041  -53.134  -17.896 0.6000000238
32911  -25.387  -54.534  -17.549 0.5000000000
135107  -29.036  -55.698  -16.524 0.6000000238
32897  -29.238  -54.199  -16.346 0.6000000238
34698  -32.787  -53.045  -16.271 0.8000000119
35564  -24.537  -51.549  -18.397 0.6000000238
136396  -25.326  -52.502  -17.770 0.6000000238
126147  -25.780  -52.983  -17.467 0.6000000238
32913  -26.949  -54.202  -16.910 0.5000000000
31996  -27.278  -55.541  -16.852 0.5000000000
38295  -25.454  -48.490  -18.670 0.5000000000
36420  -25.220  -50.202  -18.241 0.5000000000
138637  -25.804  -50.596  -17.658 0.6000000238
34708  -25.837  -52.184  -17.455 0.6000000238
31063  -25.589  -56.804  -17.609 0.5000000000
134945  -26.892  -54.913  -16.973 0.5000000000
35545  -34.433  -51.438  -16.558 0.8000000119
36421  -35.592  -50.629  -17.922 0.8000000119
37369  -25.924  -48.861  -17.995 0.5000000000
31065  -26.962  -56.172  -17.003 0.5000000000
38305  -25.108  -48.082  -19.471 0.4000000060
30111  -25.988  -57.399  -17.637 0.5000000000
37362  -36.211  -49.227  -17.917 0.6999999881
39220  -35.004  -47.917  -19.775 0.8000000119
38307  -35.661  -48.535  -19.243 0.8000000119
38297  -36.077  -48.973  -18.578 0.6999999881
40152  -33.132  -46.373  -22.533 0.8000000119
39243  -33.838  -47.089  -21.488 0.8000000119
39234  -35.344  -47.236  -19.690 0.8000000119
135376  -34.400  -47.644  -20.341 0.8000000119
39244  -34.281  -47.062  -20.816 0.8000000119
45816  -31.891  -40.576  -25.448 0.8999999762
42879  -30.666  -43.507  -25.386 0.8999999762
41133  -30.837  -44.918  -24.338 0.8000000119
41115  -32.238  -45.489  -23.067 0.8000000119
42017  -30.442  -44.232  -24.757 1.0000000000
42006  -31.311  -44.477  -23.524 0.8000000119
44696  -33.401  -41.465  -25.185 0.8000000119
141996  -34.248  -39.876  -26.043 0.6999999881
141539  -30.713  -52.571  -15.552 0.8000000119
34684  -31.434  -52.346  -15.420 0.8000000119
122152  -32.218  -51.999  -15.312 0.8000000119
142711  -26.270  -51.002  -17.243 0.6000000238
33765  -29.339  -52.794  -15.955 0.6000000238
33783  -29.491  -53.478  -16.162 0.6000000238
34686  -32.930  -52.304  -15.818 0.8000000119
35539  -33.057  -51.434  -15.300 0.8000000119
36407  -25.864  -49.737  -17.785 0.5000000000
35550  -25.777  -51.393  -17.551 0.6000000238
35552  -27.124  -51.959  -16.727 0.6000000238
33782  -28.686  -53.322  -16.280 0.6000000238
137972  -33.684  -51.824  -16.134 0.8000000119
36402  -34.711  -50.708  -16.305 0.8000000119
37360  -26.485  -49.236  -17.412 0.5000000000
34695  -27.853  -52.170  -16.347 0.6000000238
38288  -26.505  -48.413  -17.630 0.4000000060
37353  -27.139  -49.443  -16.833 0.4000000060
37361  -35.864  -49.742  -17.468 0.6999999881
39201  -26.592  -47.605  -17.805 0.4000000060
38289  -27.055  -48.042  -17.213 0.4000000060
36401  -28.196  -50.061  -16.006 0.4000000060
40091  -27.667  -46.986  -16.859 0.4000000060
38282  -28.148  -48.096  -16.203 0.5000000000
39221  -35.821  -47.696  -19.320 0.6999999881
39211  -26.690  -46.772  -17.891 0.3000000119
39191  -28.170  -47.275  -16.344 0.5000000000
131137  -28.180  -48.816  -16.111 0.5000000000
40143  -33.578  -46.523  -21.918 0.8000000119
40144  -34.034  -46.282  -21.297 0.8000000119
40130  -34.611  -46.407  -20.537 0.8000000119
40119  -35.942  -46.907  -19.429 0.8000000119
40131  -35.278  -46.576  -19.923 0.8000000119
44708  -31.145  -41.388  -25.384 0.8000000119
42862  -30.339  -43.375  -24.980 1.0000000000
42842  -30.825  -42.805  -23.681 0.8000000119
42005  -31.108  -43.704  -23.527 0.8000000119
41114  -32.030  -44.718  -22.923 0.8000000119
41972  -32.874  -45.001  -22.360 0.8000000119
125356  -33.655  -44.932  -21.661 0.8000000119
44707  -30.475  -41.485  -25.022 1.0000000000
41995  -32.513  -44.100  -22.295 0.8000000119
122058  -33.076  -40.736  -25.498 0.8000000119
43714  -30.378  -42.222  -24.340 0.8000000119
41994  -31.780  -43.930  -22.854 0.8000000119
46815  -34.688  -39.497  -26.463 0.6999999881
46816  -35.657  -39.366  -27.063 0.6999999881
47777  -36.538  -38.637  -27.453 0.6999999881
144127  -37.017  -38.659  -27.277 0.6999999881
138147  -37.272  -38.294  -26.624 0.6999999881
48657  -38.285  -38.219  -24.570 0.6000000238
127734  -37.384  -37.421  -25.904 0.6999999881
48682  -36.724  -38.027  -27.251 0.6999999881
49508  -38.445  -36.841  -24.119 0.6000000238
48640  -37.854  -37.319  -24.832 0.6000000238
35516  -32.118  -51.293  -14.827 0.8000000119
35551  -26.397  -51.719  -17.122 0.5000000000
35536  -29.778  -51.433  -15.355 0.8000000119
36388  -30.408  -50.862  -14.949 0.8000000119
35537  -30.719  -51.766  -15.224 0.8000000119
36389  -33.547  -50.595  -15.132 0.8000000119
36408  -26.550  -50.210  -17.157 0.5000000000
35543  -27.645  -51.344  -16.377 0.6000000238
131825  -28.231  -50.808  -15.986 0.5000000000
34683  -29.968  -52.298  -15.581 0.8000000119
36390  -34.305  -50.323  -15.544 0.6999999881
125295  -26.953  -48.754  -17.147 0.4000000060
37354  -27.857  -49.454  -16.284 0.5000000000
35535  -28.952  -51.132  -15.577 0.6999999881
34696  -28.569  -52.463  -16.104 0.6999999881
37355  -35.040  -49.963  -15.988 0.6999999881
38283  -35.840  -48.842  -16.295 0.6999999881
39202  -27.174  -47.239  -17.326 0.3000000119
37356  -35.644  -49.511  -16.573 0.6999999881
38290  -36.207  -48.902  -17.136 0.6999999881
39212  -36.690  -47.694  -18.114 0.6999999881
39192  -28.764  -46.825  -15.923 0.5000000000
40120  -36.651  -46.571  -19.080 0.6999999881
40092  -28.090  -46.391  -16.539 0.4000000060
40093  -28.819  -46.023  -16.015 0.4000000060
41085  -34.463  -45.671  -20.829 0.8000000119
41099  -33.982  -45.497  -21.362 0.8000000119
138536  -33.932  -44.288  -21.352 0.8000000119
42830  -34.912  -43.151  -21.167 0.6999999881
43697  -30.691  -41.843  -23.532 0.8000000119
41973  -33.276  -44.198  -21.768 0.8000000119
131559  -31.313  -40.104  -25.232 0.8999999762
45817  -32.905  -40.033  -25.739 0.8999999762
45815  -30.851  -40.710  -25.158 0.8999999762
45814  -30.475  -40.642  -24.685 0.8000000119
44695  -30.339  -41.125  -24.619 0.8000000119
44670  -31.266  -41.309  -22.845 0.8000000119
143621  -33.403  -39.132  -26.150 0.8999999762
126236  -32.187  -39.034  -25.566 0.8000000119
46804  -33.710  -39.556  -26.077 0.8999999762
47766  -34.393  -38.013  -27.001 0.8000000119
47742  -38.825  -39.034  -24.184 0.4000000060
47776  -35.315  -38.030  -27.430 0.8000000119
122436  -36.093  -37.976  -27.551 0.6999999881
49529  -37.099  -36.771  -26.221 0.6999999881
51217  -38.528  -34.679  -24.226 0.5000000000
36365  -31.035  -50.273  -14.633 0.6999999881
35515  -31.269  -51.107  -14.769 0.8000000119
37335  -30.218  -49.970  -14.887 0.6999999881
37316  -32.914  -49.212  -14.464 0.6999999881
39190  -27.617  -47.700  -16.768 0.4000000060
38264  -29.864  -48.470  -15.139 0.6000000238
36366  -31.630  -49.826  -14.489 0.6999999881
37337  -34.540  -49.513  -15.220 0.6999999881
37338  -35.318  -49.166  -15.753 0.6999999881
38267  -36.215  -47.728  -15.882 0.6999999881
38284  -36.234  -48.228  -16.428 0.6999999881
39177  -29.512  -47.200  -15.415 0.5000000000
40104  -36.958  -47.049  -17.385 0.6999999881
41029  -29.501  -45.712  -15.551 0.4000000060
40112  -36.966  -46.901  -18.357 0.6999999881
41900  -28.905  -44.456  -16.054 0.3000000119
41050  -28.920  -45.244  -15.995 0.3000000119
40077  -30.094  -46.391  -15.152 0.5000000000
42808  -34.597  -44.001  -21.021 0.6999999881
41087  -35.676  -45.175  -20.171 0.6999999881
41068  -37.140  -46.236  -18.612 0.6999999881
41951  -35.209  -44.551  -20.589 0.6999999881
41075  -36.024  -45.999  -19.676 0.6999999881
42809  -35.530  -43.779  -20.720 0.6999999881
139069  -34.231  -42.622  -21.432 0.6999999881
44669  -30.558  -41.034  -23.597 0.8000000119
43698  -31.369  -42.240  -22.867 0.8000000119
43699  -32.159  -42.549  -22.311 0.8000000119
43687  -32.835  -42.544  -21.861 0.8000000119
128028  -31.892  -41.830  -22.428 0.8000000119
127129  -30.815  -39.974  -24.797 0.8000000119
47756  -33.018  -38.761  -26.063 0.8000000119
47755  -32.257  -38.265  -25.827 0.8000000119
46802  -31.320  -39.436  -25.174 0.8999999762
46814  -33.925  -38.816  -26.510 0.8999999762
49537  -35.770  -36.403  -27.471 0.8000000119
50328  -37.475  -35.566  -25.168 0.6999999881
50329  -38.182  -35.501  -24.360 0.6000000238
49538  -36.219  -36.233  -27.244 0.6999999881
49528  -36.635  -36.523  -26.791 0.6999999881
122683  -35.662  -34.661  -27.238 0.6999999881
134590  -32.387  -49.900  -14.487 0.6999999881
39161  -31.361  -47.349  -14.553 0.6000000238
39162  -32.143  -47.445  -14.376 0.6000000238
38247  -32.539  -48.342  -14.388 0.6999999881
38248  -33.577  -48.505  -14.489 0.6999999881
37317  -33.760  -49.367  -14.720 0.6999999881
37318  -34.273  -48.889  -14.775 0.6999999881
38263  -29.362  -48.086  -15.408 0.5000000000
122568  -30.049  -49.121  -15.005 0.6000000238
39164  -34.331  -47.374  -14.482 0.6999999881
38250  -35.145  -47.886  -14.874 0.6999999881
38265  -34.948  -48.702  -15.072 0.6999999881
39160  -30.734  -47.649  -14.753 0.6000000238
132829  -28.450  -44.916  -16.416 0.3000000119
128440  -30.243  -47.187  -15.008 0.5000000000
125590  -30.041  -47.838  -15.085 0.5000000000
40059  -32.670  -46.643  -14.336 0.6000000238
39193  -36.591  -47.464  -16.510 0.6999999881
41030  -30.257  -45.373  -15.097 0.4000000060
130889  -31.036  -45.038  -14.680 0.5000000000
41015  -31.689  -45.591  -14.513 0.6000000238
40095  -37.247  -46.187  -17.044 0.6999999881
41077  -37.285  -45.157  -19.242 0.6999999881
41069  -37.477  -45.509  -18.457 0.6999999881
41935  -36.594  -45.165  -19.724 0.6999999881
42750  -30.372  -43.328  -15.154 0.3000000119
140546  -35.828  -43.127  -20.895 0.6999999881
44652  -32.562  -41.869  -22.091 0.8000000119
44672  -32.931  -41.228  -22.114 0.8000000119
141948  -33.867  -42.258  -21.599 0.6999999881
44654  -34.464  -41.764  -21.674 0.6999999881
43690  -35.711  -42.560  -21.222 0.6999999881
46770  -30.590  -39.680  -23.404 0.8000000119
45786  -32.490  -40.625  -22.370 0.8000000119
47754  -31.345  -38.633  -25.302 0.8000000119
46790  -30.478  -39.734  -24.329 0.8000000119
46781  -30.185  -39.422  -23.969 0.8000000119
45784  -30.900  -40.468  -23.148 0.8000000119
48668  -32.271  -37.381  -26.023 0.8000000119
48653  -29.435  -36.786  -24.348 0.8000000119
48608  -29.915  -37.774  -23.564 0.8000000119
49482  -29.951  -36.806  -23.469 0.8000000119
50304  -29.922  -35.979  -23.618 0.8000000119
51216  -37.843  -34.895  -24.701 0.6000000238
132359  -35.314  -35.819  -27.431 0.8000000119
50351  -36.441  -35.552  -26.767 0.6000000238
51248  -35.656  -33.866  -27.240 0.6999999881
52216  -36.299  -33.664  -26.724 0.6000000238
51238  -36.925  -34.031  -25.937 0.6000000238
40058  -31.686  -46.549  -14.481 0.6000000238
39165  -35.270  -47.023  -14.754 0.6999999881
39178  -35.833  -47.453  -15.286 0.6999999881
125410  -33.029  -45.811  -14.338 0.6000000238
40078  -35.992  -46.621  -15.093 0.6999999881
41032  -36.609  -46.066  -15.671 0.6999999881
40079  -36.420  -47.027  -15.765 0.6999999881
41877  -31.304  -44.229  -14.653 0.4000000060
41017  -33.207  -44.867  -14.402 0.5000000000
40062  -35.377  -46.251  -14.719 0.6999999881
41051  -37.084  -45.962  -16.367 0.6999999881
41016  -32.425  -45.262  -14.432 0.5000000000
41052  -37.353  -45.545  -16.709 0.6999999881
41060  -37.525  -45.510  -17.444 0.6999999881
139490  -30.946  -43.667  -14.797 0.3000000119
42741  -31.614  -43.525  -14.631 0.3000000119
42776  -37.998  -43.855  -18.429 0.6999999881
42751  -31.116  -42.997  -14.846 0.3000000119
43608  -31.351  -42.230  -14.927 0.3000000119
42789  -37.605  -43.644  -19.856 0.6999999881
139476  -37.781  -44.014  -19.242 0.6999999881
43667  -36.638  -42.661  -20.882 0.6999999881
43647  -37.935  -42.875  -19.973 0.6999999881
45785  -31.664  -40.580  -22.610 0.8000000119
138211  -34.570  -40.917  -21.983 0.6999999881
43689  -34.982  -42.398  -21.411 0.6999999881
44637  -37.779  -41.530  -20.689 0.6999999881
45769  -35.549  -40.970  -21.816 0.6999999881
45770  -36.725  -40.438  -21.669 0.6999999881
128800  -30.129  -38.680  -24.148 0.8000000119
47721  -30.263  -38.782  -23.530 0.8000000119
44673  -33.768  -41.138  -21.979 0.6999999881
46758  -35.917  -40.136  -22.040 0.6999999881
46759  -36.467  -39.513  -21.920 0.6999999881
46801  -30.617  -38.956  -24.667 0.8000000119
47731  -29.826  -38.330  -23.905 0.8000000119
46771  -31.255  -39.887  -22.836 0.8000000119
46772  -32.108  -39.991  -22.542 0.8000000119
46773  -32.764  -39.401  -22.676 0.8000000119
47726  -35.250  -38.656  -22.489 0.8000000119
46776  -36.136  -38.712  -22.171 0.6999999881
48655  -30.377  -37.384  -25.183 0.8000000119
133249  -30.691  -38.380  -23.114 0.8000000119
48624  -32.171  -37.343  -23.217 0.8000000119
48612  -33.777  -38.106  -22.933 0.8000000119
48656  -31.346  -37.806  -25.513 0.8000000119
133544  -31.253  -36.835  -25.675 0.8000000119
48607  -29.480  -36.994  -23.810 0.8000000119
48609  -30.879  -37.365  -23.226 0.8000000119
49496  -33.681  -36.593  -23.095 0.8000000119
128508  -33.272  -36.434  -26.613 0.8000000119
133656  -29.744  -35.410  -25.048 0.8000000119
49483  -30.769  -36.309  -23.370 0.8000000119
49484  -31.671  -36.667  -23.310 0.8000000119
50315  -33.610  -35.842  -23.297 0.8000000119
50350  -32.981  -35.619  -26.614 0.8000000119
50313  -30.725  -35.360  -23.771 0.8000000119
49526  -33.969  -36.045  -26.922 0.8000000119
52194  -38.723  -33.742  -24.341 0.5000000000
129539  -37.530  -33.901  -25.335 0.6000000238
51246  -33.552  -34.225  -27.127 0.8000000119
51247  -34.441  -34.666  -27.327 0.8000000119
52207  -37.997  -33.467  -25.007 0.6000000238
53095  -37.969  -32.721  -25.249 0.6000000238
52217  -36.836  -33.199  -26.179 0.6000000238
52206  -37.394  -33.286  -25.607 0.6000000238
40060  -33.632  -46.560  -14.338 0.6999999881
127698  -32.299  -45.966  -14.397 0.6000000238
41019  -34.951  -45.453  -14.549 0.6999999881
125147  -36.474  -45.067  -15.343 0.6999999881
133287  -34.164  -44.754  -14.447 0.5000000000
41031  -35.637  -44.844  -14.803 0.6999999881
42742  -32.373  -43.405  -14.538 0.4000000060
43598  -32.657  -42.652  -14.581 0.4000000060
42743  -33.158  -43.324  -14.536 0.5000000000
41902  -37.573  -44.719  -16.771 0.6999999881
41916  -37.781  -44.718  -17.883 0.6999999881
44560  -32.124  -42.035  -14.734 0.3000000119
44561  -32.882  -41.860  -14.671 0.3000000119
42744  -33.968  -43.304  -14.584 0.5000000000
42765  -37.840  -43.223  -17.055 0.6999999881
42777  -38.252  -42.985  -18.572 0.6999999881
44571  -31.579  -41.301  -15.041 0.3000000119
45685  -33.109  -40.227  -15.127 0.3000000119
43648  -38.272  -42.567  -19.325 0.6999999881
45756  -38.529  -40.496  -20.065 0.6999999881
127327  -33.559  -39.854  -22.526 0.8000000119
45789  -35.079  -40.248  -22.218 0.6999999881
45771  -37.686  -40.323  -21.187 0.6999999881
46774  -34.566  -39.487  -22.523 0.6999999881
46775  -35.605  -39.466  -22.284 0.6999999881
47711  -36.943  -38.766  -21.715 0.6999999881
48623  -29.508  -37.570  -23.940 0.8000000119
48610  -31.670  -38.136  -23.089 0.8000000119
47725  -34.448  -38.630  -22.701 0.6999999881
47753  -30.037  -37.927  -24.497 0.8000000119
133189  -35.091  -37.025  -22.508 0.8000000119
49518  -30.113  -36.256  -25.299 0.8000000119
49495  -32.709  -36.463  -23.300 0.8000000119
49485  -34.528  -36.271  -22.830 0.8000000119
49519  -31.091  -35.771  -25.779 0.8000000119
50349  -31.851  -35.203  -26.275 0.8000000119
50338  -29.598  -35.577  -24.556 0.8000000119
50314  -31.976  -35.211  -23.767 0.8000000119
51201  -32.398  -34.578  -24.188 0.8000000119
125545  -34.016  -35.124  -23.623 0.8000000119
51236  -32.625  -34.541  -26.672 0.8000000119
51235  -31.480  -34.217  -26.217 0.8000000119
51199  -30.286  -34.688  -24.477 0.8000000119
52175  -30.896  -34.131  -24.743 0.8000000119
51203  -34.429  -34.450  -23.955 0.8000000119
52228  -34.993  -33.253  -27.558 0.8000000119
41018  -33.929  -45.628  -14.371 0.6000000238
134299  -34.887  -44.610  -14.573 0.6000000238
43597  -31.877  -42.796  -14.632 0.3000000119
41879  -32.820  -44.050  -14.496 0.5000000000
41882  -35.242  -44.041  -14.733 0.6000000238
42752  -35.581  -43.353  -14.984 0.6999999881
41888  -36.126  -44.150  -15.106 0.6999999881
42760  -37.175  -43.319  -15.911 0.6999999881
43609  -34.909  -42.130  -15.006 0.6000000238
42753  -36.476  -43.357  -15.427 0.6999999881
43619  -37.513  -42.708  -16.429 0.6999999881
45684  -32.326  -40.632  -15.034 0.3000000119
44562  -33.526  -41.607  -14.769 0.3000000119
43611  -36.805  -42.567  -15.734 0.6999999881
45683  -31.440  -40.175  -15.268 0.3000000119
47645  -34.924  -38.872  -15.658 0.3000000119
43626  -37.996  -42.554  -17.265 0.6999999881
44597  -38.232  -41.781  -17.720 0.6999999881
48543  -32.724  -37.235  -16.353 0.3000000119
47659  -33.431  -37.639  -16.083 0.3000000119
47660  -34.182  -37.662  -15.960 0.3000000119
50261  -32.241  -35.757  -16.956 0.3000000119
137432  -37.933  -40.878  -20.854 0.6999999881
46746  -38.096  -39.578  -20.940 0.6999999881
123152  -35.766  -37.773  -22.291 0.8000000119
50317  -34.865  -34.993  -23.359 0.8000000119
50348  -30.979  -34.960  -25.847 0.8000000119
142208  -29.772  -35.030  -24.853 0.8000000119
52204  -30.823  -34.054  -25.328 0.8000000119
52188  -30.742  -34.012  -24.943 0.8000000119
52190  -32.184  -33.304  -25.063 0.8000000119
51214  -32.781  -33.893  -24.621 0.8000000119
51202  -33.473  -34.550  -24.154 0.8000000119
51245  -32.751  -33.780  -26.875 0.8000000119
52189  -31.185  -33.567  -25.164 0.8000000119
52227  -34.255  -33.792  -27.449 0.8000000119
53109  -34.608  -32.250  -27.659 0.6999999881
136956  -35.330  -32.575  -27.483 0.6000000238
43601  -35.083  -42.781  -14.896 0.6000000238
44576  -36.289  -41.718  -15.576 0.6000000238
46697  -34.635  -39.904  -15.427 0.4000000060
133503  -36.131  -40.238  -15.651 0.6000000238
44586  -37.133  -41.791  -16.062 0.6999999881
44587  -37.755  -41.805  -16.787 0.6999999881
46705  -36.394  -39.527  -15.835 0.4000000060
45716  -37.978  -41.000  -17.115 0.6999999881
45717  -38.394  -40.874  -17.906 0.6999999881
44606  -38.474  -41.421  -18.612 0.6999999881
49422  -35.119  -36.530  -16.001 0.3000000119
47661  -36.583  -38.748  -15.959 0.4000000060
46707  -38.010  -39.672  -16.982 0.6000000238
122062  -38.608  -39.444  -18.456 0.6999999881
44620  -38.514  -41.105  -19.533 0.6999999881
45755  -38.236  -40.339  -20.607 0.6999999881
47689  -38.664  -38.795  -19.716 0.6999999881
48600  -37.476  -37.004  -21.109 0.6999999881
48613  -34.779  -37.886  -22.657 0.8000000119
48626  -34.200  -37.179  -22.855 0.8000000119
49486  -35.463  -36.239  -22.378 0.8000000119
136571  -33.049  -35.200  -23.762 0.8000000119
51191  -35.646  -34.836  -22.970 0.8000000119
51200  -31.271  -34.607  -24.236 0.8000000119
52192  -34.283  -33.078  -24.778 0.8000000119
144135  -31.556  -32.973  -26.388 0.8000000119
52205  -31.135  -33.411  -25.559 0.8000000119
53080  -32.187  -32.289  -25.491 0.8000000119
52191  -33.146  -33.122  -24.995 0.8000000119
53093  -31.378  -32.050  -25.951 0.8000000119
53101  -36.408  -32.603  -26.648 0.6000000238
52226  -33.279  -33.409  -27.218 0.8000000119
134568  -35.681  -31.522  -27.403 0.6000000238
53923  -33.955  -31.407  -27.724 0.6999999881
54794  -34.373  -30.706  -27.849 0.6999999881
44575  -35.403  -41.588  -15.275 0.6000000238
45688  -35.807  -40.934  -15.493 0.6000000238
45689  -36.632  -40.980  -15.850 0.6000000238
129180  -37.677  -40.263  -16.698 0.6000000238
48546  -35.697  -37.334  -15.900 0.3000000119
46706  -37.362  -39.394  -16.359 0.5000000000
48547  -36.684  -37.881  -16.012 0.3000000119
47662  -37.483  -38.417  -16.394 0.5000000000
47672  -38.553  -38.810  -17.996 0.6999999881
51134  -34.775  -35.213  -16.324 0.3000000119
50246  -35.459  -35.720  -15.991 0.3000000119
48557  -38.621  -37.570  -17.916 0.4000000060
47678  -38.732  -38.763  -18.854 0.6999999881
52107  -34.041  -34.096  -16.904 0.3000000119
136430  -38.612  -37.433  -19.501 0.6000000238
49464  -37.822  -36.374  -20.601 0.6000000238
48591  -38.269  -37.087  -20.225 0.6000000238
49472  -36.829  -36.464  -21.498 0.8000000119
50285  -37.792  -35.626  -20.594 0.6000000238
139999  -36.197  -36.324  -21.903 0.8000000119
50294  -36.695  -35.744  -21.619 0.6999999881
49473  -37.284  -36.079  -21.092 0.6999999881
50305  -35.173  -35.563  -22.802 0.8000000119
50306  -36.040  -35.463  -22.288 0.8000000119
51192  -36.380  -34.569  -22.558 0.6999999881
51183  -36.743  -34.955  -21.840 0.6999999881
50295  -37.299  -35.303  -21.261 0.6999999881
52171  -36.754  -33.755  -22.821 0.6999999881
51193  -37.050  -34.252  -22.217 0.6999999881
52177  -34.816  -33.719  -24.243 0.8000000119
52178  -35.678  -33.449  -23.877 0.8000000119
53064  -36.867  -32.870  -23.287 0.6999999881
130507  -37.362  -33.257  -22.627 0.6999999881
135128  -31.249  -33.390  -26.114 0.8000000119
52224  -31.227  -32.696  -26.072 0.8000000119
53083  -35.714  -32.600  -24.286 0.8000000119
53100  -31.393  -32.104  -26.051 0.8000000119
133384  -32.969  -31.481  -25.518 0.8000000119
52215  -31.924  -33.635  -26.540 0.8000000119
139091  -31.686  -31.707  -26.311 0.8000000119
53890  -31.940  -31.307  -25.905 0.8000000119
142204  -33.607  -30.909  -25.455 0.8000000119
52225  -32.273  -33.104  -26.810 0.8000000119
126397  -32.215  -31.782  -26.888 0.8000000119
53922  -32.787  -31.200  -27.287 0.6999999881
53914  -36.279  -31.748  -26.911 0.6000000238
54786  -36.726  -30.565  -26.714 0.6000000238
53108  -33.372  -32.029  -27.443 0.8000000119
141328  -33.412  -30.736  -27.620 0.6999999881
55766  -33.831  -29.366  -27.771 0.6999999881
47663  -38.150  -38.879  -17.056 0.5000000000
46713  -38.366  -39.533  -17.654 0.5000000000
48548  -37.718  -37.472  -16.451 0.4000000060
130518  -38.463  -38.136  -17.579 0.5000000000
126816  -38.674  -38.088  -18.377 0.6000000238
50247  -36.441  -35.427  -15.923 0.3000000119
48566  -38.714  -37.295  -18.650 0.6000000238
51136  -36.718  -34.440  -16.084 0.3000000119
50248  -37.532  -35.155  -16.304 0.3000000119
49455  -38.605  -36.686  -19.336 0.6000000238
52108  -34.602  -33.464  -16.921 0.3000000119
52110  -36.451  -33.548  -16.294 0.3000000119
50249  -38.319  -35.206  -16.947 0.3000000119
52109  -35.487  -33.482  -16.554 0.3000000119
49465  -38.256  -36.120  -19.963 0.6000000238
53010  -34.407  -32.863  -17.315 0.3000000119
51175  -37.856  -34.844  -20.773 0.6999999881
51184  -37.438  -34.549  -21.535 0.6999999881
137233  -35.024  -31.443  -24.969 0.8000000119
53073  -36.468  -32.115  -23.919 0.6999999881
139749  -37.143  -32.085  -23.415 0.6999999881
53892  -35.708  -31.756  -24.544 0.6999999881
53891  -34.159  -31.539  -25.246 0.8000000119
55735  -35.319  -29.916  -24.925 0.6999999881
133528  -32.675  -30.623  -25.728 0.8000000119
129439  -34.440  -29.908  -25.285 0.6000000238
143876  -37.609  -29.473  -26.263 0.6000000238
53921  -32.046  -31.110  -26.566 0.6999999881
54792  -32.498  -30.303  -27.108 0.6999999881
54785  -32.233  -30.352  -26.384 0.6999999881
129300  -34.586  -29.882  -27.833 0.6999999881
55767  -35.474  -29.589  -27.493 0.6999999881
55765  -32.897  -29.442  -27.352 0.6999999881
60340  -32.585  -24.581  -27.086 0.5000000000
60356  -32.819  -24.588  -27.359 0.5000000000
50277  -38.645  -35.800  -19.170 0.6000000238
128434  -38.763  -34.944  -19.033 0.6000000238
51176  -38.410  -34.331  -20.333 0.6000000238
51185  -38.085  -34.086  -21.154 0.6999999881
52164  -37.647  -33.739  -21.968 0.6999999881
55670  -32.684  -30.286  -19.650 0.3000000119
53065  -37.566  -32.435  -22.878 0.6999999881
52165  -38.380  -33.296  -21.490 0.6999999881
53877  -38.342  -31.923  -22.496 0.6999999881
54764  -33.624  -30.212  -25.499 0.6999999881
53885  -36.360  -31.175  -24.253 0.6999999881
53886  -37.019  -31.387  -23.705 0.6000000238
54766  -35.566  -30.866  -24.709 0.6999999881
53913  -31.839  -31.395  -26.171 0.6999999881
54774  -32.223  -30.324  -26.232 0.6999999881
126897  -32.743  -29.790  -25.801 0.6999999881
55733  -33.744  -29.348  -25.502 0.6000000238
55753  -32.332  -29.554  -26.447 0.6999999881
55755  -36.338  -29.140  -26.953 0.6000000238
55756  -37.082  -29.834  -26.567 0.5000000000
128167  -33.332  -28.509  -27.511 0.6999999881
56718  -32.889  -27.728  -27.268 0.6999999881
57643  -33.623  -27.402  -27.529 0.6999999881
58605  -34.160  -26.589  -27.502 0.6000000238
50267  -38.751  -35.464  -18.331 0.5000000000
138259  -39.066  -33.895  -18.129 0.4000000060
52137  -38.997  -34.072  -18.969 0.5000000000
51168  -38.669  -34.458  -19.612 0.6000000238
52149  -39.327  -33.319  -19.315 0.5000000000
52148  -38.872  -33.811  -19.841 0.6000000238
53047  -39.020  -32.851  -20.987 0.6000000238
141153  -32.773  -29.648  -19.933 0.3000000119
54694  -33.396  -30.690  -19.163 0.3000000119
53066  -38.020  -32.879  -22.240 0.6999999881
53876  -38.291  -31.021  -22.953 0.6000000238
53887  -37.660  -31.593  -23.175 0.6000000238
54756  -37.128  -29.988  -23.996 0.6000000238
55742  -32.442  -29.394  -26.245 0.6999999881
55734  -34.719  -29.320  -25.206 0.6000000238
55723  -35.987  -29.422  -24.635 0.6000000238
55732  -32.863  -29.149  -25.851 0.6999999881
57608  -33.783  -27.783  -25.496 0.6000000238
56713  -32.701  -28.128  -27.095 0.6999999881
57644  -34.698  -27.321  -27.481 0.6999999881
56702  -36.020  -28.388  -27.102 0.6000000238
57629  -36.885  -27.443  -26.580 0.5000000000
56715  -35.291  -28.058  -27.380 0.6000000238
135523  -36.125  -27.631  -26.979 0.6000000238
58595  -36.405  -26.893  -26.753 0.5000000000
139019  -32.646  -26.796  -27.078 0.6000000238
58606  -35.078  -26.549  -27.282 0.5000000000
58604  -33.274  -26.513  -27.478 0.5000000000
125346  -34.560  -25.814  -27.330 0.5000000000
59502  -34.864  -25.099  -27.159 0.5000000000
59501  -33.998  -24.980  -27.471 0.5000000000
127387  -32.970  -23.904  -27.474 0.5000000000
52128  -39.358  -33.144  -18.002 0.4000000060
143447  -39.262  -33.452  -18.601 0.4000000060
53039  -39.837  -32.056  -18.881 0.4000000060
133588  -37.484  -31.108  -17.098 0.4000000060
52157  -39.214  -33.100  -20.145 0.6000000238
54712  -34.126  -30.058  -19.275 0.3000000119
55672  -34.693  -29.456  -19.202 0.3000000119
54697  -35.959  -29.841  -18.229 0.3000000119
53867  -39.061  -31.811  -21.914 0.6000000238
57550  -33.661  -27.325  -19.993 0.3000000119
54748  -38.804  -30.343  -22.684 0.6000000238
55725  -37.394  -29.170  -23.896 0.5000000000
54747  -38.219  -30.317  -23.207 0.6000000238
124191  -35.392  -28.964  -24.901 0.6000000238
56672  -36.160  -28.691  -24.569 0.6000000238
55724  -36.663  -29.329  -24.314 0.6000000238
56683  -34.484  -28.481  -25.264 0.6000000238
56684  -35.520  -27.958  -24.776 0.6000000238
131365  -32.688  -28.228  -26.370 0.6999999881
58564  -33.939  -27.037  -25.355 0.6000000238
132202  -32.596  -26.997  -26.808 0.6999999881
58614  -32.789  -26.300  -27.275 0.5000000000
134009  -33.670  -25.846  -27.504 0.5000000000
137080  -32.673  -23.999  -27.233 0.5000000000
53014  -39.058  -32.706  -17.501 0.4000000060
53030  -39.495  -32.338  -18.129 0.4000000060
125626  -39.611  -32.561  -19.534 0.5000000000
53836  -39.435  -30.844  -17.867 0.4000000060
123543  -39.953  -31.693  -19.774 0.4000000060
121323  -39.747  -31.680  -20.671 0.4000000060
53057  -39.310  -32.086  -21.225 0.5000000000
55673  -34.595  -28.743  -19.491 0.3000000119
57552  -35.273  -28.198  -19.289 0.3000000119
56610  -35.724  -28.755  -18.837 0.4000000060
53868  -39.604  -31.229  -21.427 0.4000000060
122829  -35.158  -27.303  -19.423 0.3000000119
56611  -36.502  -28.516  -18.553 0.4000000060
55713  -38.538  -29.661  -23.112 0.5000000000
53878  -38.999  -31.150  -22.314 0.6000000238
55712  -37.836  -29.813  -23.554 0.5000000000
56674  -37.654  -28.351  -23.791 0.5000000000
124274  -36.384  -27.984  -24.458 0.6000000238
57596  -38.029  -27.582  -23.683 0.5000000000
57609  -34.607  -27.448  -25.094 0.6000000238
58565  -35.307  -26.924  -24.706 0.6000000238
137785  -32.931  -26.752  -25.963 0.6000000238
59460  -34.230  -25.620  -24.902 0.6000000238
58593  -32.605  -26.115  -26.657 0.5000000000
58603  -32.570  -26.160  -27.020 0.5000000000
59474  -32.662  -25.281  -26.442 0.5000000000
61219  -32.575  -23.838  -26.665 0.5000000000
61231  -32.535  -23.181  -26.966 0.5000000000
127511  -32.730  -23.257  -27.277 0.5000000000
53820  -39.170  -31.756  -17.552 0.4000000060
131412  -40.082  -31.365  -19.009 0.4000000060
53849  -40.219  -30.786  -19.557 0.4000000060
53859  -40.115  -30.990  -20.475 0.4000000060
54713  -39.975  -30.614  -18.673 0.4000000060
54726  -40.406  -30.049  -20.244 0.4000000060
54736  -40.087  -30.353  -21.146 0.4000000060
58498  -34.428  -26.884  -19.665 0.3000000119
55714  -39.356  -29.526  -22.482 0.4000000060
54749  -39.536  -30.397  -22.007 0.5000000000
123618  -38.465  -28.263  -23.434 0.4000000060
57595  -37.103  -27.560  -24.141 0.5000000000
123782  -38.552  -26.921  -23.466 0.4000000060
57594  -36.188  -27.219  -24.462 0.6000000238
58552  -37.703  -26.764  -23.817 0.5000000000
143831  -34.455  -26.545  -25.004 0.6000000238
58550  -35.937  -26.323  -24.416 0.5000000000
58551  -36.817  -26.560  -24.173 0.5000000000
58579  -32.833  -26.072  -26.112 0.5000000000
144154  -33.615  -25.487  -25.276 0.6000000238
60286  -34.456  -24.800  -24.678 0.6000000238
58549  -35.091  -26.043  -24.625 0.6000000238
59459  -33.693  -24.929  -25.087 0.6000000238
60313  -32.747  -24.499  -26.241 0.5000000000
61220  -32.801  -23.261  -26.457 0.5000000000
63182  -33.420  -21.559  -27.698 0.5000000000
60298  -33.246  -24.358  -25.605 0.5000000000
61154  -32.496  -23.346  -20.285 0.3000000119
61144  -33.784  -23.686  -19.817 0.4000000060
61145  -34.556  -23.179  -19.821 0.4000000060
60287  -35.310  -24.763  -24.412 0.5000000000
63083  -32.779  -22.075  -20.884 0.4000000060
61195  -37.179  -23.650  -23.990 0.5000000000
127124  -37.828  -24.243  -23.650 0.5000000000
61210  -34.317  -23.375  -24.970 0.5000000000
61194  -36.294  -23.495  -24.294 0.5000000000
61209  -33.406  -23.493  -25.636 0.5000000000
62189  -33.855  -22.716  -25.564 0.6000000238
64063  -33.445  -20.953  -27.761 0.5000000000
62211  -32.865  -22.495  -26.812 0.6000000238
137096  -33.841  -21.347  -26.433 0.5000000000
64055  -33.518  -20.890  -27.057 0.6000000238
64056  -33.671  -20.245  -27.709 0.4000000060
62141  -34.528  -22.287  -20.302 0.4000000060
123230  -36.254  -23.816  -19.208 0.4000000060
61211  -35.385  -23.276  -24.594 0.5000000000
62191  -35.685  -22.449  -24.824 0.5000000000
62190  -34.775  -22.619  -25.113 0.5000000000
63145  -36.105  -21.732  -25.078 0.5000000000
62192  -36.548  -22.299  -24.661 0.5000000000
122586  -33.220  -22.812  -26.157 0.5000000000
62201  -34.247  -21.992  -25.673 0.5000000000
64996  -34.297  -19.909  -27.218 0.4000000060
64041  -34.702  -20.671  -26.311 0.5000000000
134216  -33.815  -20.604  -27.000 0.5000000000
138889  -35.904  -22.320  -19.777 0.4000000060
63099  -34.125  -21.498  -20.699 0.4000000060
62178  -36.147  -22.888  -24.515 0.5000000000
61196  -38.157  -23.442  -23.747 0.4000000060
63157  -35.500  -21.189  -25.591 0.4000000060
64042  -35.815  -20.427  -25.898 0.4000000060
141488  -35.218  -19.936  -26.508 0.5000000000
65007  -35.095  -19.160  -27.078 0.3000000119
62193  -37.308  -22.272  -24.466 0.4000000060
63158  -36.458  -21.002  -25.396 0.4000000060
64997  -36.161  -19.540  -26.256 0.5000000000
65008  -36.797  -18.886  -26.231 0.4000000060
64998  -37.169  -19.475  -25.750 0.4000000060
66837  -36.247  -16.704  -27.627 0.4000000060
64043  -36.745  -20.228  -25.614 0.4000000060
64033  -38.311  -20.057  -24.910 0.4000000060
66826  -37.557  -17.617  -26.139 0.4000000060
66838  -36.876  -17.174  -26.887 0.4000000060
125643  -37.483  -16.780  -26.506 0.4000000060
67687  -36.859  -16.099  -27.408 0.4000000060
64045  -37.992  -19.361  -25.344 0.4000000060
65918  -37.578  -18.594  -25.804 0.4000000060
64987  -38.808  -19.143  -24.809 0.4000000060
66827  -38.233  -17.901  -25.507 0.3000000119
67674  -38.142  -16.968  -25.829 0.4000000060
67673  -37.766  -15.891  -26.487 0.4000000060
65919  -38.309  -18.653  -25.288 0.3000000119
66813  -38.821  -17.284  -25.127 0.4000000060
129639  -38.835  -18.180  -24.936 0.4000000060
32984  -28.050  -54.407  -26.804 0.6999999881
29155  -30.718  -58.717  -21.278 0.6999999881
24245  -25.024  -63.719  -17.383 0.6000000238
28101  -31.285  -59.616  -18.763 0.6999999881
32038  -31.144  -55.541  -21.167 0.8000000119
31103  -32.546  -57.024  -20.103 0.8000000119
29106  -29.606  -58.721  -17.265 0.6000000238
30104  -31.090  -57.017  -17.233 0.6000000238
31067  -31.700  -56.744  -17.642 0.6999999881
140173  -32.977  -52.024  -20.223 0.8000000119
27130  -23.347  -60.215  -20.123 0.4000000060
42055  -31.231  -44.702  -26.165 0.8000000119
33785  -31.663  -53.941  -16.357 0.6000000238
31994  -25.485  -55.967  -17.514 0.5000000000
35553  -35.151  -51.503  -17.913 0.8000000119
38306  -34.846  -48.870  -19.632 0.8000000119
34699  -33.510  -52.584  -16.523 0.8000000119
36386  -28.819  -50.278  -15.612 0.6000000238
36368  -33.225  -49.979  -14.677 0.6999999881
43688  -33.497  -42.693  -21.600 0.6999999881
38266  -35.692  -48.311  -15.609 0.6999999881
40061  -34.592  -46.383  -14.485 0.6999999881
141561  -32.642  -35.731  -23.520 0.8000000119
129665  -37.043  -44.242  -15.798 0.6999999881
47702  -37.759  -38.766  -21.222 0.6999999881
47712  -37.253  -37.962  -21.450 0.6999999881
47703  -38.341  -38.799  -20.526 0.6999999881
48590  -38.049  -37.935  -20.850 0.6000000238
132766  -35.404  -40.301  -15.473 0.6000000238
132570  -38.143  -38.086  -16.867 0.5000000000
51157  -38.868  -34.624  -18.274 0.4000000060
54757  -37.576  -30.688  -23.516 0.6000000238
53837  -39.716  -31.503  -18.335 0.4000000060
63174  -33.233  -21.846  -27.281 0.5000000000
32995  -32.045  -54.215  -26.761 0.5000000000
33919  -33.676  -52.926  -27.765 0.5000000000
31152  -27.351  -56.398  -27.693 0.6999999881
37467  -35.933  -49.550  -29.006 0.5000000000
22477  -26.665  -65.162  -18.110 0.5000000000
38408  -35.337  -48.955  -28.483 0.6999999881
29167  -29.188  -58.626  -22.213 0.6999999881
30175  -29.020  -57.598  -22.180 0.6999999881
33886  -28.505  -53.716  -25.118 0.6999999881
32969  -28.298  -54.353  -24.312 0.6999999881
35623  -31.486  -51.809  -24.920 0.6999999881
33887  -29.062  -53.302  -24.723 0.6999999881
39312  -34.848  -47.534  -26.581 0.6999999881
142296  -35.673  -47.558  -23.954 0.5000000000
39295  -35.002  -47.287  -25.296 0.6000000238
42020  -35.892  -44.812  -23.292 0.5000000000
126004  -29.537  -54.759  -21.809 0.6999999881
40199  -34.122  -46.159  -26.104 0.6999999881
25168  -29.021  -62.338  -18.871 0.6000000238
144881  -30.100  -55.437  -21.548 0.6999999881
42008  -38.161  -44.893  -23.438 0.4000000060
26129  -26.101  -61.521  -18.810 0.6000000238
42057  -32.618  -45.029  -26.459 0.8000000119
28079  -30.073  -59.527  -17.649 0.6999999881
32030  -33.020  -55.461  -20.132 0.6999999881
24279  -22.229  -63.046  -19.014 0.5000000000
35585  -31.754  -51.334  -20.505 0.8000000119
42866  -36.909  -43.067  -24.137 0.5000000000
31082  -32.807  -56.172  -18.537 0.6999999881
144148  -26.160  -60.480  -18.674 0.6000000238
36457  -31.447  -50.873  -21.566 0.8000000119
44698  -35.478  -41.544  -24.843 0.6999999881
43732  -37.466  -42.742  -25.169 0.6000000238
32915  -33.337  -54.673  -18.063 0.6999999881
127123  -27.131  -58.328  -17.499 0.6000000238
39264  -32.499  -47.058  -23.566 0.8999999762
41146  -30.856  -45.575  -24.976 0.8000000119
44724  -37.521  -41.042  -26.443 0.6000000238
44714  -39.050  -41.991  -25.792 0.4000000060
28116  -23.777  -59.468  -19.518 0.3000000119
139853  -25.323  -59.986  -18.868 0.5000000000
141893  -24.771  -60.199  -19.276 0.5000000000
143122  -23.327  -60.830  -20.387 0.4000000060
43745  -31.915  -42.908  -25.541 0.8000000119
32899  -31.211  -54.632  -16.539 0.6000000238
31981  -29.978  -55.662  -16.530 0.6000000238
33787  -33.348  -53.306  -16.936 0.8000000119
31066  -28.020  -57.045  -16.846 0.5000000000
28117  -24.546  -59.668  -19.201 0.4000000060
28097  -24.919  -59.147  -18.846 0.5000000000
29120  -25.686  -58.074  -18.130 0.5000000000
39232  -33.917  -47.838  -20.898 0.8000000119
44723  -36.764  -40.763  -26.480 0.6999999881
47757  -37.716  -38.250  -25.506 0.6000000238
136869  -38.940  -38.102  -23.834 0.4000000060
131826  -29.419  -55.026  -16.451 0.6000000238
32008  -24.614  -55.856  -17.874 0.5000000000
30128  -25.311  -57.344  -17.950 0.5000000000
31052  -27.675  -56.274  -16.794 0.5000000000
31064  -26.321  -56.615  -17.296 0.5000000000
36403  -35.396  -50.315  -16.870 0.6999999881
125730  -29.978  -53.891  -16.223 0.6000000238
33794  -25.548  -53.809  -17.526 0.5000000000
33795  -26.350  -53.602  -17.160 0.6000000238
32912  -26.171  -54.532  -17.232 0.5000000000
34709  -26.561  -52.662  -17.036 0.6000000238
31993  -24.975  -55.112  -17.691 0.5000000000
32896  -28.616  -54.893  -16.496 0.5000000000
130006  -25.166  -51.036  -18.040 0.6000000238
35565  -25.217  -51.834  -17.876 0.6000000238
31995  -26.391  -55.554  -17.162 0.5000000000
134075  -27.553  -53.977  -16.655 0.6000000238
33796  -27.101  -53.433  -16.802 0.6000000238
32895  -27.660  -54.747  -16.681 0.5000000000
38296  -26.055  -48.056  -18.256 0.4000000060
38298  -36.448  -48.532  -17.969 0.6999999881
38308  -36.261  -48.154  -18.712 0.6999999881
129403  -30.462  -42.893  -24.520 0.8999999762
36409  -26.883  -51.098  -16.816 0.5000000000
34710  -27.413  -52.744  -16.617 0.6000000238
33781  -27.836  -53.402  -16.504 0.6000000238
35544  -28.383  -51.655  -15.998 0.6000000238
127751  -27.557  -48.620  -16.637 0.4000000060
37333  -28.627  -49.384  -15.739 0.5000000000
39176  -28.748  -47.658  -15.790 0.5000000000
38262  -28.710  -48.485  -15.730 0.5000000000
41086  -35.112  -45.828  -20.274 0.6999999881
128055  -30.303  -41.868  -24.791 0.8000000119
50352  -36.993  -36.006  -26.066 0.6999999881
36367  -32.712  -50.653  -14.736 0.6999999881
36387  -29.587  -50.562  -15.255 0.6000000238
40113  -37.337  -46.276  -17.892 0.6999999881
40076  -29.337  -46.429  -15.599 0.5000000000
41076  -36.951  -45.817  -19.204 0.6999999881
41049  -28.308  -45.552  -16.474 0.4000000060
48680  -34.869  -37.381  -27.305 0.8000000119
37314  -30.960  -49.284  -14.617 0.6000000238
38246  -31.445  -48.234  -14.505 0.6000000238
37334  -29.433  -49.698  -15.299 0.6000000238
126945  -29.333  -48.874  -15.369 0.5000000000
41886  -29.581  -44.809  -15.536 0.3000000119
41952  -36.293  -44.372  -20.279 0.6999999881
41927  -37.696  -44.650  -18.845 0.6999999881
41887  -30.426  -44.310  -15.050 0.3000000119
47765  -33.286  -37.919  -26.413 0.8999999762
49527  -34.923  -36.503  -27.358 0.8000000119
48670  -34.009  -37.050  -26.810 0.8000000119
128951  -36.082  -34.931  -27.010 0.6000000238
123281  -36.913  -35.051  -25.968 0.6000000238
51237  -36.429  -34.589  -26.591 0.6000000238
125796  -35.075  -34.225  -27.446 0.8000000119
40057  -30.829  -46.852  -14.736 0.6000000238
39163  -33.250  -47.540  -14.347 0.6999999881
41014  -30.904  -45.964  -14.695 0.5000000000
133450  -31.830  -44.794  -14.533 0.4000000060
41953  -37.056  -43.862  -20.231 0.6999999881
45787  -33.280  -40.573  -22.277 0.8000000119
44656  -36.480  -41.393  -21.497 0.6999999881
49525  -32.276  -36.338  -26.216 0.8000000119
49536  -34.634  -35.542  -27.284 0.8000000119
41033  -37.128  -45.287  -16.041 0.6999999881
41880  -33.616  -44.044  -14.503 0.5000000000
127307  -37.858  -43.915  -17.390 0.6999999881
42790  -38.050  -43.353  -19.267 0.6999999881
42811  -37.287  -43.172  -20.406 0.6999999881
44636  -37.100  -41.887  -21.151 0.6999999881
43669  -38.320  -41.976  -20.064 0.6999999881
46760  -37.345  -39.563  -21.504 0.6999999881
134252  -32.233  -38.743  -22.882 0.8000000119
123734  -33.729  -39.031  -22.747 0.8000000119
48625  -33.240  -37.283  -23.123 0.8000000119
43599  -33.534  -42.466  -14.628 0.5000000000
41901  -37.545  -43.691  -16.515 0.6999999881
42766  -38.111  -43.205  -17.773 0.6999999881
131277  -32.398  -41.376  -14.843 0.3000000119
43600  -34.394  -42.643  -14.745 0.5000000000
44563  -34.170  -41.842  -14.827 0.4000000060
43634  -38.399  -42.218  -18.584 0.6999999881
126731  -38.457  -41.876  -19.257 0.6999999881
46694  -32.339  -39.721  -15.317 0.3000000119
46747  -38.527  -39.670  -20.123 0.6999999881
43610  -35.796  -42.493  -15.248 0.6000000238
48528  -34.866  -37.961  -15.858 0.3000000119
48544  -33.945  -37.175  -16.160 0.3000000119
48545  -34.648  -37.222  -15.999 0.3000000119
53924  -34.954  -31.443  -27.783 0.6999999881
133373  -36.959  -40.232  -16.083 0.6000000238
47646  -35.802  -39.007  -15.744 0.4000000060
45704  -38.189  -40.245  -17.385 0.6999999881
46723  -38.508  -40.120  -18.126 0.6999999881
45729  -38.564  -40.625  -18.726 0.6999999881
125105  -38.690  -39.476  -19.263 0.6999999881
48578  -38.517  -38.016  -20.042 0.6000000238
51205  -36.046  -34.083  -23.235 0.8000000119
52193  -35.110  -33.040  -24.462 0.8000000119
53081  -33.635  -32.317  -25.215 0.8000000119
54795  -35.398  -30.621  -27.603 0.6000000238
54796  -36.213  -30.978  -27.102 0.6000000238
48529  -35.734  -38.302  -15.823 0.3000000119
46698  -35.527  -39.617  -15.599 0.5000000000
125028  -34.930  -34.285  -16.487 0.3000000119
51135  -35.685  -34.856  -16.049 0.3000000119
127296  -38.610  -36.908  -17.770 0.5000000000
50286  -38.357  -35.153  -19.922 0.6000000238
128033  -36.228  -32.893  -23.754 0.6999999881
56714  -34.650  -28.902  -27.744 0.6999999881
49424  -37.101  -36.090  -16.088 0.3000000119
123234  -35.851  -34.109  -16.190 0.3000000119
133584  -37.993  -35.972  -16.620 0.3000000119
52999  -35.121  -32.773  -17.001 0.3000000119
53809  -36.683  -32.093  -16.689 0.3000000119
131298  -32.485  -28.914  -27.046 0.6999999881
56701  -32.422  -28.946  -26.662 0.6999999881
52156  -38.670  -33.592  -20.675 0.6000000238
53056  -38.712  -32.493  -21.754 0.6999999881
54755  -36.302  -30.205  -24.437 0.6000000238
139525  -32.571  -28.344  -26.645 0.6999999881
56703  -36.695  -28.254  -26.727 0.5000000000
127633  -33.013  -27.987  -25.926 0.6000000238
58562  -33.280  -27.198  -25.721 0.6000000238
58594  -35.839  -26.576  -26.976 0.6000000238
60343  -34.720  -24.265  -27.221 0.4000000060
54682  -37.089  -30.492  -17.470 0.4000000060
55655  -35.416  -29.521  -18.720 0.3000000119
56622  -33.964  -28.629  -19.791 0.3000000119
57551  -34.388  -27.901  -19.709 0.3000000119
56660  -38.136  -29.037  -23.503 0.5000000000
56673  -36.899  -28.502  -24.223 0.5000000000
137490  -32.669  -27.666  -26.558 0.5000000000
126849  -35.930  -28.147  -18.900 0.4000000060
57533  -35.824  -27.545  -19.057 0.4000000060
56661  -38.897  -28.888  -23.067 0.5000000000
54737  -40.353  -29.687  -20.978 0.4000000060
57583  -39.269  -28.032  -22.929 0.4000000060
60299  -33.911  -24.153  -24.946 0.6000000238
61155  -33.202  -23.348  -20.115 0.3000000119
61146  -35.373  -23.541  -19.501 0.4000000060
127745  -35.744  -24.083  -24.304 0.5000000000
61147  -36.061  -22.974  -19.501 0.4000000060
64044  -37.552  -20.118  -25.304 0.4000000060
65907  -39.442  -18.448  -24.435 0.4000000060
68479  -38.231  -15.229  -26.010 0.3000000119
25281  -24.984  -62.348  -26.067 0.5000000000
26224  -24.087  -60.424  -26.901 0.5000000000
22546  -26.062  -65.436  -23.401 0.4000000060
23473  -26.174  -64.393  -24.642 0.5000000000
23487  -25.595  -63.891  -25.383 0.5000000000
24363  -25.898  -63.115  -25.672 0.5000000000
26217  -25.330  -60.949  -25.542 0.6000000238
27202  -24.821  -60.071  -25.740 0.6000000238
23474  -27.216  -64.222  -24.386 0.5000000000
23456  -27.661  -64.724  -23.636 0.5000000000
24352  -27.518  -63.260  -24.584 0.5000000000
25273  -27.048  -62.174  -24.847 0.5000000000
23437  -28.012  -65.167  -22.859 0.5000000000
26208  -26.317  -61.114  -24.881 0.6000000238
27192  -26.061  -60.124  -24.677 0.6000000238
27203  -25.540  -60.376  -25.175 0.6000000238
27191  -25.282  -59.657  -25.281 0.6000000238
29190  -25.704  -58.451  -24.893 0.6000000238
28191  -25.783  -59.279  -24.683 0.6000000238
29200  -25.382  -58.120  -26.165 0.6000000238
31146  -26.271  -56.579  -26.708 0.6000000238
31136  -26.269  -56.716  -25.593 0.6000000238
23457  -28.498  -64.468  -23.228 0.5000000000
127688  -27.282  -61.433  -24.423 0.6000000238
22531  -28.161  -65.335  -21.951 0.5000000000
23438  -28.780  -64.782  -22.381 0.5000000000
27193  -26.941  -60.595  -24.266 0.6000000238
22490  -27.043  -65.816  -19.579 0.5000000000
22517  -28.145  -65.381  -21.130 0.5000000000
28179  -26.413  -58.861  -24.119 0.6000000238
123022  -26.016  -57.567  -25.079 0.6000000238
32074  -27.118  -55.809  -27.628 0.6000000238
24353  -28.306  -63.234  -23.980 0.5000000000
25274  -28.074  -62.188  -24.133 0.5000000000
23439  -29.502  -64.323  -21.876 0.5000000000
24322  -29.265  -64.082  -22.749 0.5000000000
24341  -28.773  -63.691  -23.444 0.5000000000
131829  -28.742  -62.070  -23.498 0.5000000000
26209  -27.780  -61.077  -23.902 0.6000000238
22505  -28.396  -65.101  -20.403 0.5000000000
23427  -28.837  -64.906  -21.333 0.5000000000
28180  -27.197  -59.230  -23.560 0.6000000238
127719  -27.874  -65.159  -19.494 0.5000000000
22492  -28.525  -64.444  -19.649 0.5000000000
29181  -26.996  -58.305  -23.514 0.6000000238
29180  -26.329  -58.167  -24.254 0.6000000238
32066  -26.879  -55.443  -26.670 0.6000000238
24323  -29.890  -63.484  -22.141 0.5000000000
26176  -29.716  -61.862  -22.571 0.5000000000
26193  -29.064  -61.475  -23.113 0.6000000238
27179  -29.112  -60.766  -22.851 0.6000000238
24309  -29.952  -63.727  -21.340 0.5000000000
27178  -28.420  -60.645  -23.335 0.6000000238
27165  -28.855  -60.032  -22.768 0.6000000238
22466  -26.161  -64.705  -17.680 0.5000000000
31131  -26.637  -56.884  -24.443 0.6000000238
32058  -27.047  -55.461  -25.453 0.6000000238
24298  -30.327  -63.122  -20.844 0.5000000000
24324  -30.241  -62.794  -21.873 0.5000000000
25245  -30.253  -62.106  -21.955 0.5000000000
27166  -29.656  -60.526  -22.340 0.6000000238
24296  -29.207  -64.077  -20.150 0.5000000000
23404  -27.783  -64.497  -18.816 0.5000000000
24281  -28.217  -63.714  -19.053 0.6000000238
26144  -30.670  -61.654  -20.579 0.6000000238
26160  -30.536  -61.396  -21.381 0.5000000000
144647  -30.256  -60.766  -21.789 0.5000000000
27150  -30.155  -60.025  -21.822 0.6000000238
24283  -29.411  -63.392  -19.811 0.6000000238
25211  -30.445  -62.417  -20.376 0.6000000238
28167  -29.424  -59.573  -22.284 0.6000000238
24262  -27.336  -63.720  -18.407 0.5000000000
25191  -28.689  -62.988  -19.275 0.5000000000
25192  -29.592  -62.584  -19.422 0.6000000238
23378  -25.306  -64.491  -17.284 0.4000000060
25193  -30.192  -62.391  -19.777 0.6000000238
26131  -30.570  -61.774  -19.771 0.6000000238
27131  -30.875  -60.833  -20.657 0.6000000238
27151  -30.634  -60.475  -21.278 0.5000000000
28153  -30.660  -59.649  -21.301 0.6000000238
29154  -29.814  -58.206  -21.744 0.6000000238
121705  -31.068  -60.060  -20.744 0.6999999881
45831  -37.688  -40.528  -26.409 0.5000000000
41881  -34.422  -44.006  -14.575 0.5000000000
141942  -36.542  -38.084  -21.903 0.6000000238
53110  -35.807  -32.259  -27.229 0.5000000000
136565  -36.785  -31.217  -26.568 0.5000000000
138188  -38.709  -16.166  -25.366 0.4000000060
68460  -38.843  -15.033  -25.313 0.3000000119
69337  -38.682  -13.946  -25.376 0.3000000119
70262  -39.304  -13.615  -24.681 0.3000000119
22545  -25.007  -65.579  -23.576 0.4000000060
23486  -24.439  -64.159  -25.579 0.5000000000
24362  -24.835  -63.294  -25.946 0.5000000000
28213  -24.860  -59.321  -26.807 0.5000000000
22547  -27.085  -65.321  -23.178 0.4000000060
28201  -24.775  -59.353  -26.090 0.6000000238
28190  -25.191  -58.897  -25.573 0.6000000238
29199  -25.010  -58.793  -26.390 0.5000000000
30208  -26.201  -57.095  -27.283 0.5000000000
22529  -26.390  -65.735  -22.631 0.4000000060
22516  -27.456  -65.635  -21.405 0.5000000000
21642  -26.410  -66.413  -19.196 0.5000000000
22504  -27.647  -65.550  -20.450 0.5000000000
21629  -26.604  -65.774  -18.548 0.3000000119
21618  -25.391  -66.154  -17.605 0.4000000060
21616  -24.047  -66.284  -17.203 0.4000000060
139287  -38.350  -42.036  -26.175 0.4000000060
45821  -38.793  -41.171  -25.497 0.4000000060
45805  -38.290  -40.465  -25.741 0.4000000060
44574  -34.682  -41.440  -15.079 0.5000000000
45687  -34.989  -40.823  -15.269 0.4000000060
53094  -37.227  -32.431  -25.917 0.5000000000
53902  -37.383  -31.477  -26.007 0.5000000000
128475  -37.355  -30.645  -26.259 0.5000000000
69338  -39.458  -14.640  -24.646 0.3000000119
70250  -39.882  -13.213  -23.927 0.3000000119
28181  -28.049  -59.633  -23.179 0.6000000238
24246  -25.908  -63.909  -17.539 0.5000000000
23388  -27.028  -64.567  -18.172 0.5000000000
136823  -38.040  -31.870  -25.431 0.5000000000
22476  -26.052  -65.589  -17.870 0.4000000060
26216  -24.496  -60.625  -26.174 0.6000000238
23454  -25.595  -65.038  -24.111 0.4000000060
24364  -26.684  -62.912  -25.213 0.5000000000
25282  -25.952  -62.065  -25.511 0.6000000238
24340  -28.129  -64.039  -24.041 0.5000000000
22530  -27.321  -65.548  -22.328 0.5000000000
25261  -29.307  -62.362  -23.062 0.5000000000
25244  -29.876  -62.666  -22.462 0.5000000000
23417  -28.931  -64.620  -20.487 0.5000000000
24297  -29.789  -63.655  -20.522 0.5000000000
22515  -26.606  -65.888  -21.752 0.4000000060
29209  -26.361  -57.545  -27.208 0.4000000060
30209  -27.011  -57.085  -27.499 0.4000000060
22503  -26.823  -65.941  -20.776 0.4000000060
31079  -23.546  -56.150  -18.629 0.4000000060
30126  -23.706  -57.034  -18.638 0.3000000119
30127  -24.592  -57.361  -18.324 0.4000000060
29130  -24.255  -58.839  -19.036 0.4000000060
32007  -24.185  -55.099  -18.059 0.4000000060
133749  -23.989  -55.785  -18.209 0.4000000060
124954  -23.566  -52.132  -19.801 0.4000000060
139240  -23.589  -52.947  -18.992 0.4000000060
32926  -23.654  -54.435  -18.501 0.4000000060
32910  -24.546  -54.090  -17.927 0.4000000060
35583  -23.543  -51.804  -21.198 0.3000000119
36443  -24.139  -50.163  -20.885 0.4000000060
34727  -24.681  -52.363  -18.128 0.4000000060
36430  -23.800  -51.100  -20.338 0.4000000060
35573  -23.967  -51.304  -19.173 0.5000000000
36431  -24.226  -50.422  -19.638 0.4000000060
37367  -24.677  -49.814  -18.981 0.4000000060
36419  -24.557  -50.696  -18.683 0.5000000000
37376  -24.887  -48.936  -19.279 0.4000000060
44573  -33.993  -40.833  -15.047 0.3000000119
48549  -38.409  -37.486  -17.220 0.3000000119
133569  -37.625  -36.654  -16.367 0.3000000119
49425  -38.291  -36.744  -16.893 0.3000000119
49438  -38.567  -35.953  -17.505 0.3000000119
50262  -38.649  -35.014  -17.634 0.3000000119
59449  -35.675  -25.499  -24.371 0.4000000060
53013  -38.460  -33.012  -16.946 0.3000000119
128010  -38.271  -31.566  -17.068 0.3000000119
59450  -36.507  -25.696  -24.143 0.4000000060
130485  -36.481  -24.110  -24.078 0.4000000060
54683  -38.055  -30.674  -17.295 0.3000000119
55641  -36.662  -29.815  -17.934 0.3000000119
59440  -38.120  -25.450  -23.532 0.4000000060
60289  -37.590  -24.998  -23.626 0.3000000119
127668  -37.020  -24.501  -23.846 0.4000000060
62179  -36.864  -22.915  -24.352 0.4000000060
63146  -37.196  -21.494  -24.848 0.3000000119
133961  -38.806  -31.013  -17.438 0.3000000119
54698  -38.722  -30.179  -17.624 0.3000000119
54699  -39.492  -29.986  -18.153 0.3000000119
55657  -37.028  -29.159  -18.094 0.3000000119
55642  -37.673  -29.828  -17.630 0.3000000119
55658  -38.783  -29.410  -17.935 0.3000000119
55659  -39.492  -29.096  -18.463 0.3000000119
54714  -40.268  -29.953  -19.327 0.3000000119
56613  -38.497  -28.571  -18.170 0.3000000119
56614  -39.838  -28.432  -18.900 0.3000000119
55674  -40.383  -29.239  -19.790 0.3000000119
55688  -40.456  -29.204  -20.535 0.3000000119
55699  -39.972  -29.666  -21.648 0.3000000119
57534  -36.456  -27.775  -18.759 0.3000000119
56612  -37.423  -28.534  -18.263 0.3000000119
56645  -39.969  -28.935  -21.975 0.3000000119
58499  -35.770  -26.778  -19.144 0.3000000119
58500  -36.356  -26.218  -18.904 0.3000000119
56662  -39.946  -28.175  -22.221 0.3000000119
143726  -35.698  -26.075  -19.172 0.3000000119
59395  -35.236  -25.571  -19.332 0.3000000119
135642  -39.293  -27.143  -23.055 0.3000000119
58544  -39.116  -26.314  -23.133 0.3000000119
59441  -38.845  -25.499  -23.239 0.3000000119
129852  -33.804  -22.896  -20.224 0.3000000119
58543  -38.313  -26.129  -23.538 0.3000000119
63097  -32.446  -21.370  -21.179 0.3000000119
62180  -37.712  -22.795  -24.120 0.3000000119
127684  -38.089  -27.140  -18.445 0.3000000119
57536  -38.731  -27.771  -18.383 0.3000000119
57553  -40.395  -27.801  -19.857 0.3000000119
56636  -40.489  -28.619  -20.830 0.3000000119
56646  -40.325  -28.375  -21.468 0.3000000119
58482  -36.452  -27.034  -18.822 0.3000000119
131684  -37.153  -27.385  -18.581 0.3000000119
57537  -39.497  -27.719  -18.699 0.3000000119
57566  -40.497  -27.873  -20.730 0.3000000119
57573  -40.321  -27.527  -21.663 0.3000000119
59383  -37.970  -25.605  -18.557 0.3000000119
58485  -39.399  -26.322  -18.705 0.3000000119
57584  -39.838  -27.413  -22.424 0.3000000119
60238  -34.535  -25.026  -19.455 0.3000000119
59396  -36.043  -25.430  -19.062 0.3000000119
60221  -36.943  -25.531  -18.733 0.3000000119
58530  -39.816  -26.572  -22.409 0.3000000119
59442  -39.559  -25.630  -22.587 0.3000000119
60277  -39.338  -24.648  -22.886 0.3000000119
62129  -35.297  -22.699  -19.824 0.3000000119
62142  -35.370  -21.963  -20.150 0.3000000119
63071  -36.144  -21.647  -19.875 0.3000000119
60276  -38.405  -24.811  -23.390 0.3000000119
63085  -34.832  -21.534  -20.467 0.3000000119
60290  -38.690  -24.018  -23.357 0.3000000119
63147  -38.193  -21.800  -24.321 0.3000000119
64032  -37.776  -20.760  -24.934 0.3000000119
143953  -37.908  -21.233  -24.676 0.3000000119
57538  -40.054  -27.753  -19.211 0.3000000119
58486  -39.764  -27.031  -18.947 0.3000000119
58502  -40.231  -27.058  -19.538 0.3000000119
131709  -40.468  -26.363  -19.867 0.3000000119
58517  -40.496  -26.487  -20.656 0.3000000119
59384  -38.963  -25.616  -18.524 0.3000000119
59385  -39.769  -25.603  -18.930 0.3000000119
58501  -40.082  -26.319  -19.203 0.3000000119
58531  -40.324  -26.655  -21.535 0.3000000119
60239  -36.569  -24.685  -18.971 0.3000000119
60222  -37.562  -24.804  -18.702 0.3000000119
59421  -40.133  -25.846  -21.791 0.3000000119
60278  -39.955  -23.964  -22.275 0.3000000119
60260  -40.042  -24.865  -21.904 0.3000000119
127799  -36.661  -22.325  -19.484 0.3000000119
143244  -35.480  -20.534  -20.431 0.3000000119
63976  -36.089  -20.819  -20.094 0.3000000119
61197  -38.966  -23.236  -23.479 0.3000000119
62181  -38.576  -22.645  -23.838 0.3000000119
63132  -39.195  -21.933  -23.725 0.3000000119
138621  -38.432  -20.842  -24.578 0.3000000119
59398  -40.530  -25.647  -20.358 0.3000000119
60223  -38.177  -24.126  -18.648 0.3000000119
60224  -39.272  -24.244  -18.700 0.3000000119
60242  -40.524  -24.866  -19.880 0.3000000119
137844  -40.433  -25.998  -21.093 0.3000000119
60240  -37.189  -23.995  -18.931 0.3000000119
134879  -40.388  -24.124  -19.636 0.3000000119
59410  -40.440  -25.313  -21.135 0.3000000119
61148  -36.902  -23.183  -19.200 0.3000000119
61132  -37.766  -23.367  -18.822 0.3000000119
61133  -38.696  -23.462  -18.671 0.3000000119
62130  -37.542  -22.608  -19.067 0.3000000119
63072  -36.870  -21.126  -19.630 0.3000000119
63967  -37.395  -20.394  -19.539 0.3000000119
61179  -39.970  -23.130  -22.454 0.3000000119
60291  -39.442  -23.664  -22.963 0.3000000119
63966  -36.630  -20.382  -19.859 0.3000000119
62182  -39.547  -22.903  -23.109 0.3000000119
144819  -39.190  -22.619  -23.525 0.3000000119
63133  -39.721  -21.255  -23.612 0.3000000119
63148  -39.133  -21.088  -24.133 0.3000000119
64034  -39.167  -20.064  -24.347 0.3000000119
60241  -40.054  -24.770  -19.138 0.3000000119
61134  -39.557  -23.436  -18.864 0.3000000119
133939  -40.581  -24.248  -20.336 0.3000000119
60261  -40.487  -24.508  -21.056 0.3000000119
62120  -39.051  -22.771  -18.723 0.3000000119
133532  -39.862  -22.760  -19.109 0.3000000119
139986  -40.341  -24.062  -21.566 0.3000000119
120153  -37.429  -21.804  -19.303 0.3000000119
63074  -38.772  -21.315  -19.025 0.3000000119
61180  -40.359  -23.363  -21.703 0.3000000119
65845  -36.166  -19.043  -20.261 0.3000000119
63073  -37.826  -21.098  -19.288 0.3000000119
63968  -38.455  -20.378  -19.255 0.3000000119
64932  -35.990  -19.956  -20.279 0.3000000119
64921  -36.892  -19.608  -19.799 0.3000000119
133105  -37.792  -19.773  -19.485 0.3000000119
63116  -40.434  -21.675  -22.398 0.3000000119
138849  -39.937  -21.768  -23.194 0.3000000119
64020  -39.820  -20.513  -23.726 0.3000000119
64988  -39.503  -19.184  -24.268 0.3000000119
61150  -40.607  -23.526  -20.031 0.3000000119
61156  -40.624  -23.646  -20.916 0.3000000119
134580  -40.184  -22.081  -19.439 0.3000000119
62133  -40.414  -22.811  -19.761 0.3000000119
133773  -40.645  -22.886  -20.474 0.3000000119
63075  -39.789  -21.382  -19.233 0.3000000119
62143  -40.648  -22.144  -20.102 0.3000000119
62152  -40.800  -22.248  -20.891 0.3000000119
140942  -36.866  -18.672  -19.933 0.3000000119
63969  -39.451  -20.673  -19.212 0.3000000119
63100  -40.819  -21.587  -21.429 0.3000000119
64922  -37.646  -19.065  -19.589 0.3000000119
132912  -38.614  -19.410  -19.329 0.3000000119
133387  -39.282  -20.006  -19.224 0.3000000119
134585  -40.187  -20.818  -19.487 0.3000000119
132800  -40.838  -20.880  -22.019 0.3000000119
63134  -40.351  -20.917  -23.015 0.3000000119
64021  -40.379  -20.149  -23.259 0.3000000119
64973  -40.019  -19.588  -23.719 0.3000000119
137317  -39.411  -17.628  -24.562 0.3000000119
66795  -39.992  -17.880  -24.039 0.3000000119
63076  -40.464  -21.379  -19.783 0.3000000119
63087  -40.846  -21.421  -20.487 0.3000000119
65834  -37.561  -18.259  -19.673 0.3000000119
65835  -38.250  -18.659  -19.440 0.3000000119
64923  -39.673  -19.400  -19.325 0.3000000119
63977  -40.779  -20.439  -20.060 0.3000000119
133432  -41.123  -20.216  -21.637 0.3000000119
64004  -40.852  -20.086  -22.521 0.3000000119
64959  -41.045  -19.243  -22.622 0.3000000119
66783  -41.094  -17.626  -22.834 0.3000000119
65876  -41.087  -18.452  -22.748 0.3000000119
129562  -40.612  -18.949  -23.297 0.3000000119
66796  -40.493  -17.207  -23.563 0.3000000119
129881  -40.577  -18.128  -23.422 0.3000000119
137202  -36.800  -17.734  -20.134 0.3000000119
130261  -38.327  -17.983  -19.451 0.3000000119
130938  -40.160  -18.722  -19.460 0.3000000119
64933  -40.982  -19.493  -20.222 0.3000000119
63978  -41.283  -19.795  -20.888 0.3000000119
65837  -40.438  -18.002  -19.633 0.3000000119
64934  -41.260  -18.921  -20.627 0.3000000119
66771  -41.501  -17.598  -21.573 0.3000000119
65861  -41.467  -18.289  -21.257 0.3000000119
64947  -41.395  -19.068  -21.278 0.3000000119
66784  -41.435  -17.212  -22.160 0.3000000119
130583  -41.436  -17.995  -22.122 0.3000000119
142100  -39.878  -17.203  -24.182 0.3000000119
67627  -41.117  -16.773  -22.829 0.3000000119
67656  -39.440  -16.773  -24.651 0.3000000119
66737  -37.647  -17.448  -19.722 0.3000000119
136627  -38.372  -17.297  -19.494 0.3000000119
66738  -39.095  -17.661  -19.349 0.3000000119
66739  -39.907  -17.269  -19.366 0.3000000119
65838  -41.004  -17.920  -19.967 0.3000000119
66756  -41.435  -17.537  -20.918 0.3000000119
65847  -41.259  -18.122  -20.466 0.3000000119
140564  -40.244  -15.869  -23.926 0.3000000119
68461  -39.580  -15.759  -24.559 0.3000000119
31153  -28.028  -56.633  -27.459 0.4000000060
34740  -23.944  -52.181  -18.695 0.4000000060
37368  -25.316  -49.336  -18.454 0.4000000060
55660  -40.111  -29.178  -19.112 0.3000000119
59451  -37.427  -25.821  -23.824 0.4000000060
126155  -34.574  -24.081  -19.522 0.3000000119
63084  -33.607  -22.163  -20.622 0.3000000119
63098  -33.298  -21.437  -20.974 0.3000000119
56623  -40.486  -28.541  -20.179 0.3000000119
34751  -23.294  -52.694  -20.820 0.4000000060
33836  -23.102  -53.520  -20.457 0.4000000060
33822  -23.294  -53.795  -19.319 0.4000000060
33810  -23.757  -53.643  -18.509 0.4000000060
36442  -23.898  -50.893  -21.714 0.3000000119
126555  -37.938  -29.152  -17.912 0.3000000119
127247  -39.045  -27.040  -18.497 0.3000000119
144727  -35.508  -24.577  -19.278 0.3000000119
58483  -37.321  -26.463  -18.609 0.3000000119
58484  -38.481  -26.358  -18.515 0.3000000119
143613  -40.164  -27.036  -22.059 0.3000000119
63974  -34.659  -20.665  -20.727 0.3000000119
59397  -40.304  -25.585  -19.551 0.3000000119
133386  -38.578  -24.901  -18.577 0.3000000119
134792  -39.380  -25.018  -18.677 0.3000000119
135100  -39.970  -23.998  -19.097 0.3000000119
60251  -40.520  -24.897  -20.550 0.3000000119
130871  -40.458  -22.476  -21.829 0.3000000119
62131  -38.360  -22.131  -18.920 0.3000000119
62132  -39.369  -22.056  -18.959 0.3000000119
134110  -40.630  -22.916  -21.166 0.3000000119
63989  -41.081  -20.741  -21.031 0.3000000119
63970  -40.049  -20.152  -19.419 0.3000000119
64974  -40.630  -19.609  -23.122 0.3000000119
65836  -39.148  -18.560  -19.318 0.3000000119
64924  -40.469  -19.508  -19.727 0.3000000119
137559  -39.788  -18.051  -19.372 0.3000000119
65846  -40.881  -18.688  -19.963 0.3000000119
67640  -40.061  -16.529  -24.073 0.3000000119
66740  -40.690  -17.316  -19.764 0.3000000119
67582  -41.063  -16.695  -19.998 0.3000000119
33855  -23.003  -53.249  -21.599 0.4000000060
43749  -38.686  -42.630  -25.976 0.4000000060
22489  -19.991  -65.392  -18.925 0.3000000119
142919  -20.201  -66.077  -19.059 0.3000000119
23402  -19.382  -64.682  -19.204 0.3000000119
22474  -21.498  -65.384  -18.114 0.3000000119
37375  -24.482  -49.499  -20.060 0.3000000119
38304  -24.667  -48.535  -20.345 0.3000000119
32935  -23.139  -54.746  -19.216 0.3000000119
32946  -22.927  -54.321  -20.078 0.3000000119
34739  -23.363  -53.023  -19.853 0.3000000119
32006  -23.531  -55.311  -18.589 0.3000000119
33835  -22.749  -54.053  -21.093 0.3000000119
139296  -22.799  -55.022  -19.845 0.3000000119
42868  -38.541  -43.736  -25.080 0.3000000119
21617  -24.753  -66.651  -17.343 0.4000000060
21625  -20.786  -65.970  -18.635 0.3000000119
21653  -26.350  -66.404  -20.249 0.4000000060
22464  -24.776  -65.024  -17.173 0.6000000238
22465  -25.399  -65.276  -17.411 0.5000000000
22475  -22.288  -65.696  -17.774 0.5000000000
22488  -19.281  -65.462  -19.372 0.4000000060
22491  -27.271  -65.192  -18.655 0.5000000000
22528  -25.434  -65.926  -22.904 0.4000000060
23375  -22.524  -64.191  -17.809 0.6000000238
23418  -29.463  -64.305  -20.961 0.5000000000
23455  -26.676  -64.898  -23.935 0.5000000000
23472  -25.048  -64.617  -24.845 0.5000000000
24256  -21.860  -63.699  -18.407 0.5000000000
24261  -26.448  -63.377  -18.088 0.5000000000
24280  -23.073  -62.833  -19.012 0.5000000000
24282  -28.843  -63.739  -19.579 0.6000000238
24310  -30.260  -63.131  -21.510 0.5000000000
24342  -29.406  -63.227  -22.965 0.5000000000
24351  -26.579  -63.664  -25.018 0.5000000000
25165  -25.194  -62.584  -18.549 0.6000000238
25166  -26.342  -62.175  -18.678 0.6000000238
25188  -24.087  -62.159  -19.389 0.5000000000
25210  -30.056  -62.995  -20.079 0.6000000238
25226  -30.484  -62.415  -21.235 0.5000000000
25260  -28.810  -62.809  -23.547 0.5000000000
26113  -28.827  -61.702  -18.458 0.6000000238
26115  -30.314  -61.585  -19.138 0.6999999881
26130  -30.090  -62.039  -19.357 0.6000000238
26177  -30.070  -61.324  -22.130 0.5000000000
26192  -28.428  -61.491  -23.602 0.6000000238
27108  -25.679  -60.865  -19.027 0.6000000238
27110  -31.191  -60.465  -19.482 0.6999999881
27132  -31.306  -60.318  -20.143 0.8000000119
27177  -27.481  -60.148  -23.684 0.6000000238
27201  -24.427  -59.866  -26.522 0.6000000238
28078  -29.223  -59.364  -17.408 0.6000000238
28080  -30.883  -59.175  -18.065 0.6999999881
28099  -26.846  -59.498  -18.037 0.5000000000
28152  -29.988  -59.137  -21.755 0.6000000238
28192  -26.634  -59.701  -24.129 0.6000000238
29104  -27.814  -58.960  -17.457 0.6000000238
29131  -31.803  -58.929  -19.208 0.6999999881
29144  -31.203  -58.010  -20.956 0.8000000119
29165  -27.652  -57.897  -22.913 0.6999999881
29207  -25.447  -58.565  -26.821 0.4000000060
29208  -25.778  -57.767  -27.050 0.5000000000
30112  -26.754  -57.478  -17.377 0.5000000000
30115  -30.785  -57.819  -17.388 0.6000000238
30173  -27.635  -57.145  -22.956 0.6999999881
30183  -26.661  -57.590  -23.941 0.6000000238
30200  -25.842  -57.269  -26.435 0.6000000238
31068  -32.152  -56.064  -17.654 0.6999999881
31080  -24.222  -56.481  -18.226 0.5000000000
31115  -29.353  -56.714  -21.902 0.6999999881
31124  -27.653  -56.443  -23.188 0.6999999881
31132  -27.234  -56.339  -23.963 0.6999999881
31137  -26.796  -56.153  -24.915 0.6000000238
31151  -26.678  -56.489  -27.513 0.6999999881
31154  -28.631  -55.872  -27.476 0.6999999881
31980  -28.120  -55.595  -16.610 0.5000000000
31983  -31.664  -55.650  -17.102 0.6999999881
32021  -33.455  -55.233  -19.462 0.8000000119
32037  -30.319  -54.829  -21.438 0.6999999881
32057  -26.532  -56.009  -26.038 0.6000000238
32069  -30.614  -55.043  -26.810 0.5000000000
32073  -26.602  -56.020  -26.987 0.6000000238
32078  -30.843  -54.574  -27.307 0.5000000000
32084  -30.122  -54.689  -27.385 0.6999999881
32928  -34.111  -54.030  -19.073 0.6999999881
32948  -32.520  -54.049  -20.568 0.8000000119
32970  -28.738  -54.127  -23.351 0.6999999881
33007  -30.502  -54.060  -27.507 0.6999999881
33767  -31.286  -53.188  -15.834 0.6000000238
33823  -33.664  -52.995  -20.060 0.8000000119
33857  -29.890  -53.123  -21.406 0.6999999881
33879  -28.750  -53.771  -24.217 0.6999999881
33880  -29.185  -53.459  -23.671 0.6999999881
33892  -28.921  -53.347  -25.786 0.6999999881
33904  -32.140  -53.874  -27.451 0.6000000238
33916  -31.304  -53.492  -27.758 0.6999999881
33917  -31.853  -53.525  -27.936 0.6999999881
33933  -34.184  -52.373  -28.181 0.5000000000
34682  -29.133  -51.976  -15.700 0.8000000119
34726  -24.179  -53.039  -18.292 0.4000000060
34752  -31.074  -52.135  -20.714 0.8000000119
34775  -29.961  -52.410  -22.258 0.6999999881
34790  -29.568  -52.899  -25.321 0.6999999881
34792  -30.781  -52.374  -26.542 0.6999999881
34801  -30.227  -52.851  -26.911 0.6999999881
34809  -30.695  -53.241  -27.483 0.6999999881
34818  -32.576  -52.627  -28.161 0.6999999881
35538  -31.545  -51.717  -15.081 0.8000000119
35540  -33.983  -51.076  -15.781 0.6999999881
35566  -34.933  -51.877  -18.725 0.8000000119
35575  -34.471  -51.660  -19.462 0.8000000119
35597  -30.819  -51.345  -21.207 0.8000000119
35608  -30.954  -51.463  -22.098 0.6999999881
35617  -30.698  -52.189  -23.525 0.6999999881
36400  -27.485  -50.349  -16.473 0.5000000000
36410  -35.074  -51.087  -17.127 0.6999999881
36432  -33.342  -50.558  -19.950 0.8000000119
36444  -31.341  -50.852  -20.828 0.8000000119
36475  -32.435  -50.630  -23.532 0.6999999881
36479  -32.712  -50.164  -24.522 0.6999999881
36508  -32.649  -51.141  -27.430 0.6999999881
36516  -33.964  -50.625  -28.372 0.6999999881
36518  -35.651  -50.289  -29.251 0.5000000000
37315  -31.968  -49.131  -14.433 0.6999999881
37336  -33.914  -49.992  -14.988 0.6999999881
37378  -34.694  -49.865  -19.576 0.8000000119
37379  -35.530  -49.434  -19.143 0.8000000119
37401  -33.156  -49.167  -21.057 0.8000000119
37412  -33.293  -48.884  -22.152 0.8999999762
37465  -34.417  -49.975  -28.457 0.6999999881
37466  -35.106  -49.688  -28.788 0.6000000238
38245  -30.512  -48.433  -14.823 0.6000000238
38249  -34.388  -48.231  -14.645 0.6999999881
38343  -32.881  -47.892  -23.498 0.8000000119
38384  -33.594  -48.340  -27.353 0.8000000119
38399  -34.253  -48.224  -27.723 0.6999999881
39203  -36.563  -47.993  -17.260 0.6999999881
39222  -36.455  -47.347  -18.876 0.6999999881
39233  -34.773  -47.122  -20.129 0.8000000119
39254  -32.911  -46.856  -22.916 0.8999999762
39324  -34.981  -47.999  -27.483 0.6999999881
40094  -36.880  -46.652  -16.442 0.6999999881
40164  -32.012  -46.474  -23.908 0.8999999762
40180  -31.823  -46.696  -25.314 0.8000000119
40200  -34.611  -46.539  -25.376 0.6999999881
40219  -32.662  -46.797  -26.659 0.8000000119
40220  -33.934  -46.466  -26.976 0.8000000119
41116  -32.828  -45.779  -22.644 0.8000000119
41134  -31.543  -45.205  -23.604 0.8000000119
41135  -36.970  -45.130  -22.934 0.5000000000
41145  -30.488  -44.900  -25.186 0.8000000119
41167  -30.870  -45.342  -25.639 0.8000000119
41181  -31.448  -45.305  -26.225 0.8000000119
41182  -32.395  -45.494  -26.594 0.8000000119
41183  -32.999  -45.552  -26.710 0.8000000119
41184  -33.510  -45.864  -26.593 0.8000000119
41878  -32.076  -44.094  -14.533 0.4000000060
41936  -37.256  -44.447  -19.693 0.6999999881
41950  -34.354  -44.861  -21.015 0.6999999881
42019  -34.924  -44.433  -23.819 0.5000000000
42022  -38.778  -44.454  -24.502 0.4000000060
42056  -31.882  -44.883  -26.400 0.8000000119
42745  -34.765  -43.347  -14.718 0.5000000000
42810  -36.467  -43.488  -20.541 0.6999999881
42829  -33.874  -43.468  -21.396 0.6999999881
42843  -31.575  -43.107  -22.880 0.8000000119
42844  -32.261  -43.336  -22.325 0.8000000119
42850  -30.579  -43.567  -24.307 0.8999999762
42867  -37.739  -43.371  -24.617 0.6000000238
42880  -31.267  -43.576  -25.780 0.8000000119
42882  -38.252  -43.074  -25.644 0.4000000060
43627  -38.249  -42.563  -17.977 0.6999999881
43668  -37.564  -42.354  -20.551 0.6999999881
43691  -36.344  -42.076  -21.304 0.6999999881
43727  -30.352  -42.547  -24.845 0.8000000119
43743  -30.463  -42.514  -25.087 1.0000000000
43747  -37.153  -41.532  -26.094 0.6000000238
44572  -33.049  -41.071  -14.839 0.3000000119
44638  -38.271  -41.056  -20.319 0.6999999881
44653  -33.390  -41.920  -21.779 0.6999999881
44655  -35.609  -41.861  -21.514 0.6999999881
44657  -37.339  -41.090  -21.232 0.6999999881
44671  -32.131  -41.229  -22.358 0.8000000119
44687  -30.334  -41.470  -24.241 0.8000000119
44709  -32.244  -41.389  -25.429 0.8000000119
44710  -34.128  -40.807  -25.340 0.6999999881
44713  -38.222  -41.339  -26.203 0.4000000060
45703  -37.374  -41.012  -16.417 0.6999999881
45744  -38.632  -40.230  -19.444 0.6999999881
45788  -34.131  -40.396  -22.284 0.8000000119
45796  -30.398  -40.313  -23.813 0.8000000119
45804  -30.354  -40.385  -24.321 0.8000000119
45818  -33.810  -40.206  -25.755 0.6999999881
45828  -35.473  -39.908  -26.517 0.6999999881
45829  -36.393  -39.959  -26.881 0.6999999881
45837  -37.000  -39.606  -27.171 0.6999999881
46792  -39.104  -39.831  -24.257 0.4000000060
46803  -32.905  -39.379  -25.856 0.8999999762
46817  -37.380  -39.816  -26.702 0.6000000238
46818  -37.807  -39.960  -26.180 0.5000000000
46827  -35.851  -38.702  -27.457 0.8000000119
47722  -30.877  -39.164  -22.979 0.8000000119
47723  -31.729  -39.348  -22.726 0.8000000119
47724  -33.075  -38.675  -22.915 0.8000000119
47741  -29.731  -37.948  -24.068 0.8000000119
47758  -38.141  -39.035  -25.120 0.6000000238
47767  -34.975  -38.759  -27.081 0.6999999881
47778  -36.924  -39.073  -27.359 0.6999999881
48599  -36.559  -37.207  -21.778 0.6000000238
48611  -32.738  -38.063  -23.154 0.8000000119
48614  -35.822  -36.901  -22.183 0.8000000119
48638  -29.331  -36.928  -24.053 0.8000000119
48639  -29.528  -37.376  -24.211 0.8000000119
48654  -29.689  -37.018  -24.738 0.8000000119
48669  -33.026  -37.044  -26.467 0.8000000119
48671  -36.942  -37.359  -26.767 0.6999999881
48681  -35.596  -37.242  -27.499 0.8000000119
49444  -38.710  -36.354  -18.455 0.6000000238
49494  -29.356  -36.372  -23.957 0.8000000119
49506  -29.416  -36.269  -24.245 0.8000000119
49507  -37.897  -36.321  -24.598 0.6000000238
49517  -29.554  -36.204  -24.714 0.8000000119
49520  -37.422  -36.568  -25.439 0.6999999881
50303  -29.559  -36.408  -23.742 0.8000000119
50312  -29.790  -35.416  -24.054 0.8000000119
50316  -34.465  -35.571  -23.168 0.8000000119
50326  -29.519  -35.745  -24.157 0.8000000119
50327  -29.771  -35.174  -24.515 0.8000000119
50339  -30.248  -34.691  -25.259 0.8000000119
50340  -30.258  -35.298  -25.450 0.8000000119
50361  -33.739  -35.111  -26.990 0.8000000119
50362  -35.196  -35.077  -27.393 0.8000000119
50363  -35.855  -35.532  -27.311 0.6000000238
51204  -35.279  -34.278  -23.618 0.8000000119
51213  -30.158  -34.631  -24.916 0.8000000119
51215  -33.873  -33.850  -24.544 0.8000000119
51226  -30.952  -34.050  -25.699 0.8000000119
51227  -37.439  -34.606  -25.316 0.6999999881
51228  -37.974  -34.197  -24.788 0.6000000238
52176  -31.698  -33.988  -24.680 0.8000000119
52179  -36.331  -33.421  -23.398 0.8000000119
52214  -31.025  -33.309  -25.894 0.8000000119
52229  -35.764  -33.041  -27.190 0.5000000000
53048  -39.519  -32.344  -20.405 0.4000000060
53079  -31.336  -32.838  -25.629 0.8000000119
53082  -34.864  -32.281  -24.886 0.8000000119
53092  -31.234  -32.676  -25.894 0.8000000119
53107  -31.713  -32.350  -26.457 0.8000000119
54700  -39.954  -29.783  -18.736 0.4000000060
54765  -34.587  -30.694  -25.201 0.6000000238
54793  -33.578  -30.071  -27.693 0.6999999881
55656  -36.196  -29.266  -18.424 0.4000000060
55700  -40.340  -29.089  -21.258 0.3000000119
55743  -37.346  -28.896  -26.424 0.6000000238
55754  -35.567  -28.823  -27.373 0.6000000238
55764  -32.360  -29.522  -26.694 0.6999999881
55768  -36.208  -30.133  -27.076 0.6000000238
56615  -40.255  -28.495  -19.492 0.3000000119
56681  -32.773  -28.850  -25.951 0.6999999881
56682  -33.373  -28.572  -25.676 0.6000000238
56690  -32.478  -28.912  -26.459 0.6999999881
57535  -37.782  -27.892  -18.352 0.3000000119
57574  -40.485  -27.131  -20.960 0.3000000119
57616  -32.956  -27.458  -25.992 0.5000000000
57628  -32.597  -27.775  -26.782 0.6999999881
57642  -32.723  -27.461  -27.132 0.6000000238
57645  -35.525  -27.216  -27.215 0.6000000238
57648  -32.871  -27.025  -27.292 0.6000000238
58563  -33.510  -26.232  -25.488 0.6000000238
59448  -34.948  -25.343  -24.561 0.6000000238
59475  -33.120  -25.247  -25.736 0.5000000000
59499  -32.513  -25.327  -26.914 0.5000000000
59500  -33.174  -25.212  -27.489 0.5000000000
59512  -32.730  -25.427  -27.230 0.5000000000
60288  -36.235  -24.829  -24.131 0.4000000060
60314  -32.875  -23.879  -26.137 0.5000000000
60326  -32.517  -24.531  -26.770 0.5000000000
60341  -33.291  -24.534  -27.500 0.5000000000
61149  -40.207  -23.438  -19.376 0.3000000119
61193  -34.812  -24.059  -24.552 0.5000000000
61230  -32.504  -23.846  -27.027 0.5000000000
62119  -38.278  -22.860  -18.784 0.3000000119
62166  -40.026  -22.391  -22.753 0.3000000119
62200  -33.455  -22.163  -26.264 0.5000000000
62221  -33.178  -22.324  -27.492 0.5000000000
63086  -35.436  -21.207  -20.329 0.3000000119
63144  -35.176  -21.905  -25.317 0.5000000000
63156  -34.671  -21.407  -25.814 0.5000000000
63159  -37.169  -20.739  -25.229 0.4000000060
64946  -41.258  -19.541  -21.820 0.3000000119
65877  -41.360  -18.769  -21.990 0.3000000119
65892  -40.036  -18.687  -23.892 0.3000000119
66741  -41.182  -17.409  -20.285 0.3000000119
66755  -37.069  -16.797  -20.131 0.3000000119
122283  -36.938  -25.165  -23.867 0.4000000060
122501  -38.479  -37.554  -24.170 0.6000000238
123677  -31.791  -58.185  -20.437 0.8000000119
124338  -32.742  -56.185  -20.119 0.8000000119
124697  -33.924  -32.908  -27.543 0.8000000119
124956  -32.838  -22.638  -27.151 0.5000000000
124988  -35.062  -42.942  -24.179 0.6999999881
125204  -28.064  -52.823  -16.360 0.6000000238
125349  -31.521  -42.120  -25.476 0.8000000119
126201  -25.683  -55.138  -17.418 0.5000000000
126904  -36.801  -31.892  -26.409 0.5000000000
127111  -32.842  -40.101  -22.468 0.8000000119
127501  -32.941  -43.331  -21.808 0.8000000119
127543  -29.539  -61.191  -22.616 0.5000000000
127665  -35.943  -46.716  -23.344 0.5000000000
128665  -36.154  -43.743  -23.535 0.6000000238
129000  -32.723  -26.859  -26.397 0.5000000000
129661  -40.495  -27.118  -20.234 0.3000000119
130310  -37.231  -42.151  -25.606 0.6000000238
130385  -39.531  -32.809  -18.716 0.4000000060
130493  -33.659  -44.769  -25.301 0.8000000119
131174  -34.330  -28.048  -27.596 0.6999999881
131257  -30.091  -57.082  -21.553 0.6999999881
131289  -38.638  -39.978  -18.800 0.6999999881
131520  -32.477  -44.601  -14.476 0.5000000000
131578  -23.230  -61.321  -20.405 0.4000000060
131617  -33.452  -45.764  -21.984 0.8000000119
131659  -32.745  -32.594  -27.151 0.8000000119
131674  -31.856  -50.535  -14.561 0.6999999881
131879  -33.025  -25.867  -27.464 0.5000000000
132272  -35.914  -45.729  -14.926 0.6999999881
132539  -28.257  -54.093  -16.467 0.6000000238
132737  -38.696  -38.055  -19.211 0.6000000238
133239  -32.079  -39.761  -25.522 0.8000000119
133261  -33.668  -47.691  -21.662 0.8000000119
133402  -34.679  -32.227  -17.531 0.3000000119
133951  -31.277  -45.575  -24.251 0.8999999762
134021  -31.622  -55.139  -16.849 0.6999999881
134125  -30.326  -40.872  -24.186 0.8000000119
134354  -35.313  -32.023  -27.553 0.6000000238
134371  -36.884  -30.691  -23.986 0.6000000238
134477  -34.903  -45.208  -20.542 0.6999999881
134835  -38.095  -21.583  -19.116 0.3000000119
135543  -33.140  -46.231  -26.929 0.8000000119
136514  -23.790  -60.972  -20.139 0.4000000060
136530  -36.315  -37.117  -27.338 0.6999999881
136635  -31.753  -35.918  -23.448 0.8000000119
136766  -39.497  -28.715  -22.551 0.4000000060
137423  -36.053  -34.339  -27.029 0.6999999881
137521  -37.207  -33.763  -22.419 0.6999999881
138023  -30.751  -44.218  -24.087 0.8000000119
138198  -31.371  -38.787  -22.870 0.8000000119
138358  -33.218  -21.750  -26.847 0.6000000238
139412  -39.270  -28.311  -18.477 0.3000000119
139617  -32.547  -42.939  -22.017 0.8000000119
140084  -21.925  -67.010  -18.180 0.4000000060
140373  -38.606  -32.290  -17.128 0.3000000119
140665  -38.519  -36.111  -24.041 0.6000000238
140760  -37.021  -28.018  -18.521 0.3000000119
141195  -30.650  -38.176  -25.026 0.8000000119
141513  -38.299  -29.623  -17.725 0.3000000119
141531  -24.939  -61.473  -25.937 0.6000000238
142393  -37.608  -41.974  -26.124 0.6000000238
142511  -29.524  -35.944  -23.885 0.8000000119
142630  -35.989  -27.089  -27.019 0.6000000238
143367  -38.738  -27.589  -23.344 0.4000000060
143749  -30.768  -42.067  -25.346 0.8000000119
144224  -36.754  -21.730  -19.577 0.3000000119
144405  -33.893  -47.918  -14.430 0.6999999881
144683  -27.593  -55.536  -27.741 0.6000000238
145061  -39.589  -22.327  -23.287 0.3000000119
