#!ascii label  , from subject sub-v2s17x50051_ses-1 vox2ras=TkReg
1648
7553  -5.244  -83.279  -29.617 0.5000000000
7595  -6.678  -83.801  -31.609 0.5000000000
7596  -7.746  -84.078  -31.516 0.5000000000
6865  -8.402  -84.266  -31.319 0.5000000000
8262  -6.114  -82.581  -28.592 0.5000000000
8261  -5.554  -82.822  -29.076 0.5000000000
9011  -6.071  -81.445  -29.683 0.5000000000
9026  -5.963  -81.792  -30.429 0.5000000000
132807  -6.316  -80.846  -30.425 0.6000000238
8287  -5.682  -82.638  -30.379 0.5000000000
6879  -8.681  -84.693  -31.832 0.5000000000
7594  -6.132  -83.678  -31.260 0.5000000000
6866  -9.091  -84.252  -30.962 0.5000000000
8294  -7.126  -83.325  -31.869 0.6000000238
8309  -7.502  -82.464  -32.366 0.6000000238
7576  -8.607  -83.841  -31.058 0.6000000238
7577  -9.509  -83.600  -30.567 0.6999999881
9041  -9.123  -82.209  -31.984 0.6999999881
8288  -9.784  -83.005  -30.211 0.6999999881
9042  -9.908  -81.803  -31.897 0.6999999881
9027  -10.356  -82.360  -30.479 0.6999999881
8278  -10.509  -82.896  -29.823 0.6999999881
8999  -6.402  -81.229  -28.914 0.5000000000
9786  -6.461  -80.644  -29.602 0.6000000238
130289  -6.829  -80.471  -28.908 0.6000000238
10579  -7.007  -79.705  -30.021 0.6000000238
8307  -6.614  -82.094  -32.037 0.5000000000
6867  -9.980  -84.175  -30.573 0.5000000000
6881  -10.804  -84.333  -31.337 0.5000000000
6869  -12.293  -83.990  -29.667 0.6999999881
6868  -10.792  -83.966  -30.218 0.6999999881
6849  -11.479  -83.578  -29.602 0.6999999881
8308  -6.976  -82.533  -32.268 0.6000000238
9053  -7.226  -81.928  -32.563 0.6999999881
8279  -11.241  -83.031  -29.442 0.6999999881
9055  -8.816  -81.450  -32.778 0.6999999881
142390  -9.369  -81.644  -32.489 0.6999999881
8264  -12.080  -82.827  -29.000 0.6999999881
9043  -10.867  -81.518  -31.460 0.6999999881
9028  -11.010  -82.528  -29.830 0.6999999881
9014  -13.009  -81.655  -29.134 0.6999999881
9044  -11.793  -81.226  -31.131 0.6999999881
9800  -12.587  -80.899  -30.997 0.6999999881
9029  -12.384  -81.472  -30.000 0.6999999881
9801  -13.296  -80.682  -30.895 0.6999999881
8985  -7.131  -81.142  -28.109 0.5000000000
9757  -7.412  -80.271  -28.305 0.6000000238
122292  -7.940  -78.730  -28.838 0.6000000238
10569  -7.408  -79.197  -29.528 0.6000000238
12256  -8.462  -77.836  -29.730 0.6000000238
9799  -6.891  -80.086  -30.668 0.6000000238
11410  -7.879  -78.613  -29.904 0.6000000238
9810  -7.175  -80.516  -31.769 0.6000000238
136342  -12.854  -83.962  -29.196 0.6999999881
9040  -6.855  -81.314  -32.033 0.6999999881
7555  -12.340  -83.606  -29.061 0.6999999881
7556  -13.665  -84.116  -29.109 0.6999999881
132834  -14.360  -84.063  -27.788 0.6999999881
9811  -7.949  -80.406  -32.349 0.6999999881
120542  -13.002  -83.691  -28.641 0.6999999881
7520  -15.475  -83.933  -26.956 0.6999999881
9822  -8.379  -80.988  -32.876 0.6999999881
10611  -8.781  -80.287  -32.654 0.6999999881
140784  -11.949  -83.229  -29.113 0.6999999881
138160  -12.534  -83.228  -28.683 0.6999999881
7518  -13.975  -83.404  -27.568 0.6999999881
8251  -14.619  -83.125  -27.035 0.6999999881
9823  -9.375  -80.639  -32.908 0.6999999881
9835  -10.158  -80.293  -32.904 0.6999999881
9000  -12.825  -82.506  -28.571 0.6999999881
8266  -14.163  -82.608  -27.510 0.6999999881
9812  -11.384  -80.902  -32.286 0.6999999881
9015  -13.779  -81.260  -28.968 0.6999999881
9001  -13.430  -81.907  -28.506 0.6999999881
9813  -12.162  -80.672  -31.954 0.6999999881
9788  -13.389  -81.027  -29.903 0.6999999881
9770  -14.599  -80.954  -28.775 0.6999999881
123832  -12.961  -80.480  -31.867 0.6999999881
9789  -14.285  -80.730  -29.656 0.6999999881
9814  -13.901  -80.373  -31.842 0.6999999881
126144  -7.814  -80.729  -27.657 0.5000000000
9758  -8.113  -80.056  -27.749 0.6000000238
11393  -8.657  -78.471  -28.201 0.6000000238
10562  -8.866  -79.809  -27.205 0.5000000000
12243  -8.996  -77.631  -28.461 0.6000000238
8967  -8.458  -81.728  -26.596 0.5000000000
9743  -8.499  -80.730  -26.973 0.5000000000
12242  -8.602  -77.386  -29.299 0.6000000238
143424  -9.580  -76.021  -28.705 0.6000000238
13107  -8.951  -76.949  -29.564 0.6000000238
13090  -9.158  -76.329  -29.198 0.6000000238
11421  -7.997  -78.863  -30.358 0.6000000238
10597  -7.676  -79.663  -31.211 0.6999999881
12283  -8.973  -78.248  -30.522 0.6999999881
10599  -9.072  -79.564  -32.086 0.6999999881
11432  -8.560  -79.065  -31.065 0.6999999881
139675  -15.856  -83.609  -26.656 0.6999999881
10612  -9.611  -80.030  -32.733 0.6999999881
11444  -9.884  -79.366  -32.174 0.6999999881
8235  -15.931  -83.030  -26.378 0.6999999881
7502  -17.340  -83.348  -26.070 0.6999999881
11455  -10.971  -79.110  -32.568 0.6999999881
8988  -15.711  -82.130  -26.809 0.6999999881
8236  -16.730  -83.068  -26.055 0.6999999881
131058  -17.727  -83.567  -26.472 0.6999999881
10629  -12.175  -79.647  -32.829 0.6000000238
9003  -15.564  -81.316  -27.606 0.6999999881
8969  -16.652  -82.192  -26.308 0.6999999881
8237  -17.395  -82.748  -25.833 0.6999999881
8222  -18.087  -83.063  -25.796 0.6999999881
7504  -19.008  -83.470  -26.120 0.6999999881
9826  -12.453  -80.144  -32.693 0.6999999881
126537  -14.898  -81.301  -28.026 0.6999999881
9772  -16.236  -80.689  -28.026 0.6000000238
130371  -17.185  -81.124  -26.797 0.6999999881
8970  -17.626  -81.791  -26.130 0.6999999881
9802  -14.055  -80.583  -30.625 0.6999999881
9803  -14.838  -80.395  -30.393 0.6999999881
9790  -15.118  -80.463  -29.505 0.6999999881
131623  -16.279  -80.276  -28.727 0.6000000238
8989  -16.963  -80.564  -27.678 0.6000000238
9815  -14.836  -80.265  -32.252 0.6000000238
121875  -14.619  -80.387  -31.269 0.6000000238
9791  -16.010  -80.111  -29.516 0.6000000238
10580  -16.724  -79.857  -30.001 0.5000000000
126823  -16.777  -80.250  -28.399 0.5000000000
9773  -17.521  -79.993  -28.409 0.5000000000
9816  -15.717  -80.170  -32.593 0.6000000238
10600  -16.391  -80.048  -31.769 0.5000000000
9804  -16.175  -79.987  -30.596 0.5000000000
11394  -9.454  -78.332  -27.604 0.6000000238
10554  -9.597  -79.441  -26.780 0.6000000238
13092  -10.792  -75.621  -27.930 0.5000000000
132096  -11.893  -75.905  -27.693 0.6999999881
9744  -9.286  -80.228  -26.451 0.5000000000
9736  -9.735  -80.590  -25.681 0.6000000238
11386  -10.401  -78.970  -26.570 0.6000000238
8221  -9.377  -82.454  -25.029 0.6000000238
8968  -9.062  -81.144  -26.131 0.6000000238
13943  -10.405  -74.759  -28.559 0.4000000060
8951  -9.501  -81.519  -25.332 0.6000000238
13942  -9.915  -74.838  -29.329 0.5000000000
129721  -9.750  -75.822  -29.805 0.6000000238
13124  -9.544  -76.497  -29.937 0.6000000238
12284  -9.659  -77.996  -30.768 0.6999999881
12272  -9.292  -77.401  -30.146 0.6000000238
138293  -10.792  -78.481  -31.722 0.6999999881
11456  -11.894  -79.135  -32.759 0.6000000238
11446  -11.497  -78.621  -32.300 0.6000000238
9838  -12.754  -79.671  -32.903 0.6000000238
8990  -17.992  -81.021  -26.675 0.6000000238
8971  -18.599  -81.434  -26.100 0.6000000238
8953  -18.931  -82.157  -25.590 0.6999999881
7490  -19.525  -83.142  -25.774 0.6999999881
132887  -19.940  -83.311  -26.279 0.6999999881
10614  -13.726  -79.484  -33.072 0.6000000238
9759  -17.808  -80.451  -27.419 0.6000000238
8253  -19.942  -83.061  -27.599 0.6999999881
9829  -15.107  -79.950  -33.235 0.6000000238
10581  -17.554  -79.676  -29.955 0.4000000060
9774  -18.477  -79.872  -28.070 0.4000000060
123893  -18.803  -80.513  -27.044 0.6000000238
8954  -19.667  -82.142  -25.555 0.6000000238
7491  -20.798  -83.101  -25.948 0.6000000238
10616  -16.618  -80.052  -33.114 0.5000000000
10601  -17.303  -79.938  -32.103 0.5000000000
131902  -17.020  -79.849  -30.912 0.5000000000
9775  -19.436  -79.924  -27.920 0.4000000060
9760  -19.889  -80.429  -27.122 0.6000000238
12233  -11.462  -77.553  -27.174 0.6000000238
125891  -10.627  -77.792  -27.225 0.6000000238
13931  -12.301  -75.105  -27.699 0.6000000238
9737  -10.588  -80.103  -25.362 0.6000000238
10543  -10.732  -79.386  -25.935 0.5000000000
125830  -12.150  -79.113  -25.782 0.6000000238
10527  -12.073  -79.802  -25.042 0.6000000238
13930  -11.288  -74.921  -27.906 0.6000000238
8934  -9.946  -81.930  -24.571 0.6999999881
9720  -10.954  -80.678  -24.581 0.6000000238
9704  -12.117  -80.672  -23.894 0.6000000238
14815  -10.267  -74.176  -29.159 0.5000000000
14816  -10.879  -73.937  -28.554 0.6000000238
143857  -10.179  -82.964  -23.941 0.6000000238
127224  -11.007  -81.905  -23.588 0.6999999881
14834  -10.051  -74.824  -29.704 0.5000000000
8197  -11.098  -82.598  -23.293 0.6999999881
13968  -10.397  -75.166  -30.331 0.6000000238
7464  -11.492  -83.473  -23.382 0.6000000238
125479  -10.389  -77.887  -31.045 0.6000000238
13980  -10.543  -76.143  -30.600 0.6000000238
12285  -11.466  -76.784  -31.241 0.6000000238
12295  -11.216  -77.830  -31.497 0.6000000238
11447  -12.427  -78.395  -32.646 0.6000000238
11458  -13.772  -78.719  -33.108 0.6000000238
12300  -15.358  -77.671  -33.926 0.6000000238
9839  -14.587  -79.430  -33.448 0.6000000238
12312  -16.206  -77.563  -33.894 0.6000000238
10615  -15.847  -79.938  -33.471 0.6000000238
9747  -20.413  -80.906  -26.409 0.6000000238
8955  -20.471  -82.102  -25.565 0.6000000238
8225  -21.496  -82.617  -25.763 0.6000000238
10633  -16.352  -79.581  -33.993 0.5000000000
10617  -17.562  -79.906  -33.269 0.5000000000
120985  -17.916  -79.684  -31.140 0.5000000000
7506  -22.466  -83.124  -26.419 0.6000000238
9776  -20.355  -80.049  -27.969 0.4000000060
9748  -21.312  -80.916  -26.432 0.6000000238
8957  -22.249  -81.800  -25.703 0.6000000238
12224  -12.395  -77.864  -26.878 0.6000000238
12225  -13.313  -77.604  -26.781 0.5000000000
12235  -13.545  -76.689  -27.109 0.6000000238
13933  -13.862  -75.737  -27.250 0.5000000000
12223  -11.734  -78.224  -26.738 0.6000000238
11388  -13.548  -78.304  -26.295 0.6000000238
12234  -12.453  -76.923  -27.339 0.5000000000
13932  -13.177  -75.055  -27.579 0.5000000000
14807  -13.388  -74.151  -27.638 0.5000000000
10545  -12.884  -79.344  -25.410 0.5000000000
11387  -12.914  -78.231  -26.517 0.6000000238
10528  -12.889  -79.880  -24.708 0.5000000000
14805  -11.721  -74.304  -27.919 0.6000000238
8198  -11.946  -82.874  -22.907 0.6999999881
8922  -11.650  -81.959  -23.093 0.6000000238
8182  -12.608  -82.260  -22.627 0.6000000238
14855  -10.871  -74.185  -30.468 0.5000000000
6794  -12.164  -84.720  -22.932 0.5000000000
7465  -12.354  -83.928  -22.951 0.6999999881
13981  -11.136  -75.378  -30.853 0.5000000000
13156  -12.365  -76.918  -32.003 0.5000000000
12297  -12.884  -77.648  -32.598 0.6000000238
12299  -14.691  -77.326  -33.315 0.6000000238
12310  -14.020  -77.974  -33.299 0.5000000000
13159  -15.509  -77.214  -33.228 0.6000000238
11471  -17.273  -78.688  -34.459 0.5000000000
9777  -21.227  -80.219  -28.083 0.5000000000
9762  -21.840  -80.587  -27.239 0.5000000000
8227  -23.056  -81.849  -25.709 0.6000000238
8241  -23.788  -82.136  -25.859 0.6000000238
123905  -13.999  -77.852  -26.433 0.6000000238
13065  -14.387  -76.457  -26.800 0.6000000238
11389  -14.255  -78.312  -26.058 0.6000000238
14808  -14.211  -74.231  -27.415 0.5000000000
10546  -13.495  -79.492  -25.037 0.6000000238
10529  -13.649  -79.873  -24.369 0.6999999881
15746  -12.671  -73.097  -27.988 0.6000000238
8907  -13.059  -81.585  -22.665 0.6000000238
9722  -12.926  -80.428  -23.857 0.6000000238
15759  -11.796  -72.548  -28.697 0.6000000238
7452  -13.403  -83.654  -21.958 0.6000000238
135120  -13.315  -82.937  -22.235 0.6000000238
15770  -10.587  -73.717  -29.897 0.5000000000
13982  -11.951  -75.270  -31.041 0.5000000000
6146  -11.805  -85.590  -21.638 0.5000000000
6780  -12.598  -84.592  -22.305 0.6000000238
13157  -13.264  -77.003  -32.527 0.5000000000
13145  -13.846  -76.334  -31.681 0.6000000238
13158  -13.927  -76.907  -32.646 0.5000000000
13147  -16.107  -76.943  -31.496 0.5000000000
12301  -16.507  -77.238  -33.370 0.5000000000
9778  -22.605  -80.619  -27.820 0.6000000238
8992  -23.936  -81.314  -26.631 0.6000000238
12226  -14.612  -77.725  -26.218 0.6000000238
12227  -14.929  -77.040  -26.379 0.5000000000
13923  -14.581  -75.750  -26.867 0.5000000000
11376  -15.275  -78.391  -25.315 0.6999999881
14809  -14.905  -74.414  -27.000 0.5000000000
131066  -14.368  -79.826  -24.163 0.6999999881
10547  -14.289  -79.337  -24.880 0.6000000238
15748  -14.814  -73.393  -27.395 0.5000000000
9706  -13.312  -80.929  -23.027 0.6000000238
15747  -13.767  -73.252  -27.734 0.5000000000
16685  -12.870  -71.649  -29.060 0.6000000238
8170  -14.011  -83.101  -21.688 0.6999999881
16684  -12.156  -72.040  -29.304 0.6000000238
7437  -13.735  -83.848  -21.205 0.6000000238
16695  -11.521  -72.570  -30.045 0.6000000238
131451  -11.908  -84.063  -19.965 0.6999999881
6750  -12.811  -84.515  -20.832 0.6999999881
14873  -11.488  -74.401  -30.895 0.5000000000
14856  -11.562  -73.552  -30.755 0.5000000000
6749  -12.209  -84.646  -20.491 0.6000000238
13983  -12.661  -75.371  -31.094 0.5000000000
126063  -11.041  -83.985  -19.928 0.5000000000
13984  -13.369  -75.599  -31.017 0.6000000238
13143  -12.558  -76.210  -31.640 0.5000000000
6747  -10.455  -84.611  -20.199 0.6000000238
13144  -13.216  -76.275  -31.793 0.5000000000
13146  -15.267  -76.877  -31.882 0.6000000238
13148  -17.090  -76.932  -31.338 0.5000000000
12207  -15.367  -77.652  -25.781 0.6999999881
13052  -15.658  -76.806  -25.992 0.5000000000
13925  -15.735  -75.397  -26.335 0.5000000000
10514  -15.957  -79.478  -23.944 0.8000000119
10531  -15.769  -78.827  -24.618 0.6999999881
14802  -15.580  -74.573  -26.599 0.5000000000
15739  -15.748  -73.155  -27.057 0.5000000000
9693  -15.264  -80.940  -22.484 0.6999999881
10513  -14.835  -80.119  -23.671 0.6999999881
10530  -15.113  -79.498  -24.291 0.8000000119
132941  -14.031  -80.864  -22.855 0.6999999881
16674  -15.229  -72.349  -27.630 0.5000000000
8171  -14.750  -82.848  -21.179 0.6999999881
9692  -14.552  -81.260  -22.434 0.6999999881
16686  -13.712  -71.488  -28.678 0.6000000238
16673  -14.218  -72.323  -27.924 0.5000000000
7413  -13.290  -83.287  -19.724 0.6000000238
7424  -14.250  -83.383  -20.721 0.6000000238
16706  -13.314  -72.069  -30.440 0.6000000238
7412  -12.408  -83.375  -19.692 0.6999999881
7423  -13.559  -83.653  -20.364 0.6999999881
14874  -12.213  -74.142  -31.012 0.6000000238
15786  -12.816  -72.697  -30.717 0.6000000238
7411  -11.523  -83.353  -19.806 0.6000000238
14875  -13.089  -74.520  -30.947 0.6000000238
13969  -14.031  -75.935  -30.798 0.6000000238
7420  -9.432  -83.437  -20.483 0.6000000238
13126  -14.532  -76.532  -31.133 0.6000000238
13127  -15.363  -76.672  -30.606 0.5000000000
11359  -16.541  -78.421  -24.493 0.6000000238
12193  -16.713  -77.698  -24.836 0.5000000000
13053  -16.352  -76.455  -25.625 0.5000000000
131614  -16.047  -73.872  -26.544 0.5000000000
9709  -16.096  -79.956  -23.074 0.8000000119
16675  -16.256  -72.290  -27.216 0.5000000000
8909  -15.196  -81.652  -21.912 0.6999999881
17596  -14.238  -70.843  -29.173 0.6000000238
12190  -7.819  -78.157  -24.867 0.6000000238
8163  -14.784  -82.914  -20.330 0.8000000119
11357  -8.451  -78.119  -24.118 0.6000000238
8154  -12.860  -82.572  -19.382 0.6999999881
8885  -13.530  -81.905  -19.243 0.8000000119
17616  -13.683  -71.330  -30.030 0.6000000238
9703  -8.118  -80.106  -22.998 0.6000000238
8153  -11.925  -82.627  -19.679 0.6000000238
15805  -13.554  -72.772  -30.845 0.6000000238
15787  -14.517  -73.745  -30.639 0.6000000238
8898  -9.142  -80.880  -21.647 0.6000000238
8899  -9.561  -81.742  -21.024 0.6000000238
8162  -11.003  -82.534  -20.022 0.6000000238
14857  -14.003  -74.957  -30.591 0.6000000238
14836  -14.927  -74.810  -30.098 0.6000000238
136631  -10.766  -83.249  -20.042 0.5000000000
13109  -15.811  -76.326  -29.788 0.5000000000
13110  -16.897  -76.328  -29.428 0.5000000000
13959  -16.325  -75.888  -29.335 0.5000000000
11360  -17.288  -78.117  -24.299 0.5000000000
12209  -16.905  -76.922  -25.122 0.5000000000
10515  -16.653  -79.361  -23.497 0.6000000238
11349  -17.028  -78.772  -23.896 0.5000000000
144605  -15.847  -80.588  -22.553 0.8000000119
10506  -16.996  -79.837  -22.677 0.6999999881
8903  -16.424  -81.693  -21.001 0.8000000119
8172  -15.315  -82.536  -20.783 0.8000000119
17597  -15.086  -70.711  -28.708 0.6000000238
17584  -16.530  -71.355  -27.610 0.5000000000
13050  -7.677  -76.464  -26.058 0.6000000238
8157  -15.359  -82.178  -19.755 0.8000000119
18428  -16.459  -70.040  -28.760 0.5000000000
12191  -8.980  -77.454  -24.154 0.6999999881
139955  -8.336  -77.567  -24.783 0.6000000238
9665  -12.960  -81.226  -19.570 0.8000000119
140050  -14.101  -71.645  -30.437 0.6000000238
18444  -14.836  -70.445  -30.012 0.6000000238
18426  -14.837  -70.409  -29.551 0.6000000238
11348  -9.222  -78.285  -22.915 0.6000000238
15806  -14.374  -72.799  -30.885 0.6000000238
16707  -14.236  -72.226  -30.774 0.6000000238
17618  -15.153  -70.946  -30.437 0.6000000238
9690  -9.129  -80.062  -22.000 0.6000000238
9673  -10.876  -80.820  -20.585 0.6000000238
8893  -12.246  -81.357  -19.796 0.5000000000
14858  -15.372  -73.580  -30.480 0.6000000238
8900  -10.009  -80.840  -21.027 0.6000000238
134160  -15.635  -75.546  -29.632 0.6000000238
14837  -15.840  -74.427  -29.829 0.6000000238
15772  -16.805  -73.970  -29.647 0.5000000000
14818  -17.443  -74.610  -28.898 0.5000000000
13093  -17.790  -76.079  -28.773 0.5000000000
13945  -18.560  -75.600  -28.373 0.5000000000
10516  -17.416  -79.140  -23.124 0.6000000238
126028  -16.845  -81.059  -21.437 0.6999999881
15735  -6.358  -73.609  -26.431 0.6000000238
13921  -6.897  -75.005  -26.810 0.6000000238
8886  -15.774  -81.688  -19.698 0.8000000119
18405  -16.879  -70.589  -28.011 0.5000000000
13913  -8.553  -75.326  -25.845 0.6000000238
9667  -14.550  -80.999  -19.355 0.8000000119
132042  -17.892  -69.446  -28.804 0.5000000000
144714  -8.730  -77.195  -24.755 0.6999999881
9676  -13.109  -80.451  -19.819 0.8000000119
18458  -16.037  -69.912  -30.149 0.6000000238
18446  -16.174  -69.803  -29.544 0.6000000238
12179  -9.523  -77.680  -23.346 0.8000000119
9675  -12.370  -80.615  -19.979 0.6999999881
16718  -15.043  -72.229  -30.924 0.6000000238
17619  -16.042  -70.735  -30.651 0.6000000238
141169  -9.467  -78.609  -22.323 0.6999999881
11323  -10.089  -79.287  -21.351 0.6999999881
10479  -11.227  -80.045  -20.568 0.6000000238
16719  -15.815  -72.178  -30.981 0.6000000238
17620  -17.066  -70.998  -30.903 0.6000000238
10490  -9.669  -80.021  -21.450 0.6000000238
16708  -16.692  -72.327  -30.944 0.5000000000
15789  -17.258  -73.023  -30.382 0.5000000000
9695  -17.313  -80.366  -21.804 0.6000000238
10507  -17.873  -79.569  -22.171 0.5000000000
16613  -6.845  -72.214  -23.709 0.6000000238
9682  -17.360  -80.692  -20.903 0.6999999881
16624  -6.192  -72.843  -25.311 0.6000000238
9681  -16.835  -81.195  -20.565 0.6999999881
9678  -17.103  -80.732  -20.062 0.6000000238
14800  -7.878  -73.999  -26.514 0.6000000238
15736  -7.100  -73.347  -26.533 0.6000000238
8887  -16.192  -81.223  -19.690 0.6000000238
10472  -14.906  -80.130  -19.526 0.6999999881
140255  -9.317  -75.749  -25.213 0.8000000119
10471  -13.963  -80.278  -19.687 0.6999999881
10482  -14.244  -79.314  -20.035 0.6000000238
13041  -9.118  -76.709  -24.820 0.8000000119
11310  -12.489  -79.130  -20.618 0.8000000119
124188  -12.776  -78.529  -21.069 0.6999999881
12180  -10.347  -77.435  -23.230 0.6999999881
11338  -10.598  -78.301  -21.899 0.6999999881
11325  -11.168  -78.596  -21.419 0.6000000238
139448  -12.235  -78.723  -21.010 0.8000000119
17519  -7.627  -71.982  -23.104 0.6000000238
16635  -6.738  -72.184  -25.471 0.6000000238
15737  -7.959  -73.284  -26.471 0.6999999881
11312  -14.775  -78.440  -20.196 0.6000000238
14790  -8.613  -74.575  -26.073 0.6999999881
13914  -9.790  -75.000  -25.277 0.6999999881
135071  -14.086  -78.565  -20.583 0.6999999881
12157  -13.957  -77.667  -21.724 0.6000000238
13042  -9.785  -76.284  -24.640 0.8000000119
13043  -10.445  -76.313  -24.382 0.6000000238
13030  -10.803  -76.856  -23.874 0.5000000000
12156  -13.009  -78.056  -21.894 0.6999999881
12169  -13.542  -77.411  -22.519 0.6999999881
12170  -14.255  -77.022  -22.207 0.6000000238
12192  -9.864  -76.997  -24.067 0.8000000119
12181  -11.272  -77.304  -23.279 0.6000000238
11340  -12.138  -77.996  -22.157 0.6000000238
15702  -9.308  -73.340  -22.041 0.6000000238
17520  -8.777  -72.181  -22.584 0.6000000238
17546  -6.964  -71.470  -24.618 0.6999999881
17527  -7.265  -71.341  -23.796 0.6000000238
128663  -7.386  -72.511  -26.215 0.6999999881
15738  -8.611  -72.875  -26.394 0.6999999881
14801  -8.699  -73.816  -26.234 0.6999999881
14791  -10.078  -74.252  -25.443 0.6000000238
11328  -14.298  -77.893  -20.859 0.6000000238
14781  -10.643  -74.866  -24.937 0.6000000238
13031  -11.769  -76.692  -23.980 0.6000000238
12158  -14.517  -77.126  -21.255 0.5000000000
13023  -13.899  -76.680  -22.887 0.6000000238
13013  -14.580  -76.432  -21.791 0.5000000000
131793  -14.757  -75.014  -21.662 0.5000000000
129189  -13.724  -75.179  -23.537 0.6000000238
143736  -14.143  -75.052  -23.014 0.5000000000
16592  -10.756  -72.819  -21.644 0.6000000238
139657  -9.571  -71.847  -22.500 0.6000000238
17528  -8.016  -71.018  -23.458 0.6999999881
17529  -8.916  -71.154  -22.948 0.6999999881
18350  -8.150  -70.385  -24.109 0.6999999881
17547  -7.635  -70.929  -25.173 0.6999999881
16656  -8.858  -72.005  -26.277 0.6000000238
16637  -9.660  -72.840  -26.168 0.5000000000
15728  -10.287  -73.459  -25.639 0.6999999881
16638  -10.502  -72.674  -25.882 0.6000000238
14792  -10.831  -74.026  -25.212 0.6000000238
14782  -11.285  -74.440  -24.860 0.6000000238
138269  -12.246  -73.721  -24.732 0.6000000238
13899  -13.038  -75.702  -24.029 0.6000000238
13906  -13.161  -74.811  -24.131 0.5000000000
15712  -13.487  -73.501  -23.954 0.5000000000
15713  -13.945  -73.557  -23.393 0.5000000000
19115  -12.408  -70.572  -18.799 0.6999999881
19945  -12.122  -69.653  -19.132 0.6999999881
17511  -11.949  -71.624  -21.193 0.6000000238
19140  -12.080  -70.114  -20.913 0.6999999881
19944  -11.237  -68.742  -19.691 0.6999999881
20777  -10.845  -67.800  -19.772 0.6999999881
21636  -10.852  -66.732  -19.863 0.6000000238
17522  -10.796  -71.265  -22.332 0.6999999881
18325  -11.997  -70.695  -21.334 0.6999999881
19964  -11.562  -69.280  -21.392 0.6999999881
19954  -10.805  -68.675  -20.651 0.6999999881
17521  -9.904  -70.967  -22.793 0.6999999881
18335  -11.456  -70.824  -22.047 0.6999999881
19963  -11.175  -68.474  -21.813 0.6999999881
122290  -8.325  -70.627  -25.687 0.6999999881
145156  -9.021  -70.590  -26.170 0.6000000238
16657  -9.810  -72.016  -26.325 0.6000000238
17549  -11.502  -71.659  -25.967 0.6000000238
18386  -11.576  -70.788  -26.380 0.6000000238
125669  -11.072  -73.245  -25.384 0.6000000238
16639  -11.315  -72.453  -25.642 0.6000000238
16640  -12.105  -72.142  -25.370 0.6000000238
16626  -12.700  -72.646  -24.790 0.5000000000
17537  -12.828  -71.756  -25.088 0.6000000238
17551  -13.022  -70.857  -25.390 0.6000000238
15721  -12.889  -73.473  -24.458 0.5000000000
16627  -13.315  -72.754  -24.231 0.5000000000
17538  -13.396  -71.421  -24.647 0.5000000000
19929  -12.560  -69.770  -17.945 0.6999999881
20778  -11.941  -67.970  -19.052 0.6999999881
22483  -10.616  -65.532  -20.109 0.6000000238
22499  -9.292  -65.583  -20.491 0.4000000060
20798  -9.976  -68.037  -21.189 0.6000000238
20789  -10.188  -68.027  -20.507 0.5000000000
21648  -8.988  -66.432  -20.859 0.5000000000
23412  -8.456  -65.081  -21.120 0.4000000060
24305  -8.581  -63.221  -20.767 0.5000000000
18342  -8.933  -70.295  -23.622 0.6999999881
18343  -10.264  -69.962  -23.330 0.8000000119
134961  -11.537  -68.972  -22.283 0.6999999881
20797  -9.414  -67.086  -21.738 0.5000000000
21669  -8.795  -66.192  -22.196 0.4000000060
22524  -8.357  -65.066  -22.129 0.4000000060
24304  -8.461  -63.985  -21.358 0.4000000060
24315  -8.714  -63.823  -22.119 0.4000000060
19165  -10.861  -69.089  -23.632 0.8000000119
19166  -11.432  -69.005  -22.895 0.8000000119
19976  -11.361  -68.343  -22.849 0.8000000119
20808  -10.799  -67.562  -22.647 0.6000000238
21670  -9.912  -66.459  -22.992 0.5000000000
139754  -8.579  -65.489  -22.231 0.4000000060
22525  -8.540  -65.042  -22.535 0.4000000060
18351  -8.627  -69.800  -24.521 0.6999999881
18367  -8.665  -69.888  -25.548 0.8000000119
19176  -8.971  -69.165  -25.217 0.6999999881
19208  -9.987  -69.627  -26.623 0.5000000000
21681  -9.895  -66.057  -24.173 0.5000000000
22541  -9.768  -65.289  -23.641 0.4000000060
22540  -9.146  -64.843  -23.166 0.4000000060
18384  -9.491  -70.176  -26.338 0.6000000238
18385  -10.475  -70.484  -26.563 0.5000000000
125317  -11.012  -69.872  -26.785 0.5000000000
18387  -12.062  -69.971  -26.572 0.6000000238
18368  -12.428  -70.631  -26.062 0.6000000238
19194  -12.934  -70.045  -26.081 0.6000000238
134903  -12.191  -68.951  -18.656 0.6000000238
20779  -12.420  -68.042  -18.390 0.5000000000
21637  -12.029  -66.951  -19.301 0.5000000000
22484  -12.070  -65.927  -19.671 0.4000000060
23414  -9.471  -64.621  -20.228 0.5000000000
23413  -8.849  -63.987  -20.329 0.5000000000
24271  -9.097  -62.468  -19.694 0.5000000000
25217  -8.718  -62.415  -20.968 0.5000000000
26152  -9.073  -61.504  -20.489 0.5000000000
140775  -8.577  -63.199  -21.362 0.5000000000
25219  -10.491  -61.655  -21.703 0.5000000000
124642  -10.407  -68.352  -24.436 0.6999999881
19987  -10.477  -67.513  -24.349 0.6000000238
20830  -9.932  -66.845  -25.700 0.5000000000
20817  -10.593  -66.974  -23.793 0.5000000000
25234  -10.096  -62.515  -22.207 0.5000000000
137810  -9.609  -69.267  -24.288 0.8000000119
20001  -9.592  -68.589  -25.217 0.6999999881
20012  -9.639  -68.248  -26.131 0.6000000238
21691  -10.164  -66.224  -25.296 0.5000000000
125488  -10.050  -65.787  -24.292 0.4000000060
22555  -10.387  -65.415  -24.486 0.5000000000
24316  -9.730  -63.466  -22.750 0.4000000060
24317  -11.007  -63.222  -22.841 0.5000000000
20027  -10.105  -68.275  -27.060 0.5000000000
20859  -10.421  -67.431  -27.398 0.5000000000
139803  -10.023  -66.787  -26.740 0.6000000238
21703  -10.248  -66.267  -26.283 0.5000000000
21692  -10.499  -65.788  -25.542 0.5000000000
23465  -10.976  -65.129  -24.458 0.5000000000
19210  -11.554  -69.142  -27.171 0.5000000000
20029  -12.080  -68.243  -27.436 0.5000000000
20843  -10.611  -66.474  -27.201 0.5000000000
21704  -10.859  -65.908  -26.579 0.5000000000
19211  -12.598  -69.160  -26.698 0.6000000238
20030  -13.102  -68.176  -26.621 0.6000000238
20755  -12.546  -67.434  -18.031 0.5000000000
21624  -12.785  -66.470  -18.582 0.5000000000
22485  -12.897  -66.106  -19.141 0.5000000000
125185  -12.805  -65.316  -19.528 0.4000000060
23398  -11.926  -64.823  -19.962 0.4000000060
21614  -12.700  -66.301  -18.118 0.5000000000
22486  -13.213  -65.172  -19.102 0.4000000060
122524  -11.054  -63.828  -19.763 0.5000000000
23396  -9.472  -63.588  -19.831 0.6000000238
25180  -9.854  -61.694  -19.363 0.5000000000
25179  -9.272  -61.468  -19.844 0.5000000000
26141  -9.580  -60.432  -19.991 0.4000000060
27143  -10.320  -60.059  -20.431 0.4000000060
27144  -11.378  -60.031  -20.763 0.4000000060
22460  -13.341  -64.859  -18.566 0.4000000060
23400  -13.448  -64.406  -19.031 0.4000000060
24274  -12.821  -63.610  -19.431 0.4000000060
24273  -11.747  -63.195  -19.495 0.5000000000
24272  -10.296  -62.786  -19.515 0.5000000000
26126  -10.593  -61.053  -18.866 0.5000000000
25182  -12.544  -62.694  -19.174 0.4000000060
25160  -11.956  -61.563  -18.731 0.4000000060
26108  -11.357  -60.333  -18.613 0.5000000000
26107  -10.410  -60.185  -18.939 0.4000000060
27101  -10.171  -59.850  -19.397 0.4000000060
27122  -10.861  -59.335  -20.070 0.4000000060
28127  -12.337  -59.199  -19.729 0.4000000060
23374  -13.327  -64.341  -18.044 0.4000000060
24255  -13.486  -63.676  -18.774 0.4000000060
25183  -13.326  -63.202  -19.032 0.4000000060
24225  -13.687  -62.935  -17.299 0.4000000060
25152  -13.824  -62.426  -17.671 0.4000000060
25161  -13.142  -62.268  -18.602 0.4000000060
26109  -12.637  -60.886  -18.226 0.4000000060
27077  -12.156  -59.569  -18.527 0.5000000000
28089  -11.562  -59.006  -19.016 0.4000000060
28110  -11.485  -58.958  -19.605 0.4000000060
130192  -13.308  -60.221  -17.844 0.4000000060
28091  -13.373  -59.374  -18.321 0.4000000060
28092  -14.026  -59.685  -18.620 0.4000000060
28112  -13.016  -59.206  -19.070 0.4000000060
25142  -13.418  -62.477  -16.597 0.4000000060
26081  -12.941  -61.899  -15.957 0.3000000119
26095  -14.173  -61.281  -17.102 0.3000000119
28048  -13.332  -59.818  -14.869 0.4000000060
26063  -13.516  -61.299  -15.580 0.3000000119
26064  -14.414  -61.169  -16.006 0.3000000119
26083  -14.731  -60.647  -16.592 0.4000000060
136471  -15.691  -59.946  -16.101 0.5000000000
28074  -15.393  -60.276  -17.034 0.4000000060
27079  -15.158  -60.380  -18.150 0.4000000060
27125  -15.776  -60.904  -19.904 0.3000000119
28063  -16.028  -59.352  -15.481 0.5000000000
28064  -16.336  -59.666  -16.459 0.5000000000
27063  -16.129  -60.313  -17.419 0.4000000060
27080  -16.296  -60.700  -18.326 0.3000000119
27041  -12.863  -60.518  -15.203 0.4000000060
129283  -13.829  -59.068  -14.810 0.4000000060
131782  -14.811  -59.178  -14.726 0.5000000000
28062  -15.312  -59.912  -15.261 0.5000000000
29077  -14.328  -58.334  -14.806 0.4000000060
142937  -15.597  -59.135  -14.875 0.5000000000
30101  -16.529  -57.800  -15.604 0.5000000000
29093  -16.649  -58.801  -15.799 0.4000000060
29103  -17.787  -59.365  -17.513 0.4000000060
28094  -17.626  -60.257  -17.989 0.3000000119
30100  -16.033  -56.837  -15.797 0.3000000119
31051  -16.703  -57.032  -16.614 0.3000000119
30110  -17.481  -57.870  -17.059 0.3000000119
128549  -13.826  -57.612  -15.278 0.3000000119
31038  -15.158  -56.758  -15.514 0.4000000060
30123  -18.216  -58.205  -17.532 0.3000000119
30099  -13.293  -57.047  -16.024 0.3000000119
136496  -13.784  -55.668  -16.492 0.3000000119
11395  -10.206  -78.314  -27.109 0.6000000238
11396  -10.990  -78.275  -26.821 0.5000000000
13022  -13.122  -77.019  -23.197 0.6000000238
13032  -12.702  -76.539  -23.783 0.6000000238
122074  -7.136  -84.542  -31.751 0.5000000000
128457  -7.961  -83.317  -31.777 0.6000000238
9039  -6.303  -81.474  -31.287 0.5000000000
8295  -8.916  -83.085  -31.045 0.6999999881
7554  -10.425  -83.398  -29.968 0.6999999881
9057  -10.518  -81.051  -32.661 0.6999999881
9012  -11.740  -82.318  -29.561 0.6999999881
132276  -11.321  -81.868  -30.312 0.6999999881
12271  -8.711  -77.868  -30.004 0.5000000000
8265  -13.540  -82.580  -27.958 0.6999999881
10628  -11.344  -79.799  -32.856 0.6999999881
9825  -11.083  -80.299  -33.007 0.6999999881
9002  -14.148  -81.768  -28.106 0.6999999881
9827  -13.303  -79.997  -32.735 0.6999999881
12232  -9.869  -77.652  -27.634 0.6000000238
9004  -16.359  -81.292  -27.160 0.6999999881
10630  -13.279  -79.345  -32.939 0.6000000238
9828  -14.234  -79.934  -32.944 0.6000000238
10587  -15.442  -80.199  -31.284 0.5000000000
8952  -10.164  -80.994  -24.896 0.6999999881
10631  -14.181  -79.119  -33.317 0.6000000238
9746  -19.504  -81.009  -26.331 0.6000000238
144569  -20.199  -83.037  -25.760 0.6000000238
10632  -15.447  -79.437  -33.841 0.5000000000
139356  -17.079  -79.735  -33.871 0.5000000000
9761  -20.839  -80.462  -27.190 0.5000000000
10544  -11.356  -79.501  -25.522 0.6000000238
8935  -10.633  -81.487  -24.185 0.6999999881
15758  -11.049  -72.990  -28.983 0.6000000238
133062  -13.578  -77.616  -32.980 0.5000000000
11459  -14.457  -78.480  -33.547 0.5000000000
11460  -15.558  -78.639  -34.163 0.6000000238
129635  -14.943  -78.258  -33.933 0.5000000000
11461  -16.435  -78.816  -34.354 0.5000000000
8226  -22.237  -82.185  -25.685 0.6000000238
9749  -22.077  -81.007  -26.398 0.6000000238
137464  -21.948  -80.363  -28.197 0.5000000000
9691  -13.793  -81.487  -22.521 0.6000000238
17583  -15.605  -71.444  -27.924 0.5000000000
10512  -8.334  -79.306  -23.212 0.6000000238
8169  -9.099  -82.640  -21.030 0.6000000238
139650  -14.783  -75.989  -30.155 0.6000000238
10504  -8.745  -79.683  -22.528 0.6000000238
125469  -14.207  -81.586  -19.287 0.8000000119
10505  -9.379  -79.275  -21.946 0.6000000238
16720  -16.458  -71.661  -31.030 0.6000000238
10491  -10.437  -80.009  -20.961 0.6000000238
15788  -16.288  -73.299  -30.431 0.6000000238
10481  -13.265  -79.661  -20.169 0.8000000119
19263  -17.574  -69.547  -30.161 0.6000000238
10480  -11.757  -79.539  -20.586 0.6000000238
10492  -10.951  -79.277  -20.994 0.6999999881
12166  -10.843  -77.756  -22.522 0.6000000238
127537  -10.917  -75.669  -24.551 0.6000000238
12168  -12.638  -77.629  -22.678 0.6999999881
13905  -12.354  -75.177  -24.364 0.6000000238
14775  -14.152  -74.360  -23.091 0.5000000000
17564  -9.921  -71.118  -26.471 0.5000000000
14783  -12.657  -74.294  -24.440 0.6000000238
16614  -13.788  -72.823  -23.650 0.5000000000
133829  -12.503  -71.097  -19.493 0.6999999881
18312  -12.411  -71.139  -20.415 0.6000000238
19955  -11.673  -69.433  -20.180 0.6999999881
19155  -11.631  -69.785  -21.970 0.8000000119
21647  -8.555  -65.764  -21.240 0.5000000000
20788  -9.326  -67.370  -20.986 0.5000000000
23448  -10.229  -64.796  -23.745 0.5000000000
21638  -12.519  -67.132  -18.732 0.5000000000
25218  -9.366  -61.889  -21.343 0.5000000000
20002  -9.872  -67.734  -25.332 0.6000000238
20842  -9.822  -67.532  -26.507 0.6000000238
20861  -12.372  -67.300  -27.255 0.5000000000
22472  -13.094  -65.682  -18.624 0.5000000000
26125  -9.843  -60.689  -19.357 0.5000000000
25181  -11.110  -62.141  -19.139 0.6000000238
24241  -13.169  -63.711  -17.502 0.4000000060
24242  -13.680  -63.434  -18.123 0.4000000060
25162  -13.619  -62.865  -18.421 0.4000000060
26082  -13.887  -61.765  -16.383 0.3000000119
26110  -13.667  -61.726  -17.968 0.4000000060
27078  -13.026  -59.427  -18.197 0.5000000000
28090  -12.481  -59.032  -18.681 0.4000000060
27062  -14.039  -60.139  -17.678 0.4000000060
28113  -13.941  -60.030  -19.535 0.4000000060
28049  -14.387  -59.950  -14.938 0.3000000119
27054  -14.765  -60.546  -15.646 0.5000000000
28073  -15.037  -60.396  -16.588 0.4000000060
144579  -15.751  -60.853  -18.944 0.4000000060
29102  -17.080  -59.060  -16.706 0.5000000000
28075  -16.965  -59.940  -17.291 0.4000000060
29078  -15.289  -58.393  -14.735 0.5000000000
30085  -14.778  -57.534  -15.009 0.5000000000
30086  -15.750  -57.594  -15.106 0.4000000060
31037  -14.186  -56.824  -15.567 0.3000000119
31049  -14.471  -56.034  -16.138 0.3000000119
31050  -15.406  -56.118  -16.278 0.3000000119
7584  -20.630  -82.708  -31.295 0.5000000000
6887  -21.675  -83.475  -31.955 0.5000000000
6247  -22.344  -84.533  -32.391 0.5000000000
6257  -22.799  -85.694  -32.871 0.5000000000
5637  -23.679  -86.796  -32.132 0.6000000238
132722  -21.321  -82.950  -31.416 0.5000000000
6874  -22.149  -83.603  -30.890 0.5000000000
6238  -22.660  -84.482  -31.247 0.5000000000
6239  -23.492  -85.381  -30.521 0.6000000238
6248  -23.150  -85.597  -31.624 0.6000000238
7563  -20.012  -82.589  -30.618 0.4000000060
7581  -16.182  -83.129  -30.366 0.4000000060
7560  -17.234  -82.730  -29.300 0.4000000060
8289  -17.693  -82.592  -29.958 0.5000000000
8280  -18.654  -82.242  -29.502 0.5000000000
7561  -18.270  -82.501  -30.170 0.5000000000
8281  -19.346  -82.241  -29.535 0.5000000000
8269  -19.133  -82.557  -28.473 0.5000000000
133621  -19.545  -82.465  -30.124 0.5000000000
8282  -20.116  -82.492  -29.558 0.5000000000
4994  -24.685  -87.518  -32.236 0.6000000238
4995  -25.734  -87.543  -32.044 0.6000000238
7564  -20.828  -82.743  -30.137 0.5000000000
7585  -21.515  -83.077  -30.561 0.5000000000
7544  -21.340  -83.139  -28.692 0.5000000000
121748  -24.396  -87.071  -31.241 0.6000000238
6855  -22.550  -83.706  -29.879 0.5000000000
6875  -23.046  -84.423  -30.212 0.6000000238
5622  -23.924  -86.381  -30.877 0.6000000238
4979  -26.055  -87.276  -30.991 0.6000000238
5607  -25.097  -86.428  -29.358 0.6000000238
5624  -25.512  -86.908  -30.188 0.6000000238
141913  -26.278  -86.874  -30.227 0.6999999881
125482  -25.982  -86.571  -29.531 0.6999999881
7557  -14.650  -83.910  -29.346 0.6000000238
7558  -15.548  -83.548  -29.426 0.6000000238
125297  -15.922  -83.965  -27.484 0.6000000238
7559  -16.426  -83.138  -29.448 0.5000000000
141282  -17.179  -83.218  -28.259 0.6000000238
8267  -17.978  -82.383  -29.460 0.5000000000
7542  -17.688  -82.736  -28.697 0.5000000000
7543  -18.566  -83.113  -27.638 0.5000000000
8270  -19.810  -82.523  -28.766 0.5000000000
8254  -20.579  -82.952  -28.153 0.5000000000
4997  -27.876  -86.961  -32.300 0.6999999881
4996  -26.764  -87.239  -32.063 0.6000000238
4981  -28.338  -86.801  -31.277 0.8000000119
7565  -21.919  -83.341  -29.441 0.5000000000
7545  -22.975  -83.756  -28.855 0.5000000000
6856  -23.454  -84.300  -29.248 0.6000000238
4980  -27.116  -86.883  -30.938 0.6999999881
6240  -24.237  -86.089  -29.829 0.6000000238
5609  -27.434  -86.199  -29.201 0.6999999881
6229  -24.628  -85.588  -29.002 0.6000000238
6212  -25.398  -85.658  -28.645 0.6000000238
6213  -26.223  -85.636  -28.421 0.6999999881
5595  -28.052  -85.737  -28.621 0.6999999881
5596  -29.058  -85.867  -28.644 0.6000000238
7579  -14.286  -83.766  -30.274 0.5000000000
6850  -14.919  -84.156  -28.447 0.6000000238
128484  -16.740  -83.719  -27.425 0.6000000238
124189  -17.712  -83.436  -27.504 0.6000000238
7524  -19.195  -83.361  -27.040 0.6000000238
7525  -20.768  -83.317  -26.791 0.6000000238
4998  -29.026  -86.882  -32.575 0.6999999881
145090  -22.178  -83.420  -27.549 0.5000000000
4982  -29.472  -86.787  -31.596 0.5000000000
4983  -30.591  -86.832  -32.030 0.6000000238
132088  -22.482  -83.521  -28.267 0.6000000238
6837  -23.874  -84.068  -28.330 0.5000000000
5626  -28.900  -86.655  -30.334 0.6000000238
6857  -24.265  -84.745  -28.678 0.5000000000
5625  -27.820  -86.600  -30.102 0.6999999881
5611  -29.533  -86.395  -29.410 0.6000000238
6211  -24.979  -85.022  -28.290 0.5000000000
5610  -28.438  -86.273  -29.335 0.6000000238
5597  -30.199  -85.977  -28.624 0.6000000238
6839  -25.781  -84.916  -27.934 0.5000000000
6840  -26.844  -84.878  -27.840 0.6000000238
6215  -28.611  -85.237  -28.159 0.5000000000
7532  -28.349  -84.023  -27.816 0.5000000000
6843  -30.759  -84.899  -28.497 0.5000000000
7578  -13.228  -84.047  -29.996 0.6000000238
6870  -12.602  -84.035  -30.762 0.4000000060
7505  -21.577  -83.124  -26.189 0.5000000000
135744  -31.177  -86.766  -31.121 0.6000000238
7527  -23.026  -83.455  -27.078 0.5000000000
5627  -30.028  -86.705  -30.622 0.5000000000
7547  -24.189  -83.792  -27.516 0.5000000000
5612  -30.754  -86.535  -29.581 0.5000000000
143142  -31.443  -86.494  -29.377 0.5000000000
5628  -31.715  -86.679  -30.192 0.5000000000
131794  -24.858  -83.491  -26.906 0.5000000000
6217  -31.001  -85.632  -28.470 0.5000000000
7529  -25.812  -83.361  -26.878 0.6000000238
7530  -26.703  -83.277  -27.171 0.6000000238
136831  -30.230  -85.301  -28.316 0.5000000000
6844  -31.728  -85.271  -28.641 0.6000000238
8257  -27.326  -82.947  -27.618 0.6000000238
7548  -27.994  -83.398  -27.922 0.5000000000
123330  -11.606  -84.083  -30.373 0.4000000060
7507  -23.453  -82.781  -26.309 0.5000000000
5600  -33.209  -86.067  -29.147 0.5000000000
7528  -23.923  -83.357  -26.865 0.5000000000
7509  -25.221  -82.611  -26.463 0.5000000000
6845  -32.811  -84.966  -29.056 0.5000000000
6231  -34.884  -85.216  -29.675 0.5000000000
6862  -35.680  -84.194  -29.956 0.5000000000
6863  -36.211  -84.034  -29.791 0.5000000000
7534  -35.179  -83.479  -27.920 0.5000000000
8255  -25.979  -82.100  -27.028 0.6000000238
8256  -26.609  -82.462  -27.313 0.6000000238
6861  -33.026  -84.291  -29.778 0.5000000000
8271  -27.101  -82.369  -28.142 0.6000000238
7570  -32.622  -83.838  -30.683 0.5000000000
8284  -27.741  -82.727  -28.903 0.5000000000
7566  -28.448  -83.184  -29.839 0.5000000000
9779  -23.441  -80.883  -27.586 0.5000000000
6846  -34.160  -84.395  -29.750 0.5000000000
7552  -36.377  -83.568  -29.619 0.5000000000
9006  -24.734  -81.269  -28.105 0.6000000238
7572  -35.182  -83.471  -30.803 0.5000000000
8276  -36.377  -82.696  -30.105 0.5000000000
7551  -35.919  -83.131  -29.004 0.5000000000
7533  -34.102  -82.976  -27.319 0.5000000000
7571  -33.817  -83.590  -30.651 0.5000000000
7591  -34.697  -82.863  -31.792 0.5000000000
128515  -23.092  -80.698  -28.449 0.5000000000
9024  -35.507  -81.507  -30.931 0.5000000000
8285  -36.080  -81.926  -30.554 0.5000000000
8275  -35.452  -82.265  -29.391 0.5000000000
8244  -33.529  -82.126  -27.435 0.4000000060
8274  -34.988  -81.527  -29.771 0.4000000060
8250  -7.991  -82.180  -27.045 0.4000000060
12204  -7.561  -77.384  -25.647 0.5000000000
15725  -5.913  -73.522  -25.999 0.5000000000
144287  -6.315  -74.626  -26.830 0.5000000000
16602  -7.466  -72.932  -22.819 0.5000000000
16612  -6.292  -73.049  -24.255 0.5000000000
13063  -6.802  -75.814  -26.715 0.5000000000
120268  -12.297  -71.372  -18.773 0.5000000000
19096  -12.443  -70.652  -17.976 0.5000000000
19930  -12.556  -68.651  -17.747 0.5000000000
8976  -23.935  -81.789  -25.980 0.5000000000
7508  -24.360  -82.661  -26.318 0.5000000000
5623  -24.690  -86.807  -30.338 0.6000000238
5608  -26.544  -86.164  -29.037 0.6999999881
7541  -16.541  -83.457  -28.391 0.6000000238
6214  -27.765  -85.122  -28.037 0.6000000238
6831  -27.668  -84.384  -27.678 0.6000000238
7546  -23.431  -83.708  -27.800 0.5000000000
6829  -25.469  -84.104  -27.490 0.5000000000
120770  -27.043  -84.074  -27.403 0.6000000238
7531  -27.524  -83.650  -27.582 0.6000000238
6204  -28.948  -84.624  -28.007 0.5000000000
6860  -31.999  -84.492  -29.399 0.5000000000
5598  -31.368  -86.197  -28.825 0.5000000000
6220  -33.554  -85.434  -29.305 0.5000000000
7510  -25.980  -82.567  -26.812 0.5000000000
8273  -28.321  -83.177  -28.564 0.5000000000
136394  -24.571  -81.751  -26.348 0.5000000000
9008  -26.236  -81.839  -27.732 0.5000000000
9007  -25.423  -81.556  -27.766 0.5000000000
7574  -36.390  -82.938  -30.532 0.5000000000
7592  -35.838  -82.562  -31.747 0.5000000000
7593  -36.310  -82.209  -31.530 0.5000000000
137723  -34.114  -82.387  -27.838 0.5000000000
8306  -36.291  -81.899  -32.132 0.4000000060
8258  -34.192  -81.844  -28.494 0.4000000060
3762  -34.182  -88.064  -29.263 0.5000000000
4365  -33.740  -87.585  -29.918 0.6000000238
5631  -33.991  -87.043  -29.883 0.6000000238
4987  -33.377  -87.427  -30.429 0.6000000238
4373  -32.631  -87.906  -31.620 0.4000000060
4972  -35.389  -86.572  -29.438 0.4000000060
121800  -34.785  -85.990  -29.747 0.4000000060
5615  -34.684  -86.472  -29.666 0.5000000000
4986  -32.985  -87.239  -30.948 0.6000000238
5630  -33.242  -86.889  -30.510 0.5000000000
139645  -33.882  -86.417  -29.803 0.4000000060
5002  -32.546  -87.408  -31.676 0.5000000000
5629  -32.590  -86.768  -30.481 0.5000000000
5000  -31.583  -86.961  -32.469 0.6000000238
5014  -28.623  -86.964  -33.617 0.6000000238
5013  -27.444  -87.085  -33.484 0.6000000238
5012  -26.668  -87.279  -33.989 0.6000000238
135069  -26.418  -87.381  -32.982 0.6000000238
134049  -25.582  -87.550  -33.571 0.6000000238
142573  -24.688  -87.568  -33.251 0.5000000000
5011  -24.088  -87.327  -33.255 0.5000000000
5647  -23.225  -86.649  -33.597 0.4000000060
5646  -22.313  -85.810  -34.101 0.5000000000
122370  -33.325  -82.749  -26.683 0.3000000119
6898  -21.409  -83.834  -32.892 0.4000000060
19248  -18.174  -69.259  -29.461 0.4000000060
19264  -18.525  -69.444  -30.151 0.4000000060
18459  -17.520  -70.313  -30.753 0.5000000000
17539  -13.771  -71.104  -24.065 0.5000000000
18369  -13.441  -70.132  -25.388 0.5000000000
18353  -13.870  -70.397  -24.169 0.5000000000
19196  -13.964  -68.932  -25.122 0.4000000060
20862  -12.995  -67.345  -26.567 0.4000000060
19158  -16.180  -68.845  -22.072 0.4000000060
21719  -12.467  -66.700  -26.669 0.4000000060
20863  -13.363  -66.940  -25.971 0.4000000060
20031  -13.668  -67.571  -25.956 0.4000000060
22573  -11.174  -65.585  -25.874 0.4000000060
22574  -12.169  -65.744  -25.623 0.4000000060
20819  -16.156  -67.421  -24.046 0.4000000060
22557  -11.555  -65.383  -25.098 0.4000000060
140646  -13.413  -65.968  -25.211 0.4000000060
21693  -16.132  -66.443  -24.936 0.4000000060
23449  -11.412  -64.498  -23.803 0.4000000060
23467  -13.231  -64.956  -24.147 0.4000000060
24334  -11.816  -63.869  -23.272 0.4000000060
23450  -12.520  -64.444  -23.673 0.4000000060
26154  -10.917  -60.789  -21.252 0.3000000119
26168  -11.727  -61.610  -21.923 0.4000000060
28128  -13.241  -59.851  -19.958 0.3000000119
27124  -12.752  -59.911  -20.443 0.3000000119
26155  -12.103  -60.803  -21.489 0.3000000119
27145  -12.430  -60.230  -20.950 0.3000000119
19168  -14.965  -68.710  -23.076 0.4000000060
19989  -14.666  -68.365  -23.868 0.4000000060
20003  -14.365  -68.258  -24.844 0.4000000060
19178  -14.137  -68.973  -24.268 0.4000000060
20844  -14.424  -67.527  -25.252 0.4000000060
132652  -14.344  -66.927  -25.409 0.4000000060
19991  -16.623  -67.878  -23.445 0.4000000060
20845  -15.290  -66.785  -25.103 0.4000000060
124190  -15.076  -66.412  -25.284 0.4000000060
21707  -14.170  -66.408  -25.312 0.4000000060
3108  -35.551  -90.454  -20.372 0.3000000119
3120  -35.685  -90.019  -21.327 0.3000000119
2601  -34.548  -91.258  -21.024 0.4000000060
137484  -35.417  -90.421  -21.968 0.3000000119
139030  -35.657  -90.024  -22.589 0.4000000060
2619  -34.143  -91.480  -23.320 0.3000000119
3133  -35.027  -90.895  -22.695 0.3000000119
3668  -35.571  -90.004  -23.178 0.4000000060
2632  -33.586  -91.540  -24.197 0.3000000119
3144  -35.019  -90.663  -23.597 0.3000000119
141273  -35.493  -89.836  -23.774 0.3000000119
3157  -34.390  -91.047  -24.218 0.3000000119
3173  -34.452  -90.640  -25.017 0.3000000119
122338  -35.040  -89.877  -25.308 0.3000000119
2646  -33.836  -91.073  -25.463 0.3000000119
3186  -34.437  -90.399  -25.838 0.3000000119
3699  -35.010  -89.618  -26.129 0.3000000119
3185  -33.728  -90.783  -26.258 0.3000000119
3198  -33.588  -90.277  -27.021 0.3000000119
143561  -34.191  -89.666  -27.205 0.3000000119
2669  -31.469  -91.175  -27.022 0.3000000119
2670  -32.188  -91.125  -26.949 0.3000000119
3212  -32.747  -90.351  -27.720 0.3000000119
3731  -33.690  -89.614  -27.751 0.3000000119
3197  -31.862  -90.880  -27.756 0.4000000060
3654  -35.897  -89.333  -22.960 0.3000000119
125127  -34.008  -91.465  -21.780 0.4000000060
3669  -35.879  -89.252  -23.586 0.4000000060
2609  -33.623  -91.503  -22.702 0.3000000119
3681  -35.759  -89.304  -24.212 0.4000000060
2645  -33.286  -91.525  -24.954 0.3000000119
3700  -35.628  -89.119  -25.518 0.4000000060
3716  -34.844  -89.310  -26.917 0.4000000060
129834  -32.509  -91.639  -25.141 0.3000000119
3732  -34.557  -88.946  -27.744 0.4000000060
2644  -31.754  -91.501  -25.627 0.4000000060
3747  -33.985  -88.915  -28.504 0.4000000060
3761  -33.432  -88.921  -29.188 0.3000000119
3184  -31.048  -91.291  -26.163 0.3000000119
3640  -35.838  -89.393  -21.556 0.3000000119
4271  -35.967  -88.896  -22.184 0.3000000119
4259  -35.800  -88.808  -21.175 0.3000000119
4283  -36.049  -88.679  -23.512 0.3000000119
4910  -36.171  -88.138  -23.776 0.3000000119
3107  -33.671  -91.146  -20.488 0.4000000060
3682  -36.060  -88.777  -24.032 0.3000000119
131656  -36.299  -87.687  -24.310 0.3000000119
2618  -33.140  -91.568  -23.643 0.3000000119
3132  -33.375  -91.337  -22.221 0.4000000060
3701  -36.040  -88.721  -24.765 0.4000000060
123082  -36.456  -87.724  -24.992 0.3000000119
4305  -36.187  -88.364  -25.625 0.4000000060
4320  -36.345  -87.922  -26.435 0.4000000060
2631  -32.946  -91.655  -24.435 0.3000000119
123286  -32.096  -90.680  -23.716 0.3000000119
3733  -35.256  -88.622  -27.276 0.4000000060
4337  -35.930  -88.037  -27.270 0.4000000060
3172  -31.837  -91.562  -24.793 0.3000000119
3680  -31.660  -89.724  -24.136 0.3000000119
4958  -36.015  -87.341  -28.126 0.4000000060
138215  -35.937  -86.837  -28.867 0.5000000000
3155  -31.475  -90.840  -24.499 0.3000000119
4348  -34.628  -88.274  -28.498 0.4000000060
4349  -35.176  -87.441  -28.913 0.4000000060
3183  -30.251  -90.759  -26.276 0.3000000119
4896  -36.009  -88.340  -23.025 0.3000000119
4881  -35.709  -88.038  -21.880 0.3000000119
3652  -33.129  -90.762  -21.829 0.4000000060
4939  -36.565  -87.332  -25.669 0.4000000060
5583  -36.530  -86.754  -26.767 0.4000000060
3131  -32.860  -90.985  -22.562 0.4000000060
4959  -36.458  -86.923  -27.775 0.4000000060
5587  -36.497  -86.425  -27.821 0.5000000000
6222  -36.485  -85.628  -29.030 0.4000000060
3667  -32.542  -90.012  -23.041 0.3000000119
5601  -36.185  -86.149  -29.242 0.4000000060
124625  -35.568  -85.914  -29.627 0.4000000060
6232  -35.773  -85.160  -29.573 0.4000000060
3698  -30.875  -90.585  -25.040 0.3000000119
3170  -30.524  -90.815  -25.598 0.3000000119
3714  -29.410  -90.183  -26.306 0.3000000119
4909  -36.064  -87.652  -23.602 0.3000000119
4923  -36.389  -87.220  -25.009 0.3000000119
5579  -36.427  -86.817  -25.835 0.3000000119
3651  -32.854  -90.072  -22.315 0.4000000060
6199  -36.415  -86.072  -27.380 0.5000000000
6221  -36.453  -85.200  -28.713 0.4000000060
4908  -32.299  -88.728  -23.282 0.4000000060
6233  -36.284  -85.041  -29.297 0.4000000060
4921  -31.374  -88.025  -24.352 0.3000000119
4282  -31.856  -88.688  -23.957 0.3000000119
4293  -30.698  -88.741  -24.838 0.3000000119
141166  -29.957  -89.067  -25.244 0.3000000119
3713  -28.590  -89.699  -26.681 0.3000000119
3696  -29.551  -89.697  -25.572 0.3000000119
5567  -36.041  -86.675  -25.048 0.3000000119
138912  -36.210  -86.324  -26.520 0.4000000060
6824  -35.735  -84.960  -27.413 0.4000000060
4920  -30.652  -87.532  -24.717 0.3000000119
5578  -29.927  -87.024  -25.081 0.3000000119
4938  -29.998  -88.102  -25.183 0.3000000119
4304  -29.292  -88.797  -25.443 0.3000000119
130154  -28.589  -86.890  -25.410 0.3000000119
4936  -28.160  -87.560  -25.619 0.3000000119
4937  -29.128  -87.642  -25.395 0.3000000119
4948  -27.561  -88.239  -26.003 0.3000000119
4303  -28.482  -88.545  -25.696 0.3000000119
6823  -34.902  -84.792  -26.572 0.3000000119
4935  -27.318  -87.306  -25.795 0.3000000119
4934  -26.485  -87.272  -25.958 0.3000000119
141500  -33.938  -84.908  -24.527 0.3000000119
6822  -34.358  -84.996  -25.393 0.3000000119
6821  -33.995  -84.197  -25.925 0.3000000119
6816  -33.398  -84.485  -24.029 0.3000000119
127137  -33.563  -84.383  -24.966 0.3000000119
7493  -33.198  -83.709  -25.434 0.3000000119
19195  -13.496  -69.255  -25.845 0.5000000000
25235  -11.341  -62.424  -22.368 0.5000000000
24318  -12.133  -63.185  -22.800 0.4000000060
20013  -13.887  -68.312  -25.695 0.4000000060
135316  -30.118  -86.930  -32.879 0.6000000238
4985  -32.689  -87.000  -31.433 0.5000000000
144106  -34.145  -85.853  -29.597 0.4000000060
6847  -36.377  -84.449  -29.125 0.4000000060
6832  -35.474  -84.286  -27.596 0.4000000060
7513  -34.500  -83.865  -26.917 0.4000000060
7512  -33.621  -83.441  -26.353 0.3000000119
18344  -14.142  -70.633  -23.383 0.5000000000
19156  -14.547  -69.667  -22.933 0.4000000060
19990  -15.490  -68.002  -23.542 0.4000000060
2611  -34.684  -91.147  -21.831 0.3000000119
2659  -33.123  -91.414  -25.789 0.3000000119
139183  -32.361  -91.469  -26.090 0.3000000119
2600  -34.069  -91.382  -20.828 0.4000000060
4336  -35.307  -88.128  -28.009 0.4000000060
3143  -32.986  -91.457  -22.969 0.3000000119
126062  -32.511  -91.453  -23.627 0.3000000119
4949  -36.569  -87.292  -26.408 0.4000000060
3679  -31.071  -89.786  -24.689 0.3000000119
6206  -36.541  -85.803  -28.317 0.4000000060
3697  -30.324  -89.911  -25.228 0.3000000119
5582  -35.761  -85.594  -26.779 0.4000000060
142115  -31.854  -87.655  -23.600 0.3000000119
4318  -28.054  -89.103  -26.262 0.3000000119
6198  -35.092  -85.423  -25.923 0.3000000119
144561  -27.031  -87.759  -26.045 0.3000000119
139708  -24.673  -87.556  -34.410 0.5000000000
5021  -25.603  -87.612  -34.911 0.5000000000
136587  -28.252  -87.097  -34.437 0.5000000000
5015  -30.605  -87.208  -33.717 0.4000000060
9005  -23.865  -80.989  -28.598 0.4000000060
4364  -33.284  -88.041  -30.531 0.5000000000
4363  -32.797  -88.392  -31.004 0.3000000119
3760  -32.308  -89.634  -29.768 0.3000000119
3745  -32.648  -89.715  -28.957 0.3000000119
128411  -32.476  -88.526  -21.843 0.3000000119
4270  -32.594  -89.065  -22.471 0.3000000119
2587  -34.513  -91.361  -20.170 0.3000000119
4880  -32.131  -87.770  -21.464 0.3000000119
4258  -32.508  -88.589  -21.014 0.3000000119
3638  -32.851  -89.538  -21.587 0.3000000119
3631  -33.297  -90.359  -20.050 0.3000000119
3089  -33.758  -91.123  -19.558 0.3000000119
3623  -33.355  -90.241  -19.077 0.3000000119
4248  -32.459  -88.618  -20.047 0.3000000119
3630  -32.888  -89.480  -20.560 0.3000000119
3622  -32.932  -89.407  -19.585 0.3000000119
2586  -34.022  -91.394  -20.132 0.3000000119
2566  -34.695  -91.395  -19.338 0.3000000119
2550  -34.266  -91.357  -18.844 0.3000000119
121496  -33.754  -90.921  -18.706 0.3000000119
6256  -21.882  -84.784  -33.480 0.3000000119
5016  -31.174  -87.194  -33.190 0.5000000000
124346  -29.694  -87.038  -33.773 0.4000000060
5023  -27.440  -87.305  -34.736 0.5000000000
3778  -32.943  -88.935  -30.051 0.3000000119
134850  -17.587  -67.219  -23.340 0.3000000119
20831  -16.657  -66.929  -24.364 0.3000000119
23451  -13.497  -64.319  -23.705 0.3000000119
5020  -23.659  -87.206  -34.599 0.4000000060
123593  -24.067  -87.695  -35.372 0.4000000060
3264  -25.792  -90.049  -33.701 0.4000000060
3815  -25.989  -89.384  -34.606 0.4000000060
3829  -26.201  -88.654  -35.290 0.4000000060
4401  -27.477  -88.061  -35.401 0.4000000060
5037  -28.308  -87.399  -34.996 0.4000000060
4399  -25.501  -88.179  -35.614 0.4000000060
5035  -26.053  -87.833  -35.390 0.4000000060
5036  -26.981  -87.714  -35.261 0.4000000060
2719  -26.111  -91.401  -32.408 0.3000000119
133882  -26.872  -90.425  -33.318 0.4000000060
3817  -27.674  -88.987  -35.005 0.4000000060
5034  -25.070  -87.874  -35.420 0.4000000060
3828  -25.499  -88.796  -35.226 0.4000000060
3256  -26.323  -90.656  -33.092 0.3000000119
3265  -26.526  -89.998  -33.889 0.4000000060
3816  -26.773  -89.287  -34.744 0.4000000060
4400  -26.530  -88.095  -35.535 0.4000000060
4388  -28.866  -87.805  -35.058 0.4000000060
2713  -27.297  -91.021  -32.271 0.3000000119
2720  -26.772  -91.024  -32.658 0.3000000119
3800  -28.137  -89.618  -34.179 0.3000000119
2721  -27.534  -90.357  -33.190 0.3000000119
3819  -29.427  -88.383  -34.586 0.3000000119
3803  -31.320  -88.454  -32.915 0.3000000119
3818  -28.617  -88.733  -34.860 0.3000000119
3790  -31.830  -88.498  -32.194 0.3000000119
4382  -31.682  -87.524  -32.720 0.3000000119
4380  -30.267  -87.926  -34.158 0.3000000119
4381  -31.004  -87.680  -33.449 0.3000000119
5025  -29.919  -87.425  -34.211 0.3000000119
3117  -26.257  -91.059  -22.669 0.3000000119
3128  -26.368  -90.428  -23.099 0.3000000119
6185  -29.302  -85.170  -24.501 0.3000000119
128773  -27.673  -88.199  -22.413 0.3000000119
4892  -26.919  -87.710  -22.661 0.3000000119
130832  -26.692  -86.289  -22.519 0.3000000119
6169  -26.830  -84.642  -23.444 0.3000000119
6814  -27.890  -84.286  -24.077 0.3000000119
6815  -28.796  -84.387  -24.047 0.3000000119
6170  -29.630  -84.817  -23.812 0.3000000119
4893  -27.469  -87.321  -22.166 0.3000000119
5546  -27.238  -86.210  -22.031 0.3000000119
6157  -26.961  -85.126  -22.537 0.3000000119
6158  -27.418  -84.349  -22.767 0.3000000119
6781  -27.978  -83.835  -22.699 0.3000000119
131415  -28.947  -89.231  -34.241 0.3000000119
126518  -27.000  -89.904  -23.138 0.3000000119
5555  -25.697  -85.775  -23.181 0.3000000119
4268  -27.170  -88.950  -22.869 0.3000000119
4907  -25.843  -86.976  -22.935 0.3000000119
5536  -27.280  -86.079  -21.466 0.3000000119
2565  -34.222  -91.392  -19.615 0.3000000119
2602  -35.196  -90.784  -21.156 0.3000000119
2610  -34.262  -91.438  -22.434 0.3000000119
2630  -32.478  -91.577  -24.307 0.3000000119
2658  -31.738  -91.385  -26.351 0.3000000119
2671  -32.962  -91.007  -26.647 0.3000000119
3069  -33.984  -91.121  -18.198 0.3000000119
3119  -33.619  -91.214  -21.377 0.4000000060
3156  -32.025  -91.369  -24.143 0.3000000119
3158  -35.111  -90.097  -24.415 0.3000000119
3194  -29.943  -90.567  -26.934 0.3000000119
3199  -34.326  -90.064  -26.592 0.3000000119
3211  -32.122  -90.395  -28.411 0.3000000119
3266  -27.259  -89.880  -34.068 0.4000000060
3639  -33.234  -90.491  -20.977 0.3000000119
3653  -35.861  -89.529  -22.216 0.3000000119
3715  -29.940  -90.359  -25.763 0.3000000119
3717  -35.621  -88.697  -26.443 0.4000000060
3746  -33.257  -89.502  -28.399 0.3000000119
3830  -28.206  -88.225  -35.242 0.4000000060
4272  -35.999  -88.938  -22.816 0.3000000119
4294  -31.364  -88.939  -24.399 0.3000000119
4295  -36.244  -88.230  -24.307 0.3000000119
4306  -36.387  -88.123  -25.047 0.4000000060
4319  -28.813  -89.459  -25.879 0.3000000119
4338  -36.397  -87.391  -27.195 0.4000000060
4355  -33.514  -88.292  -29.835 0.5000000000
4372  -32.284  -87.729  -32.115 0.4000000060
4374  -32.970  -87.724  -31.176 0.4000000060
4389  -29.566  -87.685  -34.578 0.3000000119
4397  -23.457  -87.779  -35.656 0.4000000060
4878  -27.679  -87.051  -21.594 0.3000000119
4895  -32.243  -87.898  -22.542 0.3000000119
4966  -36.340  -86.595  -28.478 0.4000000060
4971  -34.537  -87.090  -29.577 0.6000000238
4978  -25.142  -87.335  -31.072 0.6000000238
4984  -32.164  -86.843  -31.505 0.5000000000
4999  -30.965  -86.910  -33.074 0.6000000238
5001  -32.205  -87.173  -32.108 0.5000000000
5022  -26.425  -87.470  -34.800 0.5000000000
5024  -29.137  -87.236  -34.577 0.4000000060
5577  -29.176  -86.559  -25.189 0.3000000119
5594  -27.117  -85.661  -28.492 0.6000000238
5599  -32.273  -86.148  -28.869 0.5000000000
5602  -36.509  -86.070  -28.646 0.4000000060
5613  -32.057  -86.485  -29.369 0.5000000000
5614  -32.951  -86.473  -29.540 0.4000000060
6156  -12.143  -85.285  -22.353 0.5000000000
6203  -28.294  -84.650  -27.873 0.5000000000
6205  -36.342  -85.382  -27.835 0.4000000060
6216  -29.474  -85.300  -28.210 0.5000000000
6218  -31.759  -85.880  -28.573 0.5000000000
6219  -32.478  -85.734  -28.798 0.5000000000
6228  -23.880  -85.086  -29.565 0.6000000238
6230  -25.824  -86.111  -28.980 0.6000000238
6748  -11.397  -84.686  -20.274 0.5000000000
6766  -12.407  -84.946  -21.426 0.6000000238
6767  -13.130  -84.339  -21.582 0.6999999881
6796  -27.604  -84.217  -23.462 0.3000000119
6828  -15.121  -84.147  -27.572 0.6999999881
6830  -26.299  -84.088  -27.417 0.6000000238
6833  -36.256  -84.702  -28.245 0.4000000060
6838  -24.720  -84.260  -27.872 0.5000000000
6841  -29.016  -84.190  -28.102 0.5000000000
6897  -20.765  -83.591  -32.992 0.4000000060
7414  -14.156  -83.228  -19.852 0.6000000238
7421  -10.233  -83.680  -20.160 0.6000000238
7422  -12.819  -84.096  -20.093 0.6999999881
7451  -12.799  -83.308  -22.496 0.6000000238
7463  -10.662  -83.148  -23.711 0.6000000238
7489  -18.786  -83.221  -25.724 0.6999999881
7500  -15.288  -83.443  -26.791 0.6999999881
7501  -16.510  -83.443  -26.443 0.6999999881
7503  -18.212  -83.440  -26.051 0.6999999881
7519  -14.766  -83.754  -27.201 0.6999999881
7521  -16.213  -83.860  -26.834 0.6999999881
7522  -17.015  -83.716  -26.665 0.6000000238
7523  -18.399  -83.510  -26.690 0.6999999881
7526  -21.515  -83.356  -27.265 0.5000000000
7535  -36.151  -83.942  -28.612 0.5000000000
7538  -13.191  -83.262  -28.152 0.6999999881
7539  -13.645  -83.904  -28.169 0.6999999881
7540  -15.730  -83.818  -28.427 0.6000000238
7549  -28.699  -83.711  -28.198 0.5000000000
7562  -18.957  -82.483  -30.043 0.5000000000
7573  -36.145  -83.155  -30.758 0.5000000000
7601  -20.496  -82.846  -32.036 0.5000000000
7602  -20.863  -82.824  -32.048 0.5000000000
7611  -35.330  -82.166  -32.276 0.5000000000
7612  -36.069  -81.898  -32.119 0.4000000060
7619  -21.063  -83.110  -32.467 0.4000000060
8155  -13.782  -82.569  -19.436 0.8000000119
8156  -14.644  -82.446  -19.640 0.8000000119
8161  -10.054  -82.684  -20.447 0.6000000238
8164  -15.266  -82.535  -20.170 0.8000000119
8183  -13.523  -82.236  -22.303 0.6000000238
8207  -9.857  -82.773  -24.341 0.6999999881
8208  -10.427  -82.403  -23.883 0.6999999881
8223  -19.258  -82.741  -25.591 0.6999999881
8224  -19.969  -82.701  -25.594 0.6000000238
8238  -18.186  -82.350  -25.740 0.6999999881
8239  -22.153  -82.643  -25.901 0.6000000238
8240  -22.890  -82.365  -25.849 0.6000000238
8242  -24.597  -82.052  -26.113 0.5000000000
8243  -32.691  -82.072  -26.502 0.4000000060
8252  -15.222  -82.788  -26.758 0.6999999881
8259  -34.813  -82.670  -28.284 0.5000000000
8268  -18.296  -82.575  -28.625 0.5000000000
8272  -27.732  -82.893  -28.126 0.5000000000
8277  -5.665  -82.307  -29.692 0.5000000000
8286  -36.477  -82.290  -30.963 0.5000000000
8292  -6.107  -82.292  -31.223 0.5000000000
8293  -6.493  -82.953  -31.777 0.6000000238
8296  -9.575  -82.585  -30.956 0.6999999881
8305  -35.762  -81.947  -32.250 0.4000000060
8310  -8.291  -82.389  -32.310 0.6999999881
8884  -12.794  -81.845  -19.460 0.6999999881
8891  -10.469  -81.693  -20.514 0.6000000238
8892  -11.482  -81.679  -20.067 0.6000000238
8894  -15.828  -82.113  -20.393 0.8000000119
8895  -16.369  -81.587  -20.175 0.8000000119
8901  -15.125  -82.280  -21.422 0.6999999881
8902  -15.745  -82.023  -21.269 0.8000000119
8908  -14.424  -82.133  -21.915 0.6999999881
8910  -16.005  -81.227  -21.852 0.8000000119
8936  -11.442  -81.158  -23.778 0.6999999881
8956  -21.433  -82.049  -25.589 0.6000000238
8972  -20.047  -81.508  -25.847 0.6000000238
8973  -20.922  -81.433  -25.843 0.6000000238
8974  -21.776  -81.430  -25.912 0.6000000238
8975  -22.576  -81.414  -26.000 0.6000000238
8977  -25.318  -82.008  -26.564 0.6000000238
8986  -7.887  -81.434  -27.313 0.5000000000
8987  -14.833  -82.123  -27.292 0.6999999881
8991  -23.304  -81.470  -26.112 0.6000000238
8993  -24.911  -81.470  -26.992 0.5000000000
8994  -25.609  -81.800  -27.125 0.6000000238
9013  -12.379  -82.107  -29.178 0.6999999881
9025  -36.266  -81.869  -31.506 0.5000000000
9038  -35.765  -81.694  -31.856 0.4000000060
9054  -7.927  -81.728  -32.784 0.6999999881
9056  -9.666  -81.132  -32.853 0.6999999881
9666  -13.735  -81.106  -19.432 0.8000000119
9668  -16.445  -80.575  -19.580 0.6000000238
9674  -11.676  -80.759  -20.246 0.5000000000
9677  -16.734  -81.170  -19.914 0.6000000238
9689  -8.556  -80.482  -22.342 0.6000000238
9694  -16.544  -80.526  -22.247 0.6999999881
9705  -12.371  -81.221  -23.162 0.6000000238
9707  -14.662  -80.626  -23.020 0.6999999881
9708  -15.359  -80.357  -23.100 0.6999999881
9721  -11.684  -80.433  -24.439 0.6000000238
9723  -13.954  -80.340  -23.543 0.6999999881
9738  -11.297  -80.047  -24.944 0.6000000238
9745  -10.027  -79.751  -26.101 0.6000000238
9763  -22.849  -80.949  -26.744 0.6000000238
9771  -15.509  -80.658  -28.575 0.6999999881
9787  -6.924  -79.991  -29.594 0.6000000238
9792  -16.903  -79.906  -29.147 0.5000000000
9795  -22.447  -80.464  -28.806 0.5000000000
9809  -6.589  -80.783  -31.273 0.6000000238
9821  -7.576  -81.191  -32.575 0.6999999881
9824  -10.239  -80.505  -32.972 0.6999999881
9836  -10.802  -80.152  -32.944 0.6999999881
9837  -11.399  -79.977  -32.948 0.6000000238
10493  -11.743  -78.921  -20.985 0.6000000238
10561  -8.370  -79.251  -27.955 0.6000000238
10570  -7.662  -79.508  -28.551 0.6000000238
10578  -6.671  -80.192  -30.061 0.6000000238
10598  -8.352  -79.768  -31.982 0.6999999881
10613  -10.509  -79.779  -32.754 0.6999999881
10645  -17.136  -79.280  -34.287 0.5000000000
11311  -13.406  -78.882  -20.574 0.6999999881
11324  -10.515  -78.799  -21.458 0.6999999881
11326  -12.043  -78.408  -21.494 0.8000000119
11327  -13.580  -78.211  -21.083 0.6000000238
11336  -8.949  -78.933  -22.687 0.6000000238
11337  -9.947  -78.664  -21.826 0.6999999881
11339  -11.386  -78.090  -21.984 0.6000000238
11341  -18.200  -78.787  -22.785 0.5000000000
11346  -7.942  -78.894  -24.109 0.6000000238
11347  -8.614  -78.566  -23.384 0.6000000238
11358  -15.017  -78.953  -24.941 0.8000000119
11372  -12.270  -78.506  -26.390 0.6000000238
11373  -12.939  -78.787  -26.073 0.5000000000
11374  -13.728  -78.916  -25.648 0.6000000238
11375  -14.581  -78.681  -25.475 0.6999999881
11377  -15.966  -78.035  -25.069 0.5000000000
11400  -7.934  -78.426  -29.560 0.6000000238
11401  -8.262  -77.976  -29.082 0.6000000238
11422  -8.478  -78.424  -30.300 0.6999999881
11433  -9.372  -78.832  -31.358 0.6999999881
11434  -10.096  -78.639  -31.563 0.6999999881
11445  -10.680  -79.088  -32.229 0.6999999881
11457  -12.815  -78.943  -32.867 0.6000000238
11470  -16.059  -78.071  -34.260 0.6000000238
12165  -9.935  -78.021  -22.479 0.6999999881
12167  -11.727  -77.689  -22.656 0.6000000238
12178  -8.938  -78.001  -23.536 0.6000000238
12182  -12.221  -77.243  -23.353 0.6999999881
12194  -17.449  -77.342  -24.599 0.5000000000
12205  -8.381  -76.950  -25.319 0.6999999881
12206  -14.842  -78.164  -25.817 0.6000000238
12208  -16.158  -77.275  -25.413 0.5000000000
12244  -9.527  -76.812  -28.336 0.6000000238
12255  -8.255  -78.269  -29.996 0.6000000238
12296  -12.040  -77.742  -32.095 0.6000000238
12298  -14.083  -77.399  -33.172 0.5000000000
12309  -13.309  -78.200  -32.913 0.6000000238
12311  -14.629  -77.757  -33.606 0.5000000000
12320  -16.745  -78.078  -34.325 0.5000000000
13014  -14.849  -76.396  -20.967 0.5000000000
13024  -14.344  -76.349  -22.443 0.5000000000
13033  -13.495  -76.181  -23.467 0.6000000238
13034  -14.159  -75.744  -22.910 0.5000000000
13044  -11.124  -76.300  -24.240 0.6000000238
13051  -8.515  -76.160  -25.594 0.6999999881
13064  -14.149  -77.244  -26.641 0.6000000238
13066  -15.188  -76.142  -26.479 0.5000000000
13077  -10.492  -77.100  -27.566 0.6000000238
13078  -11.253  -76.576  -27.571 0.6999999881
13079  -12.930  -75.968  -27.559 0.5000000000
13091  -10.234  -76.246  -28.041 0.5000000000
13108  -9.429  -76.227  -29.625 0.6000000238
13123  -9.081  -77.119  -29.765 0.6000000238
13125  -10.011  -75.909  -30.146 0.6000000238
13128  -16.324  -76.788  -30.290 0.5000000000
13142  -9.970  -76.935  -30.423 0.6000000238
13160  -16.053  -77.041  -32.614 0.5000000000
13883  -14.555  -75.718  -22.148 0.5000000000
13898  -12.344  -76.034  -24.162 0.6000000238
13903  -10.147  -75.637  -24.804 0.8000000119
13904  -11.675  -75.847  -24.356 0.6000000238
13912  -7.771  -75.619  -26.316 0.6000000238
13920  -5.977  -75.116  -26.875 0.5000000000
13922  -7.823  -74.799  -26.496 0.6000000238
13924  -15.052  -75.237  -26.707 0.5000000000
13934  -14.403  -75.068  -27.099 0.5000000000
13941  -9.507  -75.623  -29.308 0.5000000000
13944  -17.819  -75.382  -28.595 0.5000000000
13958  -9.805  -75.425  -29.637 0.6000000238
13960  -17.080  -75.607  -28.964 0.5000000000
13967  -10.023  -75.233  -29.937 0.6000000238
14774  -13.628  -74.264  -23.735 0.5000000000
14784  -13.188  -74.087  -24.168 0.5000000000
14798  -5.906  -74.349  -26.547 0.5000000000
14799  -6.833  -74.187  -26.737 0.6000000238
14806  -12.514  -74.202  -27.767 0.5000000000
14817  -11.692  -73.424  -28.208 0.6000000238
14835  -10.268  -74.248  -29.597 0.5000000000
14838  -16.455  -75.030  -29.249 0.5000000000
14854  -10.274  -74.507  -30.010 0.5000000000
14876  -13.693  -73.680  -30.865 0.6000000238
15703  -14.340  -73.482  -22.821 0.5000000000
15720  -11.943  -73.049  -25.120 0.6000000238
15726  -6.520  -72.937  -26.063 0.6000000238
15727  -9.489  -73.644  -25.941 0.5000000000
15729  -11.552  -73.818  -24.976 0.6000000238
15740  -16.502  -73.112  -26.577 0.5000000000
15757  -10.586  -73.616  -29.379 0.5000000000
15760  -12.494  -72.214  -28.599 0.6000000238
15771  -10.992  -73.017  -29.691 0.6000000238
15784  -11.164  -73.224  -30.245 0.5000000000
15785  -12.185  -73.081  -30.828 0.6000000238
15804  -12.896  -73.410  -30.937 0.6000000238
15807  -15.158  -72.717  -30.897 0.6000000238
15808  -15.848  -72.673  -30.854 0.6000000238
16604  -9.921  -72.863  -22.199 0.6000000238
16605  -10.413  -72.024  -22.231 0.6999999881
16625  -6.508  -72.240  -24.676 0.6000000238
16636  -7.378  -71.652  -25.667 0.6999999881
16655  -8.080  -71.306  -26.035 0.6999999881
16672  -13.255  -72.254  -28.253 0.6000000238
16683  -11.502  -72.471  -29.492 0.6000000238
16687  -14.632  -71.454  -28.303 0.6000000238
16696  -11.974  -72.204  -29.834 0.6000000238
16697  -12.762  -71.805  -29.802 0.6000000238
16705  -12.235  -72.370  -30.328 0.6000000238
17510  -11.262  -71.947  -21.816 0.6000000238
17530  -13.647  -71.988  -23.967 0.5000000000
17536  -7.585  -70.807  -24.280 0.6999999881
17548  -10.707  -71.912  -26.206 0.6000000238
17550  -12.289  -71.330  -25.737 0.6000000238
17563  -8.965  -71.267  -26.229 0.6000000238
17565  -10.882  -71.230  -26.397 0.6000000238
17598  -15.993  -70.653  -28.314 0.5000000000
17606  -13.549  -71.273  -29.529 0.6000000238
17607  -14.249  -70.804  -29.789 0.6000000238
17617  -14.410  -71.042  -30.224 0.6000000238
17628  -14.757  -71.651  -30.666 0.6000000238
17629  -15.578  -71.635  -30.865 0.6000000238
18262  -12.546  -70.214  -17.210 0.5000000000
18334  -10.758  -70.565  -22.672 0.6999999881
18352  -13.612  -70.636  -24.766 0.5000000000
18366  -8.099  -70.332  -24.796 0.6999999881
18427  -15.594  -70.143  -29.141 0.6000000238
18429  -17.315  -69.967  -28.449 0.5000000000
18445  -15.430  -70.086  -29.817 0.6000000238
18457  -15.442  -70.337  -30.223 0.6000000238
19129  -12.339  -70.359  -19.829 0.6999999881
19154  -11.179  -69.828  -22.781 0.8000000119
19167  -14.445  -69.074  -23.540 0.4000000060
19177  -13.861  -69.764  -24.805 0.5000000000
19192  -9.209  -69.372  -26.089 0.6999999881
19193  -9.709  -68.891  -26.538 0.5000000000
19209  -10.513  -69.031  -27.093 0.5000000000
19232  -16.973  -69.582  -29.156 0.5000000000
19247  -17.452  -69.420  -29.487 0.4000000060
19262  -16.776  -69.560  -29.859 0.6000000238
19977  -15.861  -68.437  -22.811 0.4000000060
19988  -11.090  -68.321  -23.575 0.6999999881
20004  -15.143  -67.550  -24.456 0.4000000060
20028  -10.993  -68.290  -27.639 0.5000000000
20818  -11.043  -67.774  -23.430 0.8000000119
20832  -17.262  -67.106  -23.974 0.3000000119
20860  -11.375  -67.290  -27.702 0.5000000000
21649  -9.855  -67.245  -20.399 0.5000000000
21659  -8.794  -66.438  -21.393 0.4000000060
21668  -8.504  -65.728  -21.699 0.4000000060
21705  -11.777  -66.028  -26.429 0.4000000060
21706  -12.818  -66.353  -25.880 0.4000000060
21708  -15.689  -66.250  -25.244 0.4000000060
21718  -11.596  -66.434  -27.203 0.5000000000
22459  -12.953  -65.268  -18.033 0.5000000000
22498  -8.836  -65.612  -20.821 0.5000000000
22511  -8.457  -65.319  -21.477 0.4000000060
22556  -10.832  -65.427  -25.187 0.5000000000
22558  -12.778  -65.440  -24.775 0.4000000060
22575  -15.361  -65.919  -25.281 0.4000000060
23385  -13.471  -64.136  -18.534 0.4000000060
23397  -10.520  -64.487  -19.994 0.5000000000
23399  -12.993  -64.494  -19.534 0.4000000060
23424  -8.387  -64.751  -21.444 0.4000000060
23433  -8.330  -64.609  -21.998 0.4000000060
23434  -8.639  -64.567  -22.584 0.4000000060
23435  -9.133  -64.184  -22.862 0.4000000060
23466  -12.110  -64.989  -24.235 0.4000000060
24275  -13.286  -63.888  -19.202 0.4000000060
24290  -8.572  -64.132  -20.840 0.4000000060
24291  -8.716  -63.249  -20.185 0.5000000000
24333  -10.670  -63.953  -23.386 0.4000000060
25143  -14.011  -62.237  -17.039 0.4000000060
25204  -8.796  -62.374  -20.242 0.5000000000
25233  -9.017  -62.774  -21.851 0.5000000000
26153  -9.801  -60.961  -20.850 0.5000000000
27042  -13.986  -60.693  -15.175 0.3000000119
27076  -10.900  -59.529  -18.913 0.4000000060
27102  -10.780  -59.285  -19.466 0.4000000060
27103  -14.854  -60.471  -19.172 0.4000000060
27121  -10.209  -59.646  -19.852 0.4000000060
27123  -11.812  -59.430  -20.272 0.4000000060
28093  -16.878  -60.447  -17.867 0.3000000119
28111  -12.110  -58.892  -19.172 0.4000000060
29079  -16.126  -58.552  -15.066 0.5000000000
120940  -14.112  -69.752  -23.818 0.5000000000
121719  -9.754  -64.247  -23.257 0.4000000060
121845  -17.038  -58.137  -16.275 0.4000000060
122365  -11.470  -75.068  -24.607 0.6000000238
122408  -14.285  -60.133  -17.817 0.4000000060
122750  -36.502  -87.766  -25.674 0.3000000119
122944  -11.783  -80.345  -32.730 0.6999999881
123078  -11.374  -78.811  -26.217 0.5000000000
123080  -7.167  -79.837  -29.004 0.6000000238
123148  -14.918  -81.738  -19.359 0.8000000119
123343  -14.841  -78.948  -33.800 0.5000000000
123389  -7.393  -79.310  -30.225 0.6000000238
123407  -9.320  -74.399  -25.724 0.6999999881
123566  -26.402  -85.214  -23.056 0.3000000119
123852  -9.140  -79.037  -27.426 0.5000000000
124102  -36.122  -85.573  -29.429 0.4000000060
124941  -5.979  -82.025  -29.070 0.5000000000
125042  -9.723  -84.130  -20.220 0.6000000238
125247  -13.213  -72.116  -24.546 0.5000000000
125433  -19.334  -81.602  -25.783 0.6000000238
125926  -16.793  -70.068  -30.451 0.6000000238
126375  -11.885  -76.137  -31.353 0.5000000000
126378  -14.546  -76.877  -32.456 0.6000000238
126632  -9.247  -65.531  -23.081 0.4000000060
126743  -15.509  -80.190  -30.232 0.6000000238
127293  -17.444  -71.748  -31.125 0.6000000238
127326  -14.232  -82.082  -19.226 0.8000000119
127590  -12.221  -64.011  -19.719 0.4000000060
127787  -9.866  -66.352  -20.335 0.6000000238
127874  -15.541  -80.920  -19.385 0.6000000238
128246  -12.957  -84.020  -22.352 0.6000000238
128628  -24.202  -81.130  -27.525 0.5000000000
129510  -10.717  -77.130  -30.836 0.6000000238
131142  -12.329  -80.265  -24.408 0.5000000000
132216  -36.557  -86.948  -27.183 0.4000000060
132411  -8.746  -64.801  -20.665 0.4000000060
132590  -35.564  -89.410  -24.839 0.4000000060
132708  -26.931  -88.564  -35.275 0.4000000060
132765  -11.932  -74.422  -24.656 0.6000000238
132835  -33.780  -86.877  -29.980 0.5000000000
133015  -26.844  -86.612  -29.777 0.6999999881
133178  -17.015  -67.443  -23.927 0.4000000060
133495  -12.459  -79.905  -20.246 0.6999999881
133980  -8.741  -81.850  -21.582 0.6000000238
134177  -13.825  -74.887  -27.406 0.5000000000
134662  -18.129  -70.085  -30.685 0.5000000000
134955  -12.054  -80.067  -33.022 0.6000000238
135340  -20.728  -82.637  -25.669 0.6000000238
136344  -12.262  -82.034  -19.615 0.6999999881
136546  -32.577  -91.091  -23.158 0.3000000119
136689  -9.778  -78.836  -27.071 0.6000000238
136852  -31.386  -84.813  -28.797 0.5000000000
136931  -16.405  -78.972  -24.112 0.6000000238
137273  -11.702  -72.874  -30.493 0.5000000000
137385  -13.279  -84.183  -20.774 0.6999999881
137681  -9.956  -75.447  -28.629 0.4000000060
137752  -8.884  -76.921  -29.017 0.6000000238
138291  -14.234  -84.137  -28.529 0.6999999881
138757  -15.900  -66.956  -24.601 0.4000000060
139520  -18.635  -82.759  -25.611 0.6999999881
139783  -32.109  -89.512  -23.631 0.3000000119
140078  -9.142  -75.022  -25.600 0.6999999881
140499  -16.655  -66.409  -24.459 0.4000000060
140700  -15.424  -73.886  -26.897 0.5000000000
141171  -27.708  -87.608  -35.203 0.4000000060
141244  -10.184  -66.649  -24.802 0.5000000000
141397  -11.874  -80.137  -20.305 0.6999999881
141828  -17.558  -79.757  -29.156 0.4000000060
142547  -12.925  -81.011  -30.396 0.6999999881
142850  -33.473  -81.642  -27.934 0.4000000060
142982  -28.137  -87.750  -35.232 0.4000000060
142999  -25.229  -84.585  -27.912 0.5000000000
143028  -15.942  -79.158  -34.174 0.6000000238
143168  -7.991  -71.997  -26.234 0.6999999881
143480  -9.337  -68.826  -25.836 0.6000000238
143930  -36.619  -87.078  -26.163 0.4000000060
144523  -33.899  -91.245  -24.765 0.3000000119
145026  -15.481  -79.895  -23.651 0.6999999881
145150  -12.456  -73.228  -24.769 0.5000000000
