#!ascii label  , from subject sub-v2s17x50051_ses-1 vox2ras=TkReg
796
75035  18.073  -8.768  -24.390 0.2500000000
122857  18.312  -8.898  -24.628 0.7500000000
77633  15.665  -6.168  -21.786 0.2500000000
77653  15.893  -6.502  -22.390 0.1250000000
77676  16.206  -5.819  -23.329 0.3750000000
77652  16.267  -7.444  -22.566 0.2500000000
121533  16.616  -8.294  -23.192 0.2500000000
75874  18.144  -7.938  -24.617 0.7500000000
126184  18.837  -9.056  -25.196 0.8750000000
75046  19.479  -9.151  -25.827 0.8750000000
77675  17.498  -6.323  -24.379 0.3750000000
76762  17.746  -6.925  -24.493 0.3750000000
76772  18.100  -7.040  -24.867 0.8750000000
76785  19.654  -7.794  -26.382 1.0000000000
76770  18.974  -7.671  -25.697 1.0000000000
124215  18.420  -7.599  -25.145 0.8750000000
75883  18.584  -8.283  -25.146 0.8750000000
75898  20.693  -8.684  -26.855 1.0000000000
78538  15.683  -5.687  -22.357 0.2500000000
124258  17.440  -5.686  -24.437 0.7500000000
77685  17.785  -6.213  -24.656 0.8750000000
77684  18.259  -6.432  -25.225 0.8750000000
77701  20.198  -7.210  -26.906 1.0000000000
76771  18.602  -6.985  -25.528 1.0000000000
75915  21.357  -8.121  -27.320 1.0000000000
76784  20.516  -7.873  -26.956 1.0000000000
75899  19.902  -8.560  -26.413 1.0000000000
78517  15.655  -5.546  -21.636 0.1250000000
78560  17.365  -4.873  -24.466 0.6250000000
130551  18.216  -5.669  -25.296 1.0000000000
78575  17.682  -5.271  -24.729 0.8750000000
77720  20.906  -6.765  -27.444 1.0000000000
77702  20.158  -6.550  -26.982 1.0000000000
76786  19.408  -6.904  -26.303 1.0000000000
77703  18.790  -6.178  -25.887 1.0000000000
76800  21.250  -7.391  -27.450 1.0000000000
139575  20.701  -7.316  -27.207 1.0000000000
75928  23.199  -7.393  -28.086 1.0000000000
124520  22.070  -7.547  -27.704 1.0000000000
82968  17.638  -0.599  -23.487 0.2500000000
79454  15.564  -4.772  -22.191 0.2500000000
80375  15.757  -3.983  -22.955 0.3750000000
79482  16.008  -4.940  -23.172 0.5000000000
79502  17.589  -4.419  -24.709 1.0000000000
79481  17.296  -4.133  -24.448 0.6250000000
125103  18.120  -4.749  -25.312 1.0000000000
78587  18.887  -5.129  -26.067 1.0000000000
141096  22.124  -6.182  -28.098 1.0000000000
78603  20.347  -5.194  -27.387 1.0000000000
76815  22.643  -7.026  -28.029 1.0000000000
144460  23.025  -6.098  -28.407 1.0000000000
77738  23.093  -6.669  -28.276 1.0000000000
82103  17.489  -1.235  -24.045 0.5000000000
82087  16.795  -1.188  -23.020 0.3750000000
81198  16.289  -2.257  -23.150 0.5000000000
81219  16.989  -2.134  -23.876 0.5000000000
80393  17.905  -3.097  -25.078 0.8750000000
79501  18.004  -3.860  -25.192 1.0000000000
80409  18.531  -3.154  -25.784 1.0000000000
78586  19.639  -4.978  -26.783 1.0000000000
79517  18.628  -4.134  -25.881 1.0000000000
144007  21.966  -5.184  -28.351 1.0000000000
78619  23.127  -4.946  -28.546 1.0000000000
124290  22.772  -5.602  -28.428 1.0000000000
77737  23.508  -6.250  -28.422 0.8750000000
82987  18.408  -0.847  -25.627 0.5000000000
82123  18.267  -1.573  -25.430 0.6250000000
82122  18.453  -1.606  -25.789 0.6250000000
81245  18.273  -2.328  -25.459 1.0000000000
81246  17.942  -2.516  -25.041 0.7500000000
80408  19.181  -2.878  -26.539 1.0000000000
80431  22.218  -3.296  -28.697 1.0000000000
135274  21.232  -3.620  -28.331 1.0000000000
126348  20.380  -3.840  -27.676 1.0000000000
80421  19.657  -3.557  -27.059 1.0000000000
80430  22.772  -3.674  -28.662 1.0000000000
79547  21.710  -4.640  -28.344 1.0000000000
79528  20.841  -4.522  -27.905 1.0000000000
132040  23.938  -3.812  -28.608 0.8750000000
79545  22.933  -4.262  -28.613 1.0000000000
78634  23.779  -4.951  -28.583 0.8750000000
123438  18.474  -0.783  -25.929 0.5000000000
82167  20.078  -1.126  -28.104 1.0000000000
81263  19.298  -2.021  -26.852 1.0000000000
81308  22.345  -2.579  -28.857 1.0000000000
133825  20.754  -1.954  -28.494 1.0000000000
80420  20.259  -3.088  -27.723 1.0000000000
82186  22.449  -1.888  -29.095 1.0000000000
80445  23.923  -3.301  -28.629 1.0000000000
80446  23.343  -3.631  -28.645 1.0000000000
81307  23.042  -2.594  -28.838 1.0000000000
130997  23.381  -3.067  -28.695 1.0000000000
83008  18.589  0.051  -26.394 0.5000000000
82155  18.778  -0.578  -26.546 1.0000000000
83882  20.379  0.344  -28.728 1.0000000000
82143  19.320  -1.037  -27.206 1.0000000000
131748  22.323  -0.514  -29.422 1.0000000000
83052  22.011  -1.019  -29.328 1.0000000000
83050  23.598  -1.366  -29.222 1.0000000000
83051  22.941  -1.432  -29.286 1.0000000000
131103  24.263  -2.462  -28.786 1.0000000000
132599  19.398  3.776  -28.492 1.0000000000
86277  18.582  3.438  -27.250 0.3750000000
86288  19.355  3.009  -28.315 0.8750000000
84741  19.906  0.974  -28.551 1.0000000000
128087  22.539  0.210  -29.473 1.0000000000
83893  21.774  0.326  -29.427 1.0000000000
87071  18.860  4.565  -27.968 0.8750000000
86308  20.047  3.756  -29.093 1.0000000000
141641  19.814  3.229  -28.836 1.0000000000
85574  20.026  2.525  -28.879 1.0000000000
134691  20.295  3.161  -29.194 1.0000000000
132617  20.644  1.817  -29.221 1.0000000000
84757  21.991  1.096  -29.526 1.0000000000
138597  22.838  1.056  -29.536 1.0000000000
87904  19.241  5.263  -28.718 0.7500000000
86306  21.315  3.488  -29.596 1.0000000000
128118  22.705  2.807  -29.474 1.0000000000
128117  21.758  2.739  -29.600 1.0000000000
130967  21.435  1.907  -29.526 1.0000000000
87090  20.364  4.340  -29.419 1.0000000000
138420  20.998  4.213  -29.647 1.0000000000
91929  21.070  10.303  -28.245 0.1250000000
91928  21.650  10.575  -27.862 0.1250000000
91936  20.791  10.333  -29.064 0.2500000000
91946  21.208  11.098  -29.624 0.1250000000
127278  21.218  10.949  -30.344 0.3750000000
92727  21.389  11.716  -30.337 0.2500000000
129285  21.882  11.343  -30.673 0.3750000000
92714  21.745  12.111  -29.658 0.2500000000
130430  21.711  12.403  -30.393 0.2500000000
137954  21.817  13.805  -30.976 0.2500000000
92740  21.807  12.230  -30.816 0.2500000000
94222  21.811  13.795  -31.540 0.2500000000
93462  22.049  13.008  -31.287 0.3750000000
93452  21.760  13.022  -30.903 0.2500000000
94221  22.012  13.856  -31.947 0.3750000000
75867  16.642  -8.925  -22.863 0.1250000000
75914  22.223  -8.436  -27.535 1.0000000000
82144  18.786  -1.346  -26.388 0.8750000000
82187  21.619  -1.314  -29.078 1.0000000000
75026  17.764  -9.742  -22.969 0.1250000000
75047  18.600  -9.857  -24.721 0.6250000000
129061  19.231  -10.335  -25.270 0.7500000000
77632  15.964  -6.663  -21.752 0.1250000000
74113  19.973  -10.620  -25.802 1.0000000000
76746  16.415  -8.312  -22.423 0.1250000000
75075  20.935  -9.420  -26.795 1.0000000000
75074  21.807  -9.365  -27.184 1.0000000000
75913  23.195  -8.324  -27.810 1.0000000000
125007  15.498  -3.748  -21.910 0.3750000000
82088  16.324  -0.861  -21.840 0.2500000000
81199  15.850  -1.873  -22.024 0.2500000000
77736  24.132  -6.412  -28.452 0.8750000000
79563  24.249  -4.301  -28.610 0.8750000000
77749  23.993  -5.651  -28.540 0.8750000000
80444  24.694  -3.639  -28.643 0.8750000000
86265  18.501  3.182  -27.123 0.1250000000
133118  18.519  2.515  -27.165 0.1250000000
123005  18.491  -0.156  -26.027 0.3750000000
83873  18.597  0.725  -26.928 0.6250000000
82184  23.880  -1.915  -28.995 1.0000000000
130081  24.554  -2.995  -28.694 0.8750000000
86289  18.884  3.634  -27.784 0.5000000000
130760  18.559  2.625  -27.127 0.3750000000
84729  18.773  1.910  -27.512 0.8750000000
128088  23.380  0.113  -29.409 1.0000000000
84756  23.793  1.022  -29.414 1.0000000000
87091  19.607  4.448  -28.918 1.0000000000
136392  22.297  1.932  -29.574 1.0000000000
87923  19.629  5.862  -29.390 0.8750000000
87921  21.096  5.648  -30.040 1.0000000000
87089  21.384  4.840  -29.627 1.0000000000
86305  22.107  3.572  -29.523 1.0000000000
91085  20.546  9.681  -28.167 0.1250000000
90297  20.048  8.899  -29.722 0.6250000000
91947  20.660  10.252  -30.121 0.6250000000
142924  22.268  10.730  -30.650 0.5000000000
141135  21.350  10.867  -28.670 0.2500000000
91975  22.781  11.346  -30.782 0.5000000000
92703  22.209  12.134  -28.697 0.2500000000
93441  22.013  13.088  -30.158 0.2500000000
92739  22.451  12.080  -31.072 0.5000000000
93461  22.694  13.023  -31.618 0.5000000000
131412  21.738  14.297  -31.748 0.2500000000
94232  21.806  14.602  -32.241 0.2500000000
93472  22.391  13.975  -32.203 0.3750000000
95083  22.078  15.103  -32.878 0.2500000000
75027  17.203  -9.430  -23.247 0.1250000000
142991  18.214  -9.369  -24.383 0.3750000000
138878  19.133  -9.652  -25.330 0.7500000000
74114  19.720  -9.862  -25.831 1.0000000000
75059  20.164  -9.308  -26.372 1.0000000000
75882  19.226  -8.425  -25.770 1.0000000000
139580  21.396  -8.808  -27.162 1.0000000000
77719  21.925  -6.738  -27.861 1.0000000000
142149  19.680  -5.850  -26.709 1.0000000000
76799  22.720  -7.712  -27.856 1.0000000000
80354  15.717  -3.011  -22.593 0.3750000000
80374  17.310  -3.637  -24.461 0.5000000000
80394  17.517  -3.694  -24.643 0.8750000000
79516  19.316  -4.304  -26.548 1.0000000000
77739  22.565  -6.276  -28.230 1.0000000000
78601  21.559  -6.111  -27.896 1.0000000000
77721  20.651  -5.981  -27.464 1.0000000000
78602  21.336  -5.348  -28.016 1.0000000000
78620  22.161  -5.673  -28.264 1.0000000000
78618  23.336  -5.596  -28.496 1.0000000000
129612  17.568  -3.205  -24.686 0.6250000000
81264  18.722  -2.209  -26.121 1.0000000000
79529  19.996  -4.410  -27.249 1.0000000000
125801  19.068  -3.608  -26.351 1.0000000000
123477  22.450  -4.934  -28.481 1.0000000000
79564  23.551  -4.299  -28.600 0.8750000000
77748  24.796  -5.713  -28.588 0.8750000000
133603  19.650  -2.732  -27.202 1.0000000000
80447  22.887  -3.126  -28.742 1.0000000000
79546  22.263  -4.085  -28.563 1.0000000000
81289  21.510  -2.676  -28.662 1.0000000000
82166  20.886  -1.188  -28.721 1.0000000000
81291  19.987  -2.078  -27.734 1.0000000000
81290  20.722  -2.685  -28.274 1.0000000000
82165  21.605  -1.941  -28.907 1.0000000000
82185  23.368  -2.194  -28.934 1.0000000000
81306  23.733  -2.763  -28.721 1.0000000000
83022  18.958  -0.058  -27.005 0.7500000000
83021  19.530  -0.242  -27.720 1.0000000000
83034  20.236  -0.351  -28.425 1.0000000000
83883  19.583  0.521  -28.084 1.0000000000
83894  21.059  0.338  -29.226 1.0000000000
83033  21.103  -0.492  -29.034 1.0000000000
131101  23.080  -0.694  -29.420 1.0000000000
144543  21.645  -0.272  -29.319 1.0000000000
85557  18.881  2.793  -27.657 0.7500000000
85556  19.352  2.194  -28.186 1.0000000000
84759  20.498  1.033  -29.008 1.0000000000
84742  19.380  1.379  -28.071 1.0000000000
84760  19.957  1.646  -28.657 1.0000000000
84758  21.210  1.091  -29.378 1.0000000000
135325  19.970  5.089  -29.449 0.8750000000
85573  20.854  2.737  -29.462 1.0000000000
145566  21.597  4.124  -29.565 1.0000000000
132821  20.696  4.971  -29.762 1.0000000000
91084  21.281  9.935  -27.511 0.1250000000
91935  21.616  11.525  -28.976 0.2500000000
91091  20.274  9.663  -29.348 0.3750000000
91961  21.502  10.271  -30.543 0.7500000000
94231  22.109  14.654  -32.515 0.2500000000
74128  20.449  -10.043  -26.339 1.0000000000
85530  18.510  1.934  -27.106 0.5000000000
128511  19.066  0.438  -27.447 0.8750000000
83872  18.889  1.071  -27.525 0.7500000000
84730  18.544  1.394  -27.118 0.8750000000
87922  20.360  5.750  -29.977 1.0000000000
87088  22.309  4.565  -29.332 1.0000000000
90291  20.029  8.951  -28.611 0.3750000000
91109  20.881  9.442  -30.618 0.7500000000
91099  20.328  9.448  -30.222 0.5000000000
94239  22.267  15.019  -32.918 0.2500000000
93471  23.134  13.639  -32.219 0.3750000000
71308  21.245  -14.084  -26.037 0.7500000000
70440  23.356  -14.315  -26.466 0.7500000000
70427  20.686  -14.566  -25.538 0.7500000000
71309  20.551  -13.686  -25.587 0.7500000000
71323  23.128  -13.785  -26.870 0.7500000000
70442  21.971  -14.344  -26.434 0.7500000000
137959  21.077  -13.369  -26.091 0.7500000000
72216  20.551  -12.856  -25.731 0.7500000000
72230  23.593  -13.111  -27.101 0.7500000000
130286  22.171  -13.143  -26.795 0.7500000000
72232  21.430  -12.635  -26.483 0.7500000000
73197  19.448  -11.176  -25.246 0.7500000000
73208  21.083  -11.639  -26.458 0.8750000000
73196  20.275  -11.432  -25.830 0.8750000000
72231  22.438  -12.516  -27.045 0.7500000000
73220  22.893  -11.795  -27.346 0.7500000000
73207  21.643  -10.925  -26.861 0.8750000000
74127  20.749  -10.824  -26.383 0.8750000000
73219  23.614  -11.811  -27.492 0.7500000000
73221  22.579  -10.966  -27.302 0.8750000000
74126  21.288  -10.137  -26.786 0.8750000000
144257  23.877  -10.478  -27.691 0.7500000000
74137  23.221  -10.098  -27.533 0.8750000000
75073  22.735  -9.241  -27.503 0.8750000000
75071  24.433  -9.414  -27.764 0.8750000000
126472  23.459  -9.184  -27.676 0.8750000000
75912  23.950  -8.709  -27.852 0.8750000000
75927  23.755  -7.773  -28.092 0.8750000000
75910  26.042  -8.317  -27.738 0.3750000000
75924  25.499  -7.697  -28.121 0.6250000000
75925  24.775  -7.874  -28.134 0.7500000000
76798  26.292  -7.479  -27.987 0.5000000000
76811  25.759  -6.861  -28.420 0.7500000000
121657  24.688  -6.549  -28.480 0.7500000000
77718  27.264  -6.335  -27.975 0.1250000000
77733  26.764  -5.707  -28.536 0.3750000000
77734  26.036  -5.968  -28.620 0.6250000000
77735  25.305  -6.251  -28.563 0.6250000000
78585  28.567  -5.610  -26.786 0.1250000000
78600  27.494  -5.473  -28.250 0.1250000000
121348  27.055  -4.862  -28.784 0.1250000000
78631  26.052  -4.587  -28.731 0.6250000000
79561  25.730  -4.240  -28.694 0.6250000000
79562  25.045  -4.271  -28.645 0.7500000000
78615  27.743  -4.684  -28.538 0.1250000000
80429  27.961  -3.389  -29.114 0.1250000000
79559  27.002  -3.622  -29.171 0.1250000000
128096  26.365  -3.217  -28.933 0.5000000000
80443  25.663  -3.720  -28.709 0.6250000000
128095  25.509  -3.148  -28.740 0.7500000000
79527  28.338  -4.438  -28.042 0.1250000000
80442  26.854  -3.269  -29.163 0.5000000000
81304  26.275  -2.661  -29.003 0.5000000000
81305  25.284  -2.622  -28.789 0.7500000000
88708  19.485  6.649  -28.929 0.5000000000
82182  26.039  -2.146  -29.052 0.6250000000
83048  25.588  -1.604  -29.112 0.6250000000
83049  24.440  -1.549  -29.060 0.8750000000
83047  26.801  -1.489  -29.616 0.5000000000
134612  26.170  -0.844  -29.479 0.6250000000
132950  24.986  -0.868  -29.204 0.7500000000
88720  20.034  6.542  -29.941 0.7500000000
131102  23.928  -0.792  -29.243 0.8750000000
128924  23.264  1.947  -29.469 0.8750000000
83892  24.373  0.057  -29.337 0.7500000000
130417  24.285  1.885  -29.421 0.8750000000
130239  23.867  2.888  -29.342 0.8750000000
87086  24.191  3.925  -29.252 0.8750000000
131726  27.176  -0.715  -30.141 0.3750000000
83890  26.630  0.046  -29.970 0.5000000000
84755  24.845  1.001  -29.427 0.6250000000
83903  27.457  0.088  -30.798 0.2500000000
83891  25.510  0.053  -29.460 0.5000000000
89497  19.852  7.358  -29.522 0.6250000000
128232  20.369  7.283  -30.391 0.7500000000
88719  20.807  6.508  -30.478 0.8750000000
87087  23.463  4.680  -29.130 0.7500000000
86304  23.081  3.734  -29.274 0.8750000000
84754  26.004  1.121  -29.781 0.5000000000
86303  24.791  3.309  -29.399 0.7500000000
89496  20.086  8.095  -30.140 0.6250000000
88718  21.586  6.326  -30.118 0.8750000000
88717  22.458  6.276  -29.545 0.8750000000
88731  22.095  6.853  -30.098 0.7500000000
87919  22.894  5.482  -29.166 0.8750000000
130343  24.593  4.898  -29.380 0.7500000000
85572  24.937  2.551  -29.446 0.5000000000
138117  26.703  2.285  -31.234 0.2500000000
85586  26.291  2.706  -30.355 0.5000000000
130325  25.843  2.215  -29.729 0.5000000000
84773  27.533  0.818  -31.495 0.2500000000
90298  19.769  8.198  -29.071 0.5000000000
90311  20.446  8.773  -30.551 0.5000000000
90310  21.116  8.636  -30.844 0.6250000000
89509  21.376  7.828  -30.717 0.7500000000
89508  22.243  7.605  -30.243 0.7500000000
90309  21.960  8.476  -30.558 0.7500000000
145199  23.207  7.709  -29.745 0.7500000000
89494  24.115  7.265  -29.517 0.7500000000
89495  22.913  7.027  -29.627 0.7500000000
125991  22.897  8.381  -29.972 0.7500000000
88716  23.619  6.258  -29.262 0.7500000000
88715  24.765  6.367  -29.542 0.7500000000
87917  25.601  4.842  -29.947 0.5000000000
87932  25.826  5.351  -30.376 0.3750000000
87933  25.211  5.587  -29.699 0.6250000000
86319  26.539  3.129  -31.239 0.2500000000
137499  26.128  4.164  -30.601 0.3750000000
91108  21.672  9.319  -30.662 0.6250000000
133443  22.589  9.179  -30.267 0.7500000000
90308  23.608  9.014  -29.964 0.7500000000
134369  24.918  7.932  -29.999 0.7500000000
89506  25.293  7.019  -30.008 0.6250000000
87940  26.073  5.706  -30.934 0.3750000000
88729  25.974  6.553  -30.776 0.3750000000
86324  26.874  3.075  -32.391 0.1250000000
123388  26.412  4.237  -32.360 0.1250000000
87098  26.213  4.776  -31.175 0.2500000000
91107  23.328  9.818  -30.261 0.7500000000
90307  24.574  8.778  -30.118 0.7500000000
89505  25.817  7.539  -30.783 0.3750000000
88740  26.150  5.964  -31.477 0.2500000000
122476  26.671  4.094  -33.110 0.1250000000
87946  26.263  4.625  -32.910 0.1250000000
87108  26.812  3.565  -32.750 0.1250000000
134949  22.351  10.001  -30.491 0.6250000000
91960  23.091  10.613  -30.507 0.6250000000
91106  24.287  9.572  -30.254 0.3750000000
91105  25.125  9.344  -30.542 0.3750000000
90323  26.266  8.422  -32.093 0.2500000000
90306  25.407  8.514  -30.587 0.3750000000
88747  25.912  5.619  -33.179 0.1250000000
89518  26.188  6.656  -31.566 0.3750000000
87107  26.891  4.248  -33.337 0.1250000000
88746  26.154  5.576  -32.422 0.1250000000
92738  23.353  12.033  -31.106 0.3750000000
91973  24.910  10.814  -30.928 0.3750000000
91959  24.083  10.376  -30.449 0.3750000000
91126  26.105  9.666  -31.954 0.3750000000
91118  25.473  9.938  -31.084 0.3750000000
91958  24.826  10.029  -30.581 0.3750000000
90316  25.970  8.250  -31.242 0.3750000000
91117  25.797  9.056  -31.198 0.3750000000
89541  25.369  5.638  -34.524 0.1250000000
89526  26.149  6.517  -32.471 0.1250000000
128799  26.187  7.350  -32.570 0.2500000000
87957  26.006  4.757  -34.150 0.1250000000
92748  24.935  12.397  -31.876 0.2500000000
92747  25.643  11.963  -32.241 0.2500000000
92736  25.368  11.469  -31.620 0.3750000000
92737  24.435  11.785  -31.249 0.3750000000
91146  26.018  9.617  -33.749 0.1250000000
91982  26.006  11.009  -32.378 0.3750000000
91972  25.710  10.557  -31.654 0.3750000000
91136  26.210  9.035  -32.944 0.1250000000
130293  26.242  10.084  -32.776 0.2500000000
89550  25.038  6.311  -34.806 0.1250000000
90331  26.042  7.789  -33.190 0.1250000000
93460  23.844  12.694  -31.676 0.3750000000
93469  25.338  12.804  -32.793 0.2500000000
91986  26.253  10.721  -33.405 0.1250000000
134127  26.019  12.479  -33.624 0.1250000000
91990  26.049  10.460  -34.262 0.1250000000
135007  26.182  11.256  -34.590 0.1250000000
88768  24.713  5.867  -35.626 0.1250000000
91160  25.519  9.288  -34.950 0.1250000000
93484  25.772  13.311  -34.328 0.1250000000
91996  25.647  9.807  -35.314 0.1250000000
92759  26.209  12.259  -34.717 0.1250000000
88769  24.578  7.704  -36.046 0.1250000000
88783  24.956  6.865  -36.296 0.1250000000
74138  22.233  -10.121  -27.202 0.8750000000
128713  24.579  -8.628  -27.890 0.6250000000
82181  26.898  -2.015  -29.470 0.6250000000
140524  25.186  1.779  -29.515 0.5000000000
84774  26.957  0.869  -30.766 0.3750000000
88733  20.907  7.312  -30.755 0.8750000000
88732  21.479  7.049  -30.535 0.8750000000
141916  23.796  5.423  -29.161 0.7500000000
86320  25.605  3.082  -29.698 0.5000000000
87085  25.356  3.997  -29.663 0.5000000000
141455  26.089  3.470  -30.225 0.5000000000
133567  25.462  7.061  -34.078 0.1250000000
92751  26.085  11.782  -33.039 0.2500000000
135174  26.103  11.025  -34.989 0.1250000000
132834  24.956  8.725  -35.755 0.1250000000
78616  26.360  -5.086  -28.721 0.5000000000
78632  25.315  -4.841  -28.652 0.6250000000
78633  24.531  -4.943  -28.612 0.7500000000
83064  27.819  -0.570  -30.624 0.2500000000
90337  25.794  8.464  -33.801 0.1250000000
83902  27.849  0.256  -31.186 0.1250000000
69551  21.784  -15.684  -25.851 0.7500000000
68662  20.911  -15.549  -25.459 0.7500000000
70428  19.941  -14.093  -25.036 0.7500000000
69549  23.290  -15.423  -25.590 0.7500000000
70439  23.896  -14.131  -26.163 0.7500000000
72217  19.799  -12.165  -25.267 0.6250000000
71322  23.788  -13.678  -26.642 0.6250000000
72242  24.041  -12.349  -27.368 0.7500000000
72228  24.797  -12.089  -27.026 0.6250000000
74136  24.380  -10.210  -27.710 0.6250000000
75070  25.017  -9.279  -27.765 0.5000000000
138258  26.518  -8.840  -27.328 0.3750000000
75069  25.805  -9.209  -27.532 0.5000000000
75909  26.922  -8.104  -27.368 0.1250000000
77700  27.707  -6.867  -27.245 0.1250000000
77717  27.944  -6.031  -27.472 0.1250000000
79526  28.868  -4.106  -27.211 0.1250000000
80419  28.553  -3.617  -28.318 0.1250000000
132983  19.140  6.023  -28.517 0.3750000000
80428  28.488  -2.991  -28.874 0.1250000000
80440  27.738  -2.870  -29.362 0.1250000000
82180  27.538  -1.970  -29.720 0.1250000000
83046  27.548  -1.396  -29.984 0.2500000000
142386  27.476  -1.099  -30.154 0.2500000000
89489  19.475  7.457  -28.329 0.5000000000
85594  27.458  2.399  -32.241 0.1250000000
130131  27.054  3.608  -33.011 0.1250000000
87950  26.717  4.710  -33.816 0.1250000000
88767  25.121  5.189  -35.461 0.1250000000
89549  26.362  5.796  -35.891 0.1250000000
92698  22.090  11.295  -28.162 0.1250000000
94237  23.524  14.848  -33.435 0.2500000000
94236  24.508  14.390  -33.688 0.1250000000
133462  23.087  15.771  -34.501 0.1250000000
92765  26.179  11.821  -35.322 0.1250000000
93485  26.064  13.026  -34.797 0.1250000000
91176  25.250  9.381  -35.884 0.1250000000
89565  25.780  6.881  -36.630 0.1250000000
90365  24.968  8.812  -36.292 0.1250000000
76814  23.648  -6.967  -28.292 0.7500000000
82183  24.913  -2.112  -28.855 0.7500000000
76813  24.295  -7.255  -28.303 0.7500000000
87920  21.905  5.547  -29.549 0.8750000000
94238  22.599  15.075  -33.195 0.1250000000
94229  23.384  14.331  -32.820 0.2500000000
70426  21.490  -14.911  -25.970 0.7500000000
70441  22.700  -14.418  -26.587 0.7500000000
69562  22.985  -15.005  -26.244 0.7500000000
70425  23.638  -14.708  -25.892 0.7500000000
71310  19.871  -13.174  -25.079 0.7500000000
71325  21.711  -13.568  -26.474 0.7500000000
127981  20.612  -12.148  -25.959 0.7500000000
73206  21.994  -11.762  -26.971 0.8750000000
72243  23.266  -12.491  -27.309 0.7500000000
129862  23.437  -11.078  -27.566 0.7500000000
73218  24.312  -11.250  -27.546 0.7500000000
75072  23.914  -9.688  -27.732 0.7500000000
74135  24.822  -9.902  -27.730 0.6250000000
75926  24.242  -8.045  -28.069 0.7500000000
75911  25.257  -8.508  -27.873 0.6250000000
76812  25.023  -7.093  -28.398 0.7500000000
76810  26.522  -6.608  -28.286 0.5000000000
76797  27.060  -7.190  -27.700 0.2500000000
76783  27.507  -7.577  -27.108 0.1250000000
78617  25.642  -5.379  -28.653 0.6250000000
78599  28.152  -5.202  -27.776 0.1250000000
79515  28.593  -4.843  -27.272 0.1250000000
79544  26.717  -4.302  -28.911 0.5000000000
79543  27.401  -4.042  -29.061 0.1250000000
79560  26.395  -3.835  -28.876 0.5000000000
79542  28.033  -4.076  -28.767 0.1250000000
138399  27.426  -3.367  -29.262 0.1250000000
80441  27.249  -3.026  -29.334 0.1250000000
81303  27.009  -2.677  -29.353 0.1250000000
89510  20.671  7.986  -30.723 0.6250000000
85571  26.530  1.806  -30.512 0.3750000000
87918  24.424  5.724  -29.336 0.7500000000
85595  27.031  2.358  -32.107 0.1250000000
84780  27.040  1.559  -31.579 0.2500000000
84779  27.594  1.651  -31.944 0.1250000000
89507  23.905  8.197  -29.782 0.7500000000
88730  25.618  6.136  -30.156 0.6250000000
127182  25.976  4.824  -30.500 0.3750000000
87103  26.493  3.783  -31.798 0.3750000000
87939  26.217  5.143  -31.857 0.3750000000
89519  26.229  7.505  -31.744 0.3750000000
87952  26.022  4.910  -33.470 0.1250000000
87951  26.415  4.685  -33.627 0.1250000000
91974  23.819  11.202  -30.730 0.3750000000
88753  25.750  5.178  -33.990 0.1250000000
89534  25.775  6.381  -33.443 0.1250000000
88760  25.779  4.942  -34.739 0.1250000000
87956  26.159  4.763  -34.282 0.1250000000
93476  24.433  13.917  -33.114 0.2500000000
93470  24.245  13.326  -32.355 0.2500000000
90345  25.067  7.806  -34.994 0.1250000000
90344  25.394  8.134  -34.522 0.1250000000
90352  24.861  8.017  -35.477 0.1250000000
93475  25.321  13.450  -33.566 0.1250000000
93480  25.965  12.932  -34.058 0.1250000000
91995  25.832  10.246  -34.890 0.1250000000
88773  25.053  5.627  -36.053 0.1250000000
91159  25.669  9.409  -34.585 0.1250000000
95099  24.071  15.302  -34.503 0.1250000000
144977  24.561  14.541  -33.983 0.1250000000
68661  21.359  -16.292  -25.429 0.7500000000
69563  22.259  -15.062  -26.266 0.7500000000
69550  22.548  -15.646  -25.849 0.7500000000
69552  20.081  -15.020  -24.973 0.7500000000
72204  19.175  -12.699  -24.522 0.5000000000
73205  25.188  -11.245  -27.089 0.6250000000
74134  25.343  -9.918  -27.551 0.5000000000
81288  28.209  -2.611  -29.339 0.1250000000
81287  28.843  -2.419  -28.994 0.1250000000
81302  27.498  -2.491  -29.509 0.1250000000
85603  27.206  2.875  -32.501 0.1250000000
88766  25.845  5.159  -35.382 0.1250000000
88772  25.670  5.511  -35.904 0.1250000000
71295  19.318  -13.606  -24.456 0.5000000000
144668  22.378  -16.764  -25.116 0.6250000000
68659  22.898  -16.216  -25.233 0.6250000000
69548  24.000  -15.033  -25.179 0.3750000000
70423  24.915  -14.025  -24.964 0.2500000000
70424  24.339  -14.259  -25.520 0.3750000000
74133  25.946  -9.916  -27.202 0.3750000000
90292  19.670  8.228  -27.841 0.2500000000
68660  22.110  -16.326  -25.543 0.6250000000
72215  24.815  -13.172  -26.085 0.5000000000
73195  25.496  -11.829  -26.421 0.3750000000
69531  24.795  -15.740  -24.006 0.5000000000
69540  23.683  -15.770  -24.857 0.6250000000
73217  24.941  -10.524  -27.531 0.5000000000
133938  22.371  -17.321  -24.735 0.6250000000
70419  18.950  -14.022  -23.880 0.3750000000
69542  19.544  -15.351  -24.315 0.3750000000
67787  21.682  -17.000  -25.125 0.6250000000
69541  20.247  -16.008  -24.821 0.6250000000
68643  24.765  -16.376  -23.690 0.3750000000
68652  23.462  -16.539  -24.529 0.5000000000
67778  22.848  -16.848  -24.771 0.6250000000
71296  18.768  -13.236  -24.006 0.2500000000
69530  25.511  -15.771  -23.593 0.3750000000
71294  25.394  -13.524  -24.888 0.2500000000
70416  25.459  -14.247  -24.369 0.2500000000
74115  18.870  -10.768  -24.795 0.3750000000
72203  25.319  -13.007  -25.535 0.2500000000
72214  25.115  -12.587  -26.299 0.3750000000
74125  25.607  -10.518  -27.109 0.2500000000
74124  26.376  -10.295  -26.549 0.2500000000
82069  15.649  -1.077  -20.490 0.1250000000
75897  27.155  -8.924  -26.794 0.2500000000
83859  18.511  0.552  -26.470 0.2500000000
87072  18.580  4.141  -27.304 0.2500000000
82951  17.307  -0.715  -22.382 0.1250000000
81188  15.334  -1.977  -20.762 0.2500000000
74103  18.607  -10.799  -24.418 0.2500000000
84715  18.458  1.204  -26.836 0.3750000000
72229  24.385  -12.987  -26.783 0.5000000000
70418  19.445  -14.479  -24.407 0.5000000000
71307  24.359  -13.649  -26.150 0.5000000000
75058  26.536  -9.515  -26.987 0.2500000000
143570  20.824  -16.190  -25.235 0.6250000000
70417  24.691  -14.661  -24.753 0.2500000000
69538  25.130  -15.106  -24.146 0.2500000000
70415  26.238  -14.099  -23.900 0.2500000000
71306  24.855  -13.598  -25.517 0.3750000000
68651  24.182  -16.108  -24.223 0.5000000000
68644  24.018  -16.859  -23.882 0.3750000000
72213  25.772  -12.317  -25.622 0.2500000000
74112  26.473  -10.907  -25.977 0.2500000000
130912  16.690  -2.052  -20.692 0.1250000000
66902  20.411  -18.023  -24.157 0.5000000000
138747  23.927  -17.660  -23.616 0.2500000000
66890  23.259  -18.297  -23.722 0.3750000000
67771  22.427  -18.026  -24.308 0.5000000000
67780  21.141  -17.472  -24.843 0.5000000000
66894  19.818  -18.231  -23.622 0.3750000000
67772  19.511  -16.939  -23.792 0.5000000000
67781  20.576  -17.484  -24.533 0.5000000000
68645  19.547  -16.191  -24.101 0.3750000000
136203  20.810  -16.810  -25.028 0.5000000000
66031  18.975  -19.005  -22.218 0.1250000000
127860  19.781  -20.386  -22.735 0.1250000000
66030  19.530  -19.490  -22.764 0.2500000000
66039  20.662  -19.509  -23.633 0.3750000000
142400  23.913  -18.199  -23.420 0.2500000000
66891  22.355  -18.821  -23.962 0.3750000000
66900  21.681  -18.445  -24.331 0.5000000000
66014  18.574  -19.193  -21.462 0.1250000000
66040  19.990  -19.090  -23.415 0.3750000000
66892  21.437  -19.156  -24.014 0.3750000000
66887  18.746  -17.856  -22.207 0.1250000000
68638  18.719  -16.640  -22.673 0.1250000000
82195  27.974  -1.201  -30.206 0.1250000000
67770  23.195  -17.386  -24.238 0.3750000000
67779  21.702  -17.745  -24.661 0.5000000000
69532  19.117  -15.575  -23.627 0.2500000000
69543  19.079  -14.804  -23.783 0.2500000000
67768  24.746  -17.205  -23.358 0.2500000000
144147  21.191  -18.634  -24.259 0.5000000000
66901  21.030  -18.117  -24.481 0.5000000000
66903  19.971  -17.520  -24.031 0.5000000000
66893  20.639  -18.707  -23.995 0.3750000000
129577  19.477  -17.544  -23.526 0.2500000000
68653  20.103  -16.839  -24.417 0.5000000000
66886  19.378  -18.684  -22.908 0.2500000000
142037  18.949  -18.372  -22.406 0.1250000000
131951  18.678  -18.464  -21.784 0.1250000000
67763  19.126  -17.884  -22.937 0.1250000000
68646  19.064  -16.368  -23.396 0.1250000000
127158  18.958  -19.917  -21.984 0.1250000000
65022  20.087  -19.764  -23.212 0.3750000000
66036  23.043  -19.173  -23.408 0.2500000000
145798  18.799  -17.345  -22.600 0.1250000000
67764  19.038  -17.126  -23.180 0.1250000000
65021  20.587  -20.226  -23.245 0.2500000000
66038  21.368  -19.948  -23.532 0.2500000000
72205  18.684  -12.441  -24.088 0.2500000000
66035  23.962  -18.773  -23.114 0.2500000000
66037  22.200  -19.598  -23.586 0.2500000000
65020  21.264  -20.620  -23.083 0.1250000000
72194  18.550  -12.373  -23.924 0.1250000000
87896  18.803  5.611  -27.666 0.1250000000
87888  18.894  5.996  -26.429 0.1250000000
88701  19.009  6.677  -27.613 0.1250000000
89481  19.219  7.579  -27.108 0.1250000000
131135  18.779  6.787  -26.160 0.1250000000
88693  18.902  7.134  -26.404 0.1250000000
90286  20.165  8.858  -27.466 0.1250000000
87057  18.706  4.784  -26.777 0.1250000000
89473  19.098  7.712  -26.347 0.1250000000
90280  19.625  8.177  -26.811 0.1250000000
89472  19.683  8.066  -26.409 0.1250000000
142730  18.319  0.304  -25.158 0.1250000000
70406  18.733  -14.436  -23.371 0.1250000000
136161  18.614  -13.021  -23.699 0.1250000000
84693  18.388  1.526  -25.836 0.1250000000
87032  18.744  3.736  -26.310 0.1250000000
123677  18.738  4.977  -26.592 0.1250000000
88680  20.503  7.208  -26.047 0.1250000000
89471  20.711  8.654  -26.463 0.1250000000
90279  20.339  8.705  -26.628 0.1250000000
75034  18.407  -9.930  -24.384 0.1250000000
74098  18.228  -10.527  -23.203 0.1250000000
73188  18.931  -11.683  -24.593 0.1250000000
71283  18.679  -13.700  -23.499 0.1250000000
73182  18.652  -11.791  -24.184 0.1250000000
130540  18.555  -11.804  -22.813 0.1250000000
139119  18.630  -12.389  -22.722 0.1250000000
88692  19.113  7.232  -26.715 0.1250000000
88691  19.951  6.587  -25.852 0.1250000000
87886  20.957  5.736  -26.203 0.1250000000
126230  22.127  7.703  -26.119 0.1250000000
68642  25.403  -16.636  -23.264 0.1250000000
69529  26.402  -15.429  -23.304 0.1250000000
70405  25.896  -14.864  -23.759 0.1250000000
70404  26.668  -14.615  -23.484 0.1250000000
71293  25.985  -13.552  -24.355 0.1250000000
72202  25.982  -12.898  -24.807 0.1250000000
72200  27.989  -11.785  -23.974 0.1250000000
73186  27.377  -11.440  -24.560 0.1250000000
73194  26.173  -11.555  -25.779 0.1250000000
74102  27.496  -10.598  -24.956 0.1250000000
75033  28.147  -10.064  -24.714 0.1250000000
75045  27.638  -9.825  -25.435 0.1250000000
75057  27.125  -9.675  -26.263 0.1250000000
66027  24.495  -19.536  -22.569 0.1250000000
66885  24.996  -18.669  -22.701 0.1250000000
67762  25.351  -17.745  -22.874 0.1250000000
124343  27.451  -16.317  -22.492 0.1250000000
68636  26.806  -16.843  -22.551 0.1250000000
69528  27.174  -15.116  -23.063 0.1250000000
70403  27.399  -14.261  -23.274 0.1250000000
71281  27.423  -13.243  -23.649 0.1250000000
72201  27.307  -12.285  -24.138 0.1250000000
137256  28.524  -12.197  -23.575 0.1250000000
129813  28.652  -10.257  -24.234 0.1250000000
75881  27.835  -8.973  -25.945 0.1250000000
75880  28.412  -8.639  -25.336 0.1250000000
75044  28.254  -9.312  -25.082 0.1250000000
75896  27.666  -8.207  -26.625 0.1250000000
143714  25.345  -17.159  -23.081 0.1250000000
68641  26.168  -16.275  -23.066 0.1250000000
123162  26.866  -13.932  -23.648 0.1250000000
73193  26.829  -11.138  -25.281 0.1250000000
67769  24.494  -18.052  -23.202 0.1250000000
66028  23.596  -19.543  -22.914 0.1250000000
68637  25.890  -17.059  -22.857 0.1250000000
133129  26.673  -12.828  -24.263 0.1250000000
73187  26.565  -12.044  -24.889 0.1250000000
74101  28.183  -10.902  -24.276 0.1250000000
74111  27.002  -10.408  -25.742 0.1250000000
75020  29.207  -9.990  -23.908 0.1250000000
142995  25.175  -19.255  -22.421 0.1250000000
69522  27.661  -15.635  -22.633 0.1250000000
75873  28.773  -8.820  -24.680 0.1250000000
66025  25.798  -19.008  -22.245 0.1250000000
69539  24.414  -15.399  -24.517 0.5000000000
71282  26.580  -13.462  -24.000 0.1250000000
71324  22.432  -13.760  -26.744 0.7500000000
71333  22.852  -13.165  -27.055 0.7500000000
73204  25.886  -11.070  -26.495 0.2500000000
75032  28.726  -9.584  -24.425 0.1250000000
81168  16.063  -1.837  -20.238 0.1250000000
81175  15.678  -2.156  -20.572 0.2500000000
82052  16.176  -1.178  -20.295 0.1250000000
82078  15.631  -1.121  -21.140 0.1250000000
82919  16.666  -0.917  -20.520 0.1250000000
82931  16.372  -0.780  -20.661 0.1250000000
82943  16.016  -0.676  -21.042 0.1250000000
86307  20.663  3.607  -29.450 1.0000000000
87058  18.499  4.100  -26.997 0.1250000000
88774  24.651  6.374  -35.952 0.1250000000
88775  24.668  7.113  -36.083 0.1250000000
88776  24.752  7.348  -36.209 0.1250000000
88782  25.240  6.335  -36.364 0.1250000000
88784  24.930  7.225  -36.321 0.1250000000
89551  24.723  6.780  -35.455 0.1250000000
89558  24.632  7.272  -35.762 0.1250000000
89559  24.718  8.072  -36.321 0.1250000000
90353  24.695  8.081  -35.834 0.1250000000
90354  24.675  8.193  -36.042 0.1250000000
91175  25.295  9.358  -35.669 0.1250000000
91177  25.245  9.407  -36.137 0.1250000000
91188  25.312  9.448  -36.537 0.1250000000
92006  25.585  9.986  -35.864 0.1250000000
92007  25.508  9.878  -36.134 0.1250000000
92755  26.281  11.467  -33.929 0.1250000000
92758  26.266  12.115  -34.264 0.1250000000
94230  22.531  14.559  -32.667 0.3750000000
94243  25.151  13.912  -33.951 0.1250000000
94244  23.839  15.135  -33.974 0.1250000000
94248  24.805  14.522  -34.309 0.1250000000
94252  25.268  14.171  -34.468 0.1250000000
95089  22.262  15.387  -33.330 0.1250000000
128651  24.887  8.760  -35.970 0.1250000000
134314  25.167  8.744  -35.314 0.1250000000
134893  25.921  10.793  -35.657 0.1250000000
136195  15.675  -1.631  -20.342 0.1250000000
140472  26.077  10.343  -32.180 0.3750000000
141146  25.352  8.786  -34.911 0.1250000000
142547  25.716  8.949  -34.213 0.1250000000
144845  26.303  -13.177  -24.339 0.1250000000
144987  15.505  -2.815  -21.582 0.2500000000
