#!ascii label  , from subject sub-v2s17x50051_ses-1 vox2ras=TkReg
921
25811  27.353  -61.427  -29.790 0.6000000238
23744  17.658  -63.228  -25.827 0.6999999881
23741  19.802  -63.736  -26.693 0.6999999881
22737  23.267  -64.593  -30.000 0.8999999762
23781  24.242  -64.187  -31.179 0.8000000119
123209  25.387  -63.303  -31.177 0.8000000119
26788  27.584  -60.817  -29.908 0.6000000238
126152  28.562  -60.360  -29.295 0.6999999881
27744  29.788  -59.791  -28.958 0.6999999881
140288  17.609  -62.798  -25.326 0.6999999881
23725  17.509  -63.271  -24.773 0.6999999881
24816  18.354  -62.317  -26.975 0.6999999881
24814  19.845  -62.431  -27.541 0.6000000238
139054  20.701  -62.829  -27.648 0.6999999881
23751  21.338  -63.687  -27.342 0.6999999881
23760  22.754  -63.544  -28.750 0.8000000119
23768  22.996  -62.985  -29.183 0.8000000119
23774  23.887  -63.501  -30.584 0.8000000119
24847  25.057  -62.710  -31.020 0.8000000119
24845  26.012  -62.205  -30.644 0.6000000238
26787  28.084  -60.336  -29.583 0.6000000238
27753  29.426  -59.481  -29.570 0.6999999881
27739  30.405  -59.425  -28.573 0.6999999881
25760  18.198  -62.177  -25.182 0.5000000000
23713  18.173  -63.784  -23.611 0.6000000238
25790  18.183  -61.505  -26.257 0.4000000060
24817  18.039  -62.128  -26.772 0.6000000238
25797  18.879  -61.394  -27.494 0.5000000000
24822  21.432  -62.090  -28.426 0.6000000238
23761  21.436  -62.786  -28.025 0.8000000119
24832  22.992  -62.248  -29.157 0.6999999881
141443  23.812  -61.147  -29.492 0.6999999881
26802  25.006  -60.879  -30.132 0.6999999881
27754  28.033  -59.801  -29.602 0.5000000000
27752  29.798  -58.826  -30.013 0.6000000238
28684  30.542  -58.627  -30.133 0.6000000238
28667  30.817  -58.925  -29.240 0.6000000238
28647  31.294  -58.178  -27.307 0.5000000000
24784  19.619  -62.435  -24.418 0.5000000000
23712  19.123  -63.828  -23.269 0.6000000238
22633  19.414  -64.622  -22.714 0.6000000238
24785  18.557  -62.639  -24.466 0.5000000000
25804  20.064  -61.140  -28.041 0.5000000000
125440  21.416  -60.632  -28.478 0.6000000238
25813  22.397  -60.607  -28.769 0.6000000238
26790  24.343  -60.513  -29.532 0.6000000238
27756  26.540  -59.654  -29.753 0.5000000000
28686  27.825  -59.236  -29.529 0.5000000000
28685  28.858  -59.174  -29.596 0.6000000238
28666  31.221  -58.389  -29.818 0.5000000000
126947  31.890  -56.982  -28.306 0.5000000000
31284  31.960  -55.883  -26.631 0.5000000000
137179  31.706  -56.967  -27.361 0.5000000000
128690  20.068  -63.614  -23.313 0.5000000000
21634  19.651  -65.269  -22.278 0.5000000000
25759  18.910  -61.925  -25.042 0.5000000000
26749  18.882  -60.924  -26.180 0.4000000060
27730  19.554  -59.796  -26.936 0.3000000119
27740  19.641  -59.728  -27.228 0.4000000060
27748  20.406  -59.362  -27.997 0.3000000119
28677  20.178  -59.140  -27.509 0.3000000119
26778  20.846  -59.871  -28.301 0.5000000000
27745  23.018  -58.836  -28.769 0.5000000000
28690  24.075  -58.889  -28.889 0.5000000000
28688  26.043  -59.085  -29.221 0.5000000000
28687  26.949  -59.162  -29.383 0.5000000000
28668  28.322  -58.679  -29.360 0.6000000238
29533  29.290  -58.299  -29.917 0.6000000238
29531  31.621  -57.792  -30.264 0.5000000000
30382  32.048  -57.080  -29.552 0.5000000000
31303  32.261  -55.425  -27.390 0.5000000000
23696  20.721  -64.134  -22.812 0.5000000000
24767  20.323  -62.966  -23.831 0.5000000000
24783  20.649  -62.340  -24.401 0.5000000000
25774  20.669  -61.202  -25.542 0.4000000060
26748  19.423  -60.681  -26.177 0.5000000000
27720  20.526  -59.591  -26.526 0.4000000060
28649  20.518  -58.411  -27.059 0.3000000119
28675  21.324  -58.222  -28.210 0.3000000119
28673  23.399  -57.973  -28.478 0.4000000060
28671  25.578  -58.520  -28.614 0.5000000000
28670  26.509  -58.675  -28.728 0.4000000060
29538  30.856  -57.517  -31.171 0.5000000000
30403  31.355  -56.925  -31.368 0.5000000000
30395  31.838  -57.076  -30.699 0.5000000000
32323  32.468  -54.601  -26.672 0.5000000000
32334  32.546  -54.666  -27.685 0.4000000060
30365  32.206  -56.132  -28.704 0.5000000000
23695  21.664  -64.012  -22.770 0.5000000000
23710  21.920  -63.365  -23.303 0.5000000000
24782  21.615  -62.304  -24.394 0.5000000000
25773  21.555  -61.233  -25.432 0.4000000060
26746  21.299  -60.098  -26.216 0.4000000060
28637  20.757  -58.652  -26.764 0.3000000119
29513  20.975  -57.688  -27.583 0.3000000119
29525  23.300  -57.029  -28.161 0.4000000060
134988  24.177  -57.515  -28.173 0.4000000060
29509  26.606  -57.889  -27.344 0.4000000060
28672  24.569  -58.289  -28.565 0.4000000060
29523  26.108  -58.233  -27.975 0.4000000060
29507  28.141  -57.811  -28.072 0.5000000000
29520  28.586  -57.987  -29.005 0.5000000000
30384  29.201  -57.370  -29.555 0.6000000238
31325  32.288  -55.588  -30.725 0.4000000060
31317  32.416  -55.608  -29.627 0.5000000000
138086  22.715  -63.086  -23.277 0.4000000060
25772  22.441  -61.167  -25.385 0.4000000060
24781  22.493  -62.200  -24.364 0.4000000060
134681  22.302  -59.886  -26.167 0.4000000060
28636  21.752  -58.124  -26.530 0.4000000060
29512  21.121  -56.920  -27.181 0.4000000060
30373  22.211  -56.083  -27.579 0.4000000060
30385  22.604  -56.643  -27.944 0.4000000060
144655  23.906  -56.872  -27.836 0.4000000060
29498  26.111  -57.287  -26.729 0.4000000060
29508  27.468  -57.902  -27.597 0.5000000000
30368  28.732  -57.198  -28.373 0.5000000000
30383  29.257  -56.628  -29.132 0.6000000238
143605  30.258  -56.291  -30.828 0.5000000000
31334  31.143  -55.190  -31.574 0.4000000060
31326  31.711  -55.475  -31.463 0.4000000060
23709  23.346  -63.187  -22.766 0.4000000060
25771  23.163  -61.058  -25.239 0.4000000060
24780  23.264  -61.990  -24.209 0.4000000060
134350  23.182  -59.734  -25.810 0.4000000060
29499  21.078  -56.914  -26.945 0.4000000060
30372  23.173  -56.262  -27.658 0.4000000060
30355  25.560  -56.439  -26.323 0.4000000060
29497  27.092  -57.422  -26.787 0.4000000060
138862  28.652  -56.747  -27.424 0.5000000000
30367  29.146  -56.361  -28.186 0.4000000060
31328  30.031  -55.592  -30.389 0.6000000238
24763  24.182  -62.095  -23.174 0.4000000060
25754  23.635  -61.270  -24.589 0.4000000060
26729  23.651  -60.427  -25.143 0.4000000060
133931  22.563  -59.026  -26.212 0.4000000060
29487  21.482  -57.045  -26.585 0.4000000060
31293  21.602  -55.602  -26.695 0.4000000060
128976  22.867  -54.824  -26.676 0.5000000000
31306  23.516  -55.614  -27.066 0.4000000060
30356  24.533  -55.988  -26.680 0.3000000119
31288  26.024  -55.986  -25.635 0.3000000119
30354  26.570  -56.795  -26.145 0.4000000060
31305  28.972  -56.127  -27.057 0.4000000060
31304  29.433  -55.569  -27.880 0.4000000060
31318  29.550  -55.753  -29.239 0.5000000000
23693  23.992  -62.974  -22.266 0.4000000060
27718  23.375  -58.913  -25.676 0.4000000060
29486  22.264  -57.314  -26.054 0.4000000060
31257  21.744  -55.691  -26.115 0.3000000119
32327  22.104  -54.381  -26.248 0.3000000119
31290  23.891  -55.087  -26.404 0.3000000119
31289  24.978  -55.500  -26.024 0.3000000119
31287  27.798  -56.194  -25.621 0.3000000119
32336  29.732  -54.797  -27.419 0.4000000060
32335  30.145  -54.189  -28.173 0.4000000060
26713  24.633  -60.597  -23.733 0.3000000119
27702  24.290  -60.003  -24.486 0.3000000119
142022  23.889  -58.759  -25.066 0.3000000119
29485  22.960  -57.410  -25.389 0.3000000119
30328  22.176  -56.029  -25.371 0.3000000119
31274  21.808  -54.930  -26.226 0.3000000119
31273  23.220  -54.193  -26.315 0.4000000060
32312  24.773  -53.949  -25.606 0.4000000060
31272  24.322  -54.544  -25.918 0.3000000119
32310  27.193  -54.407  -24.752 0.3000000119
31268  29.036  -55.041  -25.501 0.3000000119
32325  29.601  -54.592  -26.203 0.4000000060
32324  30.069  -54.076  -26.850 0.4000000060
33326  30.468  -53.517  -28.882 0.4000000060
32326  22.371  -54.138  -26.289 0.4000000060
33292  25.236  -53.266  -25.479 0.4000000060
32311  25.908  -54.264  -24.998 0.4000000060
32308  29.305  -54.142  -25.267 0.4000000060
33288  29.614  -53.298  -25.329 0.4000000060
134440  30.594  -52.578  -26.623 0.4000000060
33305  29.820  -53.916  -25.903 0.4000000060
33315  30.455  -53.412  -27.431 0.4000000060
33291  26.387  -53.411  -24.972 0.4000000060
33290  27.628  -53.439  -24.761 0.5000000000
34286  29.077  -52.513  -25.046 0.4000000060
34285  30.053  -52.392  -25.550 0.4000000060
34306  31.213  -52.269  -29.217 0.3000000119
126091  30.945  -51.802  -26.918 0.3000000119
24838  26.235  -62.644  -30.504 0.6999999881
22738  22.956  -64.355  -29.023 0.8000000119
26799  27.192  -60.661  -30.201 0.6000000238
25819  24.703  -62.041  -30.493 0.6999999881
127917  25.211  -61.484  -30.450 0.6999999881
28657  31.345  -58.365  -28.567 0.6000000238
26770  18.685  -60.919  -27.220 0.4000000060
26779  19.823  -60.426  -27.884 0.4000000060
25802  22.067  -61.576  -28.706 0.6999999881
26791  23.354  -60.514  -29.103 0.6999999881
27761  26.966  -60.192  -30.179 0.6999999881
25758  19.988  -61.716  -25.087 0.5000000000
27758  24.703  -59.674  -29.305 0.5000000000
27746  22.002  -58.923  -28.528 0.4000000060
29539  30.278  -57.122  -30.803 0.5000000000
30396  29.693  -56.571  -30.099 0.6000000238
31308  21.874  -55.466  -27.166 0.3000000119
30352  28.321  -56.576  -26.509 0.4000000060
25723  24.811  -61.861  -22.604 0.4000000060
31270  26.758  -55.456  -25.094 0.3000000119
32309  28.423  -54.346  -24.815 0.3000000119
33289  28.743  -53.389  -24.842 0.3000000119
133792  31.220  -51.770  -27.904 0.3000000119
18177  23.459  -68.978  -30.224 0.6000000238
18161  23.852  -69.149  -29.542 0.6000000238
19030  25.538  -68.777  -26.206 0.6000000238
129968  25.934  -67.268  -24.756 0.6000000238
18150  20.968  -69.651  -29.420 0.5000000000
18163  22.174  -69.243  -29.887 0.6000000238
123401  22.365  -67.965  -30.873 0.6999999881
19073  23.402  -68.626  -30.749 0.6999999881
134878  22.524  -69.461  -29.221 0.6000000238
19918  24.754  -67.436  -29.760 0.6000000238
19907  24.575  -67.849  -28.822 0.6000000238
20776  24.737  -66.577  -27.802 0.6000000238
20765  24.922  -66.654  -26.698 0.6000000238
20754  25.374  -66.745  -25.644 0.6000000238
21672  26.005  -65.680  -24.635 0.6000000238
22657  28.216  -64.524  -22.740 0.6999999881
18181  19.732  -69.382  -30.500 0.6000000238
19920  20.774  -67.480  -30.392 0.6999999881
18164  20.338  -69.597  -30.026 0.5000000000
19075  20.990  -68.625  -30.567 0.6999999881
18179  21.736  -68.917  -30.337 0.6999999881
19946  24.002  -67.649  -31.513 0.6999999881
19935  24.502  -67.774  -30.916 0.6999999881
20793  24.812  -66.728  -29.077 0.5000000000
21688  25.548  -65.781  -25.319 0.6000000238
23734  26.322  -64.161  -24.931 0.6000000238
141037  26.815  -65.070  -23.778 0.6999999881
23723  27.810  -63.138  -23.815 0.6999999881
144155  28.780  -64.100  -22.588 0.6999999881
140150  29.759  -62.926  -22.609 0.6999999881
23757  34.556  -63.286  -28.613 0.4000000060
24796  34.246  -62.683  -25.288 0.5000000000
24758  33.576  -62.417  -23.620 0.6000000238
24759  32.867  -62.761  -23.203 0.6000000238
24748  30.543  -62.775  -22.548 0.6999999881
19924  16.580  -67.821  -29.465 0.5000000000
124836  18.331  -67.418  -30.070 0.5000000000
20818  18.820  -66.877  -29.352 0.6000000238
19940  18.794  -68.292  -30.724 0.5000000000
20816  20.595  -66.908  -29.684 0.6999999881
19922  19.203  -67.414  -30.223 0.5000000000
19939  19.661  -68.261  -30.741 0.6000000238
20815  21.490  -67.035  -30.102 0.6999999881
20831  22.119  -67.474  -30.678 0.6999999881
20830  22.991  -67.241  -31.094 0.6999999881
20813  25.186  -66.474  -30.264 0.6999999881
22703  25.340  -64.996  -26.484 0.6000000238
22691  25.773  -64.525  -25.784 0.6000000238
24798  27.427  -62.848  -24.721 0.6999999881
24762  29.344  -62.460  -23.156 0.6999999881
24761  30.110  -62.233  -22.813 0.6999999881
24746  32.314  -62.259  -22.714 0.6000000238
25720  31.545  -61.648  -22.645 0.6000000238
21721  16.252  -66.071  -26.700 0.5000000000
20802  14.884  -67.166  -27.701 0.4000000060
20781  17.496  -66.579  -27.761 0.5000000000
20782  15.986  -66.475  -27.394 0.5000000000
20819  18.057  -66.959  -29.274 0.5000000000
20779  19.197  -66.489  -27.398 0.6000000238
20797  19.434  -66.663  -28.444 0.6000000238
21736  21.801  -66.071  -28.267 0.6999999881
20796  20.375  -66.614  -28.649 0.6000000238
20795  21.267  -66.540  -28.940 0.6999999881
21757  23.118  -66.310  -30.833 0.6999999881
20827  25.302  -66.370  -31.039 0.6999999881
21734  25.009  -65.700  -28.453 0.6999999881
21716  24.974  -65.707  -27.170 0.6999999881
22702  25.692  -64.194  -26.667 0.6999999881
23733  26.784  -63.291  -25.279 0.6999999881
139253  27.753  -62.268  -25.069 0.8000000119
25739  29.687  -61.774  -23.508 0.6999999881
25734  34.217  -61.066  -23.460 0.5000000000
25719  32.559  -61.455  -22.686 0.6000000238
25738  30.563  -61.454  -23.042 0.6000000238
21704  15.065  -66.389  -26.403 0.4000000060
21720  17.094  -65.938  -26.513 0.6000000238
144470  17.538  -66.312  -26.985 0.6000000238
20767  18.012  -66.020  -26.437 0.6000000238
21719  19.866  -66.051  -26.845 0.6000000238
22718  21.333  -64.674  -26.992 0.6000000238
21735  22.428  -65.705  -28.751 0.6999999881
21749  22.727  -66.001  -29.773 0.6999999881
21756  23.849  -65.737  -31.494 0.6999999881
20835  24.973  -66.258  -31.600 0.6999999881
21762  25.317  -65.525  -31.628 0.8000000119
21755  25.812  -65.764  -30.738 0.8000000119
22727  25.678  -64.008  -28.439 0.6000000238
23740  26.690  -63.021  -26.230 0.6000000238
25752  28.396  -61.724  -24.949 0.8000000119
24778  28.877  -62.071  -23.954 0.6999999881
26724  34.873  -60.551  -24.100 0.5000000000
25735  33.407  -61.257  -22.901 0.6000000238
26710  31.475  -60.156  -23.113 0.6999999881
27699  35.193  -59.704  -24.038 0.6000000238
21674  15.718  -65.940  -25.112 0.5000000000
20743  15.461  -66.618  -24.704 0.4000000060
19861  15.432  -67.336  -23.909 0.4000000060
21690  17.061  -64.988  -25.456 0.5000000000
21703  15.770  -65.970  -26.200 0.5000000000
22706  18.096  -64.695  -25.855 0.6000000238
22704  19.767  -64.544  -26.404 0.6000000238
22719  20.587  -64.208  -26.758 0.6000000238
22730  22.143  -64.589  -27.581 0.6999999881
21748  23.238  -65.433  -30.417 0.8000000119
22758  24.481  -64.946  -31.571 0.8000000119
22744  25.952  -64.256  -30.599 0.6000000238
128606  26.706  -62.735  -28.284 0.6000000238
24806  27.244  -62.354  -26.556 0.6999999881
25770  28.971  -61.173  -25.224 0.6999999881
26725  30.777  -59.896  -23.960 0.6999999881
26708  33.655  -60.452  -22.860 0.6000000238
27687  32.210  -59.452  -22.906 0.6000000238
28605  32.696  -58.680  -22.814 0.6000000238
27685  34.444  -59.969  -23.303 0.6000000238
28604  33.541  -58.850  -22.712 0.6000000238
125189  17.137  -64.706  -24.124 0.5000000000
145697  16.681  -65.279  -24.449 0.5000000000
20730  15.960  -66.687  -24.038 0.5000000000
19846  15.814  -67.602  -22.965 0.5000000000
23735  17.403  -63.445  -25.315 0.5000000000
22679  16.808  -64.795  -24.774 0.5000000000
23743  18.099  -63.679  -26.115 0.6000000238
23773  25.931  -64.288  -31.030 0.6999999881
24830  26.551  -62.717  -30.065 0.6000000238
25796  27.992  -61.545  -27.797 0.6000000238
25795  28.465  -61.202  -27.186 0.6000000238
130144  29.910  -60.189  -25.603 0.6999999881
143631  29.534  -60.386  -26.443 0.6000000238
27701  30.389  -59.793  -24.901 0.6000000238
27688  31.375  -59.330  -23.590 0.6999999881
127318  35.430  -58.940  -24.034 0.5000000000
29453  34.012  -57.340  -22.681 0.4000000060
22660  17.789  -64.506  -23.516 0.5000000000
21635  17.724  -65.990  -22.854 0.5000000000
20715  17.840  -66.794  -22.161 0.5000000000
19834  17.420  -67.518  -21.605 0.5000000000
19826  17.032  -68.007  -20.958 0.5000000000
18037  16.353  -69.204  -19.965 0.5000000000
26776  28.715  -60.705  -28.722 0.6000000238
128857  29.503  -60.361  -27.316 0.6000000238
28648  30.924  -58.762  -26.661 0.4000000060
27716  30.986  -58.651  -25.399 0.5000000000
29470  31.740  -57.449  -24.061 0.4000000060
29454  33.078  -57.160  -22.808 0.4000000060
29456  31.651  -58.106  -23.819 0.5000000000
22659  18.578  -64.496  -23.072 0.6000000238
20714  18.463  -65.960  -22.328 0.5000000000
19833  18.106  -67.235  -21.391 0.5000000000
19825  17.805  -67.696  -20.793 0.5000000000
18962  17.441  -68.257  -20.176 0.5000000000
18952  17.112  -68.949  -19.709 0.5000000000
18018  17.155  -69.939  -18.524 0.4000000060
17093  16.118  -70.966  -18.057 0.5000000000
17080  15.646  -70.847  -17.172 0.4000000060
17061  14.273  -70.530  -16.626 0.4000000060
16152  13.247  -71.371  -16.936 0.4000000060
27729  30.490  -59.422  -27.317 0.6000000238
29484  31.488  -57.278  -25.112 0.4000000060
29469  32.333  -56.940  -23.470 0.4000000060
21621  19.296  -65.876  -21.943 0.5000000000
20704  18.767  -66.657  -21.490 0.4000000060
19824  18.588  -67.361  -20.731 0.4000000060
18951  17.884  -68.695  -19.430 0.5000000000
18005  18.157  -69.063  -17.838 0.4000000060
17091  17.281  -69.913  -17.871 0.5000000000
17989  17.147  -69.133  -16.806 0.4000000060
126468  16.297  -69.556  -16.631 0.5000000000
17079  16.352  -70.431  -17.253 0.5000000000
18916  14.724  -68.882  -16.423 0.3000000119
17991  14.472  -69.713  -16.490 0.3000000119
18007  12.947  -69.214  -16.935 0.3000000119
29496  31.501  -57.394  -26.815 0.4000000060
21620  20.254  -65.758  -21.731 0.5000000000
20693  19.365  -67.054  -20.693 0.5000000000
121233  19.142  -67.559  -20.029 0.4000000060
21633  20.354  -64.870  -22.373 0.4000000060
20702  20.603  -66.429  -21.018 0.4000000060
20692  20.159  -66.915  -20.523 0.4000000060
19801  20.351  -67.228  -18.875 0.4000000060
22614  21.160  -65.431  -21.817 0.4000000060
20701  21.384  -66.328  -20.758 0.4000000060
20691  20.937  -66.780  -20.236 0.4000000060
22613  22.053  -65.219  -21.720 0.4000000060
20683  21.052  -66.775  -19.253 0.4000000060
20668  20.597  -66.702  -18.337 0.4000000060
20656  19.234  -66.890  -17.010 0.4000000060
21610  22.064  -65.991  -20.471 0.4000000060
22631  22.313  -64.509  -22.176 0.3000000119
21589  21.456  -65.592  -18.481 0.4000000060
21590  20.827  -65.900  -17.981 0.4000000060
21573  19.357  -65.479  -16.917 0.4000000060
23680  23.042  -64.242  -21.937 0.4000000060
21562  18.009  -66.052  -16.612 0.4000000060
21574  18.536  -65.199  -16.918 0.4000000060
22611  23.519  -64.164  -21.281 0.3000000119
143318  23.549  -64.198  -20.684 0.4000000060
22585  22.827  -64.643  -19.597 0.4000000060
130507  21.707  -64.756  -18.291 0.4000000060
21572  20.942  -65.007  -17.832 0.4000000060
22555  19.417  -64.710  -17.161 0.4000000060
22553  21.153  -64.059  -17.809 0.3000000119
25800  28.145  -61.303  -28.658 0.6000000238
22707  17.560  -64.212  -25.530 0.5000000000
26759  29.978  -59.916  -27.912 0.6000000238
138248  31.481  -57.134  -25.959 0.4000000060
125360  24.972  -68.483  -27.044 0.6000000238
23707  28.437  -63.564  -22.954 0.6999999881
24795  34.709  -62.222  -25.840 0.5000000000
25769  34.944  -61.472  -25.241 0.5000000000
24777  33.958  -62.625  -24.464 0.5000000000
135955  34.660  -61.339  -24.379 0.4000000060
25736  33.135  -62.012  -22.960 0.6000000238
19908  16.839  -67.204  -28.946 0.5000000000
21747  25.390  -65.789  -29.829 0.6999999881
26695  31.973  -60.826  -22.688 0.6000000238
135668  20.630  -65.959  -27.233 0.6000000238
145246  25.736  -63.917  -27.472 0.6999999881
24797  27.787  -61.946  -25.830 0.8000000119
26711  30.705  -60.641  -23.520 0.6999999881
21675  15.206  -66.417  -25.387 0.4000000060
22735  25.817  -64.116  -29.635 0.6000000238
24813  26.691  -62.822  -27.225 0.6000000238
26727  29.553  -60.781  -24.890 0.6999999881
25750  30.001  -61.074  -23.944 0.6999999881
27715  35.726  -59.301  -24.904 0.5000000000
26723  35.384  -60.237  -24.815 0.5000000000
27669  32.931  -59.947  -22.644 0.6000000238
128030  26.688  -62.724  -29.302 0.6999999881
25789  27.855  -61.718  -26.836 0.6999999881
25788  28.487  -61.275  -26.065 0.6999999881
28618  31.282  -58.656  -24.216 0.6000000238
27686  33.671  -59.622  -22.769 0.6000000238
28603  34.351  -58.318  -22.878 0.6000000238
21653  16.844  -65.592  -23.900 0.5000000000
20716  17.183  -66.661  -22.925 0.5000000000
127696  16.399  -67.604  -22.485 0.4000000060
141532  28.493  -61.139  -28.032 0.6000000238
27717  30.477  -59.404  -25.917 0.6000000238
16163  14.626  -71.757  -17.368 0.3000000119
28634  31.267  -57.910  -26.010 0.5000000000
30325  31.860  -56.713  -24.419 0.4000000060
18938  18.160  -69.028  -18.649 0.5000000000
17060  15.091  -70.385  -16.654 0.4000000060
17062  13.431  -70.631  -16.736 0.4000000060
21618  22.509  -65.465  -20.979 0.4000000060
21603  22.555  -65.428  -20.073 0.4000000060
10781  32.980  -79.118  -32.630 0.3000000119
11508  33.802  -78.410  -32.711 0.3000000119
134240  30.332  -68.060  -29.306 0.4000000060
128871  30.175  -67.391  -31.209 0.4000000060
18176  29.861  -69.407  -31.199 0.4000000060
18190  29.695  -69.560  -32.042 0.4000000060
135561  31.051  -66.528  -28.192 0.4000000060
19906  30.560  -67.262  -27.656 0.4000000060
19899  30.545  -67.189  -26.927 0.4000000060
20764  30.763  -66.604  -26.444 0.5000000000
19884  30.496  -67.463  -24.933 0.5000000000
21754  30.992  -66.185  -30.553 0.4000000060
20812  30.723  -66.749  -29.871 0.5000000000
131867  30.425  -67.787  -28.292 0.5000000000
18993  30.259  -68.608  -23.914 0.5000000000
20825  30.774  -66.180  -31.598 0.5000000000
20826  30.485  -66.782  -30.824 0.5000000000
20843  30.516  -66.554  -32.277 0.5000000000
19090  30.173  -67.967  -32.590 0.4000000060
19096  30.247  -68.692  -33.108 0.4000000060
18197  29.960  -69.504  -33.134 0.4000000060
18205  30.243  -70.094  -33.662 0.4000000060
16330  30.475  -71.394  -34.098 0.3000000119
15454  30.921  -72.855  -34.318 0.4000000060
22726  32.933  -64.907  -28.506 0.4000000060
21714  31.856  -65.512  -27.126 0.4000000060
22701  32.243  -64.932  -26.371 0.4000000060
21744  32.578  -65.171  -29.412 0.4000000060
21733  31.494  -66.096  -28.638 0.4000000060
124066  31.875  -65.748  -27.962 0.4000000060
122060  31.201  -66.054  -26.790 0.4000000060
21697  31.590  -65.474  -26.141 0.5000000000
20753  30.672  -66.631  -25.474 0.5000000000
21752  32.156  -65.182  -30.434 0.4000000060
21746  31.244  -66.212  -29.623 0.4000000060
19917  30.564  -67.276  -29.147 0.4000000060
21686  31.370  -65.488  -25.232 0.5000000000
21670  31.178  -65.527  -24.475 0.5000000000
132319  30.335  -67.245  -23.912 0.5000000000
20725  29.441  -66.390  -22.737 0.6000000238
21631  29.240  -65.574  -22.536 0.6000000238
128645  28.889  -67.096  -22.734 0.6000000238
23691  30.227  -63.473  -22.490 0.6000000238
22629  30.018  -64.269  -22.488 0.6000000238
131617  27.962  -67.052  -22.745 0.5000000000
19095  30.907  -68.615  -33.550 0.4000000060
21652  26.530  -65.661  -23.968 0.5000000000
17266  30.599  -70.656  -34.127 0.4000000060
128737  31.097  -71.150  -34.446 0.4000000060
133277  30.905  -71.944  -34.392 0.4000000060
22700  32.980  -64.427  -26.695 0.4000000060
134365  32.706  -64.391  -25.721 0.5000000000
22689  32.506  -64.342  -24.937 0.5000000000
23722  32.578  -63.936  -24.224 0.5000000000
21647  31.117  -65.126  -23.702 0.5000000000
23704  32.447  -63.454  -23.420 0.5000000000
22655  30.613  -64.727  -22.912 0.6000000238
24760  32.168  -62.957  -22.844 0.6000000238
23706  30.788  -63.939  -22.661 0.6000000238
144631  32.988  -79.288  -32.106 0.3000000119
12222  34.377  -77.506  -33.032 0.3000000119
14648  35.300  -74.407  -34.236 0.3000000119
140447  33.533  -64.236  -29.777 0.4000000060
23758  34.000  -63.836  -28.347 0.4000000060
23749  33.823  -63.825  -27.556 0.4000000060
22715  33.374  -64.229  -27.330 0.4000000060
24805  34.192  -63.117  -26.195 0.4000000060
23732  33.059  -63.864  -25.002 0.5000000000
23731  33.720  -63.257  -25.152 0.4000000060
23703  33.239  -63.242  -24.109 0.5000000000
21632  28.589  -65.279  -22.528 0.6000000238
20727  27.517  -66.282  -22.879 0.5000000000
139340  34.138  -63.396  -27.082 0.4000000060
21715  31.381  -66.133  -27.681 0.4000000060
19856  29.327  -67.866  -23.074 0.5000000000
14649  33.719  -73.617  -34.450 0.3000000119
22725  33.441  -64.314  -28.024 0.4000000060
22676  31.573  -65.043  -24.504 0.5000000000
22654  31.322  -64.372  -23.220 0.6000000238
31286  28.675  -55.868  -25.967 0.3000000119
10007  31.869  -79.854  -32.473 0.3000000119
10773  32.438  -79.629  -32.429 0.3000000119
12212  34.654  -77.469  -32.632 0.3000000119
16151  14.069  -71.274  -16.879 0.4000000060
16164  13.858  -71.957  -17.226 0.4000000060
16329  31.853  -71.711  -34.499 0.4000000060
17059  15.764  -70.201  -16.759 0.5000000000
17063  12.642  -70.748  -16.892 0.4000000060
17078  17.006  -69.920  -17.250 0.5000000000
17081  14.894  -71.130  -16.947 0.4000000060
17092  16.810  -70.375  -17.949 0.5000000000
17102  16.530  -70.366  -18.754 0.4000000060
17255  29.875  -70.223  -33.136 0.4000000060
17265  31.302  -70.475  -34.348 0.4000000060
17990  15.343  -69.603  -16.478 0.4000000060
17992  13.604  -69.837  -16.614 0.3000000119
17993  12.794  -70.017  -16.808 0.3000000119
18006  17.559  -69.435  -17.484 0.5000000000
18017  17.694  -69.525  -18.229 0.5000000000
18026  17.533  -69.387  -19.027 0.5000000000
18027  16.820  -69.670  -19.286 0.5000000000
18149  21.728  -69.472  -29.478 0.6000000238
18160  24.219  -69.128  -28.916 0.6000000238
18162  23.080  -69.251  -29.753 0.6000000238
18178  22.771  -68.953  -30.347 0.6999999881
18180  20.661  -69.169  -30.357 0.6999999881
18192  29.762  -69.703  -32.673 0.4000000060
18196  30.586  -69.307  -33.609 0.4000000060
18915  15.657  -68.761  -16.353 0.3000000119
18926  17.858  -68.814  -17.105 0.4000000060
18937  18.673  -68.578  -18.256 0.4000000060
18963  16.698  -68.568  -20.424 0.5000000000
18971  16.404  -68.338  -21.091 0.5000000000
19048  24.546  -68.646  -28.395 0.6000000238
19057  24.484  -68.324  -29.293 0.6000000238
19058  24.299  -68.733  -29.704 0.6000000238
19059  23.927  -68.734  -30.384 0.6000000238
19071  29.752  -68.947  -31.663 0.4000000060
19072  24.009  -68.216  -31.111 0.6999999881
19074  22.600  -68.495  -30.695 0.6999999881
19076  20.114  -68.865  -30.670 0.6000000238
19087  29.965  -68.151  -31.674 0.4000000060
19091  29.819  -68.930  -32.441 0.4000000060
19802  19.730  -67.541  -18.339 0.4000000060
19813  20.392  -67.194  -19.723 0.4000000060
19815  18.343  -67.965  -19.928 0.4000000060
19823  19.786  -67.327  -20.079 0.4000000060
19844  17.026  -67.311  -22.362 0.4000000060
19845  16.530  -67.139  -22.998 0.5000000000
19855  30.061  -67.907  -23.566 0.5000000000
19857  28.419  -67.829  -22.896 0.6000000238
19860  16.073  -67.052  -23.515 0.5000000000
19873  30.392  -67.936  -24.156 0.5000000000
19886  25.565  -67.797  -25.612 0.6000000238
19892  30.543  -67.283  -26.037 0.5000000000
19893  25.133  -67.673  -26.386 0.6000000238
19909  16.142  -67.352  -28.684 0.5000000000
19919  24.549  -68.006  -30.164 0.6000000238
19921  20.050  -67.452  -30.303 0.5000000000
19923  17.425  -67.473  -29.673 0.5000000000
19933  30.337  -67.509  -30.189 0.5000000000
19934  24.886  -67.180  -30.619 0.6999999881
19936  23.380  -67.944  -31.118 0.6999999881
19937  21.381  -67.925  -30.737 0.6999999881
19938  20.483  -68.158  -30.712 0.6999999881
19941  17.899  -68.293  -30.572 0.5000000000
19944  30.147  -67.253  -32.072 0.5000000000
19945  24.326  -67.572  -31.392 0.6999999881
19947  23.823  -67.210  -31.574 0.6999999881
19963  30.735  -67.931  -33.279 0.4000000060
20645  18.898  -66.079  -16.699 0.4000000060
20655  20.295  -66.243  -17.625 0.4000000060
20667  21.182  -66.271  -18.631 0.4000000060
20669  19.936  -66.923  -17.709 0.4000000060
20682  21.650  -66.095  -19.172 0.4000000060
20690  21.603  -66.404  -19.940 0.4000000060
20703  19.732  -66.432  -21.229 0.5000000000
20724  30.245  -66.396  -23.426 0.5000000000
20726  28.471  -66.170  -22.540 0.5000000000
20728  26.795  -66.346  -23.498 0.5000000000
20729  16.571  -66.452  -23.604 0.5000000000
20740  30.582  -66.600  -24.457 0.5000000000
20741  26.228  -66.391  -24.246 0.5000000000
20742  16.205  -65.964  -24.401 0.5000000000
20766  18.941  -66.089  -26.593 0.6000000238
20775  30.850  -66.678  -27.426 0.4000000060
20777  20.999  -66.283  -27.928 0.6999999881
20778  20.116  -66.415  -27.665 0.6000000238
20780  18.283  -66.453  -27.153 0.6000000238
20792  30.940  -66.649  -28.952 0.4000000060
20794  22.058  -66.436  -29.288 0.6999999881
20798  18.384  -66.730  -28.284 0.6000000238
20799  17.453  -66.882  -28.717 0.5000000000
20800  16.610  -66.748  -28.147 0.5000000000
20801  15.692  -66.960  -27.943 0.4000000060
20814  22.422  -66.788  -30.324 0.6999999881
20817  19.718  -66.884  -29.477 0.6000000238
20828  24.757  -67.044  -31.328 0.6999999881
20829  23.652  -66.631  -31.471 0.6999999881
20834  30.325  -66.810  -31.601 0.5000000000
21588  22.165  -65.312  -19.118 0.4000000060
21604  22.076  -65.904  -19.737 0.4000000060
21619  21.760  -65.831  -21.243 0.4000000060
21636  17.182  -66.019  -23.369 0.5000000000
21648  30.423  -65.508  -23.216 0.5000000000
21649  29.864  -65.805  -22.824 0.6000000238
21650  27.842  -65.439  -22.759 0.6000000238
21651  27.116  -65.592  -23.323 0.5000000000
21671  30.799  -65.891  -24.005 0.5000000000
21673  16.333  -65.426  -24.918 0.5000000000
21687  30.917  -66.010  -24.939 0.5000000000
21689  25.183  -65.816  -26.125 0.6000000238
21691  16.647  -65.145  -25.269 0.5000000000
21692  16.050  -65.655  -25.518 0.5000000000
21693  15.398  -66.156  -25.773 0.4000000060
21698  31.040  -66.015  -25.865 0.5000000000
21699  19.457  -65.413  -26.395 0.6000000238
21700  18.504  -65.422  -26.178 0.6000000238
21701  17.541  -65.311  -25.889 0.6000000238
21702  16.584  -65.552  -25.932 0.5000000000
21713  32.398  -65.265  -27.809 0.4000000060
21717  21.463  -65.527  -27.409 0.6000000238
21718  20.523  -65.260  -26.714 0.6000000238
21722  15.496  -66.314  -26.836 0.5000000000
21732  32.214  -65.528  -28.622 0.4000000060
21745  31.881  -65.703  -29.493 0.4000000060
21761  25.649  -65.654  -31.299 0.8000000119
21763  24.762  -65.673  -31.757 0.6999999881
22554  20.273  -64.383  -17.475 0.3000000119
22598  23.118  -64.742  -20.598 0.4000000060
22612  22.824  -64.794  -21.464 0.4000000060
22630  29.165  -64.653  -22.480 0.6000000238
22632  21.388  -64.717  -22.301 0.5000000000
22634  18.169  -65.236  -22.966 0.6000000238
22635  17.467  -65.320  -23.448 0.5000000000
22653  31.992  -64.117  -23.611 0.5000000000
22656  29.903  -65.097  -22.634 0.6000000238
22658  27.373  -64.814  -23.301 0.6999999881
22675  32.082  -64.526  -24.392 0.5000000000
22677  26.875  -64.400  -24.007 0.6999999881
22678  17.226  -64.037  -24.721 0.5000000000
22690  31.998  -64.885  -25.347 0.5000000000
22692  17.054  -64.401  -25.161 0.5000000000
22705  18.846  -64.641  -26.149 0.6000000238
22716  32.937  -64.698  -27.577 0.4000000060
22717  25.313  -64.725  -27.658 0.6999999881
22728  25.429  -64.864  -29.082 0.6999999881
22729  22.626  -64.934  -28.380 0.6999999881
22733  33.561  -64.326  -28.871 0.4000000060
22736  25.782  -65.018  -30.327 0.8000000119
22745  25.978  -65.059  -31.023 0.8000000119
22746  23.721  -64.807  -30.980 0.8000000119
22756  25.687  -64.988  -31.364 0.8000000119
22757  25.168  -64.956  -31.673 0.8000000119
23690  30.915  -63.266  -22.554 0.6000000238
23692  29.346  -63.708  -22.540 0.6999999881
23694  22.668  -63.760  -22.635 0.3000000119
23697  19.928  -64.205  -22.895 0.5000000000
23705  31.606  -63.550  -22.880 0.6000000238
23708  27.565  -63.957  -23.445 0.6999999881
23711  20.990  -63.490  -23.301 0.5000000000
23714  17.504  -63.823  -24.110 0.6999999881
23724  27.080  -63.591  -24.338 0.6999999881
23738  33.659  -63.816  -26.799 0.4000000060
23739  33.420  -63.847  -25.923 0.5000000000
23742  19.032  -63.745  -26.418 0.6000000238
23748  34.356  -63.348  -27.771 0.4000000060
23750  26.169  -63.354  -27.850 0.6000000238
23752  20.269  -63.281  -27.155 0.6999999881
23753  19.211  -62.899  -26.980 0.6999999881
23754  18.450  -62.991  -26.576 0.6999999881
23759  26.224  -63.357  -28.929 0.6000000238
23766  26.269  -63.426  -29.944 0.6000000238
23767  23.260  -63.696  -29.713 0.8000000119
23772  26.163  -63.476  -30.588 0.6999999881
23778  25.856  -63.380  -30.912 0.8000000119
23779  25.447  -64.140  -31.353 0.6999999881
23780  24.746  -63.512  -31.261 0.8000000119
24747  31.420  -62.648  -22.604 0.6999999881
24749  24.315  -62.433  -22.572 0.4000000060
24764  22.917  -62.540  -23.770 0.4000000060
24765  22.161  -62.740  -23.827 0.4000000060
24766  21.272  -62.855  -23.820 0.5000000000
24768  19.359  -63.103  -23.824 0.6000000238
24769  17.910  -63.185  -24.247 0.6000000238
24776  34.488  -62.064  -24.838 0.5000000000
24779  28.103  -62.426  -24.309 0.8000000119
24786  17.808  -62.653  -24.943 0.5000000000
24799  17.667  -62.643  -25.810 0.6999999881
24807  17.925  -62.595  -26.351 0.6999999881
24812  27.342  -62.159  -27.691 0.6000000238
24815  18.923  -62.048  -27.448 0.5000000000
24820  27.224  -62.194  -28.786 0.6999999881
24821  22.280  -62.665  -28.618 0.8000000119
24823  20.542  -62.036  -28.044 0.6000000238
24824  19.545  -61.630  -27.742 0.5000000000
24829  27.043  -62.089  -29.602 0.6000000238
24831  23.481  -62.854  -29.874 0.8000000119
24837  26.730  -61.984  -30.109 0.6999999881
24839  24.261  -62.748  -30.560 0.8000000119
24840  23.810  -61.968  -29.820 0.6999999881
24846  25.651  -62.769  -30.908 0.8000000119
25718  32.822  -60.692  -22.672 0.6000000238
25721  30.830  -62.133  -22.623 0.6999999881
25737  31.228  -60.917  -22.927 0.6000000238
25740  24.525  -61.433  -23.412 0.3000000119
25741  23.911  -61.722  -23.844 0.4000000060
25749  34.197  -61.920  -23.946 0.6000000238
25751  29.242  -61.420  -24.405 0.8000000119
25753  24.201  -61.165  -24.036 0.3000000119
25755  22.881  -61.628  -24.855 0.4000000060
25756  22.016  -61.741  -24.914 0.4000000060
25757  21.079  -61.754  -24.939 0.5000000000
25775  19.902  -61.099  -25.736 0.5000000000
25776  18.377  -61.615  -25.677 0.4000000060
25777  17.825  -62.151  -25.673 0.6999999881
25791  17.857  -62.007  -26.309 0.6000000238
25801  27.619  -61.611  -29.181 0.6000000238
25803  20.988  -61.346  -28.337 0.6000000238
25805  19.271  -60.916  -27.704 0.4000000060
25810  28.087  -60.964  -29.400 0.6999999881
25812  23.087  -61.370  -29.120 0.6999999881
25817  26.949  -61.284  -30.243 0.6000000238
25818  25.800  -61.651  -30.592 0.6999999881
25825  25.441  -62.149  -30.723 0.8000000119
26709  32.261  -60.196  -22.738 0.6000000238
26726  30.193  -60.380  -24.439 0.6999999881
26728  24.105  -60.700  -24.426 0.4000000060
26730  19.158  -61.301  -25.651 0.5000000000
26740  35.376  -60.804  -25.506 0.5000000000
26741  35.072  -60.890  -24.802 0.5000000000
26742  29.989  -59.934  -26.756 0.6000000238
26743  29.229  -60.737  -25.818 0.6999999881
26744  22.853  -60.521  -25.708 0.4000000060
26745  21.958  -60.637  -25.861 0.4000000060
26747  20.352  -60.496  -26.120 0.4000000060
26760  29.027  -60.782  -26.743 0.6000000238
26761  18.630  -60.936  -26.723 0.4000000060
26768  29.386  -60.302  -28.349 0.6000000238
26769  28.958  -60.771  -27.726 0.6000000238
26775  29.142  -60.108  -29.168 0.6999999881
26777  21.741  -59.799  -28.509 0.5000000000
26780  19.319  -60.308  -27.450 0.4000000060
26786  28.695  -59.843  -29.459 0.6000000238
26789  25.277  -60.303  -29.860 0.6999999881
26792  22.711  -59.714  -28.799 0.5000000000
26798  27.560  -60.259  -29.918 0.5000000000
26800  26.632  -60.792  -30.371 0.6000000238
26801  25.800  -60.940  -30.418 0.6999999881
26803  24.452  -61.311  -30.036 0.6999999881
27684  34.847  -59.059  -23.433 0.6000000238
27700  30.831  -59.257  -24.648 0.6000000238
27703  23.853  -59.496  -25.162 0.4000000060
27719  21.511  -59.205  -26.457 0.4000000060
27721  19.746  -60.015  -26.590 0.3000000119
27731  19.097  -60.423  -26.653 0.4000000060
27741  19.075  -60.310  -27.030 0.4000000060
27743  30.141  -59.216  -29.565 0.6999999881
27747  21.063  -59.066  -28.314 0.3000000119
27749  19.883  -59.796  -27.676 0.4000000060
27755  27.342  -59.713  -29.800 0.5000000000
27757  25.643  -59.648  -29.561 0.5000000000
27759  23.717  -59.684  -29.042 0.6000000238
27762  26.173  -60.243  -30.085 0.6999999881
28586  32.986  -59.294  -22.667 0.6000000238
28606  31.907  -58.672  -23.336 0.6999999881
28620  23.503  -58.145  -25.274 0.3000000119
28635  22.804  -58.169  -25.935 0.4000000060
28638  20.128  -59.259  -26.865 0.4000000060
28658  30.944  -58.915  -27.976 0.6999999881
28659  20.492  -58.379  -27.334 0.3000000119
28660  20.111  -59.133  -27.113 0.3000000119
28669  27.405  -58.740  -28.994 0.5000000000
28674  22.278  -58.066  -28.439 0.4000000060
28676  20.652  -58.584  -27.862 0.3000000119
28683  31.002  -58.123  -30.711 0.5000000000
28689  25.090  -58.977  -29.094 0.5000000000
29455  32.354  -57.849  -23.163 0.5000000000
29488  20.922  -57.699  -26.901 0.3000000119
29500  20.777  -57.613  -27.131 0.4000000060
29506  31.612  -57.622  -27.880 0.5000000000
29510  25.642  -57.618  -27.411 0.4000000060
29511  24.697  -57.210  -27.638 0.4000000060
29519  31.724  -57.772  -29.075 0.5000000000
29521  27.840  -58.324  -28.483 0.6000000238
29522  27.015  -58.374  -28.100 0.5000000000
29524  25.147  -57.872  -28.088 0.4000000060
29526  22.497  -57.261  -28.238 0.4000000060
29527  21.641  -57.430  -28.042 0.3000000119
29532  30.287  -58.069  -30.540 0.5000000000
29537  31.352  -57.591  -31.005 0.5000000000
30324  32.288  -56.153  -23.814 0.4000000060
30340  22.452  -56.770  -25.503 0.4000000060
30341  21.909  -56.491  -26.048 0.3000000119
30342  21.472  -56.275  -26.614 0.4000000060
30351  31.699  -56.582  -26.469 0.4000000060
30353  27.515  -56.835  -26.245 0.4000000060
30357  21.353  -56.230  -26.969 0.4000000060
30366  31.935  -56.315  -27.452 0.5000000000
30369  28.032  -57.300  -27.195 0.5000000000
30370  25.128  -56.846  -27.015 0.4000000060
30371  24.170  -56.446  -27.346 0.4000000060
30374  21.568  -56.251  -27.310 0.3000000119
30386  21.929  -56.741  -27.812 0.4000000060
30394  32.221  -56.347  -30.162 0.5000000000
30404  30.822  -56.628  -31.295 0.5000000000
31256  21.909  -55.104  -25.455 0.3000000119
31269  28.086  -55.357  -25.056 0.3000000119
31271  25.445  -54.967  -25.421 0.3000000119
31285  29.297  -55.370  -26.630 0.3000000119
31291  22.149  -54.834  -26.741 0.5000000000
31292  21.843  -55.105  -26.719 0.4000000060
31307  22.542  -55.443  -27.224 0.4000000060
31309  21.589  -55.669  -26.997 0.4000000060
31327  30.679  -55.710  -31.215 0.5000000000
32313  23.579  -53.606  -25.978 0.4000000060
32346  29.802  -54.918  -28.753 0.4000000060
32353  29.948  -54.977  -29.834 0.5000000000
33287  30.212  -53.319  -26.198 0.4000000060
34287  28.037  -52.563  -24.987 0.5000000000
34299  30.530  -51.844  -26.093 0.4000000060
34307  30.857  -52.639  -28.047 0.3000000119
120901  20.148  -65.388  -17.315 0.4000000060
121790  25.153  -69.182  -26.926 0.6000000238
121792  28.583  -62.759  -23.469 0.6999999881
121801  26.194  -63.745  -25.937 0.6999999881
121867  31.296  -56.073  -31.691 0.4000000060
122166  18.926  -65.230  -22.549 0.6000000238
122238  18.409  -61.657  -27.162 0.6000000238
122897  27.252  -62.596  -25.607 0.6999999881
123454  31.356  -58.002  -24.784 0.5000000000
123896  24.288  -68.371  -30.523 0.6999999881
123929  34.218  -59.176  -22.950 0.6000000238
124266  25.870  -65.028  -25.110 0.6000000238
124669  23.647  -64.142  -30.524 0.8000000119
124683  30.064  -68.007  -30.832 0.5000000000
125106  31.533  -65.765  -30.258 0.4000000060
125520  23.780  -62.636  -22.934 0.4000000060
125714  33.319  -58.027  -22.705 0.4000000060
125810  29.752  -67.152  -23.208 0.5000000000
126226  24.859  -64.339  -31.544 0.8000000119
126739  26.168  -63.484  -26.871 0.6999999881
128461  16.798  -66.337  -27.269 0.6000000238
128870  29.737  -57.529  -30.308 0.5000000000
129064  24.387  -67.064  -31.652 0.6999999881
129139  25.752  -66.352  -24.886 0.6000000238
130248  18.256  -61.508  -26.759 0.6000000238
130645  30.969  -69.907  -34.075 0.4000000060
131018  19.029  -67.954  -19.397 0.4000000060
131145  34.683  -76.645  -33.046 0.3000000119
131868  30.460  -67.837  -27.320 0.4000000060
133173  22.916  -65.184  -29.330 0.6999999881
133280  24.294  -66.463  -31.733 0.6999999881
133454  22.187  -63.551  -27.998 0.8000000119
133722  21.253  -69.395  -29.962 0.6000000238
134006  23.524  -63.667  -22.063 0.4000000060
134835  26.370  -64.979  -24.394 0.6000000238
134994  30.678  -67.000  -28.274 0.4000000060
135208  26.315  -61.462  -30.482 0.6000000238
135315  19.702  -66.176  -17.088 0.4000000060
135960  27.670  -61.754  -28.434 0.6000000238
136138  26.965  -56.345  -25.636 0.3000000119
137188  25.504  -65.208  -25.739 0.6000000238
137752  31.529  -72.391  -34.484 0.4000000060
137975  22.604  -64.189  -28.267 0.6999999881
138267  26.439  -61.907  -30.381 0.6000000238
138352  18.570  -63.275  -23.842 0.6000000238
139143  33.211  -78.902  -32.581 0.3000000119
139628  31.860  -56.296  -31.237 0.5000000000
139683  33.741  -61.745  -23.333 0.6000000238
140106  21.055  -66.010  -21.359 0.4000000060
140237  31.645  -64.657  -23.856 0.5000000000
140267  23.560  -62.306  -23.544 0.4000000060
140540  21.784  -68.396  -30.604 0.6999999881
141779  20.187  -67.136  -18.328 0.4000000060
141895  20.528  -60.558  -28.215 0.5000000000
142279  33.577  -78.714  -32.415 0.3000000119
143068  32.468  -64.965  -27.120 0.4000000060
143517  30.856  -66.089  -32.335 0.5000000000
144137  25.960  -62.773  -30.762 0.6999999881
144628  29.068  -63.051  -22.845 0.6999999881
144768  22.197  -65.411  -27.957 0.6999999881
144799  33.151  -64.715  -29.328 0.4000000060
145195  20.240  -59.975  -28.051 0.4000000060
145525  23.263  -62.768  -23.270 0.4000000060
145630  21.390  -56.980  -27.567 0.3000000119
145788  21.158  -60.748  -25.849 0.4000000060
145795  24.621  -67.374  -28.184 0.6000000238
