#!ascii label  , from subject sub-v2s17x50051_ses-1 vox2ras=TkReg
2051
31264  39.577  -56.079  -25.169 0.6000000238
28616  39.927  -57.951  -24.757 0.5000000000
126163  40.407  -54.123  -24.457 0.6999999881
33283  40.500  -53.521  -25.107 0.6000000238
34295  40.883  -52.771  -25.738 0.6000000238
34282  40.863  -52.116  -25.128 0.6000000238
31252  40.016  -55.896  -24.329 0.6999999881
123017  39.836  -55.296  -24.875 0.6000000238
32304  40.133  -54.416  -25.253 0.5000000000
32320  40.258  -54.432  -26.465 0.5000000000
33310  40.792  -53.775  -27.089 0.5000000000
33300  41.128  -53.031  -26.712 0.6000000238
35237  41.359  -51.542  -26.179 0.6000000238
30320  40.408  -56.515  -24.072 0.5000000000
29468  39.689  -57.375  -24.849 0.5000000000
31281  39.558  -55.975  -26.282 0.6000000238
35253  41.605  -51.776  -26.813 0.6000000238
27698  40.604  -59.120  -24.735 0.5000000000
131995  41.263  -59.437  -24.608 0.5000000000
35215  40.777  -51.582  -23.537 0.6000000238
36210  40.587  -50.716  -24.072 0.6999999881
128513  41.242  -54.227  -23.299 0.6000000238
33262  41.025  -53.455  -23.427 0.6999999881
34257  40.941  -52.543  -23.431 0.6000000238
133867  40.740  -51.451  -24.615 0.6000000238
35238  41.018  -51.429  -25.453 0.6000000238
31233  40.643  -55.734  -23.780 0.6000000238
32294  40.299  -54.959  -24.159 0.6999999881
36222  41.257  -50.773  -25.868 0.6000000238
131790  40.779  -56.983  -23.994 0.5000000000
31232  41.356  -55.547  -23.513 0.5000000000
120707  41.511  -50.073  -26.320 0.6000000238
28615  40.474  -58.249  -24.521 0.5000000000
128013  41.994  -50.123  -27.090 0.6000000238
28614  41.345  -58.595  -24.426 0.5000000000
37149  42.341  -49.370  -27.283 0.6000000238
38098  43.285  -48.255  -27.756 0.6999999881
37159  43.007  -49.212  -28.015 0.6000000238
39074  43.875  -47.824  -28.107 0.6999999881
38113  43.882  -48.626  -28.553 0.6000000238
38112  44.655  -48.558  -29.144 0.6000000238
38123  45.979  -48.605  -30.336 0.6000000238
39085  45.333  -48.164  -29.458 0.6000000238
40953  47.411  -45.453  -32.910 0.5000000000
42832  47.128  -43.962  -33.717 0.6999999881
41930  46.290  -44.948  -32.159 0.6000000238
42833  45.528  -43.295  -32.612 0.8000000119
42825  44.797  -43.551  -31.366 0.6999999881
36195  40.713  -50.698  -23.149 0.6000000238
132001  40.550  -50.073  -23.576 0.6999999881
34242  41.822  -52.838  -22.481 0.6999999881
138863  41.352  -52.944  -22.896 0.6999999881
34256  41.298  -52.094  -22.674 0.6000000238
36223  40.815  -50.683  -25.025 0.6999999881
126497  40.622  -48.941  -24.383 0.6999999881
32277  41.729  -54.664  -23.117 0.6000000238
33247  42.194  -53.387  -22.496 0.6000000238
37121  40.904  -49.114  -25.154 0.8000000119
31230  43.076  -55.367  -23.438 0.5000000000
31231  42.168  -55.420  -23.365 0.5000000000
38079  41.321  -48.476  -25.631 0.8000000119
37135  41.364  -49.271  -25.958 0.6000000238
123241  43.231  -56.572  -24.364 0.5000000000
31251  42.681  -56.034  -23.808 0.5000000000
39053  41.796  -47.904  -26.104 0.8000000119
38088  41.745  -48.674  -26.349 0.6000000238
133593  42.252  -58.497  -24.591 0.5000000000
39052  42.423  -47.423  -26.537 0.8000000119
39051  43.123  -46.984  -26.953 0.8000000119
38099  42.616  -48.607  -27.305 0.6999999881
39998  45.016  -46.824  -28.401 0.6999999881
39061  44.248  -47.118  -27.965 0.6999999881
39996  46.651  -46.158  -29.218 0.6999999881
39997  45.845  -46.492  -28.781 0.6999999881
39073  44.617  -47.768  -28.658 0.6999999881
125906  47.358  -45.807  -29.765 0.6000000238
40010  46.432  -46.923  -29.526 0.6000000238
39072  45.551  -47.323  -29.071 0.6000000238
41928  48.809  -45.182  -31.873 0.6999999881
40018  48.087  -46.816  -31.234 0.6999999881
39083  47.105  -47.348  -30.450 0.6000000238
40952  48.459  -45.421  -33.322 0.6999999881
126688  48.676  -46.281  -32.793 0.6000000238
41936  47.709  -44.792  -33.579 0.8000000119
126156  47.583  -46.070  -32.867 0.6000000238
43722  47.391  -43.108  -35.033 0.8999999762
43698  43.285  -42.650  -31.351 0.6999999881
43723  45.415  -42.959  -34.733 0.8000000119
43697  44.258  -42.821  -31.835 0.6999999881
134137  40.800  -49.129  -22.519 0.6000000238
37107  40.536  -49.220  -23.491 0.6999999881
39003  40.807  -47.593  -22.666 0.6999999881
36178  41.080  -50.588  -22.461 0.6000000238
39013  40.690  -47.717  -23.445 0.6000000238
134019  43.051  -52.147  -22.061 0.4000000060
34241  42.547  -52.818  -22.256 0.6000000238
130588  41.987  -51.222  -21.902 0.6000000238
38052  40.584  -48.307  -23.915 0.6999999881
34240  43.495  -52.885  -22.304 0.6000000238
38065  40.878  -48.300  -24.819 0.8000000119
32274  44.294  -54.627  -23.263 0.4000000060
32275  43.483  -54.736  -23.119 0.5000000000
32259  43.125  -54.163  -22.713 0.6000000238
39039  41.355  -47.635  -25.328 0.8000000119
31249  44.424  -55.790  -24.218 0.5000000000
39038  41.975  -47.083  -25.860 0.8000000119
140261  43.699  -56.979  -24.856 0.4000000060
39973  43.491  -46.129  -26.699 0.8000000119
29479  43.696  -57.564  -25.152 0.5000000000
126391  45.030  -45.652  -27.688 0.8000000119
41914  46.206  -44.606  -28.569 0.8000000119
40921  45.594  -45.377  -28.017 0.6999999881
39986  43.897  -46.588  -27.351 0.8000000119
41921  47.792  -44.743  -30.480 0.8000000119
40930  46.672  -45.578  -29.059 0.6999999881
42823  47.918  -43.723  -31.605 0.8999999762
41929  48.288  -44.391  -31.410 0.8999999762
40940  47.059  -45.105  -29.410 0.6999999881
42822  48.799  -44.459  -32.668 0.8999999762
40008  48.033  -46.123  -30.621 0.6999999881
41935  49.001  -45.117  -33.260 0.6000000238
42839  48.048  -43.842  -34.624 0.8999999762
42838  48.572  -44.121  -34.222 0.8999999762
43725  42.265  -43.167  -34.146 0.8000000119
43712  41.937  -42.887  -33.023 0.8000000119
43724  43.610  -43.005  -34.223 0.8000000119
144212  42.744  -42.622  -31.998 0.8000000119
43710  44.763  -42.852  -33.177 0.6999999881
38039  40.937  -48.335  -22.175 0.6999999881
39924  41.049  -46.645  -22.374 0.6000000238
37094  41.149  -49.816  -22.174 0.6000000238
125313  41.254  -49.045  -21.903 0.5000000000
36175  43.229  -50.873  -21.810 0.4000000060
36176  42.381  -50.739  -21.742 0.5000000000
36160  42.151  -50.112  -21.670 0.6000000238
39027  40.930  -47.413  -24.340 0.6999999881
129367  44.125  -52.057  -22.259 0.5000000000
39959  41.535  -46.748  -25.086 0.6999999881
33259  45.424  -53.578  -23.249 0.5000000000
33245  43.741  -53.633  -22.600 0.6000000238
32291  46.393  -54.510  -24.065 0.4000000060
32272  45.755  -54.246  -23.626 0.4000000060
41895  44.034  -44.649  -26.047 0.8000000119
40912  42.999  -45.749  -26.043 0.8000000119
31247  46.097  -55.376  -24.488 0.4000000060
40910  44.407  -45.670  -27.108 0.8000000119
40911  43.853  -45.304  -26.337 0.8000000119
39974  42.676  -46.574  -26.335 0.8000000119
30335  44.404  -57.015  -25.326 0.3000000119
42806  45.942  -43.901  -28.635 0.8000000119
142107  45.128  -43.954  -27.381 0.8000000119
40922  45.124  -45.094  -27.389 0.8000000119
42814  46.307  -43.542  -29.526 0.8000000119
41906  45.654  -44.818  -27.902 0.8000000119
43696  46.208  -42.289  -30.715 0.8999999762
42813  47.307  -43.962  -30.427 0.8999999762
43695  47.270  -42.388  -32.365 0.8999999762
126040  47.342  -42.994  -31.617 0.8999999762
42831  48.528  -43.652  -33.114 0.8999999762
43708  48.509  -43.135  -34.136 0.8999999762
144037  41.823  -43.163  -34.530 0.8000000119
43713  40.876  -43.062  -33.381 0.8000000119
43721  48.194  -43.250  -34.690 0.8999999762
43732  47.914  -42.595  -35.577 0.8999999762
43734  43.902  -42.822  -34.962 0.8000000119
43733  46.551  -42.779  -35.633 0.8000000119
38028  41.504  -48.275  -21.561 0.6000000238
39002  41.115  -47.537  -21.876 0.6000000238
40853  41.298  -45.882  -21.574 0.6000000238
38027  42.244  -48.598  -21.294 0.6000000238
36174  44.650  -50.185  -22.382 0.4000000060
37093  43.793  -50.230  -21.911 0.4000000060
36159  42.884  -50.171  -21.634 0.4000000060
37078  42.446  -49.419  -21.520 0.5000000000
39936  41.208  -46.077  -23.340 0.6999999881
137408  44.177  -51.012  -22.191 0.4000000060
40888  41.669  -45.583  -24.124 0.6999999881
138245  45.580  -51.745  -23.011 0.5000000000
35197  44.919  -51.454  -22.576 0.4000000060
40887  42.446  -44.967  -24.669 0.6999999881
127998  46.253  -52.094  -23.463 0.5000000000
42769  43.380  -43.715  -25.113 0.8000000119
40896  43.333  -44.959  -25.571 0.8000000119
42797  44.670  -43.464  -27.267 0.8000000119
41881  44.352  -44.152  -26.149 0.8000000119
43685  44.831  -42.316  -28.894 0.8000000119
43683  46.751  -43.180  -30.526 0.8999999762
44563  46.064  -41.544  -31.261 0.8999999762
44567  47.791  -42.133  -33.621 0.8999999762
45531  48.139  -41.626  -35.409 1.0000000000
45541  42.786  -42.176  -34.745 0.8000000119
44582  47.996  -41.655  -35.914 1.0000000000
44583  43.132  -42.761  -34.891 0.8000000119
44584  46.495  -42.125  -36.272 1.0000000000
44585  45.558  -41.995  -36.060 0.8000000119
45545  44.649  -41.693  -35.541 0.8000000119
39915  41.345  -46.832  -21.434 0.6000000238
41840  41.387  -44.955  -21.179 0.6000000238
38980  42.760  -47.409  -20.599 0.6000000238
127851  41.362  -45.116  -21.990 0.6999999881
37092  44.321  -49.563  -22.028 0.4000000060
37076  43.965  -49.063  -21.682 0.4000000060
38026  43.187  -48.769  -21.348 0.4000000060
142910  44.964  -50.742  -22.580 0.4000000060
143494  41.926  -45.049  -24.008 0.6999999881
35213  46.155  -51.195  -23.414 0.5000000000
145292  45.782  -49.709  -23.027 0.4000000060
40875  42.115  -44.490  -23.730 0.8000000119
42776  43.900  -43.649  -25.812 0.8000000119
42770  42.884  -43.429  -24.519 0.8000000119
44548  43.815  -41.921  -27.737 0.8000000119
42786  44.307  -43.532  -26.507 0.8000000119
44550  44.118  -41.378  -28.605 0.8000000119
143144  44.944  -42.969  -28.439 0.8000000119
138033  45.302  -42.017  -29.795 0.8999999762
44568  46.470  -41.058  -32.383 0.8999999762
45508  45.460  -40.650  -30.933 0.8999999762
44574  47.629  -41.387  -34.149 1.0000000000
46593  47.631  -40.560  -34.937 1.0000000000
45542  47.537  -40.743  -35.937 1.0000000000
45540  43.848  -41.359  -34.922 0.8000000119
43736  41.443  -43.053  -34.411 0.8000000119
45543  46.975  -40.660  -36.149 1.0000000000
45539  45.013  -40.382  -35.336 0.8000000119
45544  45.902  -40.862  -35.889 0.8000000119
39882  42.991  -46.136  -19.723 0.6000000238
38981  41.865  -47.096  -20.820 0.6000000238
40839  41.839  -45.692  -20.262 0.6000000238
131758  41.494  -44.244  -21.981 0.6999999881
42753  41.737  -43.356  -22.346 0.6999999881
38024  45.010  -48.247  -21.760 0.4000000060
38025  44.148  -48.497  -21.447 0.5000000000
38992  43.496  -48.022  -20.964 0.5000000000
134842  41.901  -43.928  -22.959 0.8000000119
42763  42.057  -43.233  -23.062 0.8000000119
37091  45.200  -49.468  -22.521 0.4000000060
42762  42.435  -43.530  -23.771 0.8000000119
38050  46.631  -48.850  -23.165 0.4000000060
38051  45.930  -49.094  -22.883 0.4000000060
42787  43.708  -42.950  -26.247 0.8000000119
43635  43.047  -42.897  -25.004 0.8000000119
43658  43.441  -42.109  -26.749 0.8000000119
142565  44.283  -42.087  -28.308 0.8000000119
44558  45.347  -41.399  -30.323 0.8999999762
45487  44.295  -40.473  -29.174 0.8000000119
46590  45.934  -39.693  -32.236 1.0000000000
125888  46.817  -40.242  -33.592 1.0000000000
144547  47.144  -39.623  -34.640 1.0000000000
46597  45.806  -38.946  -35.846 1.0000000000
131368  44.080  -40.337  -34.528 0.8999999762
45533  42.512  -41.265  -33.747 0.8000000119
45522  42.287  -40.567  -32.327 0.8999999762
46598  44.656  -39.346  -34.874 1.0000000000
47620  44.169  -38.694  -34.219 1.0000000000
45521  43.141  -40.255  -32.893 1.0000000000
48652  45.386  -36.989  -35.527 1.0000000000
49695  45.139  -36.122  -35.331 1.0000000000
47624  44.431  -37.529  -34.853 1.0000000000
48647  43.557  -37.278  -34.016 1.0000000000
49693  44.352  -35.344  -35.146 1.0000000000
49688  43.597  -36.027  -34.765 1.0000000000
41809  41.982  -44.875  -19.804 0.6999999881
41824  41.567  -44.434  -20.460 0.6999999881
42728  41.534  -43.595  -20.630 0.6999999881
40824  43.304  -45.552  -19.342 0.6000000238
39883  42.488  -45.621  -19.728 0.6000000238
123033  41.459  -44.142  -21.141 0.6999999881
39901  43.293  -46.732  -20.070 0.6000000238
39914  44.808  -47.130  -20.799 0.5000000000
144954  41.640  -42.285  -22.262 0.8000000119
39001  45.777  -47.972  -22.098 0.4000000060
43629  42.225  -42.687  -23.491 0.8000000119
43645  42.494  -41.977  -24.963 0.8000000119
43644  43.078  -42.314  -25.807 0.8000000119
45479  43.177  -41.129  -27.223 0.8000000119
44545  42.878  -41.469  -26.381 0.8000000119
45488  43.757  -40.374  -28.465 0.6999999881
44551  43.561  -41.038  -28.000 0.8000000119
46583  44.932  -39.953  -30.405 0.8999999762
46559  44.012  -39.584  -28.883 0.8000000119
140675  45.323  -39.767  -31.100 0.8999999762
127120  44.479  -38.608  -29.831 1.0000000000
47613  44.823  -38.280  -30.687 1.0000000000
47615  45.816  -38.528  -32.650 1.0000000000
47616  45.224  -37.943  -31.759 1.0000000000
48638  44.707  -37.413  -30.998 1.0000000000
47619  46.316  -38.077  -34.204 1.0000000000
48642  44.968  -37.056  -32.252 1.0000000000
48641  45.612  -37.527  -33.183 1.0000000000
136998  44.816  -35.760  -33.996 1.0000000000
49691  45.499  -36.638  -35.274 1.0000000000
47617  43.433  -39.092  -32.883 1.0000000000
46591  42.840  -39.624  -31.874 1.0000000000
49692  45.141  -35.847  -35.155 1.0000000000
125879  43.766  -38.205  -33.704 1.0000000000
48644  42.861  -37.593  -32.460 1.0000000000
49684  42.382  -36.651  -32.566 1.0000000000
49694  43.662  -35.015  -35.030 1.0000000000
49689  42.816  -35.836  -34.173 1.0000000000
42712  41.859  -43.818  -19.724 0.6999999881
121838  41.489  -42.839  -20.957 0.6999999881
40823  44.197  -45.459  -19.256 0.5000000000
41808  42.398  -44.275  -19.256 0.6999999881
121509  41.590  -42.661  -21.847 0.6999999881
39881  43.781  -46.127  -19.646 0.6000000238
39899  45.193  -46.437  -20.439 0.5000000000
39900  44.273  -46.660  -20.159 0.5000000000
44524  41.864  -41.949  -23.219 0.8000000119
44533  41.721  -41.203  -23.657 0.8000000119
138486  41.975  -41.159  -24.512 0.6999999881
45467  42.215  -41.020  -25.324 0.8000000119
45483  42.826  -40.206  -27.100 0.8000000119
137070  42.709  -40.778  -26.654 0.8000000119
46550  43.512  -39.492  -28.206 0.6999999881
45482  43.293  -40.277  -27.766 0.6999999881
47595  43.648  -38.051  -28.430 0.8999999762
48612  43.362  -37.595  -27.898 0.8000000119
48613  43.084  -37.062  -27.247 0.8000000119
50740  42.646  -35.612  -26.861 0.8000000119
47605  44.074  -38.054  -29.130 0.8999999762
48622  43.661  -37.347  -28.636 0.8000000119
49636  43.290  -36.657  -28.044 0.8000000119
48631  44.429  -37.721  -30.009 1.0000000000
48632  43.965  -37.172  -29.447 0.8999999762
132827  43.179  -36.095  -28.569 0.8999999762
50761  42.874  -35.714  -27.874 0.8000000119
49666  44.246  -36.906  -30.348 0.8999999762
132171  43.915  -36.189  -30.831 1.0000000000
49683  44.632  -36.221  -32.799 1.0000000000
48645  45.974  -37.139  -34.687 1.0000000000
50814  44.362  -35.391  -33.517 1.0000000000
50820  44.093  -34.566  -34.369 1.0000000000
49685  41.708  -36.286  -31.976 1.0000000000
51874  43.532  -34.230  -33.558 1.0000000000
144550  43.987  -34.379  -34.708 1.0000000000
49690  42.098  -35.730  -33.353 1.0000000000
51879  43.658  -34.119  -34.427 1.0000000000
51880  43.128  -33.705  -34.352 1.0000000000
51876  41.487  -34.287  -34.224 1.0000000000
41789  43.116  -44.063  -18.746 0.6999999881
42696  42.875  -43.200  -18.637 0.6999999881
43577  42.050  -42.930  -19.264 0.6999999881
43591  41.637  -42.093  -19.862 0.6999999881
143451  41.504  -42.309  -20.506 0.6999999881
41788  44.133  -44.065  -18.572 0.6000000238
44498  41.413  -41.335  -21.295 0.6999999881
44512  41.440  -41.267  -22.110 0.6999999881
40837  45.577  -45.722  -20.106 0.5000000000
121982  41.557  -41.249  -22.859 0.8000000119
45461  41.420  -40.396  -23.118 0.6999999881
45471  42.092  -40.235  -25.709 0.6999999881
45468  41.603  -40.393  -24.080 0.6999999881
46537  42.220  -39.420  -26.058 0.6999999881
46544  42.622  -39.411  -26.809 0.6999999881
47587  43.327  -38.571  -27.869 0.6999999881
133464  42.874  -38.766  -27.194 0.6999999881
48600  42.696  -37.438  -26.527 0.8000000119
49617  42.332  -36.235  -25.212 0.8000000119
50734  42.255  -35.398  -25.364 0.8000000119
50733  42.542  -35.939  -25.994 0.8000000119
51796  42.058  -34.725  -25.541 0.8000000119
51808  42.283  -34.823  -26.732 0.8000000119
50779  43.267  -35.948  -29.331 1.0000000000
51844  42.479  -34.912  -28.263 0.8999999762
51834  41.908  -34.191  -27.129 0.8000000119
51855  42.380  -34.780  -29.182 1.0000000000
136363  42.141  -34.388  -27.844 0.8000000119
49674  44.453  -36.608  -31.449 1.0000000000
50791  43.407  -35.745  -30.276 1.0000000000
49675  44.094  -35.852  -32.088 1.0000000000
50816  43.225  -34.727  -32.151 1.0000000000
51872  42.929  -33.964  -32.655 1.0000000000
50817  41.390  -35.559  -32.562 1.0000000000
50806  41.166  -35.948  -31.338 1.0000000000
51875  43.241  -33.582  -33.800 1.0000000000
52910  43.008  -33.009  -33.796 1.0000000000
51881  42.256  -33.649  -34.457 1.0000000000
50823  41.036  -34.881  -33.017 1.0000000000
52916  41.965  -33.019  -34.319 1.0000000000
43576  42.513  -42.582  -18.745 0.6999999881
134183  41.969  -42.043  -19.121 0.6999999881
45421  41.471  -40.619  -20.516 0.6000000238
45432  41.333  -40.448  -21.634 0.6000000238
129284  41.307  -40.087  -22.349 0.6999999881
142081  41.454  -39.008  -24.088 0.6999999881
46526  41.405  -39.597  -23.635 0.6999999881
133463  41.635  -38.856  -24.800 0.6999999881
47568  42.011  -38.680  -25.577 0.6999999881
49609  41.987  -36.493  -24.485 0.8000000119
47578  42.514  -38.490  -26.457 0.6999999881
123390  42.508  -36.837  -25.853 0.8000000119
52833  41.531  -33.814  -24.491 0.8000000119
53836  41.262  -33.235  -25.087 0.8000000119
53848  41.143  -33.042  -26.511 0.8000000119
51845  42.029  -34.224  -28.571 0.8000000119
128963  41.688  -33.759  -27.913 0.8000000119
145521  42.363  -34.512  -30.356 1.0000000000
51856  41.909  -34.066  -29.501 1.0000000000
53866  41.164  -32.900  -27.994 0.6999999881
51866  41.847  -33.803  -30.379 1.0000000000
143826  41.161  -32.781  -28.739 0.8999999762
52899  42.244  -33.707  -31.538 1.0000000000
52906  42.219  -32.631  -32.062 1.0000000000
53892  41.720  -32.004  -31.351 1.0000000000
50793  40.283  -35.940  -29.880 1.0000000000
52911  42.635  -32.451  -33.080 1.0000000000
53901  42.526  -31.808  -33.331 1.0000000000
51877  40.558  -34.270  -33.376 1.0000000000
51873  40.310  -34.748  -32.144 1.0000000000
50807  40.579  -35.630  -30.805 1.0000000000
51882  41.160  -33.666  -34.323 1.0000000000
44474  41.707  -41.227  -19.621 0.6999999881
47540  41.183  -38.761  -22.268 0.6000000238
47553  41.288  -38.694  -23.270 0.6999999881
47569  41.853  -38.008  -24.953 0.6999999881
47562  41.522  -38.278  -24.144 0.6999999881
48592  42.197  -37.119  -25.056 0.6999999881
125094  41.700  -36.650  -23.878 0.8000000119
50727  42.038  -35.662  -24.612 0.6999999881
53830  40.778  -32.268  -24.728 0.6999999881
54835  40.628  -31.991  -25.690 0.6999999881
53849  40.735  -32.249  -26.487 0.6999999881
53867  40.746  -32.174  -27.608 0.8000000119
143991  40.734  -32.210  -27.064 0.6999999881
53886  41.209  -32.704  -29.562 0.8999999762
132723  41.255  -32.233  -30.464 1.0000000000
53893  41.301  -31.455  -30.726 1.0000000000
50808  39.974  -35.224  -30.438 1.0000000000
53896  42.342  -31.615  -32.349 1.0000000000
51878  39.656  -34.079  -32.397 1.0000000000
52917  40.938  -32.913  -34.344 1.0000000000
45407  41.712  -40.378  -19.701 0.6000000238
46459  41.604  -39.718  -20.072 0.6000000238
132020  41.335  -39.655  -20.957 0.6000000238
48535  41.623  -38.167  -20.678 0.6000000238
46489  41.227  -39.517  -21.867 0.6000000238
48551  41.425  -37.985  -21.356 0.6000000238
48560  41.382  -37.409  -21.896 0.6000000238
121624  41.384  -37.186  -22.817 0.6000000238
134155  41.532  -37.064  -23.515 0.6000000238
121928  41.685  -35.628  -23.355 0.6999999881
51777  41.635  -34.351  -23.810 0.6999999881
53815  41.114  -32.521  -23.590 0.6999999881
53829  41.205  -33.063  -24.312 0.6999999881
54825  40.565  -31.258  -24.370 0.6999999881
140765  40.499  -31.324  -25.256 0.6999999881
61168  45.564  -24.598  -22.998 0.3000000119
142162  40.421  -30.445  -26.423 0.6999999881
54849  40.502  -31.306  -26.235 0.6999999881
122965  45.657  -23.812  -23.200 0.3000000119
54869  40.570  -31.416  -27.837 0.8000000119
47591  38.069  -38.319  -26.861 0.8999999762
53887  40.947  -31.818  -29.807 1.0000000000
49654  38.965  -36.460  -27.835 1.0000000000
50794  39.543  -35.424  -29.455 1.0000000000
50781  39.311  -35.933  -28.537 1.0000000000
54889  41.873  -31.052  -31.537 1.0000000000
53906  40.821  -32.081  -34.123 1.0000000000
54902  41.745  -31.454  -33.583 1.0000000000
52912  40.155  -33.596  -33.690 1.0000000000
51868  39.710  -34.616  -31.171 1.0000000000
52918  39.883  -32.832  -34.079 1.0000000000
133594  42.517  -39.096  -19.247 0.6000000238
47506  41.906  -38.392  -20.032 0.6000000238
48534  42.196  -37.609  -20.125 0.6000000238
132699  41.682  -37.408  -20.979 0.6000000238
49568  42.199  -36.752  -20.627 0.6000000238
49581  42.191  -35.963  -21.050 0.6999999881
125278  41.801  -35.840  -21.821 0.6999999881
49589  41.526  -36.524  -22.292 0.6000000238
50696  41.816  -35.070  -22.175 0.6999999881
53791  46.405  -32.258  -20.917 0.3000000119
54789  45.837  -31.793  -20.821 0.3000000119
50706  41.700  -34.900  -23.043 0.6999999881
52818  41.418  -33.474  -23.670 0.6999999881
53816  40.751  -31.777  -23.856 0.6999999881
60246  45.135  -25.322  -22.597 0.3000000119
61155  44.693  -24.536  -22.520 0.4000000060
61169  45.023  -23.782  -22.731 0.4000000060
62155  44.476  -22.980  -22.674 0.4000000060
47580  36.616  -38.786  -26.297 0.6999999881
48602  36.233  -37.990  -25.847 0.6999999881
65029  45.140  -19.805  -24.538 0.3000000119
62154  45.371  -23.046  -23.023 0.3000000119
131819  40.412  -28.972  -26.492 0.6999999881
125296  37.402  -37.043  -26.375 0.8999999762
63098  44.828  -22.128  -22.961 0.3000000119
55809  40.491  -30.423  -28.086 0.8000000119
134655  38.440  -36.176  -27.413 0.8999999762
64040  44.726  -20.511  -23.875 0.3000000119
64030  44.283  -21.338  -23.358 0.3000000119
55814  40.694  -30.498  -29.283 0.8000000119
54890  41.355  -30.613  -30.883 1.0000000000
51858  38.844  -34.670  -29.437 1.0000000000
55824  41.652  -30.192  -32.258 1.0000000000
52901  39.108  -34.049  -31.239 1.0000000000
142029  39.250  -34.395  -30.721 1.0000000000
54897  41.552  -30.662  -33.029 1.0000000000
52913  39.289  -33.319  -33.106 1.0000000000
53907  39.789  -31.987  -34.073 1.0000000000
53902  39.006  -32.591  -33.639 1.0000000000
53903  38.153  -32.271  -33.295 1.0000000000
50684  42.750  -35.318  -20.757 0.6999999881
51744  42.654  -34.518  -21.084 0.6999999881
52777  46.372  -33.100  -20.691 0.3000000119
53779  45.661  -32.509  -20.617 0.4000000060
51752  42.099  -34.427  -21.769 0.6999999881
51763  41.873  -33.654  -22.156 0.6999999881
51764  41.568  -33.991  -22.978 0.6999999881
140250  45.207  -31.376  -20.792 0.4000000060
54810  41.011  -31.633  -23.095 0.6999999881
55731  45.366  -30.559  -21.173 0.3000000119
54790  44.426  -31.002  -20.797 0.5000000000
54802  40.961  -30.795  -22.849 0.6999999881
139339  40.675  -30.433  -23.294 0.6999999881
56614  45.195  -29.672  -21.479 0.5000000000
55764  40.527  -30.499  -23.973 0.6999999881
58459  45.013  -27.382  -22.051 0.4000000060
59380  43.258  -26.751  -21.776 0.6000000238
131931  43.839  -25.916  -21.951 0.5000000000
126963  40.439  -29.809  -24.345 0.6999999881
59378  45.080  -26.611  -22.277 0.3000000119
56653  40.390  -29.784  -25.212 0.6999999881
120200  41.491  -19.429  -25.987 0.4000000060
62143  43.351  -23.926  -22.493 0.4000000060
131856  40.392  -29.034  -25.585 0.6999999881
48603  35.192  -37.955  -25.685 0.6999999881
119949  43.135  -19.209  -25.625 0.4000000060
62142  44.175  -23.791  -22.473 0.4000000060
62156  43.574  -23.118  -22.646 0.4000000060
47581  35.623  -38.819  -26.103 0.6000000238
65037  44.616  -19.128  -25.221 0.3000000119
142189  43.419  -20.002  -24.737 0.3000000119
66049  43.108  -19.213  -25.421 0.4000000060
63099  43.852  -22.211  -22.912 0.4000000060
63100  42.834  -22.598  -23.196 0.4000000060
56677  40.409  -29.827  -27.085 0.6999999881
58516  40.428  -27.524  -26.138 0.6999999881
128469  36.691  -37.130  -25.981 0.6999999881
65039  42.643  -19.724  -25.179 0.4000000060
63111  43.314  -21.552  -23.600 0.4000000060
63112  42.377  -21.888  -24.058 0.4000000060
138579  40.440  -29.545  -28.001 0.8000000119
65030  44.244  -19.820  -24.609 0.3000000119
64041  43.789  -20.619  -24.054 0.3000000119
56691  40.590  -29.655  -28.864 0.8000000119
50795  38.961  -35.278  -28.796 1.0000000000
56704  40.848  -29.660  -29.876 0.8999999762
55818  41.603  -30.333  -31.626 1.0000000000
52907  38.859  -33.496  -32.021 1.0000000000
54899  39.188  -30.925  -33.578 1.0000000000
54898  40.316  -30.694  -33.408 1.0000000000
55825  40.827  -30.104  -32.696 1.0000000000
52914  38.472  -32.933  -32.755 1.0000000000
52908  38.157  -33.109  -31.899 1.0000000000
53904  37.334  -32.030  -33.114 1.0000000000
53897  37.545  -32.549  -32.427 1.0000000000
50683  43.471  -35.549  -20.248 0.6000000238
137810  43.837  -33.927  -20.509 0.6000000238
52780  43.168  -33.831  -20.826 0.6000000238
52794  42.479  -33.746  -21.412 0.6999999881
52779  44.526  -33.593  -20.428 0.5000000000
132215  43.787  -33.220  -20.606 0.6000000238
145251  42.295  -33.099  -21.662 0.6999999881
54777  45.176  -32.020  -20.630 0.5000000000
54778  44.454  -31.826  -20.663 0.4000000060
52804  41.851  -32.758  -22.130 0.6999999881
53804  41.437  -32.231  -22.641 0.6999999881
54791  43.557  -31.553  -20.889 0.6000000238
53803  41.861  -32.037  -22.013 0.6999999881
55732  44.326  -30.137  -21.140 0.6000000238
124314  41.573  -31.249  -22.244 0.6999999881
56615  44.505  -29.387  -21.391 0.6000000238
58452  43.630  -28.170  -21.503 0.6000000238
57565  41.090  -28.882  -22.438 0.6999999881
56626  40.657  -29.246  -23.085 0.6999999881
58460  44.014  -27.428  -21.671 0.5000000000
127774  42.858  -25.845  -22.078 0.6000000238
58463  41.590  -27.260  -22.309 0.6000000238
56634  40.477  -29.128  -23.809 0.6000000238
126436  40.809  -19.964  -27.755 0.4000000060
61156  43.858  -24.524  -22.308 0.4000000060
60250  41.888  -25.710  -22.562 0.5000000000
59382  41.421  -26.542  -22.671 0.6000000238
57590  40.446  -28.321  -24.153 0.6999999881
119950  41.735  -19.543  -27.451 0.4000000060
60249  42.613  -25.054  -22.389 0.5000000000
129690  40.389  -28.321  -25.082 0.6999999881
65040  41.720  -19.790  -25.442 0.4000000060
136696  40.399  -19.287  -27.052 0.5000000000
134262  42.858  -23.436  -22.773 0.4000000060
62157  42.184  -23.480  -23.225 0.4000000060
58502  40.412  -27.734  -25.447 0.6999999881
49623  37.073  -36.329  -26.281 0.8999999762
124814  35.788  -37.129  -25.650 0.6999999881
129218  42.734  -20.799  -24.556 0.4000000060
63113  41.650  -22.213  -24.552 0.4000000060
131345  40.419  -28.806  -27.581 0.6999999881
128168  40.436  -28.119  -26.789 0.6999999881
64043  41.721  -21.372  -24.837 0.4000000060
50762  38.084  -35.560  -27.283 0.8999999762
51835  38.207  -34.990  -27.790 0.8999999762
52902  38.395  -33.485  -30.949 1.0000000000
52882  38.274  -34.059  -29.026 1.0000000000
55820  41.173  -29.638  -31.845 1.0000000000
51869  38.822  -34.173  -30.303 1.0000000000
55826  39.703  -30.149  -33.108 1.0000000000
52903  37.777  -33.078  -30.200 1.0000000000
52893  37.815  -33.335  -29.268 1.0000000000
55827  38.554  -30.373  -33.229 1.0000000000
56716  36.385  -29.747  -32.014 0.8999999762
56720  36.963  -29.993  -32.599 1.0000000000
55828  37.431  -30.619  -33.134 1.0000000000
53898  36.734  -32.369  -31.676 1.0000000000
52909  37.613  -32.876  -31.268 1.0000000000
55829  36.524  -30.851  -32.910 1.0000000000
53899  35.773  -31.973  -31.979 1.0000000000
53895  36.079  -32.100  -30.929 0.8999999762
55821  35.839  -30.631  -32.319 1.0000000000
54892  34.636  -31.103  -31.255 0.8999999762
53781  43.727  -32.397  -20.720 0.6000000238
53792  43.083  -32.194  -21.050 0.6999999881
53793  42.426  -32.343  -21.533 0.6999999881
54792  42.880  -31.002  -21.254 0.6999999881
55735  41.807  -30.371  -21.844 0.6999999881
55733  43.326  -30.206  -21.197 0.6000000238
56616  42.916  -29.592  -21.389 0.6000000238
56618  41.447  -29.691  -22.079 0.6999999881
57556  41.858  -28.934  -21.807 0.6999999881
57564  41.694  -28.092  -22.010 0.6000000238
58464  41.034  -27.878  -22.640 0.6000000238
58474  41.042  -27.145  -22.830 0.6000000238
119940  43.511  -22.325  -27.360 0.3000000119
58461  43.179  -27.590  -21.592 0.6000000238
58462  42.384  -27.403  -21.807 0.6000000238
58475  40.652  -27.503  -23.497 0.6000000238
119943  42.624  -22.812  -27.681 0.4000000060
120389  43.921  -23.707  -27.526 0.4000000060
130793  41.223  -26.010  -23.107 0.6000000238
60262  41.338  -25.236  -23.344 0.5000000000
59394  40.609  -26.730  -24.035 0.6000000238
62158  41.534  -23.681  -23.967 0.4000000060
59402  40.539  -26.589  -24.783 0.6000000238
119948  40.180  -20.615  -27.354 0.5000000000
62167  41.209  -22.981  -24.819 0.4000000060
62166  41.933  -22.791  -23.894 0.4000000060
131187  40.445  -27.035  -25.468 0.6000000238
63138  40.087  -21.387  -26.453 0.5000000000
63125  41.005  -21.960  -25.225 0.4000000060
134829  40.420  -27.270  -26.978 0.6000000238
64054  40.556  -20.620  -25.821 0.4000000060
62177  40.479  -22.628  -25.716 0.4000000060
50763  37.441  -35.576  -26.685 0.8999999762
123347  40.765  -28.823  -29.414 0.8999999762
57640  40.565  -28.330  -28.551 0.8000000119
51810  37.078  -34.948  -26.562 0.8999999762
51836  37.654  -34.762  -27.197 0.8999999762
52884  37.257  -33.060  -27.922 0.8999999762
52883  37.714  -33.601  -28.410 0.8999999762
56717  40.175  -29.526  -32.439 1.0000000000
56719  38.041  -29.814  -32.775 1.0000000000
53888  37.279  -32.709  -29.479 1.0000000000
53894  37.048  -32.524  -30.522 0.8999999762
57662  35.499  -29.866  -31.548 1.0000000000
54888  34.360  -30.680  -30.644 1.0000000000
54886  35.610  -31.697  -30.141 0.8999999762
56711  34.884  -29.515  -30.970 1.0000000000
133548  34.008  -30.131  -30.395 0.8999999762
55734  42.514  -30.297  -21.476 0.6999999881
127116  44.918  -22.806  -27.417 0.3000000119
119933  45.192  -23.806  -27.645 0.3000000119
119936  44.776  -24.281  -27.694 0.3000000119
60263  40.852  -25.995  -23.839 0.6000000238
120371  41.862  -23.421  -28.061 0.5000000000
120600  43.164  -24.000  -27.765 0.4000000060
61179  41.190  -24.563  -24.054 0.5000000000
133538  41.037  -23.978  -24.832 0.5000000000
61180  40.737  -24.894  -24.967 0.5000000000
60286  40.506  -25.510  -25.511 0.5000000000
121287  41.067  -21.966  -27.964 0.5000000000
126937  40.672  -23.448  -25.458 0.5000000000
62168  40.539  -24.135  -25.647 0.5000000000
120496  40.198  -22.017  -27.418 0.5000000000
62178  40.225  -23.371  -26.182 0.5000000000
138733  40.415  -26.687  -26.279 0.6000000238
125919  39.886  -22.530  -26.924 0.5000000000
125620  40.043  -22.460  -26.404 0.5000000000
58523  40.503  -27.054  -27.852 0.6999999881
62202  40.309  -23.378  -27.522 0.5000000000
62189  39.970  -23.516  -26.887 0.5000000000
58533  40.705  -27.569  -28.597 0.6000000238
58542  40.893  -27.966  -29.395 0.8999999762
56710  40.993  -29.049  -31.138 0.8999999762
56707  40.931  -28.983  -30.385 0.8999999762
134294  40.499  -29.014  -31.752 0.8999999762
57660  37.592  -28.796  -31.443 0.8999999762
56714  37.798  -29.284  -32.163 0.8999999762
57663  38.570  -29.246  -32.328 0.8999999762
56713  39.473  -28.967  -32.072 1.0000000000
53889  36.533  -32.158  -29.751 0.8999999762
53879  37.407  -32.995  -28.716 0.8999999762
57654  35.748  -28.966  -30.795 0.6999999881
54880  36.155  -31.641  -28.988 0.8999999762
54887  34.692  -31.160  -30.330 0.8999999762
133587  35.402  -31.215  -29.381 0.8999999762
120281  45.307  -23.182  -28.148 0.3000000119
120183  44.758  -23.341  -28.636 0.3000000119
119944  43.859  -22.847  -29.120 0.4000000060
119951  42.761  -21.594  -29.283 0.3000000119
120379  44.864  -24.603  -28.550 0.3000000119
120441  43.746  -24.002  -29.388 0.4000000060
120375  44.542  -24.848  -28.446 0.4000000060
60274  40.661  -25.828  -24.726 0.6000000238
120246  42.851  -24.674  -28.226 0.5000000000
137973  40.221  -24.095  -26.378 0.5000000000
61229  40.729  -24.516  -28.037 0.5000000000
60305  40.366  -25.691  -26.389 0.5000000000
61219  40.375  -24.462  -27.450 0.5000000000
59434  40.382  -26.409  -27.153 0.5000000000
60328  40.874  -25.467  -28.242 0.5000000000
59442  40.628  -26.306  -28.041 0.5000000000
59454  41.477  -26.363  -28.930 0.6000000238
128028  41.524  -27.166  -30.025 0.6999999881
58541  41.246  -27.688  -30.016 0.6999999881
57647  40.984  -28.284  -30.082 0.6999999881
58550  41.056  -27.403  -30.472 0.6999999881
139223  40.738  -27.944  -30.905 0.8000000119
57651  40.938  -28.450  -30.693 0.8000000119
53880  36.849  -32.367  -28.587 0.8999999762
58559  38.905  -28.064  -31.165 0.8999999762
134698  39.370  -28.458  -31.559 0.8999999762
57653  37.287  -28.377  -30.701 0.6999999881
54881  35.688  -31.109  -28.358 0.8999999762
55815  34.818  -30.558  -29.026 0.8999999762
57656  33.922  -28.787  -30.047 1.0000000000
64091  41.860  -21.657  -29.569 0.3000000119
63162  42.750  -22.958  -29.535 0.4000000060
120299  41.250  -20.677  -29.300 0.3000000119
61239  44.260  -24.947  -29.066 0.4000000060
63170  41.770  -22.793  -29.900 0.3000000119
60326  43.699  -25.321  -28.859 0.4000000060
62218  43.033  -24.042  -29.671 0.4000000060
62225  42.393  -23.683  -29.904 0.4000000060
61228  41.800  -25.118  -28.406 0.4000000060
60342  43.369  -25.251  -29.281 0.4000000060
61250  42.724  -24.676  -29.863 0.4000000060
136728  43.005  -25.443  -28.756 0.4000000060
60335  43.039  -25.569  -29.178 0.4000000060
59453  42.535  -25.787  -29.122 0.5000000000
60327  42.052  -25.752  -28.765 0.5000000000
58551  40.284  -27.386  -30.930 0.6000000238
58558  39.930  -28.016  -31.273 0.8000000119
57652  38.072  -28.255  -30.910 0.6999999881
135662  36.561  -28.484  -30.513 0.6999999881
130179  34.043  -30.016  -29.178 0.8999999762
55810  34.335  -29.928  -28.072 0.8999999762
58546  34.020  -27.872  -29.535 0.8999999762
56708  33.345  -29.098  -29.678 0.8000000119
55811  33.564  -29.538  -28.703 0.8000000119
144929  33.569  -27.637  -29.313 0.6999999881
58547  33.094  -27.324  -29.014 0.8000000119
64086  40.489  -20.988  -29.089 0.3000000119
64092  41.145  -21.857  -29.637 0.3000000119
63171  41.095  -22.811  -30.042 0.3000000119
63163  40.437  -22.321  -29.554 0.4000000060
62226  41.626  -23.933  -30.199 0.4000000060
62227  40.646  -23.313  -30.129 0.4000000060
137729  40.781  -24.159  -30.381 0.5000000000
60343  42.649  -25.431  -29.651 0.5000000000
61251  40.399  -24.775  -30.559 0.5000000000
61241  39.650  -24.631  -30.321 0.5000000000
60344  41.940  -25.814  -30.102 0.5000000000
60346  39.774  -25.383  -30.633 0.5000000000
60345  40.868  -25.824  -30.605 0.5000000000
59475  39.634  -26.777  -30.780 0.6000000238
58552  39.271  -27.456  -30.913 0.6999999881
58553  38.378  -27.625  -30.584 0.6999999881
58543  37.168  -27.253  -29.683 0.6999999881
58544  36.324  -27.316  -29.536 0.6999999881
58556  35.862  -28.138  -30.020 0.6999999881
58557  34.803  -28.059  -29.802 0.8000000119
59469  34.871  -26.751  -29.105 0.6999999881
139166  40.876  -20.155  -28.669 0.3000000119
129176  40.345  -19.996  -28.437 0.3000000119
64087  39.915  -21.116  -28.637 0.4000000060
125868  39.989  -21.791  -29.014 0.4000000060
63172  40.025  -23.049  -29.725 0.4000000060
62228  39.959  -23.865  -30.191 0.4000000060
62219  39.325  -23.449  -29.362 0.3000000119
144538  39.292  -24.239  -29.846 0.5000000000
60347  39.041  -26.080  -30.361 0.6000000238
61230  38.689  -24.267  -29.362 0.3000000119
60337  38.384  -25.747  -29.734 0.5000000000
61242  38.164  -25.077  -29.316 0.4000000060
59465  38.170  -26.443  -29.843 0.6999999881
60338  37.713  -25.847  -29.334 0.6000000238
59477  37.908  -27.144  -29.991 0.6999999881
58554  37.641  -27.777  -30.279 0.6999999881
59466  37.412  -26.575  -29.451 0.6999999881
60339  36.905  -25.891  -28.912 0.6000000238
64079  39.235  -21.227  -28.700 0.3000000119
123058  39.468  -21.913  -28.843 0.3000000119
63154  39.038  -22.714  -28.879 0.3000000119
125373  38.778  -22.021  -28.693 0.3000000119
63155  38.224  -22.718  -28.733 0.3000000119
63156  37.264  -22.493  -28.660 0.3000000119
62210  38.486  -23.501  -28.951 0.3000000119
62211  37.580  -23.451  -28.718 0.4000000060
61243  37.326  -25.093  -28.909 0.5000000000
61232  36.962  -24.250  -28.578 0.5000000000
61244  36.392  -25.018  -28.652 0.6000000238
60340  35.878  -25.768  -28.760 0.6000000238
66086  39.629  -18.914  -28.969 0.4000000060
137096  39.131  -19.097  -29.083 0.3000000119
66076  39.437  -19.564  -28.923 0.3000000119
66077  38.718  -19.423  -28.878 0.3000000119
65070  38.788  -20.369  -28.776 0.3000000119
65071  37.794  -20.765  -28.530 0.3000000119
64080  38.384  -21.357  -28.592 0.3000000119
128193  36.639  -21.806  -28.661 0.3000000119
63157  36.252  -22.506  -28.731 0.4000000060
135435  36.621  -23.353  -28.630 0.4000000060
62212  35.698  -23.190  -28.765 0.4000000060
61245  35.459  -24.735  -28.619 0.6000000238
59470  33.425  -26.346  -28.839 0.6999999881
58548  32.303  -27.267  -28.688 0.8000000119
67809  38.882  -18.002  -28.673 0.4000000060
66068  38.114  -19.039  -28.364 0.3000000119
66078  37.956  -19.866  -28.547 0.3000000119
66079  37.109  -20.264  -28.418 0.3000000119
123089  36.893  -21.059  -28.575 0.4000000060
139940  35.932  -21.907  -28.784 0.4000000060
64083  35.359  -21.600  -28.977 0.4000000060
62220  35.141  -23.825  -28.766 0.4000000060
63159  34.596  -22.075  -29.257 0.4000000060
60341  35.031  -25.960  -28.869 0.6000000238
139049  34.485  -23.527  -29.033 0.4000000060
135712  33.655  -25.455  -28.786 0.6999999881
61247  33.660  -24.542  -28.881 0.4000000060
124659  33.863  -23.648  -29.145 0.4000000060
62221  33.082  -23.724  -29.183 0.5000000000
129069  32.854  -25.577  -28.678 0.6000000238
59471  32.627  -26.549  -28.694 0.6999999881
125154  32.050  -26.010  -28.552 0.6999999881
67796  38.994  -17.258  -28.129 0.3000000119
133217  38.302  -18.309  -28.127 0.3000000119
66921  37.591  -18.538  -27.778 0.3000000119
66069  37.196  -19.381  -28.061 0.3000000119
142805  36.473  -19.889  -28.283 0.3000000119
65072  36.255  -20.561  -28.538 0.4000000060
65073  35.443  -20.816  -28.861 0.3000000119
65074  34.630  -20.343  -28.968 0.3000000119
125346  34.735  -21.172  -29.225 0.3000000119
141512  34.275  -20.856  -29.328 0.3000000119
135133  34.138  -22.895  -29.323 0.4000000060
64084  34.008  -21.361  -29.489 0.3000000119
63165  33.661  -22.148  -29.561 0.3000000119
64088  33.042  -21.331  -29.676 0.3000000119
133553  33.351  -22.944  -29.460 0.3000000119
63166  32.783  -22.237  -29.646 0.4000000060
129784  32.515  -23.020  -29.437 0.5000000000
124295  32.069  -25.164  -28.626 0.5000000000
61249  31.950  -24.459  -28.797 0.5000000000
67790  38.162  -17.066  -27.044 0.3000000119
67797  37.856  -17.809  -27.431 0.3000000119
141485  37.219  -18.014  -27.372 0.3000000119
66922  36.765  -18.595  -27.626 0.3000000119
130092  36.207  -19.252  -27.961 0.3000000119
66081  34.767  -19.401  -28.511 0.3000000119
65075  33.677  -20.532  -29.405 0.3000000119
63167  31.891  -22.341  -29.570 0.4000000060
62222  32.212  -23.793  -29.082 0.5000000000
122896  31.576  -23.113  -29.245 0.5000000000
62214  31.175  -24.005  -28.835 0.5000000000
143890  37.798  -16.794  -26.835 0.3000000119
67791  37.288  -17.218  -27.022 0.3000000119
67798  36.529  -17.805  -27.355 0.3000000119
66923  35.809  -18.404  -27.734 0.3000000119
145383  35.463  -19.126  -28.120 0.3000000119
66082  33.942  -19.632  -28.994 0.3000000119
66087  33.110  -19.706  -29.413 0.3000000119
133100  32.143  -21.589  -29.738 0.4000000060
64089  31.208  -21.665  -29.610 0.4000000060
63168  30.860  -22.420  -29.352 0.4000000060
134715  30.009  -21.694  -29.279 0.4000000060
62223  30.492  -23.160  -28.979 0.5000000000
68664  39.068  -15.860  -26.882 0.3000000119
68665  38.639  -16.452  -26.956 0.3000000119
133396  36.404  -17.084  -27.203 0.3000000119
67799  35.660  -17.367  -27.570 0.3000000119
66936  34.956  -18.593  -28.158 0.3000000119
125067  33.402  -19.042  -29.120 0.3000000119
65079  32.694  -20.423  -29.632 0.3000000119
66088  32.245  -19.611  -29.635 0.3000000119
134313  32.255  -20.940  -29.743 0.3000000119
133941  31.521  -20.952  -29.727 0.4000000060
68666  38.129  -16.409  -26.752 0.3000000119
68667  37.483  -16.416  -26.771 0.3000000119
68675  36.686  -16.465  -26.979 0.3000000119
139811  35.136  -17.920  -27.908 0.3000000119
67800  34.779  -17.247  -28.019 0.3000000119
66924  34.482  -17.943  -28.297 0.3000000119
124312  33.846  -17.915  -28.695 0.3000000119
67810  34.063  -17.270  -28.531 0.3000000119
66944  32.662  -18.915  -29.437 0.3000000119
69556  37.866  -15.779  -26.606 0.3000000119
68676  35.901  -16.499  -27.386 0.3000000119
69567  36.147  -15.751  -27.223 0.3000000119
68677  35.131  -16.530  -27.821 0.3000000119
67811  33.390  -17.405  -29.060 0.3000000119
66938  33.194  -18.231  -29.127 0.3000000119
136992  32.261  -18.064  -29.593 0.3000000119
69557  36.979  -15.730  -26.783 0.3000000119
70434  36.361  -14.868  -27.125 0.3000000119
69568  35.410  -15.802  -27.703 0.3000000119
141445  35.647  -15.155  -27.609 0.4000000060
69569  34.795  -15.867  -28.146 0.3000000119
68687  34.318  -16.439  -28.405 0.3000000119
68688  33.595  -16.661  -29.011 0.3000000119
69577  34.910  -15.083  -28.233 0.4000000060
70447  35.516  -14.337  -27.931 0.4000000060
69578  34.228  -15.569  -28.692 0.4000000060
70451  34.826  -14.322  -28.669 0.4000000060
47625  46.553  -38.421  -36.007 1.0000000000
48651  46.047  -37.451  -35.670 1.0000000000
140348  45.876  -39.890  -35.869 0.8999999762
57655  34.855  -28.828  -30.438 0.6999999881
136295  33.986  -27.056  -29.169 0.8000000119
134647  34.239  -26.126  -28.905 0.6999999881
33273  40.631  -53.507  -24.230 0.6000000238
125457  40.705  -52.832  -24.779 0.6000000238
37136  41.043  -49.949  -25.489 0.6000000238
29465  42.026  -57.704  -24.334 0.5000000000
29464  43.005  -57.276  -24.619 0.5000000000
35199  42.047  -52.024  -22.074 0.6000000238
42830  48.917  -44.516  -33.710 0.8999999762
35198  42.662  -51.441  -21.875 0.5000000000
32292  45.598  -54.916  -23.898 0.4000000060
33260  44.511  -53.922  -22.963 0.5000000000
30316  44.857  -56.306  -24.870 0.4000000060
39958  42.255  -46.251  -25.625 0.6999999881
42805  46.765  -44.322  -29.439 0.8999999762
40864  41.275  -45.632  -22.558 0.6999999881
33244  44.571  -53.005  -22.652 0.5000000000
33258  46.169  -53.801  -23.657 0.5000000000
126483  42.822  -44.097  -24.457 0.8000000119
30315  45.697  -56.095  -25.030 0.4000000060
127641  44.797  -44.053  -26.795 0.8000000119
40876  41.594  -45.258  -23.425 0.6999999881
35214  45.520  -50.925  -22.984 0.4000000060
44559  44.713  -41.363  -29.468 0.8000000119
45532  43.347  -40.867  -34.031 0.8000000119
39902  42.351  -46.446  -20.243 0.6000000238
38037  45.475  -48.669  -22.356 0.4000000060
36194  46.076  -50.314  -23.345 0.4000000060
43636  42.605  -42.762  -24.264 0.8000000119
47621  46.965  -38.776  -35.811 1.0000000000
38990  45.326  -47.558  -21.471 0.5000000000
38979  43.837  -47.340  -20.549 0.5000000000
47623  45.142  -38.100  -35.453 1.0000000000
126055  42.793  -44.910  -19.219 0.6999999881
47622  46.506  -37.849  -35.504 1.0000000000
50821  42.717  -34.925  -34.662 1.0000000000
50827  42.561  -34.218  -34.635 1.0000000000
47588  42.984  -37.974  -27.206 0.8000000119
144808  42.703  -34.446  -31.486 1.0000000000
122713  41.409  -33.511  -25.912 0.8000000119
50792  42.820  -35.324  -29.766 1.0000000000
50804  43.550  -35.470  -31.459 1.0000000000
125197  41.776  -35.991  -23.925 0.6999999881
53878  40.808  -32.060  -28.658 0.8000000119
140739  42.369  -31.089  -32.896 1.0000000000
54885  40.928  -30.997  -30.067 1.0000000000
49582  41.732  -36.640  -21.426 0.6000000238
131329  41.664  -35.720  -22.645 0.6999999881
57562  45.348  -28.248  -22.079 0.4000000060
49638  38.497  -36.936  -27.256 1.0000000000
50782  38.639  -35.590  -28.024 1.0000000000
60247  44.298  -25.235  -22.254 0.4000000060
54900  38.002  -31.369  -33.472 1.0000000000
57553  45.025  -28.863  -21.674 0.4000000060
59379  44.345  -26.663  -21.919 0.5000000000
57563  44.543  -28.132  -21.691 0.5000000000
65041  40.965  -20.073  -25.690 0.4000000060
64042  41.718  -20.368  -25.205 0.4000000060
54894  36.574  -32.078  -32.646 1.0000000000
61171  41.734  -24.321  -23.275 0.5000000000
55817  33.695  -29.713  -29.693 0.8000000119
120272  40.705  -22.869  -27.992 0.5000000000
61206  40.212  -24.657  -26.785 0.5000000000
58532  41.287  -27.214  -29.387 0.6999999881
60336  42.455  -25.774  -29.487 0.5000000000
59473  41.400  -26.636  -30.264 0.5000000000
133099  41.338  -24.972  -30.383 0.5000000000
58545  35.418  -27.365  -29.460 0.6999999881
59468  35.717  -26.629  -29.105 0.6999999881
133915  34.363  -25.264  -28.784 0.6000000238
66080  35.592  -19.927  -28.442 0.3000000119
39094  46.765  -48.165  -30.840 0.5000000000
39093  47.500  -47.707  -31.434 0.5000000000
127044  48.611  -46.505  -32.262 0.5000000000
37188  46.087  -49.626  -31.739 0.5000000000
37187  46.702  -48.784  -31.961 0.5000000000
36268  44.728  -50.581  -30.574 0.5000000000
37179  45.781  -49.424  -30.810 0.5000000000
38133  46.470  -48.891  -31.312 0.5000000000
36269  44.047  -50.952  -29.921 0.5000000000
36259  42.839  -50.871  -28.456 0.4000000060
37172  43.639  -49.614  -28.829 0.5000000000
35266  42.466  -51.619  -28.118 0.4000000060
37173  43.049  -50.036  -28.456 0.5000000000
34302  41.635  -52.438  -27.304 0.5000000000
36245  42.256  -50.889  -27.589 0.5000000000
45489  38.506  -40.396  -29.306 0.6999999881
45501  37.043  -40.446  -30.552 0.6999999881
130298  39.843  -40.488  -30.184 0.8000000119
45511  41.195  -40.631  -31.290 0.8000000119
45512  40.430  -40.672  -31.061 0.8000000119
46585  42.284  -39.958  -31.133 0.8999999762
45490  37.761  -40.336  -28.556 0.6999999881
45497  41.081  -40.331  -30.454 0.8999999762
46575  40.010  -40.011  -29.209 0.8999999762
46586  41.643  -40.146  -30.661 0.8999999762
47614  42.514  -39.004  -31.100 0.8999999762
46563  37.815  -40.036  -27.750 0.6000000238
46562  38.519  -39.994  -28.129 0.8000000119
46574  40.714  -39.429  -29.251 0.8999999762
47607  41.442  -38.725  -29.634 0.8999999762
47606  42.161  -38.244  -30.510 0.8999999762
48639  42.357  -37.449  -31.386 0.8999999762
46456  44.315  -39.296  -18.948 0.5000000000
46440  43.101  -40.152  -18.619 0.5000000000
46457  42.807  -39.569  -18.880 0.5000000000
44455  43.765  -41.695  -18.350 0.6000000238
45389  43.392  -40.871  -18.444 0.5000000000
45390  42.587  -40.768  -18.663 0.5000000000
43557  43.255  -42.501  -18.426 0.6000000238
46554  37.351  -39.687  -27.207 0.6000000238
46552  39.092  -39.216  -27.926 0.8999999762
46560  39.966  -39.159  -28.517 0.8999999762
46561  39.287  -39.938  -28.657 0.8999999762
47596  40.670  -38.555  -28.908 0.8999999762
139027  41.663  -37.823  -29.925 0.8999999762
48640  41.913  -37.307  -30.595 0.8999999762
48515  44.054  -37.589  -19.473 0.5000000000
49546  43.550  -36.982  -19.686 0.5000000000
47492  44.156  -38.425  -19.244 0.5000000000
125337  43.413  -38.145  -19.329 0.5000000000
48517  42.570  -38.360  -19.525 0.5000000000
138652  44.758  -38.032  -19.497 0.5000000000
47590  38.777  -38.423  -27.444 0.8999999762
46553  38.217  -39.263  -27.320 0.6999999881
47589  39.510  -38.394  -27.993 0.8999999762
47597  40.120  -38.312  -28.426 0.8999999762
48623  40.448  -37.696  -28.774 0.8999999762
48633  41.351  -37.076  -30.008 0.8999999762
124907  44.217  -35.842  -19.950 0.5000000000
48533  42.837  -36.860  -19.990 0.5000000000
49545  44.393  -36.691  -19.744 0.5000000000
48514  45.002  -37.414  -19.698 0.5000000000
49637  39.129  -37.476  -27.702 0.8999999762
49653  39.592  -36.774  -28.296 0.8999999762
49668  39.960  -36.289  -28.995 0.8999999762
49566  43.520  -36.323  -19.944 0.5000000000
141133  44.757  -35.433  -20.054 0.5000000000
51742  44.349  -34.361  -20.318 0.5000000000
50681  45.424  -35.407  -20.210 0.5000000000
51741  45.179  -34.104  -20.348 0.4000000060
49626  34.755  -36.985  -25.544 0.6000000238
128758  33.923  -36.273  -25.548 0.6000000238
49625  35.493  -36.393  -25.624 0.8000000119
50743  34.598  -35.317  -25.622 0.6999999881
131110  33.548  -35.314  -25.609 0.6999999881
51814  33.211  -34.525  -25.747 0.6999999881
51815  32.335  -34.516  -25.843 0.6999999881
50742  35.692  -35.520  -25.781 0.8000000119
50741  36.671  -35.557  -26.189 0.8000000119
51813  34.172  -34.467  -25.717 0.6999999881
128196  33.745  -33.789  -25.824 0.6999999881
128195  32.899  -33.794  -25.905 0.6999999881
52856  33.497  -33.005  -25.884 0.6999999881
52857  32.559  -33.056  -26.008 0.6999999881
52853  36.282  -33.805  -26.414 0.8000000119
52854  35.577  -33.433  -26.199 0.8000000119
51837  37.026  -34.214  -26.758 0.8000000119
53853  32.944  -32.243  -25.998 0.6999999881
127941  34.377  -32.733  -25.990 0.6999999881
54850  34.787  -31.884  -26.289 0.8000000119
52870  36.882  -33.356  -27.063 0.8000000119
53852  33.868  -32.026  -26.001 0.6999999881
54872  35.096  -31.089  -26.800 0.8000000119
55785  33.071  -30.248  -26.562 0.6000000238
54870  36.331  -31.741  -27.899 0.8000000119
54871  35.755  -31.333  -27.352 0.8000000119
55801  33.681  -29.945  -27.014 0.6000000238
55802  32.850  -29.531  -27.155 0.6000000238
56694  31.323  -28.933  -27.422 0.6000000238
55800  34.428  -30.341  -27.059 0.8000000119
56692  32.940  -29.134  -28.114 0.6000000238
56693  32.152  -29.002  -27.700 0.6000000238
55799  35.144  -30.599  -27.723 0.8000000119
138488  31.309  -28.020  -28.263 0.6000000238
140044  33.601  -29.586  -27.688 0.6999999881
57641  32.402  -28.487  -28.441 0.6000000238
59472  31.996  -26.695  -28.579 0.6999999881
58534  31.096  -27.463  -28.436 0.6000000238
57650  31.881  -27.793  -28.514 0.6000000238
59456  31.400  -26.425  -28.550 0.6000000238
56705  33.108  -29.104  -29.049 0.6999999881
56709  32.944  -28.647  -29.120 0.6999999881
33309  41.416  -53.280  -27.619 0.4000000060
35267  41.954  -51.648  -27.408 0.5000000000
36231  41.705  -50.970  -26.745 0.5000000000
37171  44.402  -49.278  -29.337 0.5000000000
37180  44.969  -49.783  -30.228 0.5000000000
47618  42.959  -38.616  -31.959 0.8999999762
51740  45.816  -34.665  -20.393 0.3000000119
51811  36.385  -34.722  -26.220 0.8000000119
37189  45.450  -50.193  -31.264 0.5000000000
36258  43.494  -50.482  -29.087 0.5000000000
45499  39.331  -40.335  -29.506 0.8000000119
46439  43.933  -40.121  -18.587 0.5000000000
51812  35.356  -34.386  -25.912 0.8000000119
52855  34.660  -33.538  -25.929 0.6999999881
144053  35.875  -32.280  -26.628 0.8000000119
54852  33.229  -31.208  -26.200 0.6999999881
55784  33.777  -30.525  -26.572 0.6999999881
38989  46.121  -47.312  -21.777 0.4000000060
39911  47.250  -46.395  -21.743 0.4000000060
39898  46.049  -46.187  -20.763 0.4000000060
39912  46.476  -46.625  -21.449 0.4000000060
41805  45.478  -44.492  -19.266 0.5000000000
40851  47.646  -45.674  -21.387 0.4000000060
41787  45.043  -43.936  -18.738 0.5000000000
42694  44.606  -43.240  -18.524 0.5000000000
41804  46.283  -44.229  -19.626 0.5000000000
41822  46.757  -44.712  -20.167 0.4000000060
41823  45.959  -45.001  -19.806 0.4000000060
41839  48.037  -44.910  -21.006 0.4000000060
41821  47.542  -44.435  -20.455 0.4000000060
40836  46.424  -45.460  -20.431 0.4000000060
40850  48.482  -45.448  -21.612 0.4000000060
44454  44.728  -41.716  -18.485 0.5000000000
42711  45.812  -43.720  -19.164 0.5000000000
42726  47.812  -43.656  -20.252 0.4000000060
41820  48.319  -44.148  -20.661 0.4000000060
43602  50.818  -42.755  -20.983 0.4000000060
42741  49.601  -43.770  -21.017 0.4000000060
41838  48.947  -44.544  -21.231 0.4000000060
42739  51.282  -43.353  -21.411 0.4000000060
42740  50.443  -43.595  -21.229 0.4000000060
43555  45.086  -42.462  -18.573 0.5000000000
43575  45.926  -42.369  -18.965 0.5000000000
42710  46.538  -43.449  -19.493 0.4000000060
47576  50.336  -40.000  -27.293 0.3000000119
42727  47.061  -43.930  -19.945 0.4000000060
47566  50.285  -40.098  -26.394 0.3000000119
42725  48.538  -43.393  -20.455 0.4000000060
46531  50.947  -39.521  -24.397 0.3000000119
46532  50.277  -39.622  -24.310 0.3000000119
46504  50.794  -39.829  -22.635 0.3000000119
45429  50.840  -40.747  -21.238 0.3000000119
44496  50.739  -41.401  -20.878 0.4000000060
43588  49.564  -42.510  -20.561 0.4000000060
42724  49.252  -43.177  -20.612 0.4000000060
45446  51.324  -40.317  -21.987 0.3000000119
45428  51.678  -40.918  -21.538 0.3000000119
130065  51.115  -41.954  -20.961 0.4000000060
45387  45.345  -40.961  -18.820 0.4000000060
44472  46.052  -41.479  -19.105 0.4000000060
43573  47.159  -42.302  -19.641 0.4000000060
44471  46.635  -41.944  -19.372 0.4000000060
47577  49.934  -39.668  -27.436 0.3000000119
48581  49.392  -39.198  -25.549 0.3000000119
125019  49.805  -39.886  -25.677 0.3000000119
46533  49.661  -39.489  -24.134 0.3000000119
46505  49.906  -39.701  -22.511 0.3000000119
45448  49.622  -39.930  -21.692 0.4000000060
44497  50.029  -41.069  -20.724 0.4000000060
44482  49.425  -41.797  -20.502 0.4000000060
46523  50.136  -39.601  -23.396 0.3000000119
45447  50.450  -40.123  -21.822 0.3000000119
128848  50.080  -40.410  -21.195 0.3000000119
45388  44.359  -40.899  -18.514 0.4000000060
47538  48.417  -38.750  -22.482 0.3000000119
46508  48.065  -38.883  -21.800 0.3000000119
46488  47.682  -39.606  -20.916 0.4000000060
141880  47.727  -39.096  -21.309 0.4000000060
45419  47.621  -40.404  -20.452 0.4000000060
44485  46.697  -41.187  -19.590 0.4000000060
47561  48.969  -38.893  -24.321 0.3000000119
47552  48.708  -38.752  -23.319 0.3000000119
45431  48.348  -40.056  -20.978 0.4000000060
44484  47.259  -41.645  -19.778 0.4000000060
47551  49.132  -39.208  -23.832 0.3000000119
46507  48.592  -39.249  -22.111 0.3000000119
46486  48.852  -39.745  -21.581 0.4000000060
45418  48.484  -40.794  -20.567 0.4000000060
123027  47.844  -41.275  -20.210 0.4000000060
46524  49.418  -39.426  -23.220 0.3000000119
46506  49.156  -39.538  -22.367 0.3000000119
45417  49.180  -41.118  -20.591 0.4000000060
44483  48.607  -41.606  -20.359 0.4000000060
48532  45.803  -37.409  -20.114 0.4000000060
127520  46.209  -38.143  -20.250 0.4000000060
47491  45.005  -38.676  -19.388 0.4000000060
45405  44.843  -40.120  -18.813 0.4000000060
48550  47.466  -37.655  -21.284 0.3000000119
47505  46.554  -38.955  -20.337 0.4000000060
46470  46.201  -39.733  -19.753 0.4000000060
45404  45.582  -40.176  -19.208 0.4000000060
47523  47.581  -38.506  -21.327 0.4000000060
47504  47.234  -39.019  -20.865 0.4000000060
46469  46.993  -39.702  -20.424 0.4000000060
45403  46.132  -40.652  -19.392 0.4000000060
128169  32.274  -31.662  -26.139 0.6000000238
53855  31.533  -32.149  -26.168 0.6000000238
56678  31.876  -29.459  -26.966 0.5000000000
132670  32.315  -30.727  -26.321 0.5000000000
56679  30.965  -29.479  -26.799 0.5000000000
57629  30.858  -28.390  -27.829 0.5000000000
57642  30.534  -27.812  -28.156 0.5000000000
127655  30.971  -26.865  -28.523 0.5000000000
60329  31.301  -25.593  -28.573 0.4000000060
67821  31.841  -17.064  -29.834 0.3000000119
68702  32.002  -15.997  -30.025 0.3000000119
68703  30.933  -16.233  -29.933 0.3000000119
140294  33.747  -16.011  -28.981 0.3000000119
68701  33.082  -16.034  -29.534 0.3000000119
68689  32.802  -16.789  -29.552 0.3000000119
132045  30.918  -15.424  -29.891 0.3000000119
144152  30.461  -15.827  -29.709 0.3000000119
141806  30.237  -15.532  -29.357 0.3000000119
70452  34.127  -14.699  -29.172 0.3000000119
69579  33.509  -15.378  -29.409 0.3000000119
69590  32.646  -15.299  -29.963 0.3000000119
69591  31.743  -15.039  -30.160 0.3000000119
69592  31.068  -14.598  -29.760 0.3000000119
69580  30.646  -14.835  -29.027 0.3000000119
69570  30.941  -15.132  -28.121 0.3000000119
70453  33.166  -14.583  -29.996 0.3000000119
70466  32.495  -14.053  -30.383 0.3000000119
122328  32.349  -14.659  -30.229 0.3000000119
70467  31.777  -14.268  -30.169 0.3000000119
70468  31.428  -13.831  -29.884 0.3000000119
70454  31.176  -14.124  -29.249 0.3000000119
70449  31.287  -14.422  -28.397 0.3000000119
71338  34.452  -13.906  -29.341 0.3000000119
139629  33.778  -14.079  -29.812 0.3000000119
71351  31.764  -13.114  -29.899 0.3000000119
71340  31.533  -13.565  -29.421 0.3000000119
71339  31.923  -13.054  -28.996 0.3000000119
70465  33.233  -13.785  -30.384 0.3000000119
71357  32.615  -13.368  -30.495 0.3000000119
71350  33.998  -13.487  -30.086 0.3000000119
71356  33.372  -12.991  -30.715 0.3000000119
72269  32.666  -12.712  -30.551 0.3000000119
71358  32.183  -13.073  -30.331 0.3000000119
72268  33.161  -12.094  -30.986 0.3000000119
72267  33.937  -12.383  -31.058 0.3000000119
41837  49.965  -44.489  -21.620 0.4000000060
39923  46.853  -47.049  -22.092 0.4000000060
39922  47.597  -46.855  -22.349 0.4000000060
40849  49.309  -45.257  -21.872 0.4000000060
40863  48.054  -46.209  -21.989 0.4000000060
41836  50.913  -44.143  -21.741 0.4000000060
41851  49.942  -45.172  -22.182 0.4000000060
48598  51.137  -39.180  -27.378 0.3000000119
47558  51.394  -39.183  -24.843 0.3000000119
46522  51.104  -39.524  -23.589 0.3000000119
127684  52.213  -40.497  -22.252 0.3000000119
43601  51.597  -42.512  -21.258 0.3000000119
47575  50.804  -39.890  -26.893 0.3000000119
48590  49.499  -39.096  -26.695 0.3000000119
48582  49.059  -37.918  -24.651 0.3000000119
132083  46.061  -36.763  -20.338 0.4000000060
48531  46.648  -37.304  -20.655 0.4000000060
134755  47.364  -36.699  -21.182 0.4000000060
134941  48.089  -37.062  -21.939 0.3000000119
48559  48.454  -37.928  -22.675 0.3000000119
49564  45.790  -36.100  -20.269 0.4000000060
128098  32.045  -33.745  -25.997 0.6000000238
71337  35.147  -13.658  -28.732 0.3000000119
71349  34.760  -13.202  -29.552 0.3000000119
120783  34.331  -12.840  -30.376 0.3000000119
48611  50.713  -39.281  -28.059 0.3000000119
39913  45.671  -46.871  -21.137 0.4000000060
41806  44.609  -44.718  -18.932 0.5000000000
132936  48.076  -42.959  -20.172 0.4000000060
47560  49.501  -39.401  -24.808 0.3000000119
46471  45.824  -38.833  -19.776 0.4000000060
70473  31.974  -13.591  -30.254 0.3000000119
39011  46.922  -48.169  -22.912 0.3000000119
38999  47.224  -47.497  -22.625 0.3000000119
43687  42.204  -42.491  -30.141 0.6000000238
139878  41.618  -42.503  -31.063 0.6999999881
43688  41.249  -42.400  -30.097 0.6999999881
39921  48.429  -46.758  -22.672 0.3000000119
31262  46.533  -55.841  -25.182 0.3000000119
32303  46.897  -55.063  -24.690 0.3000000119
43702  39.117  -42.555  -31.775 0.6999999881
37106  47.072  -49.323  -23.601 0.3000000119
121557  39.453  -42.561  -30.732 0.6999999881
43689  40.301  -42.497  -30.565 0.6999999881
38064  47.735  -49.081  -23.911 0.3000000119
39010  47.620  -47.903  -23.162 0.3000000119
43700  40.723  -42.703  -31.801 0.6999999881
39026  48.805  -48.112  -23.985 0.3000000119
39007  49.987  -47.201  -23.907 0.3000000119
39008  49.228  -47.416  -23.672 0.3000000119
39935  48.983  -46.974  -23.173 0.3000000119
39932  51.154  -46.326  -23.735 0.3000000119
40874  49.968  -46.148  -23.006 0.3000000119
39934  49.612  -46.769  -23.366 0.3000000119
32290  47.079  -54.345  -24.437 0.3000000119
35227  46.833  -51.444  -23.866 0.4000000060
44578  39.329  -41.695  -33.103 0.6999999881
37119  47.466  -49.797  -24.077 0.3000000119
36193  46.650  -50.715  -23.705 0.3000000119
43714  40.121  -42.665  -32.999 0.6999999881
38063  48.416  -48.854  -24.248 0.3000000119
38062  49.230  -48.699  -24.605 0.3000000119
39025  49.603  -47.886  -24.255 0.3000000119
39920  49.250  -46.420  -22.798 0.3000000119
39946  51.596  -46.740  -24.342 0.3000000119
34270  47.031  -52.471  -24.056 0.4000000060
45535  38.341  -41.319  -33.104 0.6999999881
35236  48.130  -51.722  -24.864 0.3000000119
35226  47.519  -51.581  -24.418 0.3000000119
37118  48.728  -49.409  -24.721 0.3000000119
36208  48.416  -50.090  -24.827 0.3000000119
44577  40.351  -42.191  -33.639 0.6999999881
38078  49.828  -49.017  -25.143 0.3000000119
135801  40.506  -42.572  -33.627 0.6999999881
41850  50.592  -44.855  -22.212 0.3000000119
40861  49.599  -45.748  -22.464 0.3000000119
40872  51.551  -45.660  -23.327 0.3000000119
40859  51.087  -45.239  -22.754 0.3000000119
44570  39.924  -41.529  -33.117 0.6999999881
36220  48.813  -50.640  -25.287 0.3000000119
45524  40.601  -41.125  -32.301 0.6999999881
37148  50.110  -49.943  -25.838 0.3000000119
37133  49.652  -49.661  -25.436 0.3000000119
45534  41.558  -41.544  -33.621 0.6999999881
41862  52.011  -44.908  -22.858 0.3000000119
35234  49.295  -51.205  -25.776 0.3000000119
45523  41.403  -40.985  -32.373 0.6999999881
41849  51.397  -44.548  -22.303 0.3000000119
135030  47.301  -35.916  -21.104 0.3000000119
42816  43.438  -43.529  -29.814 0.5000000000
43672  41.142  -42.485  -28.887 0.6999999881
42817  42.727  -43.090  -29.388 0.6000000238
42809  41.578  -42.992  -28.319 0.6000000238
43686  43.064  -42.747  -30.307 0.6000000238
43703  38.542  -42.572  -30.960 0.6999999881
43716  38.493  -42.241  -32.315 0.6999999881
32302  47.659  -54.585  -24.962 0.3000000119
44579  37.967  -41.210  -33.249 0.6999999881
34269  47.544  -53.171  -24.519 0.4000000060
45526  38.178  -40.814  -32.915 0.6999999881
34280  48.490  -52.389  -25.266 0.4000000060
130651  47.803  -52.382  -24.662 0.4000000060
120656  38.985  -40.575  -30.475 0.6999999881
35235  48.639  -51.454  -25.318 0.3000000119
133749  49.152  -52.004  -25.856 0.3000000119
34293  49.841  -52.480  -26.603 0.3000000119
38049  47.333  -48.610  -23.419 0.3000000119
45513  39.490  -40.781  -31.496 0.6999999881
43671  41.948  -42.641  -29.130 0.6000000238
35252  50.020  -51.087  -26.325 0.3000000119
34279  49.120  -52.907  -25.928 0.3000000119
38141  47.110  -48.091  -32.183 0.5000000000
40019  46.285  -45.892  -32.187 0.5000000000
40020  45.067  -46.253  -31.324 0.5000000000
39106  47.671  -47.488  -32.348 0.4000000060
39029  36.294  -47.353  -24.420 0.4000000060
37140  33.893  -49.652  -25.395 0.5000000000
40026  46.920  -46.737  -32.607 0.4000000060
39108  47.187  -47.164  -32.594 0.5000000000
126919  45.191  -45.278  -31.115 0.5000000000
34305  33.354  -52.364  -27.025 0.4000000060
33314  32.790  -53.879  -27.360 0.4000000060
38069  34.774  -48.202  -24.672 0.5000000000
42815  44.204  -43.923  -30.383 0.4000000060
144410  33.003  -53.642  -28.422 0.4000000060
135986  32.729  -54.317  -28.555 0.4000000060
36233  33.654  -50.928  -26.484 0.4000000060
130141  34.333  -48.201  -25.541 0.5000000000
37139  34.046  -49.011  -25.998 0.4000000060
39962  36.384  -46.068  -24.852 0.5000000000
41897  38.784  -44.215  -26.154 0.4000000060
41909  40.631  -43.975  -27.147 0.4000000060
42788  39.835  -43.677  -26.743 0.4000000060
41916  41.795  -43.858  -28.061 0.4000000060
32344  32.585  -54.771  -29.875 0.4000000060
32345  30.166  -54.279  -29.564 0.4000000060
36249  33.976  -50.751  -27.681 0.4000000060
33335  31.254  -53.318  -30.648 0.4000000060
39056  34.439  -47.516  -26.122 0.5000000000
37153  34.149  -49.186  -27.063 0.4000000060
35295  33.110  -51.524  -31.103 0.4000000060
39978  34.787  -46.810  -25.712 0.5000000000
37193  34.420  -49.922  -31.086 0.4000000060
36279  33.547  -50.805  -31.191 0.4000000060
40900  35.999  -45.374  -25.345 0.5000000000
41898  37.009  -44.102  -25.866 0.5000000000
38148  35.202  -48.480  -31.571 0.4000000060
38139  33.973  -49.204  -31.315 0.4000000060
41884  37.408  -44.777  -25.478 0.5000000000
144497  38.258  -43.642  -26.261 0.6000000238
42789  38.957  -43.357  -26.548 0.6000000238
42799  40.377  -43.116  -27.342 0.5000000000
32352  30.529  -54.678  -30.748 0.4000000060
33345  31.031  -54.001  -30.919 0.4000000060
33325  32.899  -53.839  -29.492 0.4000000060
132591  31.578  -53.669  -30.897 0.4000000060
39066  34.503  -47.676  -27.194 0.5000000000
37162  34.175  -49.922  -27.576 0.4000000060
34331  33.153  -52.027  -30.980 0.4000000060
39991  34.641  -46.847  -26.698 0.5000000000
37184  34.730  -49.882  -30.520 0.4000000060
35294  33.711  -51.243  -30.985 0.4000000060
40915  35.294  -45.510  -26.221 0.5000000000
42792  36.653  -43.624  -26.587 0.5000000000
39104  35.568  -47.432  -31.872 0.4000000060
42790  38.094  -43.029  -26.658 0.6000000238
43664  40.008  -42.567  -27.859 0.6000000238
138143  31.407  -54.251  -31.124 0.4000000060
36263  34.217  -51.057  -29.028 0.4000000060
145161  32.354  -53.410  -30.790 0.4000000060
34322  33.211  -52.455  -30.601 0.4000000060
37176  34.718  -49.714  -29.359 0.4000000060
142555  35.168  -45.411  -27.071 0.5000000000
38129  35.063  -49.062  -30.071 0.4000000060
38138  35.060  -49.019  -31.099 0.4000000060
41899  36.187  -44.285  -26.222 0.5000000000
39103  35.775  -47.550  -31.574 0.4000000060
43673  40.370  -42.420  -28.691 0.6000000238
43665  39.156  -42.437  -27.800 0.6000000238
43660  37.955  -42.648  -27.236 0.6000000238
32359  32.153  -54.790  -31.040 0.4000000060
33324  32.980  -53.160  -30.279 0.4000000060
35288  34.178  -51.263  -30.212 0.4000000060
40002  34.847  -46.984  -27.911 0.5000000000
124409  34.807  -47.967  -28.348 0.5000000000
38117  34.848  -48.868  -28.823 0.5000000000
40001  35.273  -46.780  -28.830 0.5000000000
39077  35.288  -47.498  -29.103 0.5000000000
41911  35.506  -44.452  -27.710 0.5000000000
40925  35.218  -45.332  -28.026 0.5000000000
40934  35.414  -46.152  -29.154 0.5000000000
39098  35.906  -47.732  -30.925 0.4000000060
42801  36.419  -43.375  -27.470 0.6000000238
40022  36.025  -47.026  -31.149 0.5000000000
40028  35.775  -46.945  -31.684 0.4000000060
43691  39.044  -42.498  -29.700 0.6000000238
43675  38.677  -42.419  -28.714 0.6000000238
42802  35.829  -43.838  -28.044 0.6000000238
41917  35.573  -44.524  -28.679 0.5000000000
40944  35.813  -46.234  -30.380 0.5000000000
43668  36.862  -42.909  -27.896 0.6000000238
42811  35.941  -43.830  -29.079 0.6000000238
124958  35.602  -45.343  -29.477 0.5000000000
141279  37.516  -42.716  -29.564 0.6000000238
122742  38.178  -42.559  -29.723 0.6000000238
44571  36.190  -40.629  -32.460 0.5000000000
45537  37.051  -40.818  -32.995 0.6000000238
124574  36.201  -41.789  -32.581 0.5000000000
140632  37.585  -41.545  -33.019 0.6000000238
43731  36.941  -41.805  -32.731 0.6000000238
42834  36.433  -43.335  -31.859 0.5000000000
41937  35.935  -44.263  -31.808 0.5000000000
43677  37.026  -42.797  -28.823 0.6000000238
42819  36.193  -43.846  -30.103 0.5000000000
125549  35.877  -45.390  -30.669 0.5000000000
124371  35.774  -45.304  -31.472 0.5000000000
41938  35.502  -45.074  -32.000 0.5000000000
45515  37.246  -40.515  -31.716 0.5000000000
45516  36.419  -40.276  -31.436 0.5000000000
127043  37.905  -40.624  -32.140 0.6000000238
45536  37.730  -40.969  -33.247 0.6000000238
42827  36.400  -43.744  -31.045 0.6000000238
41932  36.081  -44.527  -30.941 0.5000000000
43717  37.667  -42.223  -32.272 0.6000000238
43704  36.923  -43.184  -31.000 0.6000000238
40021  44.138  -45.845  -30.419 0.4000000060
41922  43.644  -44.395  -29.647 0.4000000060
42824  46.058  -44.113  -32.367 0.5000000000
41931  45.107  -44.388  -31.142 0.4000000060
43692  37.620  -42.718  -30.873 0.6000000238
39101  46.203  -47.493  -32.368 0.5000000000
40011  43.446  -46.868  -30.272 0.5000000000
39095  45.032  -47.332  -31.725 0.5000000000
39042  35.189  -46.897  -24.996 0.5000000000
35269  33.651  -51.598  -27.346 0.4000000060
124606  33.604  -52.299  -28.365 0.4000000060
35290  32.054  -51.815  -30.586 0.4000000060
37194  34.024  -50.067  -31.262 0.4000000060
34314  33.541  -52.493  -29.747 0.4000000060
36248  34.379  -50.259  -28.599 0.4000000060
32360  31.547  -54.768  -31.308 0.4000000060
126559  36.611  -43.396  -30.264 0.6000000238
33336  30.665  -53.645  -30.203 0.3000000119
36281  32.493  -51.201  -30.799 0.3000000119
34324  31.015  -52.977  -30.126 0.3000000119
130282  33.109  -49.241  -31.021 0.3000000119
35280  31.635  -51.581  -29.724 0.3000000119
36273  32.068  -50.824  -30.005 0.3000000119
35270  31.476  -51.274  -28.476 0.3000000119
26722  41.739  -59.968  -24.742 0.5000000000
28613  42.024  -59.204  -24.644 0.5000000000
29466  41.005  -57.682  -24.134 0.5000000000
29467  40.262  -57.361  -24.358 0.5000000000
29480  42.938  -58.036  -24.832 0.5000000000
29481  39.488  -57.286  -25.404 0.5000000000
30301  41.786  -56.173  -23.702 0.5000000000
30302  41.020  -56.336  -23.729 0.5000000000
30317  44.040  -56.437  -24.645 0.4000000060
30318  42.337  -56.772  -24.134 0.5000000000
30319  41.445  -56.945  -23.972 0.5000000000
30321  39.829  -56.692  -24.554 0.5000000000
30336  39.517  -56.835  -25.083 0.5000000000
30349  39.441  -56.735  -25.774 0.6000000238
31229  43.959  -55.282  -23.600 0.4000000060
31248  45.261  -55.617  -24.363 0.4000000060
31250  43.577  -55.923  -24.019 0.5000000000
31263  39.787  -55.212  -25.801 0.6000000238
31302  32.485  -55.150  -28.613 0.4000000060
32260  42.315  -54.036  -22.688 0.6000000238
32261  41.654  -53.673  -22.844 0.6999999881
32273  45.086  -54.417  -23.421 0.4000000060
32276  42.616  -54.734  -23.006 0.5000000000
32278  40.968  -54.931  -23.510 0.6000000238
32293  44.798  -55.139  -23.743 0.4000000060
32361  31.092  -54.558  -31.268 0.4000000060
33246  42.877  -53.503  -22.454 0.6000000238
33261  43.837  -54.223  -22.886 0.5000000000
33271  47.449  -53.891  -24.548 0.3000000119
33272  46.880  -53.610  -24.070 0.3000000119
33297  50.191  -53.121  -27.268 0.3000000119
33301  40.560  -53.619  -26.094 0.5000000000
33313  33.203  -53.073  -27.773 0.4000000060
33333  32.674  -52.741  -30.815 0.4000000060
33334  32.483  -53.999  -30.549 0.4000000060
33344  31.889  -54.054  -30.991 0.4000000060
34239  45.526  -52.618  -23.067 0.5000000000
34255  46.249  -53.039  -23.536 0.5000000000
34271  40.754  -52.225  -24.275 0.6000000238
34278  49.695  -51.695  -26.281 0.3000000119
34281  41.131  -52.034  -25.780 0.6000000238
34294  41.305  -52.273  -26.425 0.6000000238
34315  30.800  -53.014  -29.402 0.3000000119
34323  31.481  -52.515  -30.351 0.3000000119
34332  32.613  -52.370  -30.877 0.4000000060
34333  31.941  -52.750  -30.816 0.4000000060
35200  41.504  -51.286  -22.264 0.6000000238
35201  41.013  -51.262  -22.747 0.6000000238
35275  43.398  -51.333  -29.325 0.5000000000
35276  42.902  -51.673  -28.801 0.4000000060
35279  33.907  -51.781  -29.391 0.4000000060
35289  33.672  -51.902  -30.472 0.4000000060
35296  32.581  -51.798  -30.921 0.4000000060
36173  45.380  -50.206  -22.830 0.4000000060
36177  41.646  -50.503  -21.934 0.6000000238
36209  47.316  -50.645  -24.172 0.3000000119
36219  49.585  -50.407  -25.720 0.3000000119
36221  48.095  -50.885  -24.774 0.3000000119
36244  42.547  -50.074  -27.825 0.5000000000
36262  34.529  -50.542  -29.842 0.4000000060
36271  34.303  -50.627  -30.778 0.4000000060
36272  32.585  -50.442  -30.662 0.3000000119
36274  45.520  -50.298  -32.034 0.5000000000
36278  34.006  -50.585  -31.139 0.4000000060
36280  32.973  -51.029  -31.123 0.4000000060
37077  43.429  -49.547  -21.635 0.4000000060
37079  41.674  -49.659  -21.749 0.6000000238
37095  40.721  -49.928  -22.824 0.6000000238
37117  49.277  -49.345  -25.016 0.3000000119
37120  46.825  -50.046  -23.729 0.3000000119
37122  40.627  -49.807  -24.470 0.6999999881
37126  34.246  -48.906  -24.958 0.5000000000
37134  49.033  -49.913  -25.200 0.3000000119
37150  41.828  -49.389  -26.653 0.6000000238
37154  33.879  -49.965  -26.530 0.4000000060
37161  34.463  -49.427  -28.149 0.4000000060
37181  44.184  -50.107  -29.640 0.5000000000
37195  33.322  -50.127  -31.109 0.4000000060
37202  34.625  -49.230  -31.350 0.4000000060
38036  46.212  -48.415  -22.639 0.4000000060
38038  44.707  -48.909  -22.002 0.4000000060
38040  40.628  -48.378  -22.992 0.6999999881
38048  48.054  -48.352  -23.678 0.3000000119
38087  42.247  -48.212  -26.718 0.6999999881
38091  34.262  -48.336  -26.577 0.5000000000
38102  34.472  -48.566  -27.658 0.5000000000
38124  45.200  -48.993  -29.837 0.5000000000
38128  35.547  -48.392  -30.618 0.4000000060
38132  47.028  -48.345  -31.623 0.5000000000
38137  35.557  -48.143  -31.396 0.4000000060
38142  47.344  -48.026  -31.876 0.5000000000
38147  35.525  -47.898  -31.700 0.4000000060
38149  34.777  -48.651  -31.548 0.4000000060
38150  46.461  -48.176  -32.352 0.5000000000
38991  44.452  -47.818  -21.140 0.5000000000
38993  42.078  -47.848  -21.073 0.6000000238
38994  41.551  -47.516  -21.333 0.6000000238
38998  47.858  -47.316  -22.821 0.3000000119
39000  46.510  -47.718  -22.384 0.4000000060
39009  48.414  -47.540  -23.332 0.3000000119
39012  40.902  -46.964  -23.381 0.6000000238
39030  35.462  -47.537  -24.525 0.4000000060
39043  34.728  -47.471  -25.188 0.5000000000
39062  43.528  -47.429  -27.543 0.8000000119
39063  42.837  -47.809  -27.154 0.8000000119
39084  46.192  -47.772  -29.888 0.6000000238
39088  35.668  -47.844  -30.071 0.4000000060
39089  35.273  -48.306  -29.515 0.5000000000
39092  48.067  -47.278  -32.080 0.4000000060
39107  47.179  -47.804  -32.346 0.5000000000
39903  41.600  -46.282  -20.814 0.6000000238
39933  50.355  -46.544  -23.561 0.3000000119
39948  41.890  -45.882  -24.895 0.6999999881
39949  41.298  -46.428  -24.217 0.6999999881
39950  35.883  -46.749  -24.652 0.4000000060
39963  35.422  -46.174  -25.334 0.5000000000
39977  34.876  -46.223  -26.197 0.5000000000
39984  45.355  -46.032  -28.200 0.6999999881
39985  44.644  -46.291  -27.787 0.8000000119
39990  34.914  -46.054  -27.184 0.5000000000
40009  47.326  -46.515  -30.082 0.6000000238
40014  35.739  -47.069  -29.983 0.5000000000
40025  48.121  -46.511  -32.899 0.6000000238
40027  45.840  -46.718  -32.074 0.5000000000
40031  48.245  -46.869  -32.589 0.5000000000
40822  45.104  -45.257  -19.470 0.5000000000
40835  47.231  -45.203  -20.737 0.4000000060
40838  44.696  -45.978  -19.786 0.5000000000
40852  46.849  -45.915  -21.110 0.4000000060
40860  50.305  -45.510  -22.644 0.3000000119
40862  48.857  -45.984  -22.236 0.4000000060
40873  50.723  -45.903  -23.179 0.3000000119
40899  36.909  -45.385  -25.071 0.5000000000
40931  46.237  -45.186  -28.523 0.6999999881
40939  48.062  -45.507  -30.611 0.6999999881
40948  48.707  -46.022  -31.559 0.6999999881
40949  35.863  -46.234  -31.278 0.5000000000
40951  48.982  -45.847  -32.619 0.6000000238
40954  35.463  -46.083  -31.683 0.4000000060
40957  48.811  -45.810  -33.066 0.6000000238
41790  42.419  -43.581  -19.019 0.6999999881
41807  43.679  -44.847  -18.883 0.5000000000
41863  41.588  -44.769  -22.774 0.6999999881
41873  43.210  -44.389  -25.079 0.8000000119
41882  43.789  -44.255  -25.582 0.8000000119
41885  36.535  -44.748  -25.556 0.5000000000
41886  35.833  -44.871  -25.936 0.5000000000
41896  39.546  -44.471  -26.475 0.4000000060
41900  35.481  -44.775  -26.845 0.5000000000
41907  45.133  -44.473  -27.317 0.8000000119
41910  35.891  -43.966  -27.080 0.6000000238
41923  42.997  -44.018  -28.988 0.4000000060
41924  35.832  -44.542  -29.848 0.5000000000
41940  48.776  -44.659  -33.944 0.8000000119
41941  48.393  -44.299  -34.266 0.8999999762
42693  45.443  -43.139  -18.792 0.5000000000
42695  43.680  -43.280  -18.479 0.6999999881
42709  47.343  -43.036  -19.775 0.4000000060
42723  50.030  -42.998  -20.754 0.4000000060
42742  48.940  -43.813  -20.774 0.4000000060
42743  41.532  -43.471  -21.491 0.6999999881
42752  51.725  -43.855  -21.907 0.4000000060
42791  37.223  -42.951  -27.056 0.6000000238
42796  45.553  -44.230  -27.910 0.8000000119
42798  41.117  -43.444  -27.691 0.4000000060
42800  39.559  -42.834  -27.097 0.6000000238
42807  45.164  -43.527  -28.032 0.8000000119
42808  42.279  -43.441  -28.656 0.4000000060
42810  36.377  -43.297  -28.438 0.6000000238
42818  36.493  -43.316  -29.419 0.6000000238
42826  43.891  -43.090  -30.684 0.5000000000
42840  36.349  -42.659  -32.443 0.5000000000
43556  44.194  -42.491  -18.395 0.5000000000
43574  46.615  -42.692  -19.385 0.4000000060
43587  50.277  -42.061  -20.690 0.4000000060
43589  48.772  -42.515  -20.366 0.4000000060
43590  47.882  -42.189  -20.017 0.4000000060
43603  41.446  -42.119  -21.170 0.6999999881
43617  41.830  -42.597  -22.696 0.8000000119
43657  44.076  -42.798  -27.069 0.8000000119
43659  38.691  -42.670  -27.095 0.6000000238
43662  44.507  -42.742  -27.965 0.8000000119
43663  40.812  -42.749  -28.054 0.6999999881
43666  38.307  -42.462  -27.858 0.6000000238
43667  37.512  -42.635  -27.889 0.6000000238
43670  45.448  -43.186  -28.851 0.8000000119
43674  39.541  -42.375  -28.672 0.6000000238
43676  37.849  -42.530  -28.736 0.6000000238
43684  45.748  -42.747  -29.684 0.8999999762
43690  39.896  -42.400  -29.600 0.6999999881
43693  37.010  -42.958  -29.933 0.6000000238
43699  42.349  -42.551  -31.365 0.8000000119
43701  39.827  -42.675  -31.825 0.6999999881
43709  46.400  -43.304  -34.011 0.8999999762
43711  43.317  -42.735  -32.702 0.8000000119
43715  39.326  -42.327  -32.773 0.6999999881
43718  37.027  -42.682  -31.951 0.6000000238
43726  41.421  -43.204  -34.220 0.8000000119
43727  40.869  -42.896  -34.159 0.6999999881
43728  39.757  -42.108  -33.360 0.6999999881
43729  38.758  -41.641  -33.080 0.6999999881
43730  38.025  -41.721  -32.848 0.6999999881
43735  42.114  -43.002  -34.653 0.8000000119
43737  47.930  -42.201  -36.017 1.0000000000
43738  47.128  -42.414  -36.111 0.8000000119
43739  45.858  -42.471  -35.910 0.8000000119
43740  44.476  -42.458  -35.371 0.8000000119
43741  47.379  -41.690  -36.241 1.0000000000
44453  45.456  -41.794  -18.724 0.4000000060
44456  42.724  -41.679  -18.529 0.6999999881
44473  42.097  -41.254  -18.908 0.6999999881
44486  41.488  -41.614  -20.481 0.6999999881
44495  51.776  -41.668  -21.311 0.3000000119
44532  42.188  -41.957  -24.009 0.8000000119
44540  42.597  -41.539  -25.715 0.8000000119
44546  42.435  -40.880  -26.056 0.8000000119
44569  40.660  -41.658  -33.503 0.6999999881
44573  48.379  -42.502  -35.012 0.8999999762
44575  41.777  -42.433  -34.409 0.8000000119
44576  40.957  -42.433  -34.205 0.6999999881
44580  37.376  -41.076  -33.206 0.6000000238
44581  36.666  -41.095  -32.913 0.6000000238
45406  42.033  -40.581  -19.120 0.6000000238
45420  46.807  -40.444  -19.959 0.4000000060
45430  49.266  -40.400  -20.950 0.4000000060
45449  41.395  -40.690  -22.418 0.8000000119
45472  41.800  -40.338  -24.939 0.6999999881
45480  42.443  -40.162  -26.415 0.6999999881
45498  40.607  -40.199  -29.892 0.8999999762
45500  37.996  -40.568  -30.783 0.6000000238
45509  44.804  -40.578  -29.987 0.8000000119
45510  41.794  -40.462  -31.432 0.8000000119
45514  38.610  -40.710  -31.883 0.6999999881
45525  39.133  -41.064  -32.768 0.6999999881
45527  37.466  -40.685  -32.750 0.6000000238
45528  36.695  -40.534  -32.336 0.5000000000
45538  47.812  -40.914  -35.681 1.0000000000
46441  42.494  -40.152  -18.870 0.5000000000
46455  45.317  -39.462  -19.298 0.4000000060
46458  42.105  -39.771  -19.329 0.6000000238
46487  48.194  -39.438  -21.464 0.4000000060
46503  51.776  -39.859  -22.818 0.3000000119
46509  41.257  -39.497  -22.741 0.6999999881
46525  48.871  -39.180  -22.917 0.3000000119
46534  41.571  -39.624  -24.500 0.6999999881
46538  41.801  -39.532  -25.305 0.6999999881
46545  36.836  -39.374  -26.750 0.6000000238
46551  43.064  -39.445  -27.504 0.6999999881
46555  36.543  -39.899  -27.278 0.6000000238
46572  44.498  -39.599  -29.681 0.8000000119
46573  41.303  -39.769  -29.913 0.8999999762
46584  44.847  -39.175  -30.484 1.0000000000
46594  46.511  -39.113  -33.695 1.0000000000
46595  43.770  -39.761  -33.776 1.0000000000
46596  46.976  -38.752  -35.100 1.0000000000
46599  47.391  -39.806  -35.605 1.0000000000
46600  47.102  -39.583  -36.007 1.0000000000
46601  46.512  -39.627  -36.078 1.0000000000
47493  43.310  -38.883  -19.037 0.5000000000
47494  41.968  -39.023  -19.720 0.6000000238
47507  41.554  -38.934  -20.430 0.6000000238
47524  46.940  -38.261  -20.792 0.4000000060
47525  41.298  -38.737  -21.336 0.6000000238
47539  48.042  -38.132  -21.912 0.4000000060
47559  50.392  -39.774  -25.251 0.3000000119
47565  50.886  -39.527  -25.811 0.3000000119
47567  49.854  -39.892  -26.616 0.3000000119
47579  37.445  -38.927  -26.688 0.6999999881
47582  34.538  -38.754  -26.195 0.6000000238
47585  50.725  -39.664  -27.712 0.3000000119
47586  50.417  -39.674  -27.742 0.3000000119
47594  43.781  -38.763  -28.630 0.8999999762
47604  44.182  -38.903  -29.213 0.8999999762
47612  45.320  -38.885  -31.395 1.0000000000
47626  45.935  -37.811  -35.989 1.0000000000
48516  43.054  -37.552  -19.585 0.5000000000
48572  41.394  -37.757  -23.429 0.6999999881
48583  41.719  -37.338  -24.221 0.8000000119
48591  42.302  -37.766  -25.744 0.6999999881
48601  37.243  -37.964  -26.314 0.6999999881
48614  38.494  -37.716  -27.182 1.0000000000
48615  37.970  -37.403  -26.741 0.8999999762
48624  39.832  -37.620  -28.281 0.8999999762
48634  41.091  -37.786  -29.349 0.8999999762
48643  43.330  -38.190  -32.873 1.0000000000
48646  45.268  -36.508  -33.840 1.0000000000
48648  42.936  -36.725  -33.643 1.0000000000
48649  45.990  -37.046  -35.361 1.0000000000
48650  44.540  -36.256  -35.214 1.0000000000
49544  45.352  -36.738  -19.997 0.5000000000
49563  46.644  -36.221  -20.663 0.4000000060
49565  45.004  -36.034  -19.955 0.5000000000
49567  42.789  -36.113  -20.397 0.5000000000
49599  41.566  -36.387  -23.208 0.6999999881
49622  42.772  -36.526  -26.626 0.8000000119
49624  36.258  -36.326  -25.842 0.8000000119
49639  37.881  -36.414  -26.819 0.8999999762
49651  43.522  -36.611  -28.957 0.8999999762
49652  40.121  -37.030  -28.705 0.8999999762
49667  40.631  -36.852  -29.387 0.8999999762
49676  42.023  -36.831  -31.388 1.0000000000
49677  41.546  -36.606  -30.876 1.0000000000
49678  40.941  -36.321  -30.345 0.8999999762
49686  45.556  -36.387  -35.000 1.0000000000
49687  45.119  -35.703  -34.783 1.0000000000
49696  44.875  -35.467  -35.207 1.0000000000
50682  44.195  -35.098  -20.149 0.5000000000
50695  42.205  -35.187  -21.441 0.6999999881
50715  41.786  -35.200  -23.921 0.6999999881
50780  42.801  -35.507  -28.813 0.8999999762
50805  42.976  -35.089  -30.868 1.0000000000
50815  43.785  -35.037  -32.890 1.0000000000
50818  40.755  -35.353  -31.820 1.0000000000
50819  44.672  -35.163  -34.667 1.0000000000
50822  41.778  -34.949  -33.998 1.0000000000
50824  44.885  -35.317  -35.070 1.0000000000
50825  44.351  -34.887  -34.887 1.0000000000
50826  43.651  -34.320  -34.706 1.0000000000
51743  43.462  -34.649  -20.518 0.6000000238
51753  41.766  -34.407  -22.416 0.6999999881
51789  41.877  -34.743  -24.730 0.8000000119
51795  42.348  -35.124  -26.103 0.8000000119
51809  41.891  -34.314  -26.192 0.8000000119
51833  42.425  -34.928  -27.437 0.8000000119
51846  38.494  -34.809  -28.525 0.8999999762
51847  38.013  -34.320  -28.055 0.8999999762
51857  39.364  -34.740  -30.237 1.0000000000
51867  40.276  -35.104  -31.235 1.0000000000
52778  45.406  -33.307  -20.478 0.4000000060
52793  42.980  -32.971  -21.091 0.6999999881
52805  41.526  -33.108  -22.862 0.6999999881
52841  41.691  -34.056  -25.328 0.8000000119
52858  31.731  -32.975  -26.126 0.6000000238
52868  41.397  -33.377  -27.206 0.8000000119
52869  37.462  -33.868  -27.532 0.8999999762
52892  41.542  -33.435  -29.784 0.8999999762
52900  41.546  -33.006  -30.777 1.0000000000
52905  42.742  -33.159  -32.932 1.0000000000
52915  42.712  -33.164  -34.229 1.0000000000
53780  44.664  -32.684  -20.522 0.5000000000
53837  40.954  -32.724  -25.738 0.6999999881
53850  36.180  -32.830  -26.662 0.8000000119
53851  35.321  -32.630  -26.294 0.8000000119
53854  32.214  -32.435  -26.105 0.6000000238
53868  36.690  -32.519  -27.483 0.8000000119
53869  36.183  -32.006  -27.023 0.8000000119
53877  41.512  -33.427  -28.841 0.6999999881
53900  42.571  -32.595  -33.823 1.0000000000
53905  41.852  -32.234  -34.063 1.0000000000
53908  38.928  -31.759  -33.788 1.0000000000
54793  42.185  -30.899  -21.664 0.6999999881
54801  42.268  -31.549  -21.636 0.6999999881
54811  40.707  -31.078  -23.559 0.6999999881
54851  34.248  -31.131  -26.378 0.6999999881
54879  40.749  -31.312  -29.263 1.0000000000
54891  35.155  -31.664  -31.201 0.8999999762
54893  42.138  -30.710  -32.216 1.0000000000
54895  36.034  -31.465  -32.586 1.0000000000
54896  35.282  -31.334  -31.903 1.0000000000
54901  36.855  -31.468  -33.156 1.0000000000
54903  40.690  -31.312  -33.766 1.0000000000
54904  39.748  -31.336  -33.817 1.0000000000
55744  41.310  -30.402  -22.345 0.6999999881
55745  40.862  -29.904  -22.740 0.6999999881
55749  40.558  -29.841  -23.509 0.6999999881
55774  40.439  -30.532  -24.817 0.6999999881
55783  40.415  -30.518  -25.670 0.6999999881
55798  40.464  -30.858  -27.104 0.8000000119
55816  34.132  -30.453  -29.980 0.8999999762
55819  33.725  -29.542  -30.162 0.8000000119
55822  35.016  -30.762  -31.704 0.8999999762
55823  34.529  -30.333  -31.055 1.0000000000
56617  42.138  -29.656  -21.639 0.6999999881
56668  40.383  -29.758  -26.071 0.6999999881
56706  31.661  -28.448  -27.986 0.6000000238
56712  34.225  -29.576  -30.564 1.0000000000
56715  37.091  -29.330  -31.947 0.8999999762
56718  39.079  -29.629  -32.735 1.0000000000
57554  44.138  -28.801  -21.433 0.6000000238
57555  43.271  -28.890  -21.438 0.6000000238
57574  40.651  -28.485  -23.214 0.6999999881
57617  40.413  -28.288  -25.919 0.6999999881
57648  33.299  -28.263  -29.392 0.6999999881
57649  32.621  -27.997  -28.888 0.6999999881
57657  40.598  -28.496  -31.239 0.8999999762
57658  40.013  -28.576  -31.597 0.8999999762
57659  38.528  -28.685  -31.685 0.8999999762
57661  36.644  -29.059  -31.257 0.6999999881
58453  42.618  -28.290  -21.588 0.6000000238
58486  40.448  -27.460  -24.635 0.6000000238
58549  31.608  -27.110  -28.546 0.6000000238
58555  36.873  -27.895  -30.067 0.6999999881
59381  42.195  -26.563  -22.120 0.6000000238
59393  40.897  -26.639  -23.296 0.6000000238
59415  40.492  -26.229  -25.537 0.6000000238
59455  40.869  -26.951  -28.587 0.5000000000
59464  41.834  -26.414  -29.661 0.5000000000
59467  36.592  -26.606  -29.171 0.6000000238
59474  40.625  -26.713  -30.700 0.6000000238
59476  38.673  -26.936  -30.429 0.6999999881
60248  43.438  -25.179  -22.164 0.4000000060
60261  41.968  -24.885  -22.790 0.6000000238
60273  40.904  -25.297  -24.157 0.5000000000
60318  40.396  -25.489  -27.353 0.5000000000
61157  43.149  -24.566  -22.353 0.4000000060
61170  42.512  -24.215  -22.695 0.4000000060
61190  40.380  -24.848  -25.956 0.5000000000
61231  37.873  -24.281  -28.948 0.3000000119
61233  36.013  -24.094  -28.541 0.6000000238
61234  31.396  -24.823  -28.645 0.5000000000
61240  43.481  -24.692  -29.453 0.4000000060
61246  34.542  -24.377  -28.809 0.6000000238
61248  32.752  -24.580  -28.830 0.5000000000
61252  38.957  -25.064  -29.950 0.5000000000
62213  34.888  -22.982  -29.043 0.4000000060
63126  40.363  -21.601  -25.856 0.4000000060
63158  35.429  -22.366  -28.913 0.4000000060
63164  39.718  -22.531  -29.172 0.4000000060
64053  40.909  -20.931  -25.435 0.4000000060
64081  37.502  -21.593  -28.583 0.3000000119
64082  36.071  -21.296  -28.729 0.4000000060
65038  43.679  -19.309  -25.191 0.3000000119
66050  42.443  -19.385  -25.437 0.4000000060
66056  42.755  -19.330  -25.420 0.4000000060
66934  39.415  -18.314  -29.128 0.4000000060
66935  38.833  -18.697  -28.898 0.4000000060
66937  34.087  -18.687  -28.669 0.3000000119
119934  45.442  -23.900  -27.851 0.3000000119
119935  44.552  -23.327  -27.423 0.3000000119
119937  44.669  -24.745  -27.975 0.4000000060
119938  45.202  -24.074  -28.369 0.3000000119
119939  45.427  -23.485  -27.873 0.3000000119
119941  45.295  -23.285  -27.687 0.3000000119
119942  44.083  -24.576  -27.873 0.4000000060
119946  41.977  -20.935  -27.689 0.4000000060
119956  45.249  -24.469  -28.004 0.3000000119
120301  42.504  -19.815  -25.473 0.4000000060
120334  40.444  -20.194  -26.271 0.5000000000
120360  44.468  -22.207  -28.446 0.3000000119
120482  43.984  -25.033  -28.364 0.4000000060
120494  45.518  -23.970  -28.010 0.3000000119
121250  45.255  -22.593  -27.843 0.3000000119
121322  35.064  -46.237  -28.192 0.5000000000
122957  40.741  -54.226  -23.781 0.6999999881
122970  42.588  -38.166  -31.390 0.8999999762
123099  42.112  -25.015  -30.158 0.4000000060
123244  41.171  -29.781  -30.887 0.8999999762
123784  43.458  -43.131  -25.573 0.8000000119
124007  51.257  -41.310  -21.132 0.4000000060
124204  43.676  -30.767  -20.971 0.6000000238
124479  40.445  -27.853  -27.722 0.6999999881
124834  39.891  -41.119  -32.238 0.8000000119
125062  47.248  -40.987  -19.996 0.4000000060
125141  37.558  -40.472  -29.556 0.6999999881
125172  38.300  -33.688  -29.886 1.0000000000
125335  33.895  -51.511  -28.349 0.4000000060
125652  40.960  -32.666  -27.138 0.8000000119
126008  44.722  -25.974  -22.250 0.3000000119
126409  46.084  -45.773  -28.575 0.6999999881
126854  40.978  -30.294  -30.228 1.0000000000
126938  41.645  -41.894  -22.522 0.8000000119
127076  52.078  -44.243  -22.377 0.3000000119
127119  41.435  -42.759  -32.200 0.8000000119
127466  46.073  -43.072  -19.139 0.5000000000
127545  48.231  -42.209  -35.694 1.0000000000
127562  41.524  -41.932  -21.880 0.8000000119
127637  38.038  -22.046  -28.632 0.3000000119
127724  40.598  -31.709  -27.046 0.6999999881
127785  42.573  -45.537  -25.381 0.8000000119
128197  34.901  -36.082  -25.576 0.6999999881
128315  46.500  -41.550  -36.230 1.0000000000
128344  44.284  -46.757  -30.913 0.5000000000
128575  42.572  -43.017  -34.680 0.8000000119
128585  45.151  -42.729  -35.420 0.8000000119
128617  44.598  -44.754  -26.677 0.8000000119
128709  48.087  -49.559  -24.401 0.3000000119
129902  42.979  -36.303  -27.313 0.8000000119
130080  45.465  -38.078  -19.758 0.4000000060
130231  45.995  -33.900  -20.488 0.3000000119
130462  42.547  -29.065  -21.560 0.6000000238
130605  41.246  -37.993  -22.588 0.6000000238
131238  45.286  -56.765  -25.570 0.4000000060
131243  37.510  -43.539  -26.317 0.5000000000
131385  39.991  -26.145  -30.769 0.5000000000
131483  41.621  -42.876  -20.043 0.6999999881
131514  42.732  -48.136  -21.040 0.6000000238
131603  35.187  -48.002  -31.802 0.4000000060
131648  41.255  -38.180  -21.887 0.6000000238
131652  37.890  -44.158  -25.869 0.6000000238
131705  31.719  -50.813  -29.008 0.3000000119
132155  41.770  -49.005  -21.565 0.5000000000
132159  44.955  -34.831  -20.184 0.5000000000
132267  40.512  -29.023  -28.489 0.8000000119
133067  40.937  -20.010  -25.675 0.4000000060
133429  35.040  -25.231  -28.689 0.6000000238
133652  40.604  -31.155  -28.601 0.8000000119
133741  40.407  -29.066  -24.711 0.6999999881
134836  42.827  -31.728  -21.239 0.6999999881
135104  49.861  -39.713  -24.918 0.3000000119
135184  32.140  -53.219  -30.875 0.4000000060
135247  33.300  -53.117  -29.022 0.4000000060
135409  40.751  -52.907  -24.019 0.6000000238
135495  41.960  -39.319  -30.384 0.8999999762
135612  32.349  -29.976  -26.634 0.5000000000
135882  43.730  -36.429  -29.820 1.0000000000
136674  44.600  -24.093  -29.033 0.3000000119
136767  41.251  -24.049  -28.095 0.5000000000
137873  45.036  -22.446  -27.544 0.3000000119
137924  41.546  -33.689  -26.590 0.8000000119
138021  42.448  -43.083  -18.877 0.6999999881
138524  43.668  -42.267  -35.163 0.8000000119
138646  39.291  -43.911  -26.440 0.4000000060
139555  41.032  -27.965  -30.430 0.8000000119
139670  40.616  -42.382  -29.505 0.6999999881
140216  43.755  -29.493  -21.305 0.6000000238
140319  35.580  -31.817  -26.666 0.8000000119
140791  44.279  -22.128  -27.296 0.3000000119
141091  43.491  -39.580  -18.752 0.5000000000
141307  47.856  -50.179  -24.483 0.3000000119
141418  42.136  -52.191  -27.930 0.5000000000
142398  33.254  -25.009  -28.759 0.6000000238
142434  44.974  -52.196  -22.653 0.4000000060
142471  41.484  -45.608  -20.844 0.6000000238
142916  47.777  -47.199  -32.583 0.5000000000
142976  38.048  -42.437  -31.618 0.6000000238
143280  34.071  -33.282  -25.861 0.6999999881
143520  45.718  -40.292  -31.573 0.8999999762
143662  46.826  -32.110  -21.295 0.3000000119
143691  34.643  -27.402  -29.402 0.8000000119
143914  43.453  -51.521  -21.992 0.4000000060
143932  43.164  -25.584  -28.996 0.4000000060
144013  30.620  -15.049  -29.544 0.3000000119
144020  38.558  -34.150  -29.664 1.0000000000
144656  46.374  -49.544  -23.332 0.4000000060
144706  48.090  -52.996  -24.914 0.4000000060
144851  34.063  -29.904  -27.410 0.8000000119
144945  41.583  -45.136  -20.480 0.6999999881
145068  46.298  -34.308  -20.560 0.3000000119
145128  40.646  -26.282  -24.340 0.6000000238
145217  31.830  -28.157  -28.298 0.6000000238
145370  42.147  -48.851  -26.854 0.6000000238
145639  41.786  -42.490  -19.550 0.6999999881
