#!ascii label  , from subject sub-v2s17x50051_ses-1 vox2ras=TkReg
1540
7809  25.353  -82.240  -31.417 0.5000000000
15348  17.597  -72.661  -21.247 0.6000000238
15349  16.760  -72.886  -21.624 0.6000000238
14566  16.037  -73.284  -22.108 0.6000000238
15367  16.414  -72.498  -22.506 0.6999999881
15368  15.658  -72.897  -23.006 0.6000000238
16233  16.866  -71.695  -22.962 0.6999999881
15382  16.052  -72.126  -23.365 0.6000000238
10713  15.868  -78.354  -27.867 0.5000000000
11499  14.666  -76.568  -31.149 0.6000000238
12185  14.190  -76.811  -30.589 0.6000000238
10728  15.139  -78.373  -28.576 0.5000000000
10760  16.151  -77.268  -31.581 0.5000000000
11497  15.437  -76.871  -31.582 0.4000000060
10761  14.680  -77.987  -30.474 0.5000000000
10746  14.449  -78.232  -30.076 0.6000000238
10633  18.970  -78.149  -20.955 0.5000000000
141598  20.633  -80.944  -29.481 0.4000000060
11374  18.550  -77.382  -20.610 0.5000000000
10622  18.051  -78.145  -20.587 0.5000000000
139614  18.251  -76.742  -20.293 0.6000000238
13646  17.495  -74.702  -20.090 0.6000000238
14520  18.828  -73.182  -20.714 0.6000000238
15346  19.370  -72.489  -20.904 0.6999999881
14544  17.105  -73.415  -20.801 0.6000000238
16212  18.065  -71.945  -21.623 0.6999999881
17134  20.725  -70.822  -22.309 0.6000000238
16231  18.537  -71.355  -22.138 0.6999999881
17133  21.402  -70.550  -22.608 0.6000000238
17135  19.938  -70.693  -22.520 0.6000000238
16251  18.171  -71.078  -22.808 0.6999999881
18076  20.982  -69.653  -23.713 0.6999999881
15384  14.606  -72.933  -24.251 0.6000000238
10712  16.659  -78.283  -27.295 0.5000000000
11452  15.380  -77.514  -28.130 0.6000000238
11451  16.069  -77.631  -27.557 0.5000000000
12210  15.159  -75.719  -32.350 0.6000000238
12198  14.568  -75.566  -31.556 0.6999999881
12175  14.235  -76.880  -29.778 0.6000000238
10759  17.064  -77.617  -30.943 0.4000000060
12123  19.161  -76.803  -21.818 0.5000000000
142330  19.437  -77.464  -21.742 0.5000000000
8532  23.436  -81.693  -29.731 0.5000000000
12113  18.734  -76.539  -20.875 0.5000000000
136444  19.645  -74.589  -21.723 0.6999999881
12878  18.637  -75.522  -20.800 0.6000000238
13664  20.114  -74.070  -21.441 0.6999999881
13644  18.870  -73.904  -20.726 0.6000000238
13666  18.712  -74.673  -20.754 0.6000000238
14542  19.683  -73.392  -20.914 0.6999999881
14521  18.353  -73.706  -20.559 0.6000000238
15345  20.248  -72.552  -21.114 0.6999999881
16228  21.347  -71.719  -21.801 0.6000000238
16209  20.638  -71.846  -21.487 0.6000000238
122208  22.044  -71.226  -22.235 0.6000000238
16210  19.831  -71.793  -21.301 0.6000000238
134577  23.387  -70.452  -23.299 0.6000000238
17179  22.838  -69.864  -23.944 0.6999999881
16268  15.824  -71.120  -24.528 0.6999999881
15398  14.287  -72.726  -24.863 0.5000000000
17158  19.703  -70.191  -23.338 0.6999999881
17159  18.142  -70.700  -23.454 0.6999999881
16254  15.752  -71.780  -24.030 0.6000000238
138044  15.573  -75.901  -28.118 0.5000000000
12166  15.850  -76.690  -27.581 0.5000000000
11445  16.568  -77.356  -27.057 0.5000000000
12959  14.723  -75.200  -30.586 0.6999999881
12167  14.934  -76.556  -28.662 0.6000000238
12209  16.180  -75.484  -32.701 0.5000000000
12984  14.754  -75.023  -32.454 0.6999999881
138371  14.727  -74.726  -31.865 0.6999999881
12184  14.320  -76.169  -30.608 0.6000000238
124720  14.526  -76.040  -29.696 0.6000000238
11474  18.128  -77.529  -29.805 0.4000000060
11475  17.640  -77.346  -30.416 0.4000000060
11491  15.783  -76.393  -32.045 0.5000000000
12135  18.820  -76.092  -23.132 0.5000000000
12890  19.412  -74.958  -22.477 0.5000000000
12905  18.965  -75.430  -23.109 0.5000000000
135431  18.885  -75.862  -21.600 0.5000000000
13686  20.221  -74.558  -22.282 0.6000000238
12877  19.070  -75.003  -21.513 0.5000000000
14564  21.602  -73.878  -22.106 0.6999999881
13682  23.654  -74.088  -22.697 0.6000000238
14563  22.333  -73.698  -22.309 0.6999999881
14541  20.602  -73.356  -21.316 0.6999999881
14561  24.283  -73.395  -22.524 0.6000000238
15364  22.703  -72.899  -22.151 0.6000000238
15344  21.164  -72.593  -21.509 0.6999999881
15381  26.468  -72.222  -22.887 0.6999999881
141836  23.314  -72.464  -22.308 0.6000000238
125293  22.010  -72.250  -21.883 0.6000000238
16249  25.549  -71.261  -23.400 0.6000000238
15361  25.467  -71.942  -22.821 0.6999999881
17132  23.032  -71.042  -22.561 0.6999999881
17191  26.175  -70.362  -24.640 0.6000000238
17155  25.187  -70.903  -23.919 0.6000000238
16250  24.807  -71.290  -23.158 0.6999999881
16278  14.612  -71.610  -25.603 0.6000000238
126246  24.325  -70.714  -23.624 0.6999999881
17182  17.292  -70.271  -24.642 0.6999999881
142569  14.748  -71.753  -24.990 0.6000000238
18108  25.855  -70.022  -25.638 0.6999999881
17177  24.773  -70.609  -24.593 0.6000000238
17178  23.831  -70.253  -24.289 0.8000000119
18075  21.851  -69.682  -23.787 0.6999999881
18096  20.431  -69.390  -24.328 0.6999999881
17180  18.803  -70.173  -23.899 0.6999999881
12160  16.595  -76.479  -26.819 0.6000000238
133433  15.265  -74.274  -31.324 0.6999999881
12958  15.584  -74.682  -29.842 0.6999999881
12174  15.159  -75.556  -29.134 0.6000000238
13840  16.498  -74.411  -33.094 0.5000000000
13829  15.949  -74.009  -32.904 0.6999999881
12183  17.889  -76.806  -30.427 0.4000000060
12197  17.196  -76.094  -31.797 0.5000000000
12146  18.554  -75.802  -23.895 0.5000000000
11429  18.646  -76.807  -24.336 0.5000000000
12915  18.743  -75.045  -23.930 0.5000000000
13706  19.770  -74.703  -23.125 0.6000000238
13719  21.882  -74.852  -24.316 0.6000000238
13705  20.506  -74.582  -23.274 0.6999999881
123695  22.735  -75.071  -23.915 0.6999999881
13703  22.329  -74.722  -23.380 0.6999999881
13681  24.618  -74.192  -22.796 0.6000000238
125979  24.100  -74.803  -23.292 0.6000000238
13683  22.759  -74.234  -22.770 0.6999999881
142802  27.630  -72.968  -22.905 0.6999999881
137374  26.853  -73.058  -22.781 0.6999999881
14584  25.505  -74.151  -22.801 0.6999999881
17213  15.971  -70.868  -27.135 0.6000000238
16247  27.905  -71.573  -23.113 0.6000000238
124610  27.351  -72.290  -22.948 0.6999999881
15362  24.841  -72.710  -22.562 0.6999999881
140437  26.940  -67.729  -23.494 0.6000000238
18091  27.058  -69.538  -23.840 0.6000000238
18074  27.724  -69.200  -23.459 0.6000000238
120691  27.505  -70.827  -23.376 0.6000000238
16248  27.046  -71.525  -23.156 0.6999999881
17207  15.679  -70.623  -26.255 0.6000000238
19012  26.501  -69.079  -24.493 0.6000000238
17175  26.936  -70.241  -23.867 0.6000000238
19025  19.732  -68.794  -25.601 0.6999999881
123902  18.121  -69.051  -26.148 0.6000000238
17195  16.861  -70.080  -25.349 0.6999999881
17197  15.649  -70.714  -25.369 0.6000000238
19859  26.540  -67.136  -23.835 0.5000000000
19885  26.003  -68.467  -25.144 0.6000000238
126716  25.358  -70.092  -26.284 0.8000000119
17205  24.517  -70.167  -26.527 0.8000000119
18110  22.619  -69.391  -25.691 0.8000000119
18111  21.643  -68.995  -25.384 0.8000000119
18113  19.760  -69.200  -24.850 0.6999999881
18098  18.172  -69.840  -24.666 0.6999999881
17194  24.377  -70.320  -25.472 0.8000000119
18093  23.264  -69.811  -24.998 0.8000000119
12949  15.959  -75.167  -28.460 0.6999999881
12948  16.794  -74.889  -27.746 0.6999999881
12932  16.820  -75.812  -26.574 0.6999999881
11444  17.126  -77.212  -26.450 0.6000000238
13828  17.032  -73.839  -32.558 0.6999999881
12931  17.269  -75.550  -26.043 0.6000000238
12982  17.622  -74.407  -32.821 0.6000000238
12153  17.601  -76.190  -25.504 0.5000000000
12923  17.774  -75.276  -25.398 0.5000000000
143944  12.712  -67.894  -27.269 0.6000000238
12922  18.335  -74.987  -24.664 0.5000000000
19051  13.429  -68.581  -28.236 0.5000000000
13741  19.355  -74.087  -25.005 0.5000000000
19062  15.359  -68.978  -29.870 0.6000000238
122146  21.028  -74.408  -25.219 0.6999999881
128152  20.202  -74.249  -24.796 0.6000000238
128210  23.659  -75.318  -24.885 0.6999999881
13720  20.804  -74.516  -24.179 0.6999999881
17233  16.401  -71.042  -30.441 0.6000000238
123756  25.047  -74.821  -23.315 0.6999999881
13717  24.484  -75.284  -24.146 0.6000000238
14581  28.334  -73.342  -23.202 0.6999999881
13699  27.997  -74.469  -23.589 0.6999999881
13701  25.984  -74.783  -23.305 0.6999999881
141650  16.776  -71.124  -28.358 0.6000000238
17223  16.847  -71.270  -29.432 0.6000000238
16246  28.767  -71.626  -23.247 0.6000000238
14582  27.382  -73.782  -23.014 0.6999999881
18138  17.462  -69.906  -27.413 0.6000000238
16295  15.464  -71.710  -29.039 0.6000000238
18072  29.298  -69.278  -23.341 0.6000000238
125877  28.897  -70.006  -23.318 0.6000000238
18137  19.002  -69.528  -27.914 0.6999999881
18126  17.455  -69.481  -26.518 0.6000000238
18139  16.925  -69.925  -26.832 0.6000000238
18996  28.023  -68.548  -23.174 0.6000000238
135971  23.209  -69.635  -27.572 0.6000000238
123746  22.216  -69.296  -27.533 0.6000000238
19032  20.425  -68.731  -26.721 0.6999999881
140490  18.533  -68.921  -26.538 0.6000000238
18127  16.868  -69.869  -26.062 0.6000000238
17220  24.118  -69.748  -27.746 0.6000000238
18124  21.977  -68.981  -26.395 0.8000000119
17203  25.036  -69.896  -26.748 0.6000000238
18122  23.872  -69.919  -27.076 0.6999999881
19023  21.045  -68.693  -26.096 0.8000000119
145548  17.398  -74.235  -29.423 0.6999999881
121825  17.638  -74.465  -28.319 0.6999999881
13827  17.965  -73.760  -31.876 0.6999999881
141327  17.195  -73.859  -30.833 0.6999999881
13778  17.568  -74.586  -27.010 0.6000000238
13761  17.591  -74.780  -26.114 0.6000000238
20769  13.799  -67.024  -26.427 0.6000000238
19887  12.748  -67.598  -25.845 0.6000000238
19901  14.075  -67.306  -27.474 0.6000000238
20770  13.168  -67.357  -26.694 0.6000000238
13743  18.172  -74.490  -25.500 0.6000000238
19910  14.512  -67.747  -28.109 0.5000000000
13757  21.440  -74.440  -26.143 0.6999999881
13740  20.106  -74.077  -25.524 0.6999999881
19061  16.246  -68.607  -30.048 0.4000000060
19926  14.943  -68.288  -28.888 0.5000000000
137381  23.735  -75.325  -25.700 0.6999999881
13739  22.979  -75.164  -25.581 0.8000000119
19081  16.058  -69.438  -30.624 0.5000000000
138167  25.076  -75.343  -24.756 0.6000000238
13718  22.802  -75.139  -24.680 0.6999999881
17243  16.958  -70.445  -30.860 0.6000000238
13715  26.387  -75.230  -24.043 0.6999999881
17221  18.293  -70.661  -29.986 0.6999999881
125267  17.130  -70.987  -30.354 0.6000000238
15396  29.917  -72.998  -24.274 0.6999999881
14597  29.385  -73.901  -24.221 0.6999999881
125044  19.303  -70.042  -29.599 0.5000000000
17212  17.441  -70.726  -28.448 0.6000000238
17173  30.434  -70.451  -24.527 0.6000000238
16245  29.504  -71.745  -23.581 0.6000000238
15379  28.951  -72.468  -23.325 0.6999999881
18153  18.163  -70.033  -28.126 0.6999999881
17150  30.074  -70.170  -23.831 0.6000000238
138754  29.410  -70.769  -23.475 0.6000000238
18135  20.765  -69.658  -28.584 0.5000000000
18136  19.915  -69.608  -28.263 0.6000000238
18995  28.886  -68.570  -23.117 0.6000000238
18147  24.069  -69.460  -28.541 0.6000000238
18133  22.876  -69.562  -28.358 0.5000000000
19040  19.727  -69.003  -27.299 0.6999999881
19900  24.650  -68.202  -27.888 0.6000000238
122345  18.039  -74.233  -29.511 0.6999999881
13793  18.663  -74.369  -28.465 0.6999999881
13777  18.412  -74.318  -27.292 0.6000000238
13760  18.194  -74.196  -26.289 0.6000000238
20755  14.539  -66.654  -25.929 0.4000000060
124046  13.579  -67.846  -24.922 0.5000000000
13759  19.122  -74.033  -26.489 0.6000000238
20783  15.221  -66.678  -27.322 0.5000000000
19877  12.703  -68.033  -25.246 0.6000000238
122143  20.755  -74.215  -26.842 0.6999999881
13775  21.750  -74.567  -27.051 0.6999999881
122145  19.437  -73.936  -25.774 0.6000000238
123872  15.333  -67.587  -28.400 0.5000000000
13754  24.334  -75.344  -26.339 0.6999999881
19060  17.035  -68.355  -30.299 0.4000000060
122718  29.168  -75.098  -25.708 0.6999999881
13735  27.706  -75.360  -25.233 0.6999999881
128151  26.908  -75.381  -26.073 0.6999999881
19079  17.463  -69.173  -30.899 0.6000000238
14607  30.478  -73.570  -25.737 0.6999999881
141114  29.999  -74.521  -25.810 0.6999999881
13714  27.329  -75.133  -24.214 0.6999999881
13736  26.694  -75.397  -25.041 0.6999999881
19077  19.282  -69.084  -30.898 0.5000000000
18167  18.305  -70.312  -30.671 0.5000000000
16266  30.434  -71.400  -24.647 0.6000000238
138338  30.349  -73.083  -25.046 0.6999999881
14608  29.987  -73.821  -24.960 0.6999999881
139717  28.117  -75.053  -24.388 0.6999999881
18165  19.484  -69.827  -30.169 0.5000000000
19010  30.480  -68.427  -24.696 0.5000000000
18107  30.606  -69.758  -25.477 0.6000000238
16267  30.062  -72.018  -24.063 0.6000000238
13792  19.623  -74.325  -28.873 0.6999999881
13776  19.342  -74.252  -27.596 0.6999999881
19875  14.832  -67.303  -24.681 0.4000000060
13791  20.657  -74.342  -28.801 0.6999999881
19863  13.972  -68.287  -24.277 0.4000000060
128148  20.271  -74.227  -27.787 0.6999999881
19013  13.170  -68.508  -24.482 0.6000000238
13774  22.684  -74.938  -27.204 0.8000000119
128104  22.106  -74.629  -27.982 0.6999999881
13772  25.664  -75.280  -27.542 0.6000000238
123526  23.680  -75.174  -27.312 0.6000000238
18050  13.012  -69.895  -22.049 0.6000000238
138099  27.749  -75.344  -26.314 0.6999999881
13752  26.249  -75.330  -26.832 0.6999999881
13753  25.358  -75.341  -26.614 0.6000000238
13749  30.162  -74.709  -26.619 0.6000000238
16282  30.921  -72.040  -26.413 0.6000000238
16198  12.596  -71.795  -21.140 0.5000000000
17190  30.683  -70.789  -25.424 0.6000000238
16276  30.696  -71.713  -25.532 0.6999999881
125571  30.529  -68.961  -25.984 0.5000000000
13790  21.556  -74.432  -28.811 0.6999999881
19847  15.075  -68.075  -23.285 0.4000000060
128105  23.039  -74.898  -28.140 0.8000000119
18998  13.577  -68.862  -23.719 0.5000000000
13787  25.128  -75.199  -28.280 0.8000000119
144522  13.604  -69.431  -22.339 0.4000000060
18982  14.659  -68.651  -22.692 0.4000000060
13773  24.712  -75.262  -27.405 0.6999999881
17119  13.392  -70.216  -21.232 0.4000000060
18078  13.102  -69.425  -23.007 0.5000000000
14620  30.885  -73.806  -27.258 0.6000000238
13751  28.639  -75.333  -26.448 0.6000000238
13770  27.906  -75.320  -27.264 0.6999999881
17111  14.515  -70.398  -20.200 0.4000000060
121140  31.076  -72.280  -27.148 0.6000000238
15414  30.882  -73.071  -26.593 0.6000000238
16197  13.241  -71.596  -20.679 0.4000000060
17120  12.760  -70.584  -21.529 0.6000000238
17202  30.879  -71.101  -26.339 0.6000000238
125532  30.625  -69.445  -26.721 0.5000000000
19029  30.497  -68.475  -26.688 0.5000000000
18981  15.386  -68.283  -22.448 0.4000000060
13788  23.321  -74.703  -29.114 0.8000000119
18973  14.947  -68.806  -21.857 0.4000000060
129777  24.105  -75.061  -28.369 0.6999999881
18048  14.478  -69.334  -21.322 0.4000000060
13784  27.625  -75.315  -28.190 0.6000000238
13771  26.486  -75.253  -27.709 0.6999999881
13768  30.007  -75.153  -27.291 0.6000000238
13769  28.987  -75.382  -27.184 0.6000000238
18029  15.264  -70.158  -19.833 0.4000000060
17105  14.286  -71.190  -19.899 0.4000000060
121139  31.026  -71.425  -27.225 0.6000000238
16188  14.017  -72.120  -19.676 0.4000000060
18120  30.830  -70.389  -27.224 0.4000000060
18972  15.780  -68.442  -21.593 0.4000000060
13786  25.484  -75.124  -29.076 0.6999999881
18964  15.989  -68.816  -20.714 0.4000000060
12947  27.386  -75.362  -29.101 0.6999999881
13785  26.758  -75.250  -28.538 0.6000000238
18038  15.585  -69.431  -20.252 0.4000000060
13767  30.737  -74.568  -27.881 0.6000000238
13783  29.275  -75.467  -27.939 0.6000000238
16187  14.764  -71.765  -19.005 0.4000000060
121312  31.157  -71.931  -27.991 0.6000000238
16177  15.028  -72.044  -18.105 0.3000000119
122155  30.714  -70.071  -28.118 0.4000000060
18145  30.447  -69.366  -28.582 0.4000000060
17219  30.609  -70.193  -28.899 0.4000000060
18028  16.062  -69.932  -19.538 0.4000000060
17103  15.787  -70.712  -19.042 0.4000000060
121685  31.372  -73.097  -28.899 0.6000000238
16293  31.271  -72.005  -28.969 0.6000000238
16303  31.044  -71.622  -30.024 0.6000000238
18159  30.310  -69.624  -29.582 0.4000000060
17241  30.173  -69.984  -30.577 0.5000000000
19056  30.135  -68.389  -30.160 0.4000000060
18008  11.512  -69.746  -17.362 0.3000000119
18175  30.032  -69.170  -30.301 0.4000000060
18950  18.619  -68.467  -19.070 0.4000000060
18917  13.827  -69.008  -16.610 0.3000000119
18953  10.000  -68.470  -19.082 0.4000000060
19814  19.712  -67.618  -19.311 0.4000000060
18912  18.080  -68.165  -16.899 0.4000000060
19782  15.010  -68.043  -16.476 0.3000000119
19781  15.939  -67.864  -16.383 0.3000000119
18939  12.016  -68.251  -18.004 0.3000000119
18929  12.555  -68.656  -17.437 0.3000000119
18941  10.620  -68.669  -18.539 0.3000000119
19790  19.389  -67.461  -17.574 0.4000000060
19779  17.821  -67.534  -16.607 0.4000000060
18913  17.391  -68.292  -16.648 0.4000000060
18927  14.120  -68.188  -16.767 0.3000000119
19794  12.734  -67.873  -17.727 0.3000000119
20718  9.218  -66.263  -22.341 0.4000000060
131709  9.083  -64.881  -23.423 0.3000000119
22662  9.517  -64.198  -23.565 0.3000000119
19804  12.180  -67.455  -18.412 0.3000000119
19805  11.413  -67.923  -18.772 0.3000000119
20657  18.366  -66.819  -16.623 0.4000000060
19780  16.877  -67.540  -16.446 0.4000000060
20648  16.126  -67.030  -16.561 0.3000000119
19791  15.290  -67.233  -16.688 0.3000000119
141545  14.021  -66.894  -17.470 0.3000000119
20707  9.555  -66.701  -21.485 0.3000000119
19803  12.864  -67.036  -18.044 0.3000000119
21639  9.486  -65.555  -22.987 0.3000000119
19816  11.750  -67.120  -19.026 0.3000000119
22638  10.812  -64.697  -23.073 0.4000000060
21654  9.942  -64.844  -23.367 0.3000000119
22637  11.487  -64.068  -22.964 0.3000000119
22661  10.288  -64.132  -23.542 0.3000000119
20647  16.798  -66.733  -16.511 0.4000000060
20658  16.299  -66.195  -16.871 0.4000000060
20660  14.751  -66.561  -17.336 0.3000000119
143592  10.105  -66.382  -21.423 0.4000000060
20670  13.963  -66.321  -17.968 0.3000000119
20706  10.557  -66.212  -21.256 0.3000000119
21624  10.911  -65.367  -22.350 0.4000000060
143983  10.879  -65.759  -21.665 0.4000000060
23715  11.275  -63.129  -23.397 0.3000000119
21575  17.545  -65.411  -16.992 0.4000000060
21577  16.161  -65.446  -17.459 0.4000000060
21591  15.428  -65.144  -17.875 0.4000000060
21593  13.713  -65.710  -18.619 0.4000000060
20671  13.199  -66.335  -18.421 0.3000000119
21612  12.473  -65.384  -20.232 0.3000000119
21613  11.844  -65.703  -20.675 0.3000000119
123248  12.190  -65.131  -21.096 0.3000000119
131246  12.613  -63.944  -21.664 0.5000000000
21622  11.966  -64.835  -21.773 0.4000000060
22636  12.110  -64.191  -22.210 0.4000000060
24770  11.853  -62.362  -23.032 0.3000000119
22559  16.071  -64.826  -17.851 0.4000000060
22572  15.600  -64.457  -18.283 0.4000000060
21605  14.132  -65.061  -18.798 0.3000000119
23670  14.014  -63.566  -19.986 0.3000000119
123804  14.044  -63.073  -20.418 0.3000000119
24734  14.305  -62.458  -20.545 0.3000000119
21606  13.501  -65.208  -19.172 0.3000000119
22588  13.741  -64.645  -19.418 0.3000000119
22615  12.971  -64.071  -21.023 0.3000000119
24735  13.645  -62.846  -21.025 0.3000000119
24741  13.799  -62.047  -21.217 0.3000000119
22601  12.756  -64.731  -20.634 0.3000000119
144402  12.818  -63.080  -21.989 0.3000000119
24751  12.511  -62.827  -22.435 0.3000000119
123002  12.057  -60.913  -23.110 0.3000000119
23637  19.495  -63.752  -17.611 0.3000000119
22556  18.665  -64.268  -17.400 0.3000000119
22570  17.144  -64.033  -17.862 0.3000000119
24712  16.914  -62.844  -18.765 0.3000000119
24723  16.455  -62.391  -19.326 0.3000000119
25699  15.411  -61.347  -20.411 0.3000000119
22571  16.351  -64.246  -18.100 0.3000000119
23661  16.147  -63.104  -19.017 0.3000000119
24725  14.721  -62.996  -19.895 0.3000000119
24733  15.085  -62.153  -20.128 0.3000000119
25700  14.567  -61.664  -20.760 0.3000000119
25709  14.055  -61.231  -21.492 0.3000000119
24742  13.142  -62.569  -21.840 0.3000000119
25724  13.613  -60.841  -22.333 0.3000000119
24750  12.632  -62.001  -22.522 0.3000000119
25725  12.893  -61.141  -22.699 0.3000000119
23635  21.056  -63.313  -17.789 0.3000000119
23638  18.669  -63.582  -17.845 0.3000000119
23650  17.398  -63.314  -18.250 0.3000000119
24722  17.243  -62.168  -19.077 0.3000000119
25691  15.951  -61.881  -19.849 0.3000000119
25708  14.864  -60.865  -21.084 0.3000000119
26689  14.394  -60.517  -21.952 0.3000000119
26699  14.011  -60.262  -22.907 0.3000000119
26716  12.654  -60.255  -23.393 0.3000000119
25698  16.298  -61.063  -20.131 0.3000000119
26682  15.750  -60.549  -20.779 0.3000000119
26698  14.780  -59.898  -22.580 0.3000000119
27674  14.357  -59.687  -23.564 0.3000000119
25742  12.666  -60.627  -23.145 0.3000000119
27692  13.828  -59.433  -24.184 0.3000000119
26681  16.731  -60.171  -20.522 0.3000000119
26687  16.063  -59.827  -21.291 0.3000000119
27662  15.613  -59.540  -22.221 0.3000000119
26680  17.725  -60.156  -20.168 0.3000000119
27649  16.735  -59.470  -21.098 0.3000000119
27661  16.409  -59.210  -21.852 0.3000000119
27672  16.101  -58.985  -22.888 0.3000000119
27673  15.229  -59.325  -23.316 0.3000000119
27691  14.748  -59.057  -24.326 0.3000000119
27705  13.572  -58.807  -24.454 0.3000000119
8538  24.328  -81.886  -30.717 0.5000000000
8541  21.690  -81.365  -30.741 0.5000000000
8534  21.396  -81.313  -29.562 0.4000000060
16232  17.717  -71.536  -22.440 0.6999999881
16253  16.355  -71.457  -23.784 0.6999999881
10744  18.437  -78.184  -29.453 0.4000000060
143343  21.969  -81.477  -29.225 0.5000000000
16227  22.795  -71.939  -22.202 0.6000000238
12914  19.196  -74.837  -23.531 0.5000000000
16225  24.444  -71.854  -22.616 0.6000000238
13755  23.285  -75.187  -26.416 0.8000000119
13758  19.990  -74.057  -26.245 0.6999999881
128149  25.167  -75.375  -25.624 0.6000000238
125760  30.547  -68.949  -25.238 0.5000000000
13734  28.638  -75.133  -24.996 0.6999999881
17113  13.241  -70.894  -20.933 0.4000000060
19021  30.498  -68.184  -25.747 0.5000000000
15426  31.265  -72.683  -28.280 0.6000000238
125531  30.455  -68.715  -27.709 0.4000000060
14626  31.199  -74.142  -28.767 0.6000000238
16162  15.352  -71.452  -17.680 0.3000000119
17231  30.509  -70.291  -29.709 0.4000000060
18936  19.100  -68.029  -17.867 0.4000000060
22557  17.801  -64.613  -17.413 0.3000000119
24696  19.935  -62.958  -17.952 0.3000000119
130631  27.956  -75.725  -30.127 0.5000000000
12972  26.118  -75.241  -30.407 0.5000000000
142024  25.714  -75.122  -29.943 0.6999999881
13823  24.275  -74.731  -30.443 0.6999999881
13808  21.874  -74.378  -29.732 0.6000000238
144391  26.998  -75.378  -29.626 0.5000000000
139907  26.136  -75.223  -29.095 0.6000000238
128862  24.146  -74.875  -29.451 0.6000000238
139216  19.776  -74.105  -31.077 0.6000000238
13811  18.390  -73.978  -30.686 0.6000000238
13834  24.294  -74.620  -31.536 0.6999999881
13825  21.868  -74.317  -31.476 0.6000000238
122139  20.533  -74.236  -30.927 0.6000000238
13824  22.806  -74.398  -31.022 0.6999999881
122141  22.123  -74.351  -30.538 0.6000000238
136189  19.297  -74.212  -30.316 0.6000000238
12955  28.164  -75.595  -29.479 0.5000000000
13845  23.075  -74.595  -32.725 0.6999999881
13837  21.565  -74.403  -32.403 0.6999999881
13838  20.687  -74.471  -32.572 0.6000000238
121996  19.941  -74.168  -32.023 0.6000000238
12980  24.508  -74.814  -32.358 0.6000000238
13835  23.364  -74.470  -31.889 0.6999999881
13826  20.967  -74.238  -31.800 0.6000000238
12979  25.248  -75.061  -32.248 0.6000000238
134446  30.459  -75.645  -30.231 0.5000000000
12946  28.470  -75.515  -28.611 0.5000000000
127593  24.700  -75.301  -32.983 0.6999999881
13846  22.203  -74.661  -32.845 0.6000000238
121000  18.234  -73.966  -32.528 0.6000000238
120762  30.982  -75.136  -30.406 0.5000000000
12954  29.905  -75.818  -29.567 0.5000000000
15443  30.840  -72.566  -32.154 0.5000000000
12953  30.616  -75.354  -29.550 0.5000000000
16316  30.574  -71.570  -31.983 0.4000000060
14567  15.266  -73.807  -22.669 0.4000000060
14545  16.409  -73.534  -21.338 0.4000000060
14546  15.824  -74.150  -21.607 0.4000000060
122684  16.498  -74.080  -20.787 0.5000000000
13647  16.745  -74.609  -20.319 0.5000000000
13667  16.096  -74.920  -20.814 0.5000000000
144058  31.422  -73.173  -30.474 0.5000000000
134022  16.788  -75.421  -20.118 0.5000000000
10644  16.242  -78.535  -21.926 0.6000000238
15441  31.131  -72.256  -30.972 0.4000000060
12862  17.587  -75.615  -19.953 0.5000000000
136056  16.735  -76.381  -20.296 0.5000000000
135767  16.729  -78.080  -21.074 0.5000000000
12892  14.681  -75.193  -22.741 0.5000000000
13668  15.547  -74.946  -21.585 0.5000000000
129817  14.787  -76.046  -22.652 0.5000000000
12125  15.391  -76.287  -21.968 0.5000000000
11403  15.048  -77.023  -22.630 0.5000000000
12114  16.014  -76.580  -21.135 0.5000000000
129628  15.653  -77.033  -21.906 0.5000000000
11402  15.622  -77.762  -22.259 0.5000000000
127938  31.370  -72.589  -29.819 0.5000000000
11390  16.638  -77.250  -20.730 0.5000000000
17254  29.913  -70.860  -33.088 0.4000000060
16312  30.738  -71.355  -30.912 0.4000000060
17249  30.076  -70.776  -32.333 0.4000000060
15410  13.832  -72.886  -25.573 0.5000000000
12136  14.356  -76.618  -23.267 0.5000000000
14633  31.411  -73.648  -29.663 0.5000000000
121625  30.593  -70.800  -30.281 0.4000000060
16289  14.817  -71.872  -27.456 0.5000000000
15422  13.636  -72.745  -27.619 0.5000000000
14634  12.762  -72.937  -28.603 0.5000000000
15416  13.668  -72.775  -26.602 0.5000000000
17242  29.874  -70.101  -31.676 0.4000000060
15421  14.284  -72.360  -28.052 0.5000000000
15428  13.556  -72.541  -28.499 0.5000000000
16305  14.660  -71.712  -29.270 0.5000000000
15434  12.910  -72.194  -28.928 0.5000000000
15435  12.437  -72.781  -28.851 0.5000000000
14636  11.640  -73.322  -29.112 0.4000000060
124847  14.159  -71.408  -29.291 0.5000000000
16308  11.651  -71.931  -29.151 0.6000000238
15436  11.199  -72.691  -29.270 0.6000000238
16304  15.278  -71.428  -29.725 0.5000000000
17237  12.929  -70.975  -29.033 0.5000000000
16307  12.540  -71.763  -29.040 0.5000000000
17239  11.111  -71.262  -28.814 0.6000000238
16310  9.687  -71.943  -29.128 0.6000000238
15438  9.171  -72.652  -29.424 0.6000000238
130221  8.700  -73.981  -29.988 0.5000000000
13817  7.796  -74.361  -29.755 0.5000000000
13818  6.824  -74.542  -29.353 0.5000000000
17235  14.750  -71.008  -29.828 0.5000000000
18170  14.018  -69.754  -29.273 0.5000000000
18155  12.655  -69.645  -28.500 0.5000000000
17225  11.462  -70.444  -28.466 0.5000000000
18156  10.843  -69.732  -27.793 0.6000000238
16298  9.125  -71.166  -28.696 0.6000000238
15429  8.647  -71.871  -29.000 0.6000000238
125269  8.708  -73.280  -29.634 0.6000000238
14638  7.047  -73.217  -29.003 0.5000000000
14611  7.386  -73.213  -25.419 0.5000000000
13799  5.733  -73.730  -28.363 0.5000000000
17245  15.103  -70.360  -30.405 0.5000000000
19064  13.888  -69.000  -28.773 0.5000000000
123077  11.873  -69.573  -28.127 0.6000000238
137984  11.380  -69.179  -27.586 0.6000000238
18141  9.875  -69.334  -27.209 0.6000000238
17228  8.555  -70.388  -28.169 0.6000000238
17215  8.011  -69.623  -27.530 0.6000000238
16299  8.099  -71.083  -28.571 0.6000000238
17229  7.478  -70.335  -27.977 0.6000000238
15430  7.721  -71.794  -28.771 0.6000000238
15431  6.784  -72.230  -28.572 0.5000000000
14639  6.401  -73.832  -28.922 0.5000000000
14630  5.628  -72.988  -28.097 0.5000000000
15423  5.651  -71.808  -27.333 0.5000000000
14623  5.405  -73.465  -27.858 0.5000000000
14617  5.806  -73.077  -26.570 0.5000000000
19043  11.502  -68.695  -27.220 0.6000000238
19045  10.355  -68.885  -26.745 0.6000000238
125043  9.473  -68.886  -26.426 0.6000000238
18128  8.322  -68.822  -26.192 0.6000000238
18142  8.689  -69.126  -27.022 0.6000000238
17216  6.935  -69.656  -27.299 0.6000000238
18118  7.370  -68.983  -25.908 0.6000000238
16290  6.440  -70.501  -27.663 0.5000000000
17200  6.245  -69.978  -26.299 0.5000000000
142153  5.757  -71.776  -27.703 0.5000000000
16280  6.341  -70.586  -25.591 0.5000000000
16279  6.889  -71.302  -24.987 0.6000000238
15417  5.743  -72.189  -26.472 0.5000000000
15411  7.110  -72.361  -25.185 0.5000000000
15400  8.156  -72.958  -25.033 0.5000000000
14599  9.504  -73.880  -24.520 0.5000000000
135859  10.012  -68.846  -25.777 0.6000000238
18101  9.236  -69.587  -24.495 0.6000000238
17198  7.478  -69.610  -24.932 0.6000000238
145777  6.886  -70.317  -25.032 0.6000000238
15401  7.778  -71.920  -24.740 0.6000000238
15399  9.044  -73.048  -24.643 0.5000000000
18100  10.726  -69.310  -24.542 0.6000000238
17185  7.551  -70.836  -24.612 0.6000000238
16270  9.219  -72.136  -24.203 0.6000000238
15386  9.722  -73.094  -24.112 0.5000000000
18079  12.303  -69.648  -23.377 0.6000000238
18099  11.309  -69.459  -24.157 0.6000000238
17162  11.075  -70.417  -23.152 0.6000000238
18082  9.456  -70.277  -23.889 0.6000000238
131058  9.000  -70.992  -23.923 0.6000000238
125995  9.978  -72.359  -23.636 0.5000000000
17138  11.612  -70.738  -22.454 0.6000000238
17163  10.524  -71.016  -23.134 0.6000000238
16234  11.471  -71.439  -22.249 0.6000000238
16256  9.641  -71.615  -23.721 0.6000000238
127190  11.313  -72.193  -22.261 0.6000000238
15350  11.814  -72.882  -21.691 0.5000000000
15330  12.522  -72.594  -21.052 0.4000000060
13809  21.032  -74.349  -29.785 0.6000000238
13807  22.679  -74.455  -29.874 0.6999999881
12945  29.554  -75.642  -28.707 0.5000000000
13781  30.748  -75.027  -28.770 0.5000000000
13831  31.291  -74.106  -31.610 0.5000000000
13802  31.397  -74.194  -30.614 0.5000000000
11415  15.096  -77.879  -22.872 0.6000000238
17226  10.529  -70.576  -28.296 0.6000000238
18157  9.992  -70.064  -27.767 0.6000000238
16300  7.082  -71.223  -28.261 0.6000000238
16285  5.785  -70.920  -26.531 0.5000000000
122369  10.054  -69.743  -24.215 0.6000000238
138372  8.772  -70.090  -24.094 0.6000000238
16235  10.877  -71.623  -22.752 0.6000000238
141458  11.220  -72.878  -22.351 0.6000000238
7808  25.986  -82.564  -31.022 0.4000000060
7799  27.036  -83.444  -28.453 0.5000000000
7797  26.628  -83.122  -27.607 0.5000000000
7800  26.561  -83.047  -28.808 0.4000000060
7804  26.038  -82.427  -30.018 0.4000000060
8525  24.649  -81.921  -28.844 0.4000000060
8537  25.378  -82.056  -30.469 0.4000000060
7788  27.158  -83.249  -26.552 0.5000000000
7089  27.457  -83.699  -27.641 0.5000000000
8511  25.551  -82.344  -27.945 0.5000000000
130285  23.969  -81.882  -27.813 0.5000000000
8531  24.475  -81.841  -29.689 0.4000000060
7789  26.458  -82.784  -26.333 0.5000000000
8496  25.183  -82.221  -26.678 0.5000000000
8512  24.641  -82.079  -27.256 0.5000000000
128481  22.896  -81.692  -27.869 0.5000000000
8526  23.659  -81.738  -28.794 0.4000000060
8515  22.030  -81.417  -27.896 0.4000000060
7776  25.682  -82.309  -25.887 0.5000000000
130336  24.932  -81.927  -25.743 0.5000000000
8487  24.480  -81.297  -25.222 0.5000000000
130726  23.429  -81.467  -26.229 0.5000000000
8514  22.303  -81.309  -27.059 0.5000000000
8528  21.655  -81.356  -28.645 0.4000000060
143414  18.243  -75.078  -32.839 0.5000000000
12196  18.417  -76.015  -31.789 0.4000000060
12182  18.782  -76.686  -30.120 0.4000000060
123808  18.805  -77.391  -29.333 0.4000000060
10727  19.197  -78.325  -28.770 0.4000000060
9222  23.081  -80.748  -25.933 0.5000000000
10726  20.000  -78.609  -28.204 0.4000000060
9972  19.564  -79.363  -28.677 0.4000000060
9243  20.145  -80.371  -28.878 0.4000000060
9946  22.909  -79.732  -26.069 0.4000000060
9223  22.443  -80.570  -26.465 0.5000000000
9242  20.916  -80.988  -28.694 0.4000000060
144596  21.796  -81.138  -27.414 0.4000000060
138277  20.400  -77.191  -28.945 0.4000000060
11459  19.884  -77.627  -28.510 0.4000000060
9945  23.710  -79.266  -25.772 0.4000000060
10710  20.580  -78.895  -27.810 0.4000000060
9231  20.709  -80.359  -28.037 0.4000000060
9957  22.178  -79.679  -26.704 0.4000000060
9958  21.509  -79.585  -27.225 0.4000000060
9229  21.747  -80.548  -27.085 0.4000000060
12981  18.818  -74.620  -32.665 0.5000000000
12207  19.136  -75.416  -32.602 0.4000000060
139607  20.315  -76.373  -32.126 0.4000000060
127178  20.344  -76.591  -31.027 0.4000000060
11472  21.196  -77.217  -29.141 0.4000000060
121695  20.902  -77.589  -28.357 0.4000000060
10724  22.390  -78.000  -27.745 0.4000000060
10725  20.646  -78.170  -27.898 0.4000000060
10693  23.293  -78.817  -26.387 0.4000000060
10707  22.888  -78.435  -27.087 0.4000000060
10709  21.176  -78.782  -27.523 0.4000000060
13848  19.803  -74.603  -32.633 0.5000000000
12221  19.819  -75.144  -32.907 0.5000000000
12994  20.619  -75.029  -32.982 0.6000000238
12205  20.868  -76.244  -32.621 0.5000000000
11488  21.395  -76.945  -30.390 0.4000000060
11470  23.147  -77.524  -29.685 0.4000000060
10743  23.752  -77.803  -28.889 0.4000000060
10722  24.298  -78.153  -28.144 0.4000000060
11506  21.599  -76.326  -32.674 0.4000000060
12992  22.039  -75.159  -33.115 0.5000000000
11505  22.309  -76.670  -32.412 0.4000000060
11486  23.435  -77.409  -30.782 0.4000000060
12217  23.041  -76.493  -32.909 0.5000000000
11494  24.064  -77.330  -32.423 0.4000000060
145005  23.583  -77.316  -31.720 0.4000000060
11485  24.340  -77.565  -31.194 0.4000000060
12999  23.491  -75.702  -33.237 0.6000000238
12991  22.854  -75.046  -33.149 0.6000000238
11503  24.614  -77.382  -33.278 0.5000000000
11502  25.343  -77.908  -33.295 0.4000000060
13821  25.552  -75.026  -30.819 0.5000000000
19903  11.731  -68.315  -26.842 0.5000000000
19016  10.848  -68.773  -25.347 0.5000000000
18999  12.775  -69.150  -23.936 0.5000000000
19888  12.150  -67.936  -25.852 0.5000000000
19015  11.479  -68.978  -24.684 0.5000000000
19027  10.727  -68.598  -26.070 0.5000000000
7798  25.944  -82.586  -27.133 0.5000000000
134425  26.122  -82.723  -28.158 0.5000000000
12181  19.480  -76.572  -30.594 0.4000000060
11489  20.412  -76.837  -29.797 0.4000000060
10694  22.607  -79.009  -26.575 0.4000000060
11496  21.541  -76.576  -32.248 0.4000000060
132049  21.950  -76.873  -31.500 0.4000000060
11457  22.793  -77.679  -28.638 0.4000000060
10723  23.343  -78.065  -27.931 0.4000000060
12219  21.287  -75.912  -33.005 0.5000000000
11469  24.085  -77.643  -29.949 0.4000000060
12232  22.578  -76.116  -33.107 0.5000000000
11518  23.790  -76.658  -33.224 0.6000000238
11493  24.871  -77.693  -32.273 0.5000000000
12229  24.944  -76.586  -33.771 0.5000000000
14650  32.600  -74.127  -34.311 0.3000000119
13854  31.773  -74.825  -34.061 0.3000000119
125162  31.099  -74.236  -34.008 0.3000000119
133142  32.118  -73.126  -34.479 0.3000000119
143447  32.992  -72.922  -34.472 0.3000000119
15451  35.070  -73.358  -34.529 0.3000000119
16327  34.656  -72.310  -34.669 0.3000000119
13004  31.494  -76.006  -33.716 0.3000000119
13005  30.969  -76.174  -33.162 0.4000000060
12996  30.755  -76.432  -32.735 0.4000000060
13853  33.069  -75.091  -34.133 0.3000000119
12986  30.938  -75.996  -32.745 0.4000000060
129309  31.036  -74.291  -33.733 0.4000000060
12969  29.991  -76.106  -30.548 0.4000000060
12970  28.965  -76.010  -30.080 0.4000000060
130987  34.047  -74.648  -34.293 0.3000000119
14646  30.759  -73.590  -33.798 0.3000000119
13832  31.187  -74.418  -32.411 0.4000000060
17264  32.264  -70.782  -34.485 0.3000000119
124435  30.552  -72.933  -33.980 0.3000000119
144814  28.878  -77.704  -34.374 0.4000000060
11514  27.436  -77.629  -34.819 0.4000000060
12216  26.440  -76.584  -33.764 0.4000000060
12987  26.744  -75.897  -32.162 0.4000000060
12236  31.101  -77.057  -33.621 0.4000000060
12225  29.373  -77.369  -33.713 0.4000000060
130284  28.786  -77.331  -33.927 0.4000000060
12204  27.385  -76.514  -32.964 0.4000000060
12977  27.466  -75.998  -31.601 0.4000000060
13003  32.484  -75.888  -33.962 0.3000000119
12214  29.545  -77.051  -33.045 0.4000000060
12203  28.447  -76.502  -31.865 0.4000000060
129506  26.473  -75.348  -30.740 0.4000000060
13002  33.462  -75.895  -33.930 0.3000000119
12192  30.062  -76.430  -31.360 0.4000000060
12971  27.242  -75.582  -30.621 0.4000000060
13852  34.967  -75.075  -34.080 0.3000000119
12968  30.685  -75.823  -31.174 0.4000000060
15447  30.547  -72.845  -33.100 0.4000000060
133678  27.751  -78.647  -34.776 0.4000000060
12238  25.523  -77.107  -34.269 0.4000000060
11520  28.519  -78.827  -34.688 0.4000000060
11521  27.914  -78.273  -34.910 0.4000000060
11515  26.670  -77.529  -34.773 0.4000000060
142125  25.399  -76.671  -33.991 0.4000000060
11509  32.859  -78.360  -33.276 0.3000000119
11511  30.479  -77.440  -33.885 0.4000000060
13849  34.981  -75.659  -33.637 0.3000000119
13001  34.220  -75.500  -34.043 0.3000000119
121142  26.597  -75.514  -31.389 0.4000000060
13851  35.601  -75.026  -33.885 0.3000000119
11524  25.038  -77.099  -33.950 0.4000000060
10788  25.847  -77.801  -34.417 0.4000000060
130057  30.462  -72.142  -32.863 0.3000000119
16324  30.274  -71.524  -33.592 0.3000000119
15449  30.410  -72.316  -33.565 0.3000000119
13833  25.105  -74.799  -31.540 0.4000000060
12989  25.434  -75.608  -32.965 0.4000000060
12998  24.335  -75.846  -33.346 0.4000000060
10778  25.835  -78.119  -34.144 0.4000000060
13855  31.306  -75.128  -33.510 0.3000000119
15453  32.530  -72.393  -34.509 0.3000000119
16328  33.260  -71.699  -34.590 0.3000000119
12224  29.936  -77.228  -33.316 0.4000000060
13843  31.129  -74.636  -33.217 0.4000000060
12201  30.397  -76.534  -32.200 0.4000000060
12975  31.109  -75.539  -32.237 0.4000000060
12193  29.265  -76.411  -31.069 0.4000000060
130363  30.529  -73.028  -33.683 0.4000000060
11512  29.567  -77.908  -34.268 0.4000000060
12227  26.939  -77.058  -34.350 0.4000000060
12226  27.919  -77.157  -34.066 0.4000000060
12235  32.267  -77.143  -33.761 0.3000000119
12215  28.626  -76.878  -32.994 0.4000000060
12234  33.233  -76.603  -33.804 0.3000000119
10790  30.774  -78.590  -34.278 0.4000000060
11519  31.544  -78.104  -33.902 0.3000000119
12223  33.548  -77.516  -33.448 0.3000000119
3979  28.307  -87.734  -28.847 0.3000000119
4505  27.674  -87.710  -28.771 0.3000000119
4516  29.404  -86.697  -29.306 0.3000000119
5098  29.040  -86.408  -29.517 0.3000000119
4519  27.519  -87.127  -29.062 0.3000000119
5096  30.092  -86.438  -29.274 0.3000000119
3977  29.680  -87.524  -28.698 0.3000000119
3978  28.789  -87.977  -28.629 0.3000000119
5725  30.403  -85.951  -29.366 0.3000000119
5097  29.777  -86.197  -29.449 0.3000000119
122782  27.808  -85.771  -29.614 0.3000000119
7093  27.089  -83.531  -29.401 0.3000000119
4488  31.880  -87.251  -28.210 0.3000000119
3976  30.778  -87.383  -28.451 0.3000000119
5086  30.927  -86.209  -29.204 0.3000000119
4502  31.435  -86.587  -28.879 0.3000000119
3966  29.205  -88.311  -28.256 0.3000000119
6394  28.312  -85.106  -29.510 0.3000000119
7088  28.008  -84.293  -28.294 0.3000000119
128226  27.463  -83.847  -28.637 0.3000000119
5711  30.978  -85.692  -29.073 0.3000000119
134149  29.754  -85.913  -29.432 0.3000000119
5712  30.086  -85.620  -29.125 0.3000000119
6374  29.707  -84.676  -27.714 0.3000000119
6375  28.818  -84.576  -28.002 0.3000000119
6386  28.585  -84.832  -28.904 0.3000000119
122445  28.234  -84.169  -27.331 0.3000000119
8485  26.516  -81.897  -24.556 0.4000000060
7075  27.696  -83.225  -25.808 0.4000000060
2504  29.401  -91.588  -24.356 0.3000000119
2080  28.648  -92.270  -23.056 0.3000000119
3488  28.575  -88.534  -28.167 0.3000000119
3489  28.166  -88.471  -28.251 0.3000000119
137937  31.351  -89.469  -25.901 0.3000000119
2982  30.029  -90.087  -26.258 0.3000000119
2514  29.896  -91.035  -24.946 0.3000000119
2515  29.113  -91.440  -25.453 0.3000000119
2088  28.551  -92.219  -24.143 0.3000000119
3952  31.928  -88.450  -26.651 0.3000000119
3464  30.569  -89.437  -26.436 0.3000000119
2971  29.455  -90.833  -26.054 0.3000000119
2526  28.065  -91.299  -26.395 0.3000000119
2505  28.580  -91.882  -25.134 0.3000000119
3477  30.334  -88.746  -27.187 0.3000000119
145198  29.562  -88.724  -27.724 0.3000000119
2995  28.637  -89.833  -27.401 0.3000000119
2984  27.739  -90.723  -26.894 0.3000000119
3479  28.224  -89.161  -27.790 0.3000000119
2996  27.960  -90.041  -27.401 0.3000000119
135027  28.578  -86.001  -29.642 0.3000000119
5727  28.072  -85.416  -29.646 0.3000000119
3964  31.219  -88.106  -27.484 0.3000000119
6385  29.499  -85.058  -28.646 0.3000000119
2495  29.715  -91.283  -23.505 0.3000000119
2997  27.466  -90.103  -27.208 0.3000000119
3476  31.254  -88.881  -26.546 0.3000000119
2970  30.383  -90.467  -25.362 0.3000000119
3465  29.553  -89.432  -27.111 0.3000000119
2525  28.704  -91.240  -26.172 0.3000000119
2985  27.317  -90.649  -26.728 0.3000000119
7085  27.848  -83.713  -26.568 0.3000000119
123178  29.044  -78.877  -25.926 0.3000000119
9927  27.661  -78.721  -25.010 0.3000000119
9908  27.072  -79.029  -24.337 0.4000000060
9928  26.118  -78.965  -24.715 0.4000000060
139758  24.679  -79.838  -24.693 0.3000000119
9213  24.238  -80.462  -25.042 0.3000000119
10702  28.305  -78.587  -26.864 0.3000000119
10689  27.436  -78.529  -26.378 0.4000000060
10690  26.553  -78.526  -26.486 0.4000000060
134886  25.736  -78.480  -26.951 0.4000000060
10692  24.168  -78.674  -26.386 0.3000000119
10721  25.211  -78.177  -28.363 0.4000000060
10705  24.864  -78.418  -27.316 0.4000000060
10706  23.817  -78.404  -27.194 0.3000000119
10742  24.675  -77.913  -29.119 0.3000000119
137329  31.932  -79.790  -25.147 0.3000000119
9924  30.539  -79.513  -25.602 0.3000000119
122898  28.868  -79.078  -24.800 0.4000000060
133516  28.035  -78.992  -24.444 0.4000000060
9909  26.274  -79.617  -23.993 0.3000000119
9910  25.397  -79.679  -24.344 0.3000000119
8473  25.702  -81.366  -24.431 0.3000000119
145197  31.028  -79.524  -26.340 0.3000000119
9942  29.790  -79.152  -26.571 0.3000000119
9943  29.329  -78.904  -27.093 0.3000000119
9956  28.822  -78.722  -27.844 0.3000000119
123046  28.045  -78.522  -27.750 0.3000000119
10704  26.525  -78.373  -27.673 0.4000000060
9970  29.250  -78.881  -28.698 0.3000000119
10718  28.925  -78.758  -29.417 0.3000000119
10719  28.294  -78.582  -28.652 0.3000000119
10720  27.412  -78.414  -28.159 0.4000000060
132063  25.696  -78.320  -27.775 0.4000000060
10738  28.169  -78.527  -29.674 0.3000000119
10740  26.549  -78.142  -29.454 0.4000000060
10741  25.576  -78.008  -29.293 0.4000000060
122673  27.146  -78.687  -32.997 0.3000000119
10764  26.670  -78.378  -31.806 0.4000000060
10758  25.873  -77.907  -30.253 0.4000000060
11468  25.007  -77.736  -30.133 0.4000000060
10776  27.483  -78.916  -33.949 0.3000000119
10765  25.722  -78.066  -32.121 0.4000000060
125983  26.179  -78.360  -33.105 0.3000000119
8483  37.269  -81.236  -25.223 0.3000000119
139303  36.432  -81.519  -24.827 0.3000000119
7744  34.186  -82.095  -23.489 0.3000000119
7745  33.329  -82.116  -23.278 0.3000000119
9211  33.322  -80.028  -25.295 0.3000000119
9198  33.446  -80.620  -24.257 0.3000000119
9181  32.485  -80.769  -23.780 0.3000000119
7747  31.383  -82.099  -23.169 0.3000000119
9938  33.082  -79.249  -26.296 0.3000000119
9221  32.987  -79.596  -25.932 0.3000000119
9199  32.464  -80.203  -24.499 0.3000000119
9183  30.821  -80.067  -24.001 0.3000000119
128520  30.452  -80.722  -23.420 0.3000000119
9184  29.398  -80.503  -23.385 0.3000000119
8460  27.744  -81.098  -23.465 0.3000000119
125509  26.938  -81.276  -23.806 0.3000000119
7761  27.561  -82.050  -24.228 0.3000000119
7773  28.017  -82.837  -24.993 0.3000000119
9940  31.738  -79.435  -26.695 0.3000000119
10755  28.198  -78.548  -30.779 0.3000000119
10756  27.327  -78.401  -31.002 0.3000000119
10762  28.700  -78.983  -31.868 0.3000000119
10763  27.719  -78.657  -31.910 0.3000000119
10010  29.184  -79.503  -33.598 0.3000000119
10785  28.227  -79.109  -34.325 0.3000000119
10777  26.658  -78.564  -34.036 0.3000000119
8481  38.570  -81.280  -25.033 0.3000000119
143942  37.110  -80.584  -25.457 0.3000000119
8469  35.476  -81.306  -24.567 0.3000000119
8454  34.604  -81.545  -23.945 0.3000000119
124809  34.226  -80.220  -25.292 0.3000000119
8470  34.532  -80.870  -24.498 0.3000000119
7074  28.416  -83.573  -25.702 0.3000000119
8452  38.656  -81.683  -24.198 0.3000000119
9206  38.319  -80.721  -25.245 0.3000000119
9918  37.588  -80.035  -25.345 0.3000000119
8484  36.405  -80.654  -25.343 0.3000000119
9197  35.265  -80.384  -25.335 0.3000000119
9210  33.744  -79.699  -25.714 0.3000000119
9179  38.594  -80.856  -24.374 0.3000000119
9873  37.610  -79.755  -23.699 0.3000000119
9919  36.672  -79.755  -25.389 0.3000000119
9208  35.911  -79.997  -25.580 0.3000000119
7774  27.091  -82.702  -25.368 0.3000000119
8486  25.223  -81.653  -25.078 0.3000000119
9212  24.953  -80.707  -24.510 0.3000000119
9929  25.137  -78.951  -25.191 0.3000000119
11484  25.318  -77.795  -31.149 0.4000000060
125786  29.298  -79.291  -34.178 0.3000000119
133796  29.899  -79.262  -25.964 0.3000000119
10677  27.971  -78.614  -25.799 0.3000000119
9925  29.679  -79.298  -25.181 0.3000000119
10678  26.967  -78.641  -25.434 0.4000000060
10679  26.086  -78.667  -25.537 0.4000000060
10691  24.992  -78.653  -26.255 0.4000000060
123018  26.066  -78.213  -28.515 0.4000000060
9922  32.253  -79.586  -25.976 0.3000000119
9904  31.092  -79.763  -24.877 0.3000000119
9889  29.146  -79.872  -23.677 0.3000000119
9888  29.921  -80.017  -23.778 0.3000000119
9186  27.419  -80.246  -23.492 0.4000000060
8461  26.640  -80.448  -23.685 0.3000000119
133377  31.007  -79.432  -27.075 0.3000000119
129554  30.227  -79.278  -27.338 0.3000000119
9955  29.695  -79.074  -28.012 0.3000000119
10739  27.430  -78.377  -29.080 0.4000000060
10775  28.231  -79.113  -33.130 0.3000000119
8456  32.917  -81.355  -23.479 0.3000000119
135744  31.184  -81.244  -23.276 0.3000000119
8458  29.680  -81.328  -23.283 0.3000000119
10774  29.158  -79.391  -32.725 0.3000000119
10623  17.264  -77.711  -20.560 0.4000000060
2066  29.576  -91.276  -22.796 0.3000000119
2095  28.012  -92.180  -24.950 0.3000000119
2516  27.864  -91.790  -25.701 0.3000000119
2983  28.478  -90.702  -26.851 0.3000000119
2998  27.106  -90.178  -27.038 0.3000000119
3450  30.924  -89.959  -25.664 0.3000000119
3478  28.875  -88.992  -27.805 0.3000000119
3480  27.652  -89.253  -27.719 0.3000000119
3481  27.164  -89.611  -27.439 0.3000000119
3965  30.103  -88.150  -28.034 0.3000000119
4503  30.410  -86.800  -29.034 0.3000000119
4504  29.083  -87.310  -29.052 0.3000000119
4506  27.230  -87.367  -28.659 0.3000000119
4517  28.730  -86.994  -29.306 0.3000000119
4518  28.042  -87.163  -29.229 0.3000000119
5095  31.136  -85.968  -29.268 0.3000000119
5099  28.367  -86.504  -29.473 0.3000000119
5100  27.702  -86.540  -29.361 0.3000000119
5713  29.166  -85.522  -29.306 0.3000000119
5726  29.120  -85.873  -29.567 0.3000000119
7092  27.766  -84.324  -29.092 0.3000000119
7746  32.393  -82.141  -23.151 0.3000000119
7775  26.320  -82.394  -25.416 0.3000000119
7801  26.102  -82.567  -29.020 0.4000000060
8453  34.985  -82.122  -23.850 0.3000000119
8455  33.848  -81.387  -23.726 0.3000000119
8457  31.995  -81.319  -23.327 0.3000000119
8468  38.621  -81.224  -24.811 0.3000000119
8472  26.246  -81.147  -23.957 0.3000000119
8482  38.139  -81.367  -25.245 0.3000000119
8497  23.745  -81.060  -25.522 0.5000000000
8498  22.808  -81.220  -26.442 0.5000000000
8513  23.155  -81.688  -26.984 0.5000000000
8524  25.500  -82.178  -28.959 0.4000000060
8527  22.549  -81.571  -28.849 0.5000000000
8530  25.276  -82.014  -29.616 0.4000000060
8533  22.393  -81.556  -29.932 0.5000000000
9166  38.540  -81.148  -23.748 0.3000000119
9180  38.334  -80.377  -24.288 0.3000000119
9182  31.569  -80.603  -23.712 0.3000000119
9185  28.393  -80.178  -23.402 0.3000000119
9195  38.576  -80.766  -24.914 0.3000000119
9196  38.212  -80.280  -25.018 0.3000000119
9200  25.769  -80.502  -23.987 0.3000000119
9207  36.948  -80.202  -25.508 0.3000000119
9214  23.607  -80.171  -25.523 0.3000000119
9230  21.344  -80.980  -27.829 0.4000000060
9886  37.723  -79.760  -24.666 0.3000000119
9890  27.734  -79.509  -23.781 0.4000000060
9891  26.995  -79.686  -23.743 0.3000000119
9903  37.029  -79.432  -24.925 0.3000000119
9905  30.252  -79.660  -24.567 0.3000000119
9906  29.422  -79.505  -24.261 0.3000000119
9907  28.610  -79.423  -23.948 0.3000000119
9923  31.445  -79.618  -25.782 0.3000000119
9926  28.320  -78.782  -25.187 0.3000000119
9930  24.236  -79.577  -25.223 0.4000000060
9939  32.482  -79.311  -26.614 0.3000000119
9941  30.421  -79.377  -26.490 0.3000000119
9944  24.419  -78.944  -25.694 0.3000000119
9959  20.873  -79.564  -27.636 0.4000000060
9971  20.265  -79.542  -28.122 0.4000000060
10009  29.863  -79.637  -32.844 0.3000000119
10697  17.112  -77.907  -26.761 0.5000000000
10703  27.382  -78.464  -27.230 0.3000000119
10708  22.009  -78.732  -27.149 0.4000000060
10729  14.602  -78.362  -29.386 0.6000000238
10745  17.790  -78.000  -30.159 0.4000000060
10757  26.649  -78.174  -30.589 0.4000000060
10786  27.226  -78.679  -34.627 0.3000000119
10787  26.372  -78.202  -34.684 0.4000000060
10791  29.498  -78.892  -34.607 0.4000000060
10792  27.007  -78.167  -34.988 0.4000000060
11375  17.815  -77.272  -20.282 0.4000000060
11376  17.177  -77.036  -20.297 0.4000000060
11389  19.131  -77.419  -21.230 0.5000000000
11391  16.137  -77.554  -21.475 0.5000000000
11417  13.916  -77.077  -23.890 0.5000000000
11450  21.474  -78.023  -27.714 0.4000000060
11458  21.826  -77.599  -28.432 0.4000000060
11460  14.649  -77.554  -28.973 0.6000000238
11461  14.354  -77.693  -29.731 0.6000000238
11471  22.170  -77.357  -29.428 0.4000000060
11473  19.608  -76.947  -29.381 0.4000000060
11476  14.276  -77.433  -30.298 0.6000000238
11487  22.513  -77.222  -30.555 0.4000000060
11490  16.811  -76.707  -31.350 0.4000000060
11492  14.442  -77.046  -30.726 0.5000000000
11495  22.841  -77.121  -31.610 0.4000000060
11498  15.005  -76.593  -31.487 0.6000000238
11504  23.845  -76.976  -33.134 0.5000000000
11513  28.272  -77.706  -34.629 0.4000000060
11516  25.264  -77.518  -34.009 0.4000000060
11517  24.486  -77.024  -33.558 0.5000000000
11522  26.126  -77.646  -34.609 0.4000000060
11523  25.601  -77.497  -34.280 0.4000000060
12104  17.567  -76.453  -20.053 0.6000000238
12124  18.924  -76.021  -22.432 0.5000000000
12152  18.062  -75.977  -24.758 0.5000000000
12159  17.162  -76.373  -26.187 0.6000000238
12194  21.047  -76.648  -31.672 0.4000000060
12195  19.565  -76.217  -31.994 0.4000000060
12199  14.414  -76.365  -31.140 0.6999999881
12202  29.464  -76.790  -32.036 0.4000000060
12206  20.014  -75.841  -32.699 0.5000000000
12208  17.314  -75.219  -32.816 0.5000000000
12211  14.680  -75.908  -31.816 0.6999999881
12213  30.092  -76.977  -32.799 0.4000000060
12218  22.107  -76.225  -32.875 0.4000000060
12220  20.558  -75.636  -33.030 0.5000000000
12228  26.017  -76.975  -34.455 0.4000000060
12230  24.197  -76.511  -33.417 0.5000000000
12231  23.265  -76.233  -33.219 0.5000000000
12233  21.962  -75.763  -33.162 0.5000000000
12237  30.494  -76.891  -33.119 0.4000000060
12861  18.195  -75.146  -20.261 0.6000000238
12879  15.686  -75.654  -21.334 0.5000000000
12891  15.200  -75.456  -22.093 0.5000000000
12937  17.017  -75.183  -26.739 0.6000000238
12938  16.288  -75.686  -27.324 0.6000000238
12944  30.232  -75.497  -28.926 0.5000000000
12956  27.378  -75.470  -29.818 0.5000000000
12957  26.770  -75.376  -30.100 0.5000000000
12973  25.828  -75.150  -31.320 0.4000000060
12976  28.235  -76.071  -30.847 0.4000000060
12978  26.009  -75.434  -32.164 0.4000000060
12983  15.493  -74.653  -32.920 0.6999999881
12988  26.261  -76.061  -32.931 0.4000000060
12990  23.809  -74.998  -33.064 0.6999999881
12993  21.331  -75.331  -33.131 0.6000000238
12995  34.206  -76.522  -33.612 0.3000000119
12997  25.678  -76.346  -33.681 0.4000000060
13000  22.669  -75.658  -33.229 0.5000000000
13645  18.238  -74.346  -20.418 0.6000000238
13665  19.364  -74.262  -21.117 0.6000000238
13684  21.951  -74.312  -22.726 0.6999999881
13685  21.118  -74.384  -22.569 0.6000000238
13687  15.188  -74.659  -22.251 0.4000000060
13688  14.742  -74.481  -22.876 0.4000000060
13698  28.776  -73.955  -23.679 0.6999999881
13700  26.935  -74.635  -23.416 0.6999999881
13702  23.190  -74.755  -23.304 0.6999999881
13704  21.438  -74.598  -23.418 0.6999999881
13713  28.745  -74.574  -24.246 0.6999999881
13716  25.481  -75.273  -23.981 0.6999999881
13721  19.752  -74.465  -24.032 0.6000000238
13722  18.903  -74.510  -24.338 0.5000000000
13733  29.388  -74.597  -24.942 0.6999999881
13737  25.802  -75.387  -24.866 0.6999999881
13738  24.416  -75.369  -25.237 0.6000000238
13742  18.645  -74.299  -25.003 0.5000000000
13750  29.548  -75.089  -26.489 0.6000000238
13756  22.345  -74.895  -26.312 0.8000000119
13782  30.148  -75.329  -28.207 0.5000000000
13789  22.432  -74.560  -28.911 0.8000000119
13794  16.637  -74.403  -29.239 0.6999999881
13795  16.079  -74.017  -30.649 0.6999999881
13803  31.144  -74.640  -29.593 0.5000000000
13804  26.551  -75.304  -29.534 0.6000000238
13805  24.925  -74.945  -29.772 0.6999999881
13806  23.488  -74.602  -30.131 0.6999999881
13810  20.161  -74.337  -29.938 0.6000000238
13812  16.022  -73.788  -31.984 0.6999999881
13820  31.247  -74.964  -31.381 0.5000000000
13822  25.041  -74.806  -30.723 0.5000000000
13836  22.466  -74.406  -32.159 0.6999999881
13839  19.104  -74.196  -32.424 0.6000000238
13844  23.821  -74.637  -32.403 0.6000000238
13847  21.382  -74.811  -32.892 0.6000000238
13850  31.204  -75.273  -33.158 0.4000000060
14522  17.724  -73.880  -20.378 0.6000000238
14523  17.076  -74.088  -20.354 0.5000000000
14540  21.257  -73.425  -21.665 0.6999999881
14543  18.020  -73.194  -20.682 0.6000000238
14560  25.813  -73.083  -22.640 0.6999999881
14562  22.992  -73.609  -22.474 0.6000000238
14565  20.874  -74.046  -21.811 0.6999999881
14580  29.205  -73.219  -23.634 0.6999999881
14583  26.430  -73.992  -22.878 0.6999999881
14585  14.960  -73.257  -23.525 0.6000000238
14614  30.550  -74.078  -26.496 0.6000000238
14618  5.414  -73.653  -26.964 0.5000000000
14629  6.136  -73.051  -28.488 0.5000000000
14635  12.155  -73.334  -28.767 0.5000000000
14637  10.741  -73.467  -29.569 0.6000000238
14640  31.283  -73.282  -31.370 0.5000000000
14642  30.963  -73.466  -32.362 0.4000000060
14645  30.778  -73.610  -33.258 0.4000000060
14648  35.300  -74.407  -34.236 0.3000000119
14651  31.356  -73.755  -34.280 0.3000000119
14652  30.823  -73.563  -34.065 0.3000000119
15347  18.480  -72.501  -20.982 0.6999999881
15363  23.998  -72.548  -22.433 0.6000000238
15365  21.884  -73.137  -21.837 0.6999999881
15366  17.214  -72.174  -22.039 0.6999999881
15369  10.674  -72.464  -22.913 0.6000000238
15378  29.555  -72.492  -23.713 0.6999999881
15380  28.174  -72.376  -23.049 0.6999999881
15383  15.285  -72.436  -23.908 0.6000000238
15395  30.397  -72.315  -24.822 0.6000000238
15397  14.734  -72.281  -24.622 0.5000000000
15408  30.652  -72.638  -25.678 0.6999999881
15409  14.115  -72.147  -26.057 0.5000000000
15412  6.199  -71.707  -25.588 0.5000000000
15415  14.175  -72.255  -27.034 0.5000000000
15418  5.461  -72.862  -27.286 0.5000000000
15420  31.141  -72.898  -27.539 0.6000000238
15424  5.604  -72.512  -27.763 0.5000000000
15427  13.758  -72.010  -28.991 0.5000000000
15432  5.885  -72.319  -28.095 0.5000000000
15437  10.220  -72.716  -29.466 0.6000000238
15439  8.006  -72.668  -29.139 0.6000000238
15452  33.713  -72.699  -34.566 0.3000000119
15455  30.508  -72.195  -34.027 0.3000000119
16196  13.701  -71.275  -20.394 0.4000000060
16211  18.945  -71.797  -21.346 0.6999999881
16213  12.770  -71.191  -21.214 0.5000000000
16214  11.906  -71.980  -21.644 0.6000000238
16226  23.927  -71.131  -22.868 0.6999999881
16229  20.860  -71.320  -21.860 0.6000000238
16230  19.407  -71.227  -21.946 0.6999999881
16252  17.541  -71.147  -23.186 0.6999999881
16255  10.246  -71.671  -23.286 0.6000000238
16269  15.227  -71.752  -24.524 0.6000000238
16271  8.376  -71.452  -24.366 0.6000000238
16277  15.046  -71.048  -25.908 0.6000000238
16283  15.268  -71.239  -26.822 0.6000000238
16284  14.625  -71.641  -26.449 0.5000000000
16287  16.212  -71.510  -28.735 0.6000000238
16288  15.633  -71.635  -27.920 0.6000000238
16291  5.805  -70.956  -27.456 0.5000000000
16294  15.972  -71.448  -29.705 0.6000000238
16296  14.876  -71.967  -28.478 0.5000000000
16297  10.143  -71.276  -28.727 0.6000000238
16301  6.112  -71.436  -27.982 0.5000000000
16306  13.415  -71.549  -29.070 0.5000000000
16309  10.700  -71.982  -29.199 0.6000000238
16321  30.197  -71.521  -32.998 0.3000000119
16326  35.966  -72.867  -34.466 0.3000000119
17094  15.389  -71.389  -18.519 0.3000000119
17104  15.021  -70.970  -19.431 0.4000000060
17112  13.836  -70.631  -20.596 0.4000000060
17121  12.159  -71.137  -21.752 0.5000000000
17136  18.957  -70.757  -22.863 0.6999999881
17137  12.263  -70.357  -22.179 0.6000000238
17139  11.079  -71.036  -22.712 0.6000000238
17151  28.438  -70.801  -23.276 0.6000000238
17152  27.886  -69.999  -23.455 0.6000000238
17153  26.666  -70.835  -23.666 0.6000000238
17154  25.948  -70.877  -23.970 0.6000000238
17156  21.432  -70.017  -23.194 0.6000000238
17157  20.629  -70.191  -23.023 0.6999999881
17160  17.435  -70.758  -23.872 0.6999999881
17161  16.691  -70.864  -24.213 0.6999999881
17164  9.806  -70.996  -23.545 0.6000000238
17174  30.064  -71.101  -23.921 0.6000000238
17176  25.559  -70.620  -24.757 0.6000000238
17181  17.966  -70.345  -24.102 0.6999999881
17183  16.382  -70.488  -24.925 0.6999999881
17184  8.191  -70.389  -24.302 0.6000000238
17192  25.607  -70.326  -25.584 0.6999999881
17193  25.174  -70.524  -25.384 0.6000000238
17196  16.261  -70.272  -25.726 0.6000000238
17199  6.731  -69.645  -25.680 0.6000000238
17204  24.943  -70.081  -26.717 0.6000000238
17206  16.376  -70.291  -26.578 0.6000000238
17208  6.703  -69.363  -26.534 0.5000000000
17210  24.605  -69.727  -27.183 0.6000000238
17211  24.335  -70.058  -26.900 0.6999999881
17214  9.099  -69.825  -27.656 0.6000000238
17217  6.049  -69.969  -27.057 0.5000000000
17222  17.647  -70.981  -29.695 0.6000000238
17224  12.356  -70.324  -28.696 0.5000000000
17227  9.582  -70.564  -28.220 0.6000000238
17232  17.715  -70.655  -30.592 0.5000000000
17234  15.541  -70.990  -30.324 0.6000000238
17236  13.868  -70.758  -29.386 0.5000000000
17238  12.039  -71.150  -28.941 0.5000000000
17244  15.985  -70.280  -30.824 0.5000000000
17250  29.791  -70.199  -32.526 0.4000000060
17258  30.147  -70.825  -33.620 0.3000000119
18039  14.811  -69.662  -20.561 0.4000000060
18040  14.086  -69.936  -20.896 0.4000000060
18049  13.777  -69.649  -21.642 0.4000000060
18058  14.234  -69.159  -22.126 0.4000000060
18059  12.484  -69.878  -22.675 0.6000000238
18060  11.867  -70.144  -22.893 0.6000000238
18071  29.998  -69.333  -23.649 0.6000000238
18073  28.469  -69.265  -23.299 0.6000000238
18077  20.277  -69.793  -23.689 0.6999999881
18080  11.554  -69.812  -23.585 0.6000000238
18081  10.809  -69.830  -23.849 0.6000000238
18090  30.403  -69.398  -24.387 0.5000000000
18092  26.397  -69.849  -24.683 0.6000000238
18094  22.251  -69.436  -24.680 0.6999999881
18095  21.289  -69.276  -24.480 0.8000000119
18097  19.659  -69.709  -24.126 0.6999999881
18102  8.413  -69.504  -24.678 0.6000000238
18109  23.620  -69.924  -26.102 0.8000000119
18112  20.601  -68.897  -25.214 0.8000000119
18114  18.474  -69.262  -25.341 0.6999999881
18115  17.571  -69.619  -25.487 0.6000000238
18116  9.039  -69.058  -25.416 0.6000000238
18117  8.070  -69.000  -25.383 0.6000000238
18121  25.409  -69.667  -26.412 0.8000000119
18123  22.943  -69.505  -26.732 0.6999999881
18125  18.179  -69.238  -27.117 0.6000000238
18130  30.623  -69.588  -27.678 0.4000000060
18131  24.834  -69.444  -27.222 0.6000000238
18132  23.861  -69.733  -27.971 0.6000000238
18134  21.318  -69.371  -27.900 0.6000000238
18140  10.822  -69.045  -27.201 0.6000000238
18143  7.586  -69.041  -26.805 0.6000000238
18146  24.401  -69.368  -28.032 0.6000000238
18148  23.445  -69.471  -28.935 0.5000000000
18151  20.033  -69.846  -29.369 0.5000000000
18152  18.787  -70.280  -29.094 0.6999999881
18154  13.298  -69.330  -28.629 0.5000000000
18166  18.871  -70.261  -30.164 0.5000000000
18168  15.402  -69.761  -30.514 0.5000000000
18169  14.803  -69.710  -29.954 0.6000000238
18171  13.174  -70.123  -28.979 0.5000000000
18182  18.809  -69.756  -30.730 0.5000000000
18183  17.803  -69.989  -31.040 0.5000000000
18184  16.816  -69.793  -31.044 0.6000000238
18914  16.556  -68.532  -16.468 0.4000000060
18925  18.489  -68.452  -17.486 0.4000000060
18928  13.288  -68.397  -17.121 0.3000000119
18930  11.906  -69.050  -17.638 0.3000000119
18940  11.402  -68.633  -18.156 0.3000000119
18949  19.187  -68.074  -18.704 0.4000000060
18965  15.201  -68.991  -20.996 0.4000000060
18983  13.951  -69.058  -22.924 0.4000000060
18994  29.700  -68.596  -23.400 0.6000000238
18997  14.342  -68.507  -23.520 0.5000000000
19000  11.974  -69.328  -24.089 0.5000000000
19011  27.157  -68.592  -23.605 0.6000000238
19014  12.309  -68.721  -24.634 0.5000000000
19017  9.952  -69.196  -24.979 0.6000000238
19022  25.996  -69.433  -25.514 0.6000000238
19024  20.285  -68.625  -25.965 0.8000000119
19026  19.169  -69.063  -25.271 0.6999999881
19031  21.268  -68.917  -27.033 0.6000000238
19033  19.661  -68.665  -26.394 0.6999999881
19034  18.917  -68.782  -25.999 0.6999999881
19035  10.731  -68.686  -26.486 0.5000000000
19036  10.252  -68.795  -26.317 0.5000000000
19038  24.818  -68.752  -27.535 0.6000000238
19039  20.566  -69.214  -27.612 0.6999999881
19041  18.963  -68.858  -26.901 0.6000000238
19042  12.248  -68.328  -27.352 0.6000000238
19044  11.053  -68.657  -26.816 0.6000000238
19047  30.358  -68.557  -28.657 0.4000000060
19049  24.442  -68.930  -28.745 0.6000000238
19050  14.170  -68.406  -28.496 0.5000000000
19052  12.613  -68.906  -28.022 0.6000000238
19053  11.906  -68.909  -27.660 0.6000000238
19063  14.527  -69.013  -29.226 0.6000000238
19070  29.924  -68.686  -30.959 0.4000000060
19078  18.390  -69.213  -30.978 0.5000000000
19080  16.715  -69.073  -30.671 0.5000000000
19778  18.706  -67.671  -17.063 0.4000000060
19792  14.434  -67.386  -16.954 0.3000000119
19793  13.554  -67.499  -17.396 0.3000000119
19817  10.585  -67.939  -19.335 0.3000000119
19835  16.596  -67.913  -21.786 0.4000000060
19836  16.000  -67.993  -22.265 0.4000000060
19858  27.168  -67.063  -23.140 0.6000000238
19862  14.679  -67.912  -24.083 0.4000000060
19874  26.477  -68.063  -24.184 0.5000000000
19876  14.247  -67.721  -24.658 0.4000000060
19878  11.791  -68.417  -25.299 0.5000000000
19889  11.407  -68.301  -25.916 0.5000000000
19894  12.594  -67.645  -26.333 0.6000000238
19895  11.926  -68.069  -26.401 0.5000000000
19896  11.253  -68.435  -26.439 0.5000000000
19902  13.233  -67.550  -27.247 0.6000000238
19911  13.707  -67.897  -27.855 0.5000000000
19912  12.965  -68.136  -27.655 0.5000000000
19925  15.780  -68.105  -29.201 0.5000000000
20646  17.520  -66.789  -16.525 0.4000000060
20659  15.575  -66.579  -16.924 0.4000000060
20661  13.500  -66.790  -17.829 0.3000000119
20672  12.345  -66.563  -18.875 0.3000000119
20684  12.875  -65.693  -19.239 0.3000000119
20697  10.153  -66.763  -20.891 0.3000000119
20705  11.200  -65.978  -20.990 0.3000000119
20717  10.144  -65.947  -22.075 0.4000000060
20744  14.852  -66.838  -25.240 0.4000000060
20745  14.149  -67.244  -25.302 0.4000000060
20746  13.322  -67.462  -25.587 0.6000000238
20756  13.752  -67.069  -25.924 0.4000000060
20757  13.191  -67.296  -26.167 0.6000000238
20768  14.410  -66.721  -26.659 0.6000000238
20784  14.508  -66.840  -27.166 0.5000000000
20785  13.820  -67.049  -26.964 0.6000000238
21563  17.167  -66.119  -16.669 0.4000000060
21576  16.810  -65.613  -17.076 0.4000000060
21578  15.470  -65.938  -17.436 0.3000000119
21592  14.601  -65.642  -18.066 0.4000000060
21611  13.116  -64.983  -19.813 0.3000000119
21623  11.529  -65.386  -21.599 0.4000000060
21637  11.514  -64.811  -22.395 0.4000000060
21638  10.302  -65.331  -22.865 0.3000000119
21655  8.713  -65.422  -23.218 0.3000000119
21723  14.901  -66.543  -26.892 0.5000000000
22558  16.873  -64.933  -17.632 0.3000000119
22573  14.846  -64.756  -18.440 0.4000000060
22599  14.006  -64.084  -19.584 0.3000000119
22600  13.419  -64.216  -20.147 0.3000000119
22616  12.437  -64.514  -21.424 0.5000000000
23636  20.429  -63.554  -17.689 0.3000000119
23639  17.978  -63.842  -17.862 0.3000000119
23649  18.157  -63.117  -18.166 0.3000000119
23651  16.624  -63.532  -18.413 0.3000000119
23662  15.347  -63.385  -19.244 0.3000000119
23671  13.521  -63.524  -20.681 0.3000000119
23681  13.044  -63.375  -21.491 0.3000000119
23682  12.520  -63.479  -22.112 0.3000000119
23698  11.991  -63.366  -22.768 0.3000000119
23716  10.532  -63.360  -23.623 0.3000000119
24697  19.008  -62.904  -18.157 0.3000000119
24724  15.627  -62.657  -19.581 0.3000000119
25710  13.341  -61.646  -22.009 0.3000000119
25726  12.151  -61.395  -22.920 0.3000000119
26688  15.213  -60.155  -21.589 0.3000000119
26700  13.280  -60.437  -23.110 0.3000000119
26714  13.684  -59.969  -23.568 0.3000000119
26715  13.205  -60.047  -23.631 0.3000000119
120515  19.000  -69.532  -24.676 0.6999999881
120667  30.340  -70.713  -31.315 0.4000000060
120856  25.845  -82.037  -25.013 0.5000000000
121137  30.885  -71.005  -29.232 0.4000000060
121138  30.983  -70.889  -28.190 0.4000000060
121271  31.169  -73.552  -28.075 0.6000000238
121394  12.486  -67.818  -26.886 0.5000000000
121584  28.416  -75.399  -27.825 0.6000000238
121716  18.942  -73.964  -31.741 0.6000000238
121728  26.225  -71.414  -23.272 0.6000000238
122140  21.389  -74.323  -30.707 0.6000000238
122142  19.904  -74.152  -26.953 0.6999999881
122144  27.059  -75.267  -27.026 0.6999999881
122338  27.138  -75.252  -27.773 0.6000000238
122495  5.320  -74.552  -28.258 0.5000000000
122830  22.057  -74.872  -25.399 0.6999999881
122832  25.977  -75.213  -28.376 0.6000000238
122993  29.603  -69.907  -23.508 0.6000000238
123333  18.766  -73.991  -25.648 0.6000000238
123566  21.771  -69.507  -28.682 0.5000000000
123583  14.349  -72.195  -25.264 0.5000000000
123637  18.252  -76.006  -20.227 0.5000000000
124275  32.002  -77.960  -33.689 0.3000000119
124536  23.588  -71.785  -22.438 0.6000000238
124556  26.059  -78.042  -31.149 0.4000000060
125203  16.746  -70.535  -27.492 0.6000000238
125234  19.414  -69.928  -28.859 0.5000000000
125976  30.959  -79.393  -27.923 0.3000000119
126548  23.248  -76.992  -32.489 0.4000000060
126809  16.326  -71.230  -27.881 0.6000000238
127934  20.240  -71.238  -21.843 0.6000000238
128103  21.199  -74.339  -27.853 0.6999999881
128150  26.024  -75.413  -25.861 0.6999999881
128945  30.210  -68.867  -29.422 0.4000000060
130191  28.438  -91.595  -25.824 0.3000000119
130266  9.654  -73.525  -29.857 0.6000000238
130780  7.222  -73.938  -29.278 0.5000000000
131230  15.097  -71.237  -25.102 0.6000000238
131796  7.937  -73.598  -29.465 0.5000000000
131869  30.487  -67.772  -26.562 0.5000000000
132237  27.584  -67.795  -23.105 0.6000000238
132285  37.634  -80.606  -25.414 0.3000000119
132832  24.267  -81.817  -26.123 0.5000000000
133231  8.553  -72.332  -24.615 0.6000000238
133552  30.502  -85.135  -28.394 0.3000000119
133907  12.275  -69.569  -17.162 0.3000000119
133989  23.497  -75.210  -23.988 0.6999999881
134951  25.029  -76.004  -33.570 0.4000000060
135229  12.085  -72.484  -29.066 0.5000000000
135363  29.022  -75.828  -29.233 0.5000000000
135530  29.750  -87.035  -29.073 0.3000000119
135591  21.203  -80.239  -27.522 0.4000000060
135636  25.115  -70.354  -26.113 0.8000000119
135809  18.824  -74.295  -29.532 0.6999999881
135886  23.500  -73.181  -22.403 0.6000000238
136410  20.670  -74.149  -26.003 0.6999999881
137264  24.614  -68.913  -28.156 0.6000000238
137371  38.624  -80.989  -25.059 0.3000000119
137556  22.310  -70.270  -22.981 0.6000000238
137774  28.701  -78.271  -34.688 0.4000000060
137783  14.517  -70.329  -29.832 0.5000000000
138027  24.745  -67.503  -27.303 0.6000000238
138058  25.020  -73.527  -22.611 0.6000000238
138255  26.794  -78.298  -28.567 0.4000000060
138424  30.733  -70.293  -26.235 0.6000000238
139167  19.044  -75.436  -22.231 0.5000000000
139305  29.214  -90.243  -26.817 0.3000000119
139358  10.918  -63.914  -23.401 0.3000000119
139665  24.903  -82.056  -28.173 0.5000000000
139728  25.696  -78.589  -26.074 0.4000000060
139767  28.674  -85.671  -29.568 0.3000000119
139925  23.858  -81.892  -26.841 0.5000000000
140004  27.395  -78.320  -30.074 0.4000000060
140108  20.916  -75.486  -33.127 0.5000000000
140262  21.282  -71.107  -22.131 0.6000000238
140347  10.254  -70.379  -23.596 0.6000000238
140408  15.170  -74.206  -32.512 0.6999999881
140534  18.122  -70.661  -29.052 0.6000000238
140756  34.498  -82.723  -23.630 0.3000000119
140796  14.252  -72.149  -28.753 0.5000000000
140847  23.658  -74.532  -31.017 0.6999999881
142103  23.253  -81.756  -30.522 0.5000000000
142219  30.463  -86.106  -29.342 0.3000000119
142467  31.103  -71.434  -28.597 0.6000000238
142485  31.128  -75.712  -33.127 0.3000000119
142736  27.167  -80.771  -23.570 0.3000000119
142814  32.657  -79.810  -25.415 0.3000000119
142927  12.429  -69.128  -17.286 0.3000000119
143489  31.581  -80.055  -24.380 0.3000000119
143616  13.083  -72.454  -28.757 0.5000000000
143625  17.121  -75.980  -19.942 0.5000000000
143682  30.501  -74.496  -27.091 0.6000000238
143740  28.396  -75.305  -25.731 0.6999999881
144356  17.340  -78.362  -20.846 0.5000000000
144857  24.769  -75.032  -28.974 0.6999999881
145419  16.194  -75.800  -20.645 0.5000000000
145544  5.254  -73.548  -27.466 0.5000000000
145822  16.964  -71.176  -23.597 0.6999999881
