#!ascii label  , from subject sub-v2s17x50051_ses-1 vox2ras=TkReg
223
78617  25.642  -5.379  -28.653 0.0000000000
70423  24.915  -14.025  -24.964 0.0000000000
82184  23.880  -1.915  -28.995 0.0000000000
90309  21.960  8.476  -30.558 0.0000000000
69540  23.683  -15.770  -24.857 0.0000000000
83891  25.510  0.053  -29.460 0.0000000000
86303  24.791  3.309  -29.399 0.0000000000
75927  23.755  -7.773  -28.092 0.0000000000
74134  25.343  -9.918  -27.551 0.0000000000
75909  26.922  -8.104  -27.368 0.0000000000
138399  27.426  -3.367  -29.262 0.0000000000
78585  28.567  -5.610  -26.786 0.0000000000
80444  24.694  -3.639  -28.643 0.0000000000
82181  26.898  -2.015  -29.470 0.0000000000
88717  22.458  6.276  -29.545 0.0000000000
88730  25.618  6.136  -30.156 0.0000000000
73187  26.565  -12.044  -24.889 0.0000000000
130417  24.285  1.885  -29.421 0.0000000000
87086  24.191  3.925  -29.252 0.0000000000
121657  24.688  -6.549  -28.480 0.0000000000
75924  25.499  -7.697  -28.121 0.0000000000
76810  26.522  -6.608  -28.286 0.0000000000
69548  24.000  -15.033  -25.179 0.0000000000
131103  24.263  -2.462  -28.786 0.0000000000
81304  26.275  -2.661  -29.003 0.0000000000
82183  24.913  -2.112  -28.855 0.0000000000
85571  26.530  1.806  -30.512 0.0000000000
83903  27.457  0.088  -30.798 0.0000000000
89510  20.671  7.986  -30.723 0.0000000000
87921  21.096  5.648  -30.040 0.0000000000
88731  22.095  6.853  -30.098 0.0000000000
91126  26.105  9.666  -31.954 0.0000000000
90316  25.970  8.250  -31.242 0.0000000000
89506  25.293  7.019  -30.008 0.0000000000
88729  25.974  6.553  -30.776 0.0000000000
87940  26.073  5.706  -30.934 0.0000000000
75057  27.125  -9.675  -26.263 0.0000000000
74112  26.473  -10.907  -25.977 0.0000000000
67778  22.848  -16.848  -24.771 0.0000000000
132950  24.986  -0.868  -29.204 0.0000000000
84755  24.845  1.001  -29.427 0.0000000000
140524  25.186  1.779  -29.515 0.0000000000
141455  26.089  3.470  -30.225 0.0000000000
75072  23.914  -9.688  -27.732 0.0000000000
128713  24.579  -8.628  -27.890 0.0000000000
138258  26.518  -8.840  -27.328 0.0000000000
75881  27.835  -8.973  -25.945 0.0000000000
79544  26.717  -4.302  -28.911 0.0000000000
77733  26.764  -5.707  -28.536 0.0000000000
78615  27.743  -4.684  -28.538 0.0000000000
77749  23.993  -5.651  -28.540 0.0000000000
79564  23.551  -4.299  -28.600 0.0000000000
79562  25.045  -4.271  -28.645 0.0000000000
128096  26.365  -3.217  -28.933 0.0000000000
81303  27.009  -2.677  -29.353 0.0000000000
82195  27.974  -1.201  -30.206 0.0000000000
134612  26.170  -0.844  -29.479 0.0000000000
83064  27.819  -0.570  -30.624 0.0000000000
87088  22.309  4.565  -29.332 0.0000000000
90308  23.608  9.014  -29.964 0.0000000000
89494  24.115  7.265  -29.517 0.0000000000
88716  23.619  6.258  -29.262 0.0000000000
87087  23.463  4.680  -29.130 0.0000000000
87917  25.601  4.842  -29.947 0.0000000000
137499  26.128  4.164  -30.601 0.0000000000
72215  24.815  -13.172  -26.085 0.0000000000
73205  25.188  -11.245  -27.089 0.0000000000
77700  27.707  -6.867  -27.245 0.0000000000
75895  28.292  -8.080  -25.897 0.0000000000
128118  22.705  2.807  -29.474 0.0000000000
86304  23.081  3.734  -29.274 0.0000000000
77735  25.305  -6.251  -28.563 0.0000000000
76811  25.759  -6.861  -28.420 0.0000000000
77734  26.036  -5.968  -28.620 0.0000000000
67771  22.427  -18.026  -24.308 0.0000000000
70417  24.691  -14.661  -24.753 0.0000000000
138117  26.703  2.285  -31.234 0.0000000000
84780  27.040  1.559  -31.579 0.0000000000
89509  21.376  7.828  -30.717 0.0000000000
88733  20.907  7.312  -30.755 0.0000000000
88732  21.479  7.049  -30.535 0.0000000000
89508  22.243  7.605  -30.243 0.0000000000
89519  26.229  7.505  -31.744 0.0000000000
89518  26.188  6.656  -31.566 0.0000000000
75045  27.638  -9.825  -25.435 0.0000000000
74111  27.002  -10.408  -25.742 0.0000000000
70425  23.638  -14.708  -25.892 0.0000000000
128088  23.380  0.113  -29.409 0.0000000000
84756  23.793  1.022  -29.414 0.0000000000
85572  24.937  2.551  -29.446 0.0000000000
130325  25.843  2.215  -29.729 0.0000000000
86320  25.605  3.082  -29.698 0.0000000000
91108  21.672  9.319  -30.662 0.0000000000
75912  23.950  -8.709  -27.852 0.0000000000
75926  24.242  -8.045  -28.069 0.0000000000
75910  26.042  -8.317  -27.738 0.0000000000
75897  27.155  -8.924  -26.794 0.0000000000
75896  27.666  -8.207  -26.625 0.0000000000
68652  23.462  -16.539  -24.529 0.0000000000
68644  24.018  -16.859  -23.882 0.0000000000
79559  27.002  -3.622  -29.171 0.0000000000
121348  27.055  -4.862  -28.784 0.0000000000
79543  27.401  -4.042  -29.061 0.0000000000
77737  23.508  -6.250  -28.422 0.0000000000
80445  23.923  -3.301  -28.629 0.0000000000
132040  23.938  -3.812  -28.608 0.0000000000
79563  24.249  -4.301  -28.610 0.0000000000
79561  25.730  -4.240  -28.694 0.0000000000
80443  25.663  -3.720  -28.709 0.0000000000
82180  27.538  -1.970  -29.720 0.0000000000
83046  27.548  -1.396  -29.984 0.0000000000
83890  26.630  0.046  -29.970 0.0000000000
83063  28.130  -0.515  -30.620 0.0000000000
132821  20.696  4.971  -29.762 0.0000000000
87920  21.905  5.547  -29.549 0.0000000000
87089  21.384  4.840  -29.627 0.0000000000
91117  25.797  9.056  -31.198 0.0000000000
91118  25.473  9.938  -31.084 0.0000000000
90307  24.574  8.778  -30.118 0.0000000000
134369  24.918  7.932  -29.999 0.0000000000
88715  24.765  6.367  -29.542 0.0000000000
141916  23.796  5.423  -29.161 0.0000000000
87918  24.424  5.724  -29.336 0.0000000000
130343  24.593  4.898  -29.380 0.0000000000
87933  25.211  5.587  -29.699 0.0000000000
87939  26.217  5.143  -31.857 0.0000000000
127182  25.976  4.824  -30.500 0.0000000000
87098  26.213  4.776  -31.175 0.0000000000
87103  26.493  3.783  -31.798 0.0000000000
71322  23.788  -13.678  -26.642 0.0000000000
74135  24.822  -9.902  -27.730 0.0000000000
74136  24.380  -10.210  -27.710 0.0000000000
73217  24.941  -10.524  -27.531 0.0000000000
73194  26.173  -11.555  -25.779 0.0000000000
73195  25.496  -11.829  -26.421 0.0000000000
72213  25.772  -12.317  -25.622 0.0000000000
78600  27.494  -5.473  -28.250 0.0000000000
77718  27.264  -6.335  -27.975 0.0000000000
77717  27.944  -6.031  -27.472 0.0000000000
138597  22.838  1.056  -29.536 0.0000000000
128924  23.264  1.947  -29.469 0.0000000000
130239  23.867  2.888  -29.342 0.0000000000
76813  24.295  -7.255  -28.303 0.0000000000
75925  24.775  -7.874  -28.134 0.0000000000
76812  25.023  -7.093  -28.398 0.0000000000
76798  26.292  -7.479  -27.987 0.0000000000
68651  24.182  -16.108  -24.223 0.0000000000
69531  24.795  -15.740  -24.006 0.0000000000
69530  25.511  -15.771  -23.593 0.0000000000
80440  27.738  -2.870  -29.362 0.0000000000
80429  27.961  -3.389  -29.114 0.0000000000
130997  23.381  -3.067  -28.695 0.0000000000
130081  24.554  -2.995  -28.694 0.0000000000
128095  25.509  -3.148  -28.740 0.0000000000
81305  25.284  -2.622  -28.789 0.0000000000
82182  26.039  -2.146  -29.052 0.0000000000
84754  26.004  1.121  -29.781 0.0000000000
84774  26.957  0.869  -30.766 0.0000000000
84773  27.533  0.818  -31.495 0.0000000000
88718  21.586  6.326  -30.118 0.0000000000
90306  25.407  8.514  -30.587 0.0000000000
89505  25.817  7.539  -30.783 0.0000000000
88740  26.150  5.964  -31.477 0.0000000000
74124  26.376  -10.295  -26.549 0.0000000000
74125  25.607  -10.518  -27.109 0.0000000000
73193  26.829  -11.138  -25.281 0.0000000000
133938  22.371  -17.321  -24.735 0.0000000000
144668  22.378  -16.764  -25.116 0.0000000000
69549  23.290  -15.423  -25.590 0.0000000000
70424  24.339  -14.259  -25.520 0.0000000000
83050  23.598  -1.366  -29.222 0.0000000000
83049  24.440  -1.549  -29.060 0.0000000000
131102  23.928  -0.792  -29.243 0.0000000000
83892  24.373  0.057  -29.337 0.0000000000
85586  26.291  2.706  -30.355 0.0000000000
86319  26.539  3.129  -31.239 0.0000000000
90310  21.116  8.636  -30.844 0.0000000000
75071  24.433  -9.414  -27.764 0.0000000000
75070  25.017  -9.279  -27.765 0.0000000000
75911  25.257  -8.508  -27.873 0.0000000000
75069  25.805  -9.209  -27.532 0.0000000000
74133  25.946  -9.916  -27.202 0.0000000000
75058  26.536  -9.515  -26.987 0.0000000000
75044  28.254  -9.312  -25.082 0.0000000000
78616  26.360  -5.086  -28.721 0.0000000000
78599  28.152  -5.202  -27.776 0.0000000000
79542  28.033  -4.076  -28.767 0.0000000000
79527  28.338  -4.438  -28.042 0.0000000000
79515  28.593  -4.843  -27.272 0.0000000000
77736  24.132  -6.412  -28.452 0.0000000000
77748  24.796  -5.713  -28.588 0.0000000000
78634  23.779  -4.951  -28.583 0.0000000000
78633  24.531  -4.943  -28.612 0.0000000000
78632  25.315  -4.841  -28.652 0.0000000000
78631  26.052  -4.587  -28.731 0.0000000000
79560  26.395  -3.835  -28.876 0.0000000000
80442  26.854  -3.269  -29.163 0.0000000000
80441  27.249  -3.026  -29.334 0.0000000000
81302  27.498  -2.491  -29.509 0.0000000000
81301  27.942  -2.046  -29.720 0.0000000000
83048  25.588  -1.604  -29.112 0.0000000000
83047  26.801  -1.489  -29.616 0.0000000000
131726  27.176  -0.715  -30.141 0.0000000000
142386  27.476  -1.099  -30.154 0.0000000000
86305  22.107  3.572  -29.523 0.0000000000
133443  22.589  9.179  -30.267 0.0000000000
125991  22.897  8.381  -29.972 0.0000000000
145199  23.207  7.709  -29.745 0.0000000000
89495  22.913  7.027  -29.627 0.0000000000
87919  22.894  5.482  -29.166 0.0000000000
87085  25.356  3.997  -29.663 0.0000000000
87932  25.826  5.351  -30.376 0.0000000000
71307  24.359  -13.649  -26.150 0.0000000000
71306  24.855  -13.598  -25.517 0.0000000000
72228  24.797  -12.089  -27.026 0.0000000000
72214  25.115  -12.587  -26.299 0.0000000000
72203  25.319  -13.007  -25.535 0.0000000000
76797  27.060  -7.190  -27.700 0.0000000000
76783  27.507  -7.577  -27.108 0.0000000000
77699  28.309  -6.558  -26.638 0.0000000000
76782  28.057  -7.418  -26.553 0.0000000000
69539  24.414  -15.399  -24.517 0.0000000000
73204  25.886  -11.070  -26.495 0.0000000000
