#!ascii label  , from subject sub-v2s17x50007_ses-1 vox2ras=TkReg
1070
55476  -37.155  -27.682  52.230 0.0000000000
45716  -24.367  -36.437  55.291 0.0000000000
163151  -29.133  -28.834  53.607 0.0000000000
76782  -48.324  -7.570  32.094 0.0000000000
81622  -47.773  -2.311  30.883 0.0000000000
49029  -16.752  -33.163  61.613 0.0000000000
152624  -44.490  -5.948  35.258 0.0000000000
58743  -39.687  -24.488  50.238 0.0000000000
52296  -33.010  -30.568  51.602 0.0000000000
46787  -20.008  -35.537  57.069 0.0000000000
44520  -19.331  -37.288  61.630 0.0000000000
55521  -34.033  -27.067  49.133 0.0000000000
57797  -35.712  -24.938  47.674 0.0000000000
149848  -26.700  -30.975  53.969 0.0000000000
56620  -30.676  -26.759  49.896 0.0000000000
69517  -38.826  -14.319  38.523 0.0000000000
158044  -41.886  -10.291  37.551 0.0000000000
73513  -47.111  -9.846  35.216 0.0000000000
42213  -12.089  -39.508  64.833 0.0000000000
39979  -8.664  -41.505  69.136 0.0000000000
61908  -34.935  -21.939  45.517 0.0000000000
65219  -34.510  -18.739  44.683 0.0000000000
65282  -35.944  -18.357  40.847 0.0000000000
153944  -15.742  -37.892  62.182 0.0000000000
43406  -24.262  -38.852  58.472 0.0000000000
44558  -26.272  -37.587  58.022 0.0000000000
54337  -35.415  -29.102  52.161 0.0000000000
49154  -22.848  -34.049  53.946 0.0000000000
45713  -21.767  -36.126  55.655 0.0000000000
44557  -22.050  -37.981  58.686 0.0000000000
164730  -32.577  -25.427  50.091 0.0000000000
55512  -31.995  -27.632  49.260 0.0000000000
73473  -36.659  -9.893  39.389 0.0000000000
146109  -39.922  -11.958  38.687 0.0000000000
75692  -39.297  -8.008  37.710 0.0000000000
75718  -44.854  -8.606  34.062 0.0000000000
74642  -46.856  -8.682  32.653 0.0000000000
73530  -49.644  -10.082  33.584 0.0000000000
74654  -49.197  -8.732  31.345 0.0000000000
75757  -51.035  -8.235  30.329 0.0000000000
61889  -34.459  -22.326  48.967 0.0000000000
59737  -36.122  -23.798  46.488 0.0000000000
163335  -34.011  -21.633  47.874 0.0000000000
65193  -31.803  -17.883  45.714 0.0000000000
66346  -32.514  -17.237  43.503 0.0000000000
148446  -34.994  -18.946  42.277 0.0000000000
67404  -33.957  -16.175  41.902 0.0000000000
69495  -35.528  -14.951  40.430 0.0000000000
54310  -27.043  -28.618  54.349 0.0000000000
45603  -14.207  -36.334  63.092 0.0000000000
46747  -15.482  -35.723  61.507 0.0000000000
35846  -7.700  -45.714  69.605 0.0000000000
36802  -6.103  -45.117  71.923 0.0000000000
77713  -41.810  -6.563  38.129 0.0000000000
60714  -39.782  -22.575  49.769 0.0000000000
153313  -30.803  -30.306  52.227 0.0000000000
47957  -18.151  -33.516  58.906 0.0000000000
45634  -17.421  -35.996  60.498 0.0000000000
45646  -19.469  -36.476  59.236 0.0000000000
83678  -46.755  -0.506  30.031 0.0000000000
55501  -35.507  -27.808  50.069 0.0000000000
56633  -36.357  -26.504  49.211 0.0000000000
56641  -34.941  -26.212  48.714 0.0000000000
152606  -24.466  -32.974  52.700 0.0000000000
47997  -26.617  -34.544  53.936 0.0000000000
52285  -25.113  -30.522  52.035 0.0000000000
54324  -25.631  -27.732  52.816 0.0000000000
55481  -27.267  -26.470  51.373 0.0000000000
149926  -28.511  -25.533  50.480 0.0000000000
144095  -28.949  -28.491  50.807 0.0000000000
53326  -31.755  -29.342  49.757 0.0000000000
54362  -33.502  -28.958  49.881 0.0000000000
167100  -40.256  -17.172  40.010 0.0000000000
75708  -42.069  -8.037  35.333 0.0000000000
74583  -44.728  -9.771  36.120 0.0000000000
77831  -52.332  -6.293  29.166 0.0000000000
41070  -10.128  -40.369  66.644 0.0000000000
37839  -9.608  -43.874  68.299 0.0000000000
57791  -37.359  -25.152  48.254 0.0000000000
59738  -37.889  -23.362  46.976 0.0000000000
61898  -37.609  -21.615  46.975 0.0000000000
63027  -32.274  -20.196  46.723 0.0000000000
63043  -33.961  -20.275  45.439 0.0000000000
64110  -36.731  -19.418  46.845 0.0000000000
65199  -36.988  -18.271  45.941 0.0000000000
64140  -38.076  -19.331  43.095 0.0000000000
146050  -38.929  -18.918  41.033 0.0000000000
67430  -37.658  -16.493  39.231 0.0000000000
70449  -35.975  -13.080  39.674 0.0000000000
146150  -28.627  -35.442  57.221 0.0000000000
45584  -13.579  -36.540  65.405 0.0000000000
43331  -13.371  -38.242  63.432 0.0000000000
44519  -18.026  -37.129  61.871 0.0000000000
34885  -3.551  -46.099  71.902 0.0000000000
44570  -24.318  -37.801  57.091 0.0000000000
43407  -25.592  -38.183  58.142 0.0000000000
44580  -25.704  -37.047  56.884 0.0000000000
54338  -36.561  -28.250  52.337 0.0000000000
46834  -23.346  -35.559  54.253 0.0000000000
46832  -21.820  -35.031  54.606 0.0000000000
44586  -23.161  -36.851  55.781 0.0000000000
44569  -23.429  -37.914  57.231 0.0000000000
75658  -37.600  -8.441  40.577 0.0000000000
74540  -37.840  -9.366  38.611 0.0000000000
76718  -39.161  -7.477  39.238 0.0000000000
77801  -47.174  -7.142  32.873 0.0000000000
76780  -46.516  -7.976  32.599 0.0000000000
75735  -47.264  -8.150  32.251 0.0000000000
74644  -48.644  -9.069  31.900 0.0000000000
75747  -48.564  -8.289  31.498 0.0000000000
155930  -49.075  -8.100  31.057 0.0000000000
61888  -34.237  -21.616  48.845 0.0000000000
151415  -32.125  -16.102  44.288 0.0000000000
161067  -33.492  -16.644  42.262 0.0000000000
68446  -34.102  -15.437  42.291 0.0000000000
69472  -34.818  -14.858  42.184 0.0000000000
147264  -27.842  -28.161  54.057 0.0000000000
147565  -28.216  -29.078  55.684 0.0000000000
54313  -28.953  -28.846  54.435 0.0000000000
47908  -15.492  -34.491  62.471 0.0000000000
47933  -16.081  -34.437  61.124 0.0000000000
80669  -49.700  -3.021  29.750 0.0000000000
145509  -6.647  -45.569  71.087 0.0000000000
57760  -40.168  -24.994  51.814 0.0000000000
59709  -39.567  -23.433  49.393 0.0000000000
52287  -32.350  -30.805  52.147 0.0000000000
52288  -33.157  -30.843  52.300 0.0000000000
47967  -20.234  -34.283  56.200 0.0000000000
49091  -19.418  -33.350  57.427 0.0000000000
49076  -18.613  -33.069  58.402 0.0000000000
46785  -18.896  -34.657  57.794 0.0000000000
46770  -19.002  -35.766  58.789 0.0000000000
45661  -19.717  -36.228  58.379 0.0000000000
43377  -23.026  -38.977  59.988 0.0000000000
43392  -21.784  -38.178  59.606 0.0000000000
55515  -35.128  -27.291  49.385 0.0000000000
55523  -35.168  -26.652  49.014 0.0000000000
56640  -34.270  -26.497  49.015 0.0000000000
52257  -24.005  -30.753  53.526 0.0000000000
50250  -24.649  -32.185  52.493 0.0000000000
52256  -23.841  -29.899  53.136 0.0000000000
55471  -24.405  -27.372  52.935 0.0000000000
143868  -25.609  -26.150  52.515 0.0000000000
55473  -26.001  -26.874  52.664 0.0000000000
153356  -26.392  -26.217  52.030 0.0000000000
56602  -30.000  -26.177  50.335 0.0000000000
57769  -29.032  -26.275  49.984 0.0000000000
55496  -28.623  -27.201  50.048 0.0000000000
54374  -29.826  -28.043  49.554 0.0000000000
53311  -30.043  -29.274  50.372 0.0000000000
164399  -30.549  -28.311  49.450 0.0000000000
55513  -33.457  -27.591  49.206 0.0000000000
54377  -33.045  -28.425  49.412 0.0000000000
54378  -33.899  -28.251  49.532 0.0000000000
54379  -34.711  -28.038  49.764 0.0000000000
68481  -39.510  -15.739  39.061 0.0000000000
67432  -40.884  -16.198  39.764 0.0000000000
69518  -39.649  -14.379  38.745 0.0000000000
73485  -40.735  -10.594  38.200 0.0000000000
71472  -40.912  -11.669  38.881 0.0000000000
77731  -43.456  -5.951  37.442 0.0000000000
77746  -41.592  -6.511  36.699 0.0000000000
77774  -42.855  -6.670  35.055 0.0000000000
165057  -46.018  -9.512  34.600 0.0000000000
74602  -44.413  -9.432  35.343 0.0000000000
74603  -45.808  -9.673  35.310 0.0000000000
74560  -45.788  -9.739  37.120 0.0000000000
76807  -51.896  -7.014  29.514 0.0000000000
77829  -50.581  -6.254  29.847 0.0000000000
79728  -50.620  -4.795  29.598 0.0000000000
163831  -12.289  -38.041  65.965 0.0000000000
141602  -11.125  -38.861  67.216 0.0000000000
42201  -11.091  -39.964  65.572 0.0000000000
37854  -10.762  -42.918  67.579 0.0000000000
35840  -9.599  -45.594  70.150 0.0000000000
57790  -35.879  -25.541  48.119 0.0000000000
168395  -36.973  -25.636  48.546 0.0000000000
57798  -36.388  -24.889  47.544 0.0000000000
59745  -36.349  -23.112  45.910 0.0000000000
59746  -36.818  -23.573  46.316 0.0000000000
60757  -37.240  -22.986  46.222 0.0000000000
60739  -37.787  -22.502  46.820 0.0000000000
60756  -36.576  -22.222  45.820 0.0000000000
65160  -31.695  -18.746  47.805 0.0000000000
65217  -32.852  -18.509  44.610 0.0000000000
64120  -32.897  -19.470  45.452 0.0000000000
64121  -33.707  -19.419  45.282 0.0000000000
63030  -35.564  -19.413  45.911 0.0000000000
65175  -35.756  -18.846  45.917 0.0000000000
65176  -36.611  -18.640  46.225 0.0000000000
65197  -35.246  -18.755  45.218 0.0000000000
65269  -35.532  -18.895  41.601 0.0000000000
64150  -36.554  -19.346  42.523 0.0000000000
64161  -36.909  -19.442  41.836 0.0000000000
64152  -38.363  -19.526  42.304 0.0000000000
65284  -37.590  -18.473  40.502 0.0000000000
66388  -37.979  -17.816  39.986 0.0000000000
67420  -36.395  -17.001  40.003 0.0000000000
70434  -35.364  -13.994  40.918 0.0000000000
69496  -35.753  -14.082  40.011 0.0000000000
71433  -35.824  -12.437  40.592 0.0000000000
50251  -26.610  -32.691  53.309 0.0000000000
46821  -27.956  -34.905  55.807 0.0000000000
143890  -27.481  -33.121  55.033 0.0000000000
44504  -14.420  -37.302  62.389 0.0000000000
43345  -13.819  -37.661  62.877 0.0000000000
43346  -14.442  -38.005  62.544 0.0000000000
45625  -18.949  -36.864  60.964 0.0000000000
45623  -17.282  -36.641  61.206 0.0000000000
145078  -18.675  -37.037  61.571 0.0000000000
42274  -23.746  -39.483  59.787 0.0000000000
42276  -25.342  -39.454  59.429 0.0000000000
43378  -26.706  -39.007  60.036 0.0000000000
44543  -27.223  -37.784  59.231 0.0000000000
53301  -34.280  -29.718  51.367 0.0000000000
52277  -34.520  -30.367  52.829 0.0000000000
49144  -21.729  -34.051  54.865 0.0000000000
47982  -20.732  -34.755  55.630 0.0000000000
45697  -20.753  -36.197  56.843 0.0000000000
45681  -21.013  -36.824  57.693 0.0000000000
44567  -21.863  -37.447  57.708 0.0000000000
43404  -22.863  -38.548  58.532 0.0000000000
56631  -33.495  -26.712  49.128 0.0000000000
57781  -33.668  -25.936  49.105 0.0000000000
56621  -31.488  -26.272  50.358 0.0000000000
55499  -31.322  -27.174  49.488 0.0000000000
56630  -32.622  -26.961  49.122 0.0000000000
71469  -37.143  -12.447  38.575 0.0000000000
147757  -39.141  -12.752  38.496 0.0000000000
72470  -38.627  -11.164  38.452 0.0000000000
73492  -39.491  -9.797  37.879 0.0000000000
73493  -40.111  -9.414  37.281 0.0000000000
77776  -44.219  -6.503  34.438 0.0000000000
76772  -45.163  -7.353  33.449 0.0000000000
74629  -46.015  -8.975  33.501 0.0000000000
74620  -47.234  -9.695  33.717 0.0000000000
73522  -48.515  -10.069  34.629 0.0000000000
74630  -48.017  -9.783  33.197 0.0000000000
74632  -50.028  -9.818  32.821 0.0000000000
74646  -50.517  -9.474  32.166 0.0000000000
154198  -50.578  -8.679  30.843 0.0000000000
76795  -50.068  -7.345  30.293 0.0000000000
41111  -12.748  -40.306  64.835 0.0000000000
40027  -11.364  -40.892  65.637 0.0000000000
40029  -12.763  -41.038  66.050 0.0000000000
166401  -34.637  -23.361  48.098 0.0000000000
58779  -36.009  -24.427  47.123 0.0000000000
60721  -34.661  -23.030  47.677 0.0000000000
60737  -34.478  -22.564  46.537 0.0000000000
61897  -33.883  -21.919  46.849 0.0000000000
66291  -31.438  -17.222  47.131 0.0000000000
67351  -31.685  -16.479  45.774 0.0000000000
65216  -32.332  -17.950  44.609 0.0000000000
65238  -33.291  -18.387  43.827 0.0000000000
65239  -34.166  -18.702  43.756 0.0000000000
147780  -33.599  -18.086  42.586 0.0000000000
66359  -33.984  -17.913  42.007 0.0000000000
66385  -35.063  -17.105  40.821 0.0000000000
67419  -35.629  -16.535  40.294 0.0000000000
68470  -34.866  -15.890  40.960 0.0000000000
53266  -26.765  -29.051  54.301 0.0000000000
51254  -27.327  -31.201  55.698 0.0000000000
169246  -27.220  -29.841  55.455 0.0000000000
46746  -14.950  -36.177  61.979 0.0000000000
45621  -15.497  -36.657  61.625 0.0000000000
37829  -7.813  -43.782  69.051 0.0000000000
39968  -7.616  -42.176  70.078 0.0000000000
37821  -7.287  -43.620  69.783 0.0000000000
37820  -6.434  -44.008  71.219 0.0000000000
36797  -5.490  -44.576  72.450 0.0000000000
61883  -39.446  -21.790  49.480 0.0000000000
53282  -30.234  -29.920  52.885 0.0000000000
53269  -30.199  -29.888  54.400 0.0000000000
50159  -18.414  -32.602  59.628 0.0000000000
49042  -17.276  -33.408  60.189 0.0000000000
47934  -16.970  -34.182  60.180 0.0000000000
46768  -17.787  -34.906  59.419 0.0000000000
45645  -18.745  -36.074  59.556 0.0000000000
45636  -19.374  -36.751  60.160 0.0000000000
44541  -20.715  -37.317  59.206 0.0000000000
142923  -20.601  -37.540  60.023 0.0000000000
44522  -20.816  -37.828  61.725 0.0000000000
82612  -47.650  -1.145  30.229 0.0000000000
55502  -36.273  -27.549  50.454 0.0000000000
150931  -36.703  -26.904  50.054 0.0000000000
55516  -35.953  -27.168  49.686 0.0000000000
56642  -35.661  -26.235  48.690 0.0000000000
147398  -35.136  -25.410  48.302 0.0000000000
57789  -34.369  -25.708  48.770 0.0000000000
58769  -34.399  -24.757  48.718 0.0000000000
58770  -35.053  -24.443  48.023 0.0000000000
60713  -34.522  -22.841  48.889 0.0000000000
46846  -24.587  -34.972  53.341 0.0000000000
46818  -25.603  -35.788  54.810 0.0000000000
160359  -25.783  -34.145  52.899 0.0000000000
49167  -26.031  -32.655  52.555 0.0000000000
51277  -26.345  -31.227  52.983 0.0000000000
54323  -23.946  -28.426  52.859 0.0000000000
54334  -24.933  -28.675  52.434 0.0000000000
53280  -26.208  -29.231  53.324 0.0000000000
54325  -26.486  -28.339  53.553 0.0000000000
55465  -27.379  -27.699  53.264 0.0000000000
54327  -28.095  -27.910  53.282 0.0000000000
58724  -27.041  -24.210  51.306 0.0000000000
56600  -27.649  -25.652  50.715 0.0000000000
54345  -28.476  -27.932  51.338 0.0000000000
54346  -29.019  -28.696  51.804 0.0000000000
53299  -30.042  -29.621  51.129 0.0000000000
52304  -31.179  -30.047  50.766 0.0000000000
53313  -32.289  -29.788  50.254 0.0000000000
54376  -32.057  -28.521  49.343 0.0000000000
53327  -32.641  -29.172  49.725 0.0000000000
53315  -33.929  -29.379  50.566 0.0000000000
54347  -34.662  -29.058  50.873 0.0000000000
54365  -35.809  -28.164  50.895 0.0000000000
49155  -23.538  -33.891  53.537 0.0000000000
70450  -40.711  -13.128  39.051 0.0000000000
76744  -40.342  -7.109  37.410 0.0000000000
75706  -40.752  -8.004  36.209 0.0000000000
74580  -41.499  -9.179  36.252 0.0000000000
75716  -43.357  -8.097  34.570 0.0000000000
152349  -42.958  -9.311  35.692 0.0000000000
73505  -43.402  -9.958  36.751 0.0000000000
73496  -44.259  -10.003  37.921 0.0000000000
79730  -52.217  -4.859  28.775 0.0000000000
80670  -50.447  -3.982  29.469 0.0000000000
80659  -48.339  -2.990  30.907 0.0000000000
153599  -10.370  -39.418  67.989 0.0000000000
157508  -9.425  -41.316  67.705 0.0000000000
38913  -10.755  -41.652  66.459 0.0000000000
162320  -9.645  -41.778  67.395 0.0000000000
37852  -9.010  -42.820  68.078 0.0000000000
36825  -8.812  -44.656  68.660 0.0000000000
56634  -37.190  -26.308  49.615 0.0000000000
57783  -38.384  -25.268  49.456 0.0000000000
145022  -38.777  -24.546  49.127 0.0000000000
58785  -36.777  -24.201  46.887 0.0000000000
58780  -37.517  -24.122  47.138 0.0000000000
58772  -38.549  -24.108  48.295 0.0000000000
60722  -38.791  -22.643  48.263 0.0000000000
61890  -38.476  -21.873  48.052 0.0000000000
145984  -38.017  -21.133  47.795 0.0000000000
63019  -32.748  -20.854  47.074 0.0000000000
61896  -33.364  -21.335  46.420 0.0000000000
64107  -31.997  -19.445  46.426 0.0000000000
63042  -33.134  -20.222  45.619 0.0000000000
61918  -34.374  -21.216  45.528 0.0000000000
61920  -35.724  -20.599  45.790 0.0000000000
63031  -36.560  -20.423  46.401 0.0000000000
150523  -36.033  -18.908  43.514 0.0000000000
166183  -37.468  -18.513  44.694 0.0000000000
65287  -40.162  -18.223  40.707 0.0000000000
67431  -38.773  -16.371  39.154 0.0000000000
68487  -37.684  -15.052  38.680 0.0000000000
68478  -36.415  -15.622  39.470 0.0000000000
143420  -36.584  -14.977  39.185 0.0000000000
70466  -36.631  -13.211  38.865 0.0000000000
72461  -36.068  -11.327  39.555 0.0000000000
74510  -36.619  -9.437  40.497 0.0000000000
45719  -26.861  -35.853  55.849 0.0000000000
166712  -27.941  -36.483  57.817 0.0000000000
49112  -28.141  -32.855  56.608 0.0000000000
44485  -12.684  -37.999  64.683 0.0000000000
45593  -14.075  -36.155  63.942 0.0000000000
44495  -13.181  -37.580  63.994 0.0000000000
42227  -13.008  -39.008  63.908 0.0000000000
42215  -13.311  -39.694  64.232 0.0000000000
46759  -16.606  -35.490  60.634 0.0000000000
45622  -16.389  -36.669  61.325 0.0000000000
44506  -16.552  -37.805  62.263 0.0000000000
33880  -5.327  -47.628  73.330 0.0000000000
145860  -4.729  -46.248  72.890 0.0000000000
36796  -4.701  -44.657  72.784 0.0000000000
55484  -37.336  -27.192  51.463 0.0000000000
164033  -24.711  -37.225  56.430 0.0000000000
142298  -25.050  -37.581  57.103 0.0000000000
45700  -24.732  -36.720  55.806 0.0000000000
55483  -36.585  -27.797  51.420 0.0000000000
45729  -23.871  -36.069  54.732 0.0000000000
45728  -23.005  -36.144  54.944 0.0000000000
45715  -23.681  -36.512  55.312 0.0000000000
44579  -23.746  -37.426  56.442 0.0000000000
75659  -38.343  -8.020  40.470 0.0000000000
76701  -37.987  -7.976  39.850 0.0000000000
76703  -39.733  -7.451  39.922 0.0000000000
77802  -47.899  -7.212  32.770 0.0000000000
76781  -47.560  -7.642  32.388 0.0000000000
75746  -48.060  -7.961  31.899 0.0000000000
157104  -48.856  -7.708  31.387 0.0000000000
68431  -33.596  -15.291  42.998 0.0000000000
153088  -28.477  -28.376  53.969 0.0000000000
47921  -16.032  -33.878  61.813 0.0000000000
49041  -16.579  -33.752  60.845 0.0000000000
81623  -48.722  -2.620  30.390 0.0000000000
81631  -49.255  -1.838  30.007 0.0000000000
82604  -48.258  -1.763  30.383 0.0000000000
58744  -40.309  -23.966  50.636 0.0000000000
59693  -39.832  -23.882  49.980 0.0000000000
46798  -19.803  -34.676  56.722 0.0000000000
49107  -19.702  -33.880  56.802 0.0000000000
159458  -19.480  -34.352  57.016 0.0000000000
47963  -19.099  -34.020  57.380 0.0000000000
46786  -19.379  -34.934  57.318 0.0000000000
46777  -19.184  -35.419  58.035 0.0000000000
159336  -19.699  -35.713  57.687 0.0000000000
55522  -34.622  -26.859  49.119 0.0000000000
152913  -25.416  -25.317  52.638 0.0000000000
56587  -26.109  -25.399  51.977 0.0000000000
165064  -29.612  -27.131  49.701 0.0000000000
55498  -30.500  -27.631  49.432 0.0000000000
55514  -34.295  -27.523  49.328 0.0000000000
68489  -39.192  -15.033  38.719 0.0000000000
69507  -39.951  -15.061  38.991 0.0000000000
140328  -41.588  -10.584  38.204 0.0000000000
154121  -42.572  -10.446  38.152 0.0000000000
77762  -43.933  -5.844  35.829 0.0000000000
77748  -43.157  -5.858  36.376 0.0000000000
150946  -43.838  -6.203  35.079 0.0000000000
161083  -46.443  -9.740  35.084 0.0000000000
74604  -46.504  -9.755  35.754 0.0000000000
156402  -50.510  -5.253  30.008 0.0000000000
43306  -12.258  -38.370  65.310 0.0000000000
43291  -11.762  -38.596  66.020 0.0000000000
42202  -11.602  -39.744  65.205 0.0000000000
160367  -36.671  -25.339  48.067 0.0000000000
60755  -35.624  -22.504  45.612 0.0000000000
60771  -35.699  -21.733  45.558 0.0000000000
65218  -33.712  -18.721  44.553 0.0000000000
65195  -33.353  -18.936  45.086 0.0000000000
65196  -34.243  -18.891  45.107 0.0000000000
64122  -34.754  -19.276  45.470 0.0000000000
64149  -36.189  -19.358  41.930 0.0000000000
65270  -36.405  -19.000  41.329 0.0000000000
65271  -37.239  -19.040  41.157 0.0000000000
65283  -36.740  -18.462  40.651 0.0000000000
66387  -37.090  -17.699  40.065 0.0000000000
148050  -36.349  -17.827  40.369 0.0000000000
51267  -26.703  -31.909  53.659 0.0000000000
150783  -27.090  -32.707  54.293 0.0000000000
51268  -27.019  -31.613  54.669 0.0000000000
44505  -15.090  -37.506  62.059 0.0000000000
43347  -15.173  -38.273  62.498 0.0000000000
43333  -15.388  -38.748  63.142 0.0000000000
41046  -9.337  -40.447  69.130 0.0000000000
41045  -8.874  -40.894  69.643 0.0000000000
57759  -39.455  -25.524  51.458 0.0000000000
148218  -24.010  -39.206  59.051 0.0000000000
42275  -24.524  -39.626  59.614 0.0000000000
43395  -24.750  -39.141  58.917 0.0000000000
42277  -26.122  -38.987  59.368 0.0000000000
43408  -26.362  -38.199  58.753 0.0000000000
43398  -27.135  -38.324  59.817 0.0000000000
44559  -27.001  -37.405  58.435 0.0000000000
53302  -34.909  -29.282  51.558 0.0000000000
53293  -34.698  -29.815  52.129 0.0000000000
49146  -22.997  -33.547  54.459 0.0000000000
49145  -22.248  -34.026  54.437 0.0000000000
46817  -22.129  -35.759  55.012 0.0000000000
46816  -21.377  -35.308  55.241 0.0000000000
46800  -21.041  -35.703  55.975 0.0000000000
45698  -21.555  -36.504  56.406 0.0000000000
144592  -21.467  -36.827  57.102 0.0000000000
44577  -22.129  -37.130  56.860 0.0000000000
165829  -22.968  -38.057  57.560 0.0000000000
43405  -23.636  -38.773  58.442 0.0000000000
43394  -23.298  -38.942  59.182 0.0000000000
56623  -32.925  -26.059  49.425 0.0000000000
154179  -33.146  -25.267  49.746 0.0000000000
155492  -37.296  -10.958  38.663 0.0000000000
72469  -37.831  -11.628  38.461 0.0000000000
74556  -38.797  -8.544  38.052 0.0000000000
74541  -38.644  -9.373  38.154 0.0000000000
74557  -39.310  -8.909  37.633 0.0000000000
164657  -40.247  -10.119  37.815 0.0000000000
77789  -45.009  -6.590  33.908 0.0000000000
77790  -45.848  -6.729  33.446 0.0000000000
75734  -46.169  -8.511  33.012 0.0000000000
146318  -46.629  -9.176  33.234 0.0000000000
160268  -47.335  -9.329  32.872 0.0000000000
74645  -49.548  -9.364  32.023 0.0000000000
74655  -50.077  -9.067  31.379 0.0000000000
74656  -51.006  -9.151  31.538 0.0000000000
75755  -49.561  -7.609  30.769 0.0000000000
160987  -35.236  -23.871  47.311 0.0000000000
60720  -34.320  -22.254  47.806 0.0000000000
67374  -32.399  -16.480  43.588 0.0000000000
66333  -32.071  -17.133  44.328 0.0000000000
65237  -32.606  -17.867  43.950 0.0000000000
65254  -33.594  -18.422  43.123 0.0000000000
66347  -33.031  -17.807  43.096 0.0000000000
66358  -33.445  -17.394  42.387 0.0000000000
66370  -33.933  -17.034  41.819 0.0000000000
66371  -34.503  -17.546  41.390 0.0000000000
67405  -34.492  -16.516  41.239 0.0000000000
67418  -35.063  -16.366  40.750 0.0000000000
69485  -34.989  -14.841  41.611 0.0000000000
52243  -27.006  -29.570  54.984 0.0000000000
53252  -27.262  -29.016  54.885 0.0000000000
53240  -27.892  -29.556  56.193 0.0000000000
47920  -15.627  -34.819  61.622 0.0000000000
46734  -15.166  -35.330  62.184 0.0000000000
36818  -7.460  -44.667  69.412 0.0000000000
35833  -6.237  -45.818  72.114 0.0000000000
36808  -6.456  -44.838  70.964 0.0000000000
146806  -6.145  -44.497  71.792 0.0000000000
60705  -40.209  -22.564  50.378 0.0000000000
61876  -39.927  -21.681  50.307 0.0000000000
53292  -30.133  -29.808  51.982 0.0000000000
52274  -30.868  -30.433  53.083 0.0000000000
50176  -18.895  -32.578  58.841 0.0000000000
49057  -18.358  -32.843  59.029 0.0000000000
49056  -17.849  -33.077  59.550 0.0000000000
47946  -17.541  -34.051  59.530 0.0000000000
47947  -18.132  -34.452  58.899 0.0000000000
46769  -18.318  -35.340  59.098 0.0000000000
44556  -21.237  -37.378  58.471 0.0000000000
45662  -20.492  -36.811  58.381 0.0000000000
43375  -21.458  -38.140  60.457 0.0000000000
44542  -21.156  -37.803  59.796 0.0000000000
44528  -20.646  -37.732  60.839 0.0000000000
166496  -35.426  -25.898  48.447 0.0000000000
57782  -33.775  -25.027  49.314 0.0000000000
58761  -34.340  -23.680  49.060 0.0000000000
59707  -34.583  -23.487  48.476 0.0000000000
46847  -25.401  -35.015  53.504 0.0000000000
49165  -24.808  -33.452  52.502 0.0000000000
51282  -24.756  -31.214  52.230 0.0000000000
50258  -25.299  -32.153  52.115 0.0000000000
51283  -25.396  -31.287  52.074 0.0000000000
50259  -25.918  -31.705  52.377 0.0000000000
51284  -25.746  -30.820  52.345 0.0000000000
152821  -24.808  -27.768  52.659 0.0000000000
53279  -25.689  -28.671  52.823 0.0000000000
55474  -26.824  -27.063  52.445 0.0000000000
55464  -26.605  -27.609  53.132 0.0000000000
55475  -27.716  -27.416  52.176 0.0000000000
145390  -28.905  -24.900  51.103 0.0000000000
149282  -28.258  -24.286  51.536 0.0000000000
58725  -27.631  -24.006  51.477 0.0000000000
57756  -27.855  -24.637  50.900 0.0000000000
57755  -27.105  -24.864  50.978 0.0000000000
54360  -28.730  -27.845  50.337 0.0000000000
55482  -28.084  -27.118  50.752 0.0000000000
53291  -29.613  -29.352  51.675 0.0000000000
53298  -29.427  -29.101  50.901 0.0000000000
146078  -30.892  -29.472  50.088 0.0000000000
52303  -30.554  -29.739  50.717 0.0000000000
52305  -31.909  -30.252  50.804 0.0000000000
53312  -31.592  -29.827  50.289 0.0000000000
55511  -31.241  -28.065  49.263 0.0000000000
53314  -33.107  -29.634  50.350 0.0000000000
54363  -34.308  -28.708  50.139 0.0000000000
54364  -35.081  -28.462  50.462 0.0000000000
143132  -24.232  -32.385  53.213 0.0000000000
50244  -24.077  -32.712  54.000 0.0000000000
49156  -24.251  -33.731  52.948 0.0000000000
48005  -23.964  -34.430  53.282 0.0000000000
66391  -40.540  -17.573  40.367 0.0000000000
68483  -41.065  -15.371  39.588 0.0000000000
68472  -41.594  -15.801  40.079 0.0000000000
142716  -39.988  -12.930  38.756 0.0000000000
162259  -41.864  -7.022  38.916 0.0000000000
76733  -41.098  -6.969  38.627 0.0000000000
77712  -40.931  -6.755  37.801 0.0000000000
76760  -41.593  -7.444  35.729 0.0000000000
76752  -41.204  -7.014  36.285 0.0000000000
75707  -41.367  -8.267  35.867 0.0000000000
74579  -40.826  -8.640  36.354 0.0000000000
74600  -42.185  -8.959  35.744 0.0000000000
76768  -44.450  -7.183  33.868 0.0000000000
76767  -43.714  -7.236  34.307 0.0000000000
75717  -44.154  -7.962  34.064 0.0000000000
74601  -43.548  -9.065  35.154 0.0000000000
74582  -43.749  -9.719  35.998 0.0000000000
74581  -42.933  -9.747  36.287 0.0000000000
73506  -44.254  -9.917  36.939 0.0000000000
73523  -49.379  -10.160  34.390 0.0000000000
75758  -51.967  -8.236  30.515 0.0000000000
78778  -51.722  -5.553  28.971 0.0000000000
79722  -50.162  -4.318  30.010 0.0000000000
80661  -49.756  -3.691  29.979 0.0000000000
80660  -49.134  -3.303  30.398 0.0000000000
42176  -10.548  -39.463  67.035 0.0000000000
43276  -10.894  -39.007  67.730 0.0000000000
42175  -10.003  -39.921  67.465 0.0000000000
41069  -9.652  -40.579  67.520 0.0000000000
40010  -11.430  -41.476  66.102 0.0000000000
169450  -10.818  -41.145  65.982 0.0000000000
38914  -11.425  -42.021  66.716 0.0000000000
37840  -10.437  -43.562  68.157 0.0000000000
155449  -10.245  -42.511  67.369 0.0000000000
37853  -9.986  -43.112  67.781 0.0000000000
38899  -9.668  -42.467  67.635 0.0000000000
162136  -9.405  -43.189  68.004 0.0000000000
37838  -8.900  -43.661  68.279 0.0000000000
34899  -8.996  -45.903  69.658 0.0000000000
56624  -37.524  -26.658  50.581 0.0000000000
56644  -37.552  -25.610  49.055 0.0000000000
57792  -38.083  -24.877  48.656 0.0000000000
58786  -37.296  -23.670  46.619 0.0000000000
58781  -38.099  -23.939  47.521 0.0000000000
59739  -38.469  -23.374  47.803 0.0000000000
59723  -38.999  -23.364  48.600 0.0000000000
61899  -38.086  -21.979  47.380 0.0000000000
64096  -32.433  -20.098  47.741 0.0000000000
63028  -32.833  -20.692  46.190 0.0000000000
144688  -31.551  -18.015  46.552 0.0000000000
65174  -31.885  -18.660  46.097 0.0000000000
63029  -33.545  -21.042  45.756 0.0000000000
61919  -35.085  -21.270  45.475 0.0000000000
63044  -34.868  -20.327  45.497 0.0000000000
165982  -36.172  -19.655  46.288 0.0000000000
63021  -37.386  -20.285  47.273 0.0000000000
165230  -35.002  -18.962  43.138 0.0000000000
150362  -35.130  -18.691  44.254 0.0000000000
64139  -37.125  -19.142  43.263 0.0000000000
65240  -37.757  -18.885  43.920 0.0000000000
64163  -38.620  -19.362  41.609 0.0000000000
64141  -38.986  -19.469  42.902 0.0000000000
64153  -39.205  -19.478  42.118 0.0000000000
65257  -39.942  -19.220  41.823 0.0000000000
65274  -40.531  -18.721  41.377 0.0000000000
65273  -39.725  -18.843  41.131 0.0000000000
66399  -37.618  -17.224  39.650 0.0000000000
66400  -38.325  -17.154  39.528 0.0000000000
68480  -38.054  -15.704  38.811 0.0000000000
68479  -37.150  -15.563  39.003 0.0000000000
68471  -35.308  -15.793  40.518 0.0000000000
67428  -36.187  -16.239  39.787 0.0000000000
68477  -35.813  -15.690  39.960 0.0000000000
69505  -36.394  -14.122  39.224 0.0000000000
69515  -37.034  -13.929  38.698 0.0000000000
71468  -36.315  -12.293  39.136 0.0000000000
73465  -36.255  -10.135  40.518 0.0000000000
46836  -26.054  -35.191  54.150 0.0000000000
45718  -25.993  -36.108  55.590 0.0000000000
46837  -26.935  -34.961  54.616 0.0000000000
46802  -28.325  -35.187  56.492 0.0000000000
45704  -27.985  -35.861  56.868 0.0000000000
45684  -28.284  -36.106  57.571 0.0000000000
45663  -28.297  -36.481  58.279 0.0000000000
50216  -27.672  -32.001  56.241 0.0000000000
144525  -29.957  -29.796  55.343 0.0000000000
44477  -12.644  -37.693  65.510 0.0000000000
44486  -13.094  -37.253  64.967 0.0000000000
46721  -14.583  -35.590  63.513 0.0000000000
165793  -13.468  -37.610  63.387 0.0000000000
44494  -12.890  -38.346  64.051 0.0000000000
42228  -13.744  -39.017  63.471 0.0000000000
46760  -17.185  -35.006  59.997 0.0000000000
158692  -16.504  -34.683  60.559 0.0000000000
44518  -16.995  -37.293  61.754 0.0000000000
33888  -4.142  -47.432  72.273 0.0000000000
34875  -4.673  -47.105  72.955 0.0000000000
164668  -4.034  -45.937  72.575 0.0000000000
35824  -4.385  -45.405  72.701 0.0000000000
43412  -24.089  -38.449  57.788 0.0000000000
142935  -24.851  -38.651  58.244 0.0000000000
43413  -24.916  -38.086  57.624 0.0000000000
44571  -25.625  -37.622  57.536 0.0000000000
150889  -26.223  -37.186  57.464 0.0000000000
54349  -35.959  -28.463  51.767 0.0000000000
46844  -22.960  -35.092  53.908 0.0000000000
47996  -22.439  -34.655  54.175 0.0000000000
46833  -22.560  -35.396  54.411 0.0000000000
45714  -22.472  -36.366  55.480 0.0000000000
45699  -22.326  -36.773  56.105 0.0000000000
44578  -22.905  -37.377  56.571 0.0000000000
57770  -32.774  -24.810  50.828 0.0000000000
74525  -36.761  -9.252  39.827 0.0000000000
74526  -37.164  -9.285  39.128 0.0000000000
75683  -37.618  -8.766  38.951 0.0000000000
168282  -38.287  -8.073  38.801 0.0000000000
75685  -38.700  -7.938  38.456 0.0000000000
76774  -46.477  -7.251  32.909 0.0000000000
169325  -46.957  -7.628  32.554 0.0000000000
165521  -47.444  -8.835  32.359 0.0000000000
75736  -47.950  -8.576  31.978 0.0000000000
63013  -33.821  -21.057  48.558 0.0000000000
67388  -32.903  -16.770  42.834 0.0000000000
68430  -32.864  -15.852  43.150 0.0000000000
68445  -33.384  -15.977  42.488 0.0000000000
68459  -34.571  -15.550  41.535 0.0000000000
54311  -27.588  -28.623  54.553 0.0000000000
54301  -27.778  -28.891  55.137 0.0000000000
54312  -28.184  -28.650  54.799 0.0000000000
53267  -28.697  -28.969  55.230 0.0000000000
53254  -29.056  -29.318  55.910 0.0000000000
46758  -16.004  -35.208  61.015 0.0000000000
144804  -50.729  -3.137  29.210 0.0000000000
35839  -7.229  -45.990  70.484 0.0000000000
35845  -6.974  -45.257  70.191 0.0000000000
35838  -6.866  -46.186  71.456 0.0000000000
150634  -6.468  -46.343  72.377 0.0000000000
155559  -40.063  -23.271  50.153 0.0000000000
52294  -31.531  -30.467  51.580 0.0000000000
52286  -31.519  -30.706  52.531 0.0000000000
142970  -32.771  -31.095  52.909 0.0000000000
51278  -33.068  -31.408  53.695 0.0000000000
49125  -20.745  -33.967  55.702 0.0000000000
49108  -20.321  -33.677  56.439 0.0000000000
159876  -19.933  -33.363  57.008 0.0000000000
50197  -19.791  -32.951  57.628 0.0000000000
50196  -19.139  -32.882  58.032 0.0000000000
49090  -18.909  -33.380  57.819 0.0000000000
47962  -18.533  -33.959  58.143 0.0000000000
46776  -18.571  -34.968  58.391 0.0000000000
43393  -22.508  -38.597  59.346 0.0000000000
43376  -22.238  -38.605  60.208 0.0000000000
51276  -24.242  -31.483  52.927 0.0000000000
52272  -24.228  -30.565  52.683 0.0000000000
154778  -24.218  -29.771  52.553 0.0000000000
151334  -24.265  -26.590  53.418 0.0000000000
56570  -24.698  -25.671  53.344 0.0000000000
56586  -24.829  -26.324  52.879 0.0000000000
55472  -25.108  -26.996  52.720 0.0000000000
158367  -29.674  -25.596  51.100 0.0000000000
160104  -29.184  -25.651  50.483 0.0000000000
56601  -28.390  -26.425  50.228 0.0000000000
56619  -28.905  -26.937  49.829 0.0000000000
55497  -29.100  -27.625  49.780 0.0000000000
53310  -29.431  -28.476  50.118 0.0000000000
54361  -30.263  -28.765  49.766 0.0000000000
54375  -31.097  -28.810  49.510 0.0000000000
156396  -32.659  -27.873  49.199 0.0000000000
165518  -39.950  -16.634  39.550 0.0000000000
68482  -40.347  -15.691  39.316 0.0000000000
145870  -40.587  -15.017  39.243 0.0000000000
69508  -40.371  -14.425  39.053 0.0000000000
72472  -40.384  -11.140  38.562 0.0000000000
72473  -41.255  -10.990  38.704 0.0000000000
143532  -42.738  -6.002  37.138 0.0000000000
77730  -42.092  -6.230  37.325 0.0000000000
77747  -42.289  -6.190  36.500 0.0000000000
77760  -42.552  -6.360  35.664 0.0000000000
76761  -42.296  -7.149  35.230 0.0000000000
74617  -44.217  -8.768  34.614 0.0000000000
141027  -45.139  -9.295  34.769 0.0000000000
157015  -45.148  -9.636  35.529 0.0000000000
73507  -45.098  -9.831  36.768 0.0000000000
74584  -45.671  -9.768  36.175 0.0000000000
74585  -46.569  -9.703  36.619 0.0000000000
76796  -50.590  -7.528  30.004 0.0000000000
76797  -51.461  -7.652  29.921 0.0000000000
76806  -50.895  -6.954  29.638 0.0000000000
77830  -51.329  -6.277  29.343 0.0000000000
78777  -50.919  -5.479  29.443 0.0000000000
153441  -11.589  -38.444  66.934 0.0000000000
42177  -11.167  -39.089  66.495 0.0000000000
42188  -10.725  -39.800  66.107 0.0000000000
36826  -9.644  -44.663  68.746 0.0000000000
56643  -36.397  -25.911  48.553 0.0000000000
167538  -36.886  -25.993  48.993 0.0000000000
57799  -37.083  -24.758  47.546 0.0000000000
60738  -35.285  -23.185  46.266 0.0000000000
145223  -37.286  -22.199  46.330 0.0000000000
156372  -36.988  -21.385  46.395 0.0000000000
64095  -31.928  -19.492  47.287 0.0000000000
65194  -32.295  -18.402  45.293 0.0000000000
64119  -32.360  -19.165  45.771 0.0000000000
168728  -32.756  -18.868  45.274 0.0000000000
64109  -36.272  -18.982  46.416 0.0000000000
65198  -36.258  -18.584  45.645 0.0000000000
65256  -35.684  -19.202  42.460 0.0000000000
64151  -37.462  -19.473  42.446 0.0000000000
64162  -37.774  -19.445  41.711 0.0000000000
65272  -38.099  -19.010  41.050 0.0000000000
65285  -38.457  -18.431  40.473 0.0000000000
66398  -37.092  -16.947  39.640 0.0000000000
70442  -35.637  -13.297  40.649 0.0000000000
71450  -35.883  -12.130  39.824 0.0000000000
49158  -26.829  -33.422  53.713 0.0000000000
47998  -27.123  -34.356  54.397 0.0000000000
49147  -27.316  -33.723  54.511 0.0000000000
49129  -27.766  -33.732  55.338 0.0000000000
47968  -28.386  -34.427  56.266 0.0000000000
45613  -14.475  -36.580  62.433 0.0000000000
45612  -14.022  -36.955  62.762 0.0000000000
156391  -13.943  -38.349  62.973 0.0000000000
43332  -14.529  -38.655  62.949 0.0000000000
45635  -18.410  -36.341  60.319 0.0000000000
45624  -18.120  -36.684  61.056 0.0000000000
57774  -39.317  -25.180  50.599 0.0000000000
58762  -39.066  -24.886  49.854 0.0000000000
42255  -24.323  -39.954  60.518 0.0000000000
41149  -24.997  -40.406  60.873 0.0000000000
42269  -25.153  -39.956  60.196 0.0000000000
42270  -25.952  -39.646  60.015 0.0000000000
43396  -25.516  -38.821  58.774 0.0000000000
52297  -33.890  -30.435  51.999 0.0000000000
49126  -21.376  -33.829  55.392 0.0000000000
47995  -21.870  -34.438  54.608 0.0000000000
47983  -21.326  -34.429  55.093 0.0000000000
46799  -20.345  -35.206  56.323 0.0000000000
45680  -20.258  -36.262  57.662 0.0000000000
151873  -22.643  -37.703  57.290 0.0000000000
44568  -22.600  -38.050  57.927 0.0000000000
157697  -31.037  -26.158  50.938 0.0000000000
55500  -31.892  -26.796  49.527 0.0000000000
56622  -32.142  -25.977  50.033 0.0000000000
70468  -38.483  -13.495  38.426 0.0000000000
71470  -38.166  -12.600  38.376 0.0000000000
155808  -38.870  -11.878  38.457 0.0000000000
72471  -39.452  -11.180  38.454 0.0000000000
155180  -38.144  -10.006  38.429 0.0000000000
73483  -38.885  -10.405  38.271 0.0000000000
73484  -39.875  -10.569  38.205 0.0000000000
73494  -41.003  -10.088  37.508 0.0000000000
143957  -45.021  -6.025  34.666 0.0000000000
75725  -44.757  -7.887  33.689 0.0000000000
76773  -45.845  -7.676  33.007 0.0000000000
75726  -45.424  -8.362  33.452 0.0000000000
74618  -45.610  -9.104  34.024 0.0000000000
144711  -46.374  -9.413  33.920 0.0000000000
74619  -46.792  -9.735  34.511 0.0000000000
73521  -47.594  -9.930  34.551 0.0000000000
73528  -48.007  -9.999  33.939 0.0000000000
73529  -48.734  -10.086  33.725 0.0000000000
74643  -48.009  -9.297  32.430 0.0000000000
74631  -48.923  -9.737  32.756 0.0000000000
75748  -49.716  -8.402  30.852 0.0000000000
75756  -50.188  -7.999  30.393 0.0000000000
76805  -50.269  -6.896  29.978 0.0000000000
41110  -12.043  -40.083  64.900 0.0000000000
41099  -12.010  -40.605  65.264 0.0000000000
40028  -12.071  -41.159  65.756 0.0000000000
167959  -35.568  -24.458  47.461 0.0000000000
60754  -34.861  -22.462  45.794 0.0000000000
66302  -31.567  -17.206  46.152 0.0000000000
67361  -31.851  -16.397  45.001 0.0000000000
66316  -31.747  -17.148  45.291 0.0000000000
66317  -32.025  -17.720  45.026 0.0000000000
65255  -34.216  -18.647  42.606 0.0000000000
65268  -34.669  -18.438  41.746 0.0000000000
66372  -35.193  -18.032  41.084 0.0000000000
66386  -35.731  -17.498  40.522 0.0000000000
68460  -35.078  -15.270  41.002 0.0000000000
70435  -35.906  -13.409  41.702 0.0000000000
52258  -26.596  -29.952  54.075 0.0000000000
52259  -26.957  -30.421  55.067 0.0000000000
52244  -27.442  -30.091  56.026 0.0000000000
53253  -27.542  -29.411  55.521 0.0000000000
149244  -15.063  -35.059  63.040 0.0000000000
46733  -14.700  -35.824  62.690 0.0000000000
44516  -14.827  -36.887  62.003 0.0000000000
44510  -20.504  -37.705  62.390 0.0000000000
38878  -8.171  -42.191  69.286 0.0000000000
38877  -7.718  -42.923  69.470 0.0000000000
146983  -7.305  -42.854  70.171 0.0000000000
152974  -6.920  -43.359  70.681 0.0000000000
36809  -6.866  -44.299  70.301 0.0000000000
38859  -6.509  -43.121  71.811 0.0000000000
37810  -5.943  -43.902  72.206 0.0000000000
76734  -42.618  -6.827  38.791 0.0000000000
77749  -44.114  -5.761  36.922 0.0000000000
77750  -44.895  -5.685  36.353 0.0000000000
147835  -39.129  -21.134  49.211 0.0000000000
53281  -29.510  -29.271  52.671 0.0000000000
144280  -29.706  -29.450  53.785 0.0000000000
144055  -30.384  -30.043  53.608 0.0000000000
52276  -33.682  -30.918  53.006 0.0000000000
50140  -18.473  -32.485  60.443 0.0000000000
50139  -17.815  -32.726  60.292 0.0000000000
46761  -17.966  -35.621  59.793 0.0000000000
140096  -19.743  -37.300  60.927 0.0000000000
45647  -20.112  -36.766  58.989 0.0000000000
147550  -21.390  -37.748  59.159 0.0000000000
164325  -20.101  -36.987  59.671 0.0000000000
44527  -20.103  -37.284  60.338 0.0000000000
44521  -20.122  -37.590  61.640 0.0000000000
82603  -47.453  -1.655  30.646 0.0000000000
55503  -36.898  -27.227  50.797 0.0000000000
56632  -35.645  -26.767  49.187 0.0000000000
157337  -34.322  -22.759  49.796 0.0000000000
45730  -24.716  -35.961  54.707 0.0000000000
45717  -25.150  -36.305  55.375 0.0000000000
142758  -25.103  -35.487  54.024 0.0000000000
46848  -25.950  -34.616  53.399 0.0000000000
49166  -25.363  -33.102  52.318 0.0000000000
48021  -25.891  -33.534  52.687 0.0000000000
49157  -26.388  -33.279  53.056 0.0000000000
158561  -26.381  -32.060  52.875 0.0000000000
54309  -23.687  -28.387  54.013 0.0000000000
53277  -23.853  -29.145  52.881 0.0000000000
53278  -24.288  -29.005  52.546 0.0000000000
167498  -24.052  -27.939  52.893 0.0000000000
54333  -24.335  -28.217  52.692 0.0000000000
53289  -24.736  -29.701  52.241 0.0000000000
53290  -25.464  -29.719  52.427 0.0000000000
52273  -26.181  -30.259  52.952 0.0000000000
169377  -26.463  -30.628  53.456 0.0000000000
54326  -27.189  -28.102  53.931 0.0000000000
54336  -28.801  -28.464  53.009 0.0000000000
58707  -26.442  -24.118  51.875 0.0000000000
57754  -26.534  -24.720  51.493 0.0000000000
56599  -26.792  -25.522  51.330 0.0000000000
157600  -27.834  -26.414  50.666 0.0000000000
54335  -28.432  -28.015  52.386 0.0000000000
52293  -30.688  -30.063  51.375 0.0000000000
52295  -32.305  -30.519  51.387 0.0000000000
52306  -32.699  -30.185  50.891 0.0000000000
53300  -33.493  -30.007  51.123 0.0000000000
54348  -35.330  -28.767  51.278 0.0000000000
50229  -23.962  -33.071  54.805 0.0000000000
50243  -23.589  -33.329  53.964 0.0000000000
167751  -23.191  -33.698  53.921 0.0000000000
48004  -23.189  -34.548  53.706 0.0000000000
46835  -24.198  -35.553  54.067 0.0000000000
67421  -41.444  -16.599  40.285 0.0000000000
70469  -39.379  -13.616  38.585 0.0000000000
70470  -40.147  -13.733  38.864 0.0000000000
148398  -40.744  -13.847  39.146 0.0000000000
71471  -40.595  -12.390  38.936 0.0000000000
142331  -39.770  -7.292  39.033 0.0000000000
76731  -39.373  -7.461  38.467 0.0000000000
146917  -39.780  -7.404  37.774 0.0000000000
77745  -40.933  -6.773  36.979 0.0000000000
76751  -40.588  -7.433  36.617 0.0000000000
75693  -39.828  -8.484  37.122 0.0000000000
74558  -40.350  -8.829  36.761 0.0000000000
74559  -40.887  -9.377  36.783 0.0000000000
73503  -41.677  -9.852  36.868 0.0000000000
77775  -43.436  -6.651  34.761 0.0000000000
76766  -42.998  -7.231  34.712 0.0000000000
75715  -42.650  -7.810  34.922 0.0000000000
75709  -42.763  -8.578  35.174 0.0000000000
168370  -42.591  -9.444  36.003 0.0000000000
145875  -42.244  -9.625  36.325 0.0000000000
73504  -42.598  -10.131  37.029 0.0000000000
73495  -43.441  -10.143  37.547 0.0000000000
73497  -45.018  -9.848  37.511 0.0000000000
79729  -51.208  -4.699  29.020 0.0000000000
80671  -51.151  -3.878  28.962 0.0000000000
81615  -47.708  -2.707  31.425 0.0000000000
42162  -9.772  -40.006  68.383 0.0000000000
41056  -9.345  -40.782  68.332 0.0000000000
39980  -9.084  -41.478  68.427 0.0000000000
41098  -11.443  -40.292  65.386 0.0000000000
40026  -10.776  -40.538  65.879 0.0000000000
40009  -10.340  -41.131  66.400 0.0000000000
38900  -10.742  -42.279  66.987 0.0000000000
39994  -10.145  -41.831  66.992 0.0000000000
40008  -9.776  -41.212  66.955 0.0000000000
39993  -9.229  -42.037  67.895 0.0000000000
39992  -8.728  -42.206  68.530 0.0000000000
38887  -8.330  -43.090  68.652 0.0000000000
37837  -8.365  -43.973  68.592 0.0000000000
36819  -8.102  -45.105  69.026 0.0000000000
35848  -9.363  -45.363  69.149 0.0000000000
35847  -8.550  -45.596  69.193 0.0000000000
57772  -37.963  -25.946  49.941 0.0000000000
58771  -37.798  -24.515  47.856 0.0000000000
58763  -39.416  -24.217  49.545 0.0000000000
59708  -39.078  -23.921  48.989 0.0000000000
60723  -39.321  -22.622  49.010 0.0000000000
60740  -38.298  -22.653  47.487 0.0000000000
61891  -38.981  -21.834  48.772 0.0000000000
63014  -38.644  -20.870  48.612 0.0000000000
63012  -33.086  -20.636  48.197 0.0000000000
64087  -32.822  -19.758  48.979 0.0000000000
63020  -33.418  -21.332  47.446 0.0000000000
61907  -34.171  -21.850  45.904 0.0000000000
64094  -31.651  -18.793  46.905 0.0000000000
64108  -32.457  -19.973  45.961 0.0000000000
61909  -36.317  -21.342  45.924 0.0000000000
153724  -38.134  -20.055  48.178 0.0000000000
64097  -36.937  -18.723  46.808 0.0000000000
65220  -36.030  -18.589  44.772 0.0000000000
143088  -36.872  -18.699  44.240 0.0000000000
66390  -39.755  -17.549  40.095 0.0000000000
66389  -38.828  -17.729  40.025 0.0000000000
66401  -39.137  -17.117  39.595 0.0000000000
158488  -38.779  -15.575  38.838 0.0000000000
69516  -37.839  -14.271  38.515 0.0000000000
67429  -36.790  -16.316  39.462 0.0000000000
69504  -36.057  -14.913  39.684 0.0000000000
69506  -37.062  -14.663  38.786 0.0000000000
70467  -37.519  -13.337  38.487 0.0000000000
72468  -36.773  -11.557  38.794 0.0000000000
73480  -36.628  -10.701  39.078 0.0000000000
164561  -36.002  -10.800  40.336 0.0000000000
73472  -36.207  -10.410  39.775 0.0000000000
163819  -36.385  -9.777  39.974 0.0000000000
74511  -36.977  -8.882  40.351 0.0000000000
75643  -38.350  -8.355  41.143 0.0000000000
45701  -25.431  -36.637  56.092 0.0000000000
45702  -26.315  -36.420  56.360 0.0000000000
45682  -26.636  -36.697  57.094 0.0000000000
46820  -27.312  -35.266  55.386 0.0000000000
45703  -27.199  -36.168  56.600 0.0000000000
44572  -26.851  -36.985  57.772 0.0000000000
44560  -27.727  -37.063  58.750 0.0000000000
50231  -27.397  -32.299  55.283 0.0000000000
50232  -27.771  -32.979  55.767 0.0000000000
47964  -28.759  -34.652  56.965 0.0000000000
49097  -29.030  -34.049  57.661 0.0000000000
148205  -28.592  -33.759  56.813 0.0000000000
160660  -29.082  -34.972  57.560 0.0000000000
45664  -28.901  -36.238  58.863 0.0000000000
53268  -29.422  -29.341  54.881 0.0000000000
44471  -12.622  -37.524  66.337 0.0000000000
45592  -13.563  -36.728  64.411 0.0000000000
45602  -13.663  -36.974  63.420 0.0000000000
43319  -12.426  -38.851  64.573 0.0000000000
42214  -12.586  -39.578  64.531 0.0000000000
42216  -14.145  -39.704  64.170 0.0000000000
46748  -16.057  -36.000  61.111 0.0000000000
45633  -16.706  -36.137  60.922 0.0000000000
44517  -16.007  -37.383  61.728 0.0000000000
140290  -18.899  -37.284  62.234 0.0000000000
43348  -16.030  -38.295  62.730 0.0000000000
153473  -5.923  -47.475  73.439 0.0000000000
35826  -5.701  -46.305  72.791 0.0000000000
32845  -4.743  -47.752  72.899 0.0000000000
35825  -5.294  -45.444  72.672 0.0000000000
34891  -3.545  -46.921  71.432 0.0000000000
35831  -3.133  -45.512  71.394 0.0000000000
35832  -3.634  -45.418  72.293 0.0000000000
36801  -3.889  -44.734  72.600 0.0000000000
34876  -5.383  -46.974  73.183 0.0000000000
34886  -3.993  -46.625  72.481 0.0000000000
36824  -8.103  -44.482  68.857 0.0000000000
41055  -9.047  -40.999  68.940 0.0000000000
42189  -11.343  -39.378  65.744 0.0000000000
43305  -11.864  -39.058  65.235 0.0000000000
43397  -26.722  -38.478  59.427 0.0000000000
43411  -23.244  -38.371  57.875 0.0000000000
44573  -27.560  -36.810  58.080 0.0000000000
44587  -24.054  -36.934  55.812 0.0000000000
45683  -27.515  -36.461  57.390 0.0000000000
46778  -28.953  -35.706  58.033 0.0000000000
46801  -27.662  -35.561  56.140 0.0000000000
46819  -26.503  -35.551  55.050 0.0000000000
46845  -23.647  -35.079  53.628 0.0000000000
47984  -27.543  -34.483  55.088 0.0000000000
48006  -24.680  -34.191  52.833 0.0000000000
48007  -25.275  -34.512  52.999 0.0000000000
48008  -26.414  -33.981  53.295 0.0000000000
48009  -26.946  -34.026  53.925 0.0000000000
48020  -25.287  -33.857  52.596 0.0000000000
49127  -22.195  -33.648  55.119 0.0000000000
50249  -24.073  -33.205  53.384 0.0000000000
50257  -24.873  -32.803  52.255 0.0000000000
52284  -24.617  -30.354  52.271 0.0000000000
53264  -23.744  -29.186  53.619 0.0000000000
54322  -23.746  -28.571  53.295 0.0000000000
65286  -39.323  -18.326  40.541 0.0000000000
68488  -38.390  -15.007  38.611 0.0000000000
72451  -35.937  -11.528  40.505 0.0000000000
73481  -37.342  -10.129  38.734 0.0000000000
73482  -38.027  -10.728  38.481 0.0000000000
75674  -37.336  -8.598  39.686 0.0000000000
75675  -37.921  -8.212  39.153 0.0000000000
75684  -38.212  -8.595  38.531 0.0000000000
75700  -39.955  -7.719  37.142 0.0000000000
75701  -40.326  -8.163  36.629 0.0000000000
76702  -38.771  -7.658  39.932 0.0000000000
76717  -38.501  -7.769  39.185 0.0000000000
76719  -40.468  -7.225  39.251 0.0000000000
76732  -40.227  -7.100  38.336 0.0000000000
76759  -41.053  -7.610  36.090 0.0000000000
77729  -41.440  -6.515  37.374 0.0000000000
77759  -41.860  -6.714  35.949 0.0000000000
77761  -43.259  -6.189  35.383 0.0000000000
155732  -28.172  -33.692  56.057 0.0000000000
163444  -28.019  -34.265  55.696 0.0000000000
166368  -39.300  -19.225  41.532 0.0000000000
166612  -43.631  -6.233  38.182 0.0000000000
167813  -38.906  -7.598  38.832 0.0000000000
169411  -20.981  -37.799  60.284 0.0000000000
