#!ascii label  , from subject sub-v2s17x50007_ses-1 vox2ras=TkReg
908
31716  -35.985  -51.384  -27.874 0.5000000000
29660  -34.810  -52.479  -27.119 0.8000000119
30652  -33.485  -51.562  -25.632 0.8000000119
31714  -34.321  -51.775  -26.514 0.8000000119
31711  -34.847  -50.951  -26.177 0.8000000119
31719  -36.888  -51.864  -28.197 0.5000000000
30658  -35.453  -52.167  -27.754 0.5000000000
32835  -35.657  -50.520  -26.489 0.6000000238
31705  -32.893  -50.342  -23.940 0.6999999881
32830  -33.793  -50.195  -24.223 0.6999999881
153044  -37.739  -52.075  -28.052 0.6000000238
32839  -37.109  -50.710  -27.594 0.5000000000
32836  -36.545  -50.128  -26.628 0.6000000238
32813  -31.500  -49.862  -22.390 0.6999999881
33868  -36.977  -49.071  -25.703 0.6000000238
31696  -31.992  -50.303  -23.254 0.6999999881
150494  -32.107  -50.746  -24.023 0.6999999881
32831  -34.657  -50.152  -24.604 0.6999999881
32833  -36.222  -49.517  -25.367 0.6000000238
33865  -37.169  -48.037  -25.300 0.6000000238
32832  -35.477  -49.915  -25.018 0.8000000119
33864  -36.589  -48.595  -24.737 0.6999999881
151040  -37.953  -51.269  -27.840 0.4000000060
164372  -37.481  -49.592  -26.693 0.6000000238
32804  -32.097  -49.429  -21.665 0.6999999881
32815  -33.368  -49.524  -22.548 0.6999999881
32826  -33.586  -49.809  -23.348 0.6999999881
32827  -34.415  -49.593  -23.568 0.6999999881
32828  -35.261  -49.371  -23.829 0.6000000238
33860  -36.332  -48.122  -23.927 0.6999999881
36769  -36.212  -45.755  -23.999 0.5000000000
33852  -34.636  -48.458  -22.306 0.6000000238
33853  -35.196  -48.186  -22.651 0.6000000238
33859  -35.681  -48.384  -23.292 0.6000000238
36768  -35.787  -45.718  -23.394 0.6000000238
35793  -35.699  -46.530  -23.057 0.6000000238
164124  -35.471  -45.117  -23.203 0.5000000000
33873  -39.556  -48.872  -27.253 0.4000000060
33872  -38.432  -49.132  -26.981 0.5000000000
33831  -31.304  -48.613  -20.732 0.6999999881
34864  -38.623  -48.229  -26.774 0.6000000238
34862  -37.802  -47.817  -26.122 0.6000000238
32805  -33.023  -49.243  -21.776 0.6999999881
33851  -33.923  -48.874  -21.964 0.6999999881
35800  -36.992  -46.465  -25.139 0.5000000000
148522  -36.660  -45.832  -24.693 0.6000000238
36772  -35.814  -44.939  -23.716 0.5000000000
36773  -36.356  -45.163  -24.397 0.5000000000
36766  -35.396  -45.737  -22.837 0.5000000000
34847  -28.148  -47.878  -22.558 0.6000000238
34841  -29.157  -47.349  -21.512 0.6000000238
34865  -39.829  -47.900  -27.217 0.5000000000
165437  -29.820  -47.878  -21.065 0.6999999881
32802  -29.909  -49.100  -21.936 0.6999999881
34863  -38.488  -47.245  -26.552 0.5000000000
36781  -39.251  -45.664  -26.799 0.4000000060
33838  -31.867  -49.013  -21.052 0.6999999881
36778  -38.174  -45.562  -26.225 0.5000000000
33839  -32.627  -48.890  -21.057 0.6999999881
34842  -33.751  -47.770  -20.598 0.6999999881
33841  -34.371  -47.917  -21.506 0.6999999881
35785  -34.718  -46.798  -21.816 0.6000000238
37781  -37.060  -44.729  -25.223 0.5000000000
36765  -34.893  -45.773  -22.257 0.6000000238
38827  -36.631  -43.988  -24.801 0.5000000000
36757  -34.438  -45.901  -21.513 0.5000000000
37769  -35.314  -44.473  -23.249 0.5000000000
153513  -35.936  -43.639  -24.163 0.5000000000
37773  -35.558  -44.108  -23.710 0.5000000000
39903  -36.192  -42.250  -24.320 0.3000000119
37787  -40.931  -45.009  -27.094 0.3000000119
142246  -27.620  -47.102  -22.727 0.6000000238
34840  -28.437  -47.150  -22.221 0.6000000238
36782  -40.492  -45.766  -27.156 0.4000000060
37786  -39.767  -44.970  -26.855 0.4000000060
148973  -30.448  -47.048  -20.153 0.6000000238
37783  -38.653  -44.881  -26.350 0.5000000000
34834  -31.676  -48.021  -19.953 0.6999999881
34835  -32.575  -47.906  -19.822 0.6999999881
37782  -37.774  -44.816  -25.784 0.5000000000
38828  -37.462  -44.064  -25.425 0.5000000000
38825  -37.159  -43.224  -25.134 0.4000000060
155367  -36.389  -43.054  -24.552 0.3000000119
39904  -36.855  -42.391  -24.860 0.4000000060
37772  -35.086  -43.692  -23.289 0.5000000000
38824  -35.634  -42.815  -23.999 0.4000000060
36754  -28.416  -45.816  -22.150 0.6000000238
36755  -28.887  -45.792  -21.545 0.6000000238
36748  -29.420  -45.756  -20.802 0.6000000238
35776  -29.942  -46.428  -20.429 0.6000000238
35766  -30.740  -46.375  -19.575 0.6000000238
38832  -39.169  -44.075  -26.330 0.3000000119
144775  -38.204  -44.239  -25.902 0.4000000060
34823  -31.222  -47.288  -19.656 0.6000000238
151346  -39.253  -43.074  -26.140 0.3000000119
34824  -32.137  -47.375  -19.341 0.6000000238
34836  -33.251  -47.676  -19.950 0.6999999881
39908  -38.596  -42.450  -25.633 0.3000000119
150246  -38.205  -43.371  -25.650 0.3000000119
35769  -33.208  -46.435  -19.193 0.6000000238
154069  -38.526  -41.020  -25.420 0.3000000119
39907  -37.686  -42.488  -25.251 0.3000000119
36750  -33.648  -46.078  -19.679 0.5000000000
35777  -33.666  -46.944  -19.938 0.5000000000
150451  -34.133  -45.102  -21.089 0.5000000000
42086  -37.150  -40.254  -24.773 0.3000000119
40961  -37.283  -41.719  -25.035 0.3000000119
37758  -34.093  -44.171  -21.535 0.5000000000
37767  -34.412  -43.897  -22.358 0.5000000000
42085  -36.449  -40.744  -24.314 0.3000000119
39898  -35.205  -42.226  -23.618 0.4000000060
40959  -36.024  -41.510  -24.065 0.3000000119
37766  -28.174  -44.898  -22.246 0.5000000000
158417  -28.543  -45.270  -21.876 0.6000000238
156210  -29.592  -45.130  -20.383 0.5000000000
35767  -31.702  -46.658  -19.032 0.6000000238
36730  -31.409  -45.740  -18.813 0.5000000000
43174  -38.431  -39.509  -25.393 0.3000000119
35758  -32.170  -46.113  -18.670 0.6000000238
44407  -37.994  -38.698  -25.182 0.3000000119
42089  -38.011  -40.258  -25.233 0.3000000119
36743  -33.352  -45.485  -19.100 0.6000000238
37753  -33.839  -44.414  -20.501 0.5000000000
39891  -33.862  -42.600  -21.448 0.5000000000
39897  -34.772  -42.341  -23.228 0.4000000060
40950  -34.507  -41.660  -22.835 0.4000000060
38809  -28.610  -44.098  -21.417 0.5000000000
158433  -28.972  -44.916  -21.111 0.5000000000
37744  -29.911  -44.041  -19.642 0.5000000000
36749  -30.062  -45.681  -20.039 0.5000000000
37745  -30.525  -44.165  -18.967 0.5000000000
44409  -39.380  -38.095  -25.776 0.3000000119
154492  -38.882  -38.790  -25.579 0.3000000119
36731  -32.250  -45.317  -18.459 0.6000000238
36732  -32.889  -45.205  -18.612 0.6000000238
37746  -33.561  -44.610  -19.497 0.5000000000
150220  -33.799  -43.440  -20.805 0.5000000000
42084  -35.752  -40.817  -23.734 0.4000000060
42076  -35.011  -39.966  -22.935 0.4000000060
38794  -29.358  -43.529  -20.187 0.5000000000
38795  -30.072  -43.253  -19.210 0.5000000000
46568  -40.528  -36.670  -26.209 0.4000000060
47716  -39.959  -35.703  -25.917 0.4000000060
37736  -31.264  -44.326  -18.406 0.5000000000
37737  -31.982  -44.502  -18.208 0.5000000000
45514  -38.851  -37.306  -25.556 0.4000000060
45511  -38.093  -37.289  -25.076 0.3000000119
38788  -31.737  -43.751  -18.031 0.4000000060
44403  -37.687  -37.950  -24.861 0.3000000119
37738  -32.636  -44.565  -18.388 0.5000000000
38796  -33.429  -43.867  -19.087 0.4000000060
38801  -33.552  -43.191  -19.702 0.4000000060
40947  -34.301  -40.927  -22.343 0.4000000060
148331  -28.971  -42.867  -20.563 0.5000000000
39871  -29.395  -42.620  -19.937 0.5000000000
47717  -40.869  -35.148  -26.262 0.4000000060
38787  -30.901  -43.536  -18.350 0.5000000000
39865  -30.596  -42.633  -18.416 0.4000000060
47712  -39.173  -35.135  -25.275 0.4000000060
46566  -38.467  -36.653  -25.224 0.4000000060
148898  -31.478  -42.916  -17.912 0.4000000060
38789  -32.392  -43.127  -17.963 0.4000000060
46562  -37.930  -36.759  -24.772 0.4000000060
155962  -32.992  -42.911  -18.252 0.4000000060
39873  -33.532  -42.389  -19.352 0.4000000060
40931  -33.658  -41.679  -19.980 0.4000000060
40939  -33.787  -41.781  -21.015 0.4000000060
152548  -33.798  -41.097  -20.568 0.4000000060
42070  -34.294  -40.220  -21.735 0.4000000060
44388  -35.406  -38.730  -22.667 0.4000000060
42075  -34.649  -40.125  -22.488 0.4000000060
39881  -28.881  -42.143  -20.589 0.5000000000
40938  -29.348  -41.749  -19.981 0.4000000060
145419  -40.736  -33.679  -26.051 0.4000000060
48890  -40.106  -34.597  -25.813 0.4000000060
39872  -29.880  -42.219  -19.194 0.5000000000
40930  -30.373  -41.720  -18.526 0.4000000060
39862  -32.058  -42.259  -17.648 0.4000000060
47711  -38.488  -35.468  -24.685 0.4000000060
39867  -32.817  -42.294  -17.919 0.4000000060
40926  -33.523  -41.583  -18.962 0.4000000060
44395  -35.766  -38.831  -23.205 0.3000000119
42069  -33.969  -41.017  -21.461 0.4000000060
156987  -29.380  -41.012  -20.094 0.4000000060
40929  -29.768  -41.336  -19.324 0.5000000000
42053  -30.204  -40.861  -18.712 0.4000000060
48887  -39.352  -34.381  -25.039 0.4000000060
40923  -30.870  -41.183  -18.015 0.4000000060
39866  -31.154  -42.045  -17.895 0.4000000060
42043  -32.136  -40.172  -17.479 0.4000000060
166005  -32.190  -40.910  -17.541 0.4000000060
42044  -32.916  -40.653  -17.791 0.4000000060
153350  -33.444  -40.757  -18.546 0.4000000060
42054  -33.712  -40.770  -19.626 0.4000000060
44378  -35.194  -38.398  -21.921 0.4000000060
43142  -34.384  -39.526  -21.176 0.4000000060
44377  -34.731  -38.879  -21.506 0.4000000060
43113  -29.920  -39.656  -19.789 0.4000000060
43099  -30.445  -39.421  -18.712 0.4000000060
42049  -30.681  -40.336  -18.222 0.4000000060
43100  -31.242  -39.760  -17.784 0.4000000060
43094  -32.811  -39.668  -17.627 0.4000000060
158416  -33.192  -39.119  -17.842 0.4000000060
45497  -35.711  -37.949  -22.391 0.4000000060
44333  -33.610  -38.819  -18.351 0.4000000060
43132  -33.947  -39.882  -19.717 0.4000000060
44350  -34.047  -38.765  -19.026 0.4000000060
43133  -34.211  -39.527  -20.373 0.4000000060
44366  -34.497  -38.810  -20.547 0.4000000060
169177  -30.286  -38.465  -20.028 0.4000000060
45446  -30.776  -37.974  -18.729 0.4000000060
44332  -31.084  -38.707  -18.029 0.4000000060
44324  -31.918  -38.402  -17.541 0.4000000060
43093  -31.971  -39.268  -17.450 0.4000000060
156462  -32.555  -38.230  -17.549 0.4000000060
44326  -33.173  -38.376  -17.776 0.4000000060
155164  -33.582  -38.082  -18.179 0.4000000060
44334  -33.990  -38.138  -18.717 0.4000000060
45490  -35.513  -37.717  -21.558 0.3000000119
167379  -34.643  -38.208  -20.297 0.4000000060
150736  -34.946  -38.150  -20.959 0.4000000060
45465  -30.444  -37.950  -20.012 0.4000000060
46515  -30.593  -37.207  -20.849 0.4000000060
151340  -30.892  -37.145  -19.055 0.4000000060
46497  -31.361  -36.193  -18.721 0.4000000060
45439  -33.240  -37.613  -17.885 0.4000000060
45448  -33.748  -37.430  -18.373 0.4000000060
168229  -36.402  -37.032  -22.313 0.4000000060
45491  -36.052  -37.322  -22.024 0.3000000119
45449  -34.302  -37.434  -19.061 0.4000000060
150505  -35.339  -37.373  -20.697 0.5000000000
46517  -34.652  -36.727  -19.368 0.5000000000
47677  -30.950  -36.332  -22.196 0.4000000060
47678  -31.410  -35.875  -21.409 0.4000000060
46516  -30.978  -36.488  -19.751 0.4000000060
166681  -31.616  -35.074  -20.381 0.4000000060
47663  -31.334  -35.644  -19.733 0.4000000060
46500  -33.962  -36.541  -18.592 0.4000000060
46532  -35.143  -36.898  -20.010 0.5000000000
48863  -31.018  -35.399  -22.821 0.4000000060
48864  -31.816  -35.134  -22.781 0.4000000060
48851  -31.859  -35.247  -21.752 0.4000000060
155795  -34.467  -35.898  -19.009 0.4000000060
47664  -34.945  -35.280  -19.154 0.5000000000
49934  -31.335  -33.522  -23.163 0.4000000060
49935  -32.074  -33.909  -23.263 0.4000000060
48865  -32.275  -34.493  -23.035 0.4000000060
48840  -34.580  -34.520  -18.823 0.5000000000
53057  -32.317  -30.678  -23.160 0.4000000060
50991  -30.899  -32.692  -22.786 0.4000000060
53056  -31.811  -31.367  -23.044 0.4000000060
50992  -31.711  -33.023  -23.290 0.4000000060
52031  -32.261  -32.473  -23.383 0.4000000060
52032  -32.937  -31.906  -23.568 0.5000000000
53055  -31.101  -31.041  -22.195 0.4000000060
38815  -34.067  -43.345  -21.889 0.5000000000
39893  -34.109  -42.704  -22.196 0.5000000000
40954  -34.944  -41.583  -23.318 0.4000000060
30663  -36.170  -52.280  -28.110 0.5000000000
30657  -33.983  -52.539  -26.556 0.8000000119
167276  -32.892  -51.705  -25.399 0.8000000119
30651  -32.276  -51.987  -25.205 0.6999999881
30660  -37.741  -52.588  -27.325 0.5000000000
154207  -31.221  -50.841  -23.889 0.6999999881
30661  -38.894  -52.829  -26.877 0.5000000000
31695  -30.865  -50.348  -23.189 0.6999999881
32840  -39.136  -50.600  -27.494 0.4000000060
31720  -38.924  -51.769  -27.623 0.4000000060
32803  -31.077  -49.278  -21.580 0.6999999881
34848  -28.790  -47.880  -22.014 0.6999999881
32841  -40.063  -49.733  -27.259 0.4000000060
33875  -40.834  -47.749  -27.102 0.4000000060
34846  -27.253  -47.889  -23.164 0.6000000238
36783  -41.613  -45.738  -27.038 0.4000000060
35790  -27.201  -46.369  -22.871 0.6000000238
37765  -27.502  -44.846  -22.553 0.5000000000
147208  -28.257  -44.145  -22.002 0.5000000000
38800  -28.753  -43.428  -20.966 0.5000000000
39880  -28.499  -42.663  -21.115 0.4000000060
42063  -29.264  -40.411  -20.686 0.4000000060
43131  -29.165  -39.715  -21.259 0.4000000060
43112  -29.555  -39.874  -20.533 0.4000000060
44348  -29.654  -39.188  -20.993 0.4000000060
45482  -30.213  -37.889  -21.381 0.4000000060
166094  -30.601  -36.778  -21.906 0.4000000060
47690  -30.850  -36.050  -22.572 0.4000000060
156027  -30.481  -34.312  -22.603 0.4000000060
49924  -30.677  -33.443  -22.739 0.4000000060
53044  -31.562  -30.352  -22.411 0.4000000060
29659  -34.241  -53.081  -26.630 0.8000000119
31710  -34.055  -50.845  -25.300 0.8000000119
31709  -32.687  -51.110  -24.742 0.6999999881
32816  -34.181  -49.214  -22.745 0.6999999881
33869  -37.719  -48.597  -26.202 0.6000000238
163752  -36.680  -47.856  -24.514 0.6999999881
33863  -36.021  -49.024  -24.215 0.6999999881
35804  -37.670  -46.286  -25.923 0.6000000238
35797  -36.548  -46.488  -24.399 0.6000000238
35796  -36.135  -46.489  -23.680 0.6000000238
34833  -30.623  -47.853  -20.454 0.6999999881
36777  -37.389  -45.421  -25.563 0.5000000000
34832  -29.834  -47.195  -20.779 0.6000000238
34866  -40.544  -47.191  -27.261 0.5000000000
154414  -39.534  -47.040  -27.084 0.5000000000
164324  -34.728  -43.616  -22.873 0.5000000000
36741  -30.648  -45.524  -19.355 0.6000000238
154204  -33.637  -43.902  -19.898 0.5000000000
38816  -34.406  -43.194  -22.565 0.5000000000
40946  -33.981  -41.867  -22.091 0.4000000060
39882  -33.672  -42.503  -20.391 0.4000000060
42080  -35.414  -40.177  -23.342 0.4000000060
42064  -34.031  -40.288  -20.680 0.4000000060
43114  -33.699  -40.137  -18.975 0.4000000060
44349  -30.061  -38.503  -21.063 0.4000000060
44351  -34.372  -38.284  -19.615 0.4000000060
164021  -32.623  -33.419  -23.302 0.4000000060
18405  -30.072  -63.792  -18.899 0.4000000060
19385  -31.597  -62.931  -18.228 0.4000000060
20414  -32.691  -61.612  -17.615 0.4000000060
159869  -32.972  -60.344  -17.368 0.4000000060
20413  -31.908  -61.595  -17.554 0.4000000060
21362  -32.248  -60.932  -17.597 0.4000000060
23341  -32.577  -59.352  -18.135 0.4000000060
25388  -33.568  -56.993  -17.869 0.5000000000
21361  -31.278  -61.021  -17.868 0.4000000060
22338  -32.361  -60.145  -17.873 0.4000000060
24345  -32.718  -58.552  -19.377 0.5000000000
24346  -33.168  -57.845  -18.638 0.5000000000
26502  -33.887  -56.241  -19.375 0.6000000238
160417  -30.621  -60.764  -17.888 0.4000000060
21380  -30.825  -60.302  -18.553 0.4000000060
24361  -32.386  -58.747  -20.100 0.4000000060
26490  -33.838  -56.189  -18.248 0.5000000000
31721  -39.917  -50.974  -27.271 0.4000000060
154595  -41.320  -47.379  -26.713 0.3000000119
26503  -34.132  -55.413  -18.580 0.5000000000
30645  -37.654  -51.972  -24.781 0.5000000000
23360  -30.357  -59.240  -19.159 0.4000000060
24362  -33.005  -58.046  -20.006 0.5000000000
25401  -33.523  -57.088  -19.053 0.5000000000
157843  -30.245  -59.637  -18.659 0.4000000060
22357  -31.121  -59.890  -19.234 0.4000000060
27569  -34.356  -54.378  -19.779 0.6000000238
163516  -34.308  -54.596  -18.772 0.6000000238
29608  -34.592  -52.671  -20.446 0.6999999881
159349  -37.234  -52.355  -26.231 0.5000000000
28597  -34.506  -53.038  -19.517 0.6999999881
30605  -35.419  -51.285  -20.399 0.6999999881
30644  -36.627  -51.721  -24.362 0.6999999881
30604  -34.843  -51.839  -20.463 0.6999999881
30616  -35.113  -51.638  -21.383 0.6999999881
25415  -33.595  -57.145  -20.280 0.6000000238
26513  -33.990  -56.267  -20.386 0.6000000238
27585  -34.402  -54.719  -20.773 0.6000000238
23377  -31.391  -58.862  -20.268 0.4000000060
23392  -32.243  -58.411  -20.654 0.5000000000
25427  -33.613  -56.913  -21.179 0.6000000238
28615  -34.557  -53.185  -21.325 0.6000000238
34867  -41.203  -47.175  -27.154 0.3000000119
28608  -34.461  -53.718  -20.539 0.6000000238
29621  -34.697  -52.285  -21.135 0.6999999881
169284  -36.943  -51.966  -25.271 0.6000000238
25414  -31.370  -57.151  -20.475 0.6000000238
25437  -32.089  -57.079  -21.501 0.6000000238
25453  -32.894  -56.733  -22.341 0.6999999881
25440  -33.700  -56.514  -21.804 0.6000000238
151467  -34.250  -55.567  -21.543 0.6000000238
28622  -34.523  -53.854  -22.346 0.6000000238
24360  -30.936  -58.014  -20.190 0.5000000000
24378  -32.997  -57.640  -21.080 0.6000000238
149683  -34.741  -52.578  -22.133 0.6000000238
30643  -35.263  -52.371  -23.804 0.6999999881
30629  -35.209  -51.930  -22.554 0.6999999881
30654  -36.209  -52.284  -26.070 0.6000000238
142044  -35.764  -52.162  -24.612 0.6999999881
26534  -32.328  -56.537  -22.097 0.6000000238
26545  -32.683  -56.179  -22.857 0.6999999881
26546  -33.112  -56.264  -23.019 0.6999999881
26535  -33.269  -56.620  -22.328 0.6999999881
27605  -34.181  -54.622  -23.451 0.6000000238
30653  -35.435  -52.597  -27.399 0.5000000000
147877  -34.601  -53.443  -23.271 0.6999999881
146999  -34.927  -52.632  -23.168 0.6999999881
153847  -35.370  -52.748  -26.311 0.6000000238
146350  -32.421  -55.026  -25.310 0.6999999881
28630  -33.423  -54.108  -25.777 0.6999999881
26550  -32.694  -55.715  -23.642 0.6999999881
27612  -33.269  -54.593  -25.270 0.6000000238
28631  -33.960  -54.079  -25.375 0.5000000000
26551  -33.092  -55.657  -23.847 0.6999999881
27610  -33.759  -54.667  -24.506 0.6000000238
29642  -34.727  -53.301  -24.485 0.6999999881
29653  -34.761  -52.866  -26.740 0.5000000000
29657  -32.655  -53.440  -25.869 0.6999999881
160425  -33.080  -52.449  -25.917 0.6999999881
167248  -32.489  -52.663  -25.630 0.6999999881
29652  -34.326  -53.415  -26.064 0.6000000238
28635  -33.810  -53.628  -26.141 0.6999999881
30655  -38.526  -52.688  -25.921 0.5000000000
19372  -32.035  -62.211  -17.696 0.4000000060
148488  -30.380  -60.130  -18.403 0.4000000060
22358  -31.802  -59.878  -18.956 0.4000000060
23378  -31.952  -59.075  -20.253 0.4000000060
22373  -30.913  -59.428  -19.695 0.4000000060
30617  -35.828  -51.283  -22.064 0.6999999881
162834  -36.124  -51.644  -23.710 0.6999999881
26525  -34.029  -56.204  -21.123 0.6000000238
27597  -34.271  -55.100  -22.450 0.6000000238
24394  -32.354  -57.599  -21.182 0.6999999881
24395  -32.818  -57.452  -21.518 0.6000000238
26547  -33.659  -55.617  -23.239 0.6000000238
27609  -33.104  -55.170  -24.604 0.6999999881
28626  -34.261  -54.003  -24.222 0.6000000238
27613  -32.950  -54.427  -25.696 0.6000000238
27604  -32.218  -55.582  -23.444 0.5000000000
25400  -30.901  -56.941  -19.541 0.4000000060
26512  -31.531  -56.108  -20.496 0.5000000000
27603  -31.565  -55.177  -24.053 0.6000000238
24326  -30.643  -57.312  -18.038 0.4000000060
169110  -31.160  -56.137  -18.872 0.5000000000
163557  -31.281  -56.090  -19.638 0.5000000000
27584  -31.761  -55.175  -20.613 0.5000000000
27595  -31.778  -54.935  -23.023 0.5000000000
28621  -31.055  -54.400  -23.533 0.5000000000
27596  -32.160  -55.691  -22.585 0.5000000000
27611  -31.553  -55.319  -24.939 0.6000000238
168702  -30.986  -55.077  -25.228 0.5000000000
28625  -30.727  -54.794  -24.710 0.5000000000
29650  -30.625  -53.401  -25.237 0.6999999881
28627  -30.015  -54.049  -24.825 0.6000000238
30649  -29.888  -52.572  -24.966 0.6000000238
25387  -31.164  -56.408  -17.532 0.5000000000
26501  -31.522  -55.345  -18.709 0.5000000000
27551  -31.867  -54.202  -19.696 0.5000000000
28606  -31.690  -53.670  -21.285 0.5000000000
28614  -31.906  -54.583  -21.956 0.5000000000
29651  -31.800  -52.937  -25.415 0.6000000238
28620  -30.012  -54.003  -24.107 0.6000000238
30642  -30.541  -51.604  -24.515 0.6000000238
145547  -31.719  -54.897  -17.678 0.5000000000
27550  -31.801  -54.357  -18.626 0.5000000000
28581  -31.574  -53.448  -19.279 0.5000000000
28596  -31.666  -53.524  -20.239 0.5000000000
29633  -30.476  -53.438  -22.821 0.5000000000
30650  -31.113  -52.235  -25.008 0.6000000238
29648  -28.998  -52.796  -24.735 0.5000000000
30641  -29.372  -51.920  -24.557 0.6000000238
160347  -31.626  -55.112  -16.780 0.5000000000
28560  -31.614  -54.021  -17.621 0.5000000000
29578  -31.084  -52.987  -18.887 0.5000000000
166885  -30.368  -52.655  -19.713 0.5000000000
29606  -29.221  -52.278  -20.756 0.6000000238
29593  -30.400  -52.601  -20.371 0.4000000060
30615  -27.616  -51.699  -22.019 0.4000000060
156547  -29.141  -52.256  -22.063 0.5000000000
29631  -28.848  -52.520  -23.265 0.5000000000
29619  -30.315  -52.659  -21.585 0.4000000060
30614  -26.909  -51.487  -21.656 0.4000000060
164542  -27.477  -51.316  -23.014 0.5000000000
29630  -28.332  -51.980  -22.571 0.5000000000
30636  -26.234  -50.719  -22.488 0.4000000060
30640  -28.600  -52.045  -24.121 0.6000000238
29640  -28.724  -52.824  -24.139 0.6000000238
31694  -29.823  -50.386  -23.292 0.6000000238
32812  -30.443  -49.772  -22.504 0.6000000238
29618  -28.294  -51.960  -21.462 0.5000000000
166938  -27.017  -49.817  -23.415 0.5000000000
31701  -27.553  -50.337  -23.368 0.5000000000
30639  -28.143  -51.522  -23.373 0.5000000000
32821  -25.935  -49.181  -23.337 0.4000000060
32822  -26.682  -49.073  -23.432 0.5000000000
32810  -28.460  -49.495  -23.006 0.6000000238
31702  -28.283  -51.043  -23.547 0.6000000238
32811  -29.401  -49.648  -22.739 0.6000000238
33849  -27.933  -48.669  -22.933 0.5000000000
35789  -26.101  -46.526  -23.074 0.3000000119
35795  -25.969  -47.292  -23.334 0.4000000060
34852  -25.744  -47.867  -23.288 0.4000000060
33857  -26.708  -48.320  -23.451 0.5000000000
33850  -28.873  -48.712  -22.371 0.5000000000
151450  -29.450  -48.281  -21.622 0.6000000238
40945  -28.391  -41.834  -21.177 0.3000000119
39890  -28.081  -42.451  -21.648 0.3000000119
145124  -27.896  -43.629  -22.198 0.4000000060
38813  -27.343  -44.068  -22.393 0.4000000060
43130  -28.500  -39.800  -21.331 0.3000000119
45481  -29.835  -38.046  -21.809 0.3000000119
154146  -29.225  -39.098  -21.627 0.3000000119
46530  -29.805  -36.832  -21.950 0.3000000119
46531  -30.146  -37.308  -21.909 0.3000000119
47689  -30.570  -35.910  -22.545 0.3000000119
48862  -30.143  -35.125  -22.387 0.3000000119
49923  -29.925  -33.109  -21.775 0.3000000119
50980  -30.324  -32.570  -22.149 0.3000000119
34853  -26.694  -47.133  -23.148 0.5000000000
42062  -28.780  -40.377  -21.183 0.3000000119
28632  -31.572  -54.037  -25.587 0.5000000000
27568  -31.652  -55.136  -19.606 0.5000000000
148014  -29.575  -52.802  -22.720 0.5000000000
165167  -29.132  -51.203  -23.862 0.6000000238
30646  -38.665  -52.560  -24.672 0.3000000119
144383  -35.748  -51.081  -21.064 0.6000000238
147021  -37.359  -51.591  -23.678 0.6000000238
33866  -40.047  -49.223  -24.969 0.3000000119
31712  -40.453  -50.850  -25.591 0.3000000119
30662  -40.418  -52.255  -26.476 0.3000000119
31717  -40.374  -51.381  -26.682 0.3000000119
30656  -40.731  -52.525  -25.664 0.3000000119
29665  -40.052  -52.737  -26.701 0.3000000119
31722  -39.964  -52.017  -27.176 0.3000000119
146155  -36.787  -51.158  -22.126 0.6000000238
30632  -37.734  -51.571  -22.717 0.5000000000
32834  -39.955  -49.888  -24.533 0.3000000119
168774  -40.298  -49.930  -25.748 0.3000000119
32838  -40.344  -50.335  -26.708 0.3000000119
33870  -40.508  -49.197  -26.539 0.3000000119
29662  -40.154  -53.199  -26.094 0.3000000119
29661  -39.591  -53.169  -26.030 0.3000000119
158199  -38.270  -52.071  -23.759 0.4000000060
24325  -30.304  -58.307  -18.685 0.4000000060
151572  -39.419  -49.058  -23.704 0.3000000119
33867  -40.510  -48.522  -25.599 0.3000000119
34861  -40.978  -47.855  -26.048 0.3000000119
23322  -34.315  -58.530  -16.597 0.5000000000
24308  -34.670  -57.789  -16.329 0.5000000000
19386  -32.582  -62.696  -18.305 0.4000000060
21363  -33.250  -60.903  -17.376 0.4000000060
22324  -34.006  -59.333  -16.770 0.4000000060
22325  -34.793  -59.012  -16.774 0.5000000000
28537  -34.897  -53.959  -16.449 0.5000000000
25355  -34.958  -55.747  -15.822 0.5000000000
24307  -33.846  -57.953  -16.740 0.5000000000
25371  -34.431  -56.399  -16.393 0.5000000000
23321  -33.701  -58.797  -16.833 0.4000000060
30573  -35.943  -51.870  -17.833 0.6000000238
29580  -35.222  -52.149  -18.143 0.6000000238
150483  -34.576  -53.923  -17.300 0.5000000000
27530  -34.493  -54.689  -16.904 0.5000000000
23342  -33.231  -58.636  -17.379 0.3000000119
25370  -33.870  -57.057  -16.953 0.4000000060
26473  -34.455  -55.531  -16.606 0.5000000000
30593  -36.428  -51.143  -19.196 0.6000000238
29595  -34.844  -52.100  -19.010 0.6000000238
29579  -34.683  -52.772  -18.448 0.6000000238
26491  -34.203  -55.433  -17.546 0.4000000060
143266  -37.349  -51.184  -20.617 0.6000000238
29645  -40.158  -53.447  -24.283 0.3000000119
30633  -38.911  -52.490  -22.971 0.4000000060
144034  -34.418  -54.021  -18.078 0.4000000060
157672  -40.995  -52.820  -24.923 0.3000000119
31713  -40.923  -51.896  -24.931 0.3000000119
29644  -39.301  -52.978  -23.975 0.3000000119
30606  -36.293  -50.891  -20.235 0.6000000238
30592  -35.633  -51.517  -18.767 0.6000000238
29635  -39.896  -53.281  -23.296 0.3000000119
29581  -36.582  -51.613  -18.298 0.5000000000
29582  -37.427  -52.004  -18.399 0.5000000000
30594  -37.220  -51.233  -19.662 0.5000000000
29609  -38.002  -51.876  -20.070 0.4000000060
30607  -38.236  -51.934  -20.990 0.5000000000
28583  -37.721  -52.734  -17.881 0.5000000000
145593  -36.969  -52.124  -17.672 0.5000000000
29583  -38.152  -52.694  -18.742 0.4000000060
29610  -38.722  -52.659  -20.426 0.4000000060
29622  -39.044  -52.752  -21.319 0.4000000060
30620  -38.508  -52.124  -21.963 0.5000000000
29551  -35.757  -52.766  -16.725 0.5000000000
29566  -36.328  -52.356  -17.188 0.5000000000
20518  -33.910  -61.698  -24.555 0.3000000119
20536  -34.044  -61.091  -25.403 0.3000000119
20519  -34.664  -61.353  -24.105 0.3000000119
20505  -35.311  -61.272  -23.326 0.3000000119
21450  -36.558  -60.595  -22.533 0.4000000060
20504  -34.583  -61.916  -23.225 0.3000000119
21430  -37.146  -60.268  -21.625 0.4000000060
21429  -36.785  -60.392  -21.639 0.4000000060
21449  -35.784  -61.132  -22.530 0.3000000119
20470  -34.821  -62.157  -21.806 0.3000000119
21396  -37.637  -59.939  -19.921 0.4000000060
22378  -38.054  -59.681  -19.190 0.4000000060
21428  -36.082  -60.878  -21.669 0.4000000060
20471  -35.354  -61.587  -21.737 0.4000000060
20457  -34.885  -62.067  -21.102 0.4000000060
20458  -35.475  -61.337  -20.909 0.4000000060
23348  -40.023  -58.350  -17.665 0.3000000119
22362  -38.462  -59.431  -18.503 0.4000000060
160046  -38.107  -59.019  -18.287 0.4000000060
22361  -37.607  -59.080  -18.659 0.4000000060
22360  -36.861  -59.046  -18.846 0.4000000060
21394  -36.033  -60.306  -19.758 0.4000000060
20444  -35.453  -61.118  -19.983 0.4000000060
25374  -39.904  -56.090  -16.489 0.3000000119
23327  -38.993  -58.107  -16.731 0.4000000060
23326  -38.026  -57.934  -16.478 0.4000000060
23363  -37.838  -58.716  -17.994 0.4000000060
22342  -37.067  -58.580  -18.184 0.4000000060
23325  -36.983  -57.910  -16.682 0.4000000060
162962  -36.299  -59.416  -18.721 0.4000000060
23344  -36.584  -58.323  -17.409 0.4000000060
22375  -35.841  -60.033  -18.917 0.4000000060
20433  -35.303  -60.850  -19.060 0.4000000060
25373  -38.793  -56.600  -15.914 0.4000000060
154384  -38.017  -57.134  -15.686 0.4000000060
24310  -36.502  -57.501  -15.974 0.4000000060
23324  -36.057  -57.969  -16.637 0.4000000060
21382  -35.091  -60.456  -18.205 0.4000000060
22359  -35.614  -59.676  -18.148 0.4000000060
19416  -34.331  -62.539  -20.551 0.4000000060
26464  -37.997  -55.834  -15.379 0.4000000060
24294  -37.059  -57.029  -15.444 0.4000000060
24293  -36.095  -56.842  -15.563 0.4000000060
24309  -35.464  -57.495  -16.028 0.4000000060
21365  -34.924  -60.033  -17.570 0.4000000060
23323  -35.131  -58.266  -16.449 0.4000000060
164276  -37.185  -54.901  -15.353 0.4000000060
27494  -36.021  -54.456  -15.385 0.4000000060
28518  -35.448  -54.189  -15.775 0.4000000060
28520  -36.829  -53.729  -15.862 0.4000000060
28539  -36.455  -53.082  -16.338 0.4000000060
29598  -39.119  -53.125  -19.846 0.3000000119
29611  -39.488  -53.096  -20.675 0.3000000119
25372  -35.111  -56.724  -15.830 0.4000000060
29567  -37.159  -52.800  -17.050 0.4000000060
28538  -35.590  -53.394  -16.236 0.4000000060
21411  -36.932  -60.041  -20.874 0.4000000060
21395  -37.090  -59.780  -20.149 0.4000000060
159339  -36.682  -60.007  -20.211 0.4000000060
21410  -36.266  -60.504  -20.736 0.4000000060
24328  -39.665  -58.072  -17.087 0.4000000060
23347  -39.248  -58.608  -17.369 0.4000000060
24329  -40.311  -57.527  -17.238 0.3000000119
152525  -39.264  -56.146  -16.204 0.3000000119
162722  -39.427  -56.760  -16.344 0.4000000060
24312  -38.827  -57.387  -16.254 0.4000000060
24311  -37.333  -57.532  -15.981 0.4000000060
26475  -38.660  -55.679  -15.937 0.4000000060
25357  -36.708  -56.241  -15.153 0.4000000060
23343  -35.695  -58.608  -17.106 0.4000000060
26461  -35.508  -55.053  -15.450 0.4000000060
28540  -37.341  -53.534  -16.429 0.4000000060
22379  -39.977  -59.842  -19.440 0.3000000119
20472  -38.585  -61.135  -21.710 0.3000000119
167116  -37.147  -60.320  -23.105 0.3000000119
21413  -38.266  -60.619  -20.937 0.3000000119
21398  -39.346  -60.297  -19.681 0.3000000119
21451  -37.004  -60.332  -22.459 0.3000000119
151976  -38.088  -60.307  -20.320 0.3000000119
22364  -39.803  -59.384  -18.708 0.3000000119
21383  -39.047  -60.005  -18.927 0.3000000119
23364  -39.543  -58.987  -18.023 0.3000000119
27513  -38.993  -55.001  -16.660 0.3000000119
27532  -38.606  -54.303  -17.008 0.3000000119
156720  -38.035  -53.589  -17.327 0.3000000119
161885  -38.497  -53.336  -18.233 0.3000000119
23365  -40.336  -58.639  -18.474 0.3000000119
27496  -37.851  -55.177  -15.607 0.3000000119
18390  -30.812  -63.368  -18.527 0.4000000060
19371  -31.064  -62.416  -17.640 0.4000000060
19373  -32.908  -62.139  -17.877 0.4000000060
20412  -30.420  -62.088  -17.141 0.4000000060
20488  -35.036  -61.785  -22.479 0.3000000119
20489  -38.054  -60.791  -22.513 0.3000000119
21381  -31.456  -60.382  -18.383 0.4000000060
21397  -38.510  -60.212  -19.693 0.3000000119
21412  -37.420  -60.155  -20.772 0.4000000060
21431  -37.698  -60.491  -21.639 0.3000000119
22323  -33.232  -59.525  -17.240 0.4000000060
22339  -33.687  -60.113  -17.078 0.4000000060
22340  -35.298  -59.355  -17.385 0.4000000060
22341  -36.233  -58.880  -18.054 0.4000000060
22343  -38.690  -59.073  -17.878 0.4000000060
22356  -30.626  -59.805  -19.056 0.4000000060
22363  -39.101  -59.497  -18.316 0.4000000060
22374  -31.531  -59.461  -19.811 0.4000000060
22376  -36.624  -59.656  -19.474 0.4000000060
22377  -37.279  -59.466  -19.417 0.4000000060
23345  -37.462  -58.336  -17.366 0.4000000060
23346  -38.400  -58.507  -17.258 0.4000000060
23361  -32.243  -59.231  -19.461 0.4000000060
23362  -32.863  -58.578  -18.362 0.4000000060
24305  -30.521  -58.046  -17.511 0.4000000060
24313  -39.582  -57.475  -16.678 0.4000000060
24314  -40.148  -56.785  -16.679 0.3000000119
24327  -33.397  -57.811  -17.572 0.3000000119
24343  -30.610  -58.701  -19.731 0.4000000060
24344  -30.525  -57.640  -19.186 0.4000000060
24377  -31.669  -58.023  -20.709 0.6999999881
25356  -35.749  -55.981  -15.344 0.4000000060
25358  -37.589  -56.402  -15.277 0.4000000060
25359  -38.263  -56.342  -15.530 0.4000000060
25389  -34.024  -56.237  -17.222 0.4000000060
25426  -31.698  -56.869  -21.034 0.6000000238
25438  -32.646  -57.142  -21.741 0.6999999881
25439  -33.136  -57.120  -21.807 0.6000000238
26462  -36.431  -55.219  -15.169 0.4000000060
26463  -37.324  -55.622  -15.190 0.4000000060
26474  -34.861  -54.823  -16.056 0.5000000000
26476  -39.485  -55.553  -16.417 0.3000000119
26489  -31.512  -55.609  -17.266 0.5000000000
26514  -34.195  -55.406  -19.591 0.6000000238
26524  -31.834  -56.253  -21.320 0.5000000000
26536  -33.754  -56.082  -22.458 0.6000000238
26552  -33.559  -55.235  -23.949 0.6000000238
27495  -36.689  -54.350  -15.464 0.4000000060
27511  -37.483  -54.318  -15.862 0.4000000060
27512  -38.314  -54.764  -16.248 0.3000000119
27531  -37.975  -54.117  -16.596 0.3000000119
27552  -34.342  -54.672  -17.852 0.4000000060
27608  -32.479  -55.382  -24.456 0.6999999881
28519  -36.163  -53.780  -15.724 0.4000000060
28561  -34.643  -53.325  -17.836 0.6000000238
28562  -35.044  -53.121  -17.002 0.6000000238
28582  -34.434  -53.673  -18.723 0.4000000060
28584  -38.813  -53.187  -19.045 0.3000000119
28607  -31.865  -54.352  -20.875 0.5000000000
28613  -31.566  -53.920  -22.349 0.5000000000
28628  -30.690  -54.474  -25.232 0.6999999881
28629  -31.494  -54.918  -25.465 0.5000000000
28633  -32.407  -54.384  -25.722 0.6999999881
28634  -33.214  -53.944  -26.013 0.6999999881
29564  -34.971  -52.702  -17.711 0.6000000238
29565  -35.526  -52.423  -17.377 0.6000000238
29577  -30.158  -52.766  -19.077 0.5000000000
29594  -31.078  -52.864  -19.731 0.4000000060
29596  -37.779  -51.921  -19.201 0.5000000000
29597  -38.461  -52.633  -19.570 0.4000000060
29607  -31.237  -52.966  -20.794 0.4000000060
29620  -31.239  -53.218  -21.718 0.5000000000
29623  -39.938  -53.149  -21.584 0.3000000119
29632  -29.284  -53.285  -23.731 0.5000000000
29639  -28.465  -52.082  -23.498 0.5000000000
29641  -29.302  -53.439  -24.513 0.5000000000
29643  -35.089  -52.955  -25.432 0.6000000238
29649  -29.650  -53.424  -24.996 0.5000000000
29654  -39.511  -53.185  -25.026 0.3000000119
29655  -40.215  -53.374  -25.249 0.3000000119
29656  -40.581  -53.092  -25.422 0.3000000119
29658  -33.654  -53.249  -26.289 0.6999999881
29663  -40.405  -52.853  -26.120 0.3000000119
29664  -39.658  -52.969  -26.600 0.3000000119
30582  -37.132  -51.448  -18.900 0.5000000000
30591  -34.725  -52.186  -19.800 0.6000000238
30618  -36.532  -50.957  -21.277 0.6000000238
30619  -37.537  -51.360  -21.598 0.6000000238
30626  -26.471  -51.168  -22.170 0.4000000060
30627  -27.109  -51.421  -22.474 0.5000000000
30628  -27.852  -51.643  -22.873 0.5000000000
30630  -35.738  -51.720  -23.207 0.6999999881
30631  -36.531  -51.367  -23.081 0.6999999881
30637  -26.760  -51.004  -22.909 0.4000000060
30638  -27.504  -50.991  -23.297 0.5000000000
30659  -36.399  -52.578  -27.692 0.6000000238
30664  -37.081  -52.414  -28.043 0.5000000000
30665  -39.330  -52.561  -27.154 0.3000000119
31700  -26.887  -50.419  -23.276 0.5000000000
31703  -30.153  -51.039  -23.904 0.6000000238
31704  -31.676  -51.355  -24.502 0.6000000238
31706  -33.368  -50.725  -24.742 0.6999999881
31715  -35.236  -51.465  -27.399 0.6000000238
31718  -40.640  -51.785  -25.929 0.3000000119
32814  -32.474  -49.761  -22.441 0.6999999881
32820  -25.638  -49.333  -22.945 0.4000000060
32823  -27.576  -49.445  -23.308 0.5000000000
32824  -28.870  -50.357  -23.342 0.6000000238
32825  -32.869  -49.980  -23.114 0.6999999881
32837  -38.215  -50.125  -27.361 0.5000000000
33832  -32.197  -48.523  -20.419 0.6999999881
33833  -33.037  -48.280  -20.416 0.6999999881
33837  -30.341  -48.551  -21.194 0.6999999881
33840  -33.517  -48.549  -21.177 0.6999999881
33848  -27.248  -48.649  -23.310 0.5000000000
33855  -25.629  -48.576  -23.177 0.4000000060
33856  -26.081  -48.436  -23.456 0.4000000060
33858  -34.936  -48.887  -22.994 0.6000000238
33874  -40.459  -48.628  -27.175 0.4000000060
34825  -32.964  -47.241  -19.399 0.6000000238
34849  -34.974  -47.598  -22.216 0.6000000238
34850  -35.497  -47.455  -22.786 0.6000000238
34854  -36.028  -47.368  -23.394 0.6000000238
34855  -36.445  -47.262  -24.086 0.6000000238
34858  -36.833  -47.217  -24.836 0.6999999881
34859  -37.418  -47.163  -25.666 0.6000000238
34860  -40.348  -47.753  -25.031 0.3000000119
35768  -32.535  -46.674  -18.947 0.6000000238
35782  -28.708  -46.479  -21.877 0.6000000238
35783  -29.288  -46.501  -21.175 0.6000000238
35784  -34.232  -46.950  -20.955 0.5000000000
35791  -28.071  -46.388  -22.460 0.6000000238
35792  -35.208  -46.629  -22.467 0.5000000000
35803  -37.069  -45.858  -25.261 0.5000000000
35805  -38.793  -46.369  -26.669 0.5000000000
35808  -39.981  -46.450  -27.189 0.4000000060
35809  -41.069  -46.581  -27.228 0.5000000000
35810  -41.494  -46.612  -26.855 0.3000000119
36729  -30.910  -44.944  -18.881 0.5000000000
36742  -32.777  -45.912  -18.729 0.6000000238
36756  -34.050  -46.066  -20.512 0.5000000000
36763  -26.847  -45.601  -22.842 0.5000000000
36764  -27.827  -45.613  -22.539 0.5000000000
36776  -36.796  -45.296  -25.003 0.6000000238
37739  -33.187  -44.604  -18.766 0.6000000238
37751  -29.486  -44.422  -20.285 0.5000000000
37752  -30.167  -44.839  -19.649 0.5000000000
37757  -28.516  -44.683  -21.766 0.5000000000
37759  -34.538  -44.837  -22.105 0.5000000000
37768  -34.879  -44.226  -22.812 0.5000000000
37776  -36.118  -44.441  -24.214 0.5000000000
37777  -36.556  -44.737  -24.743 0.6000000238
38790  -32.955  -43.744  -18.409 0.5000000000
38808  -28.268  -43.322  -21.686 0.4000000060
38814  -27.912  -44.298  -22.335 0.5000000000
38819  -34.722  -43.072  -23.100 0.4000000060
38820  -35.061  -42.961  -23.513 0.5000000000
39868  -33.281  -42.310  -18.491 0.4000000060
39894  -34.403  -42.480  -22.717 0.5000000000
39902  -35.664  -42.073  -23.931 0.3000000119
39909  -39.420  -42.342  -26.015 0.3000000119
40921  -32.562  -41.539  -17.680 0.4000000060
40924  -31.694  -41.449  -17.624 0.4000000060
40925  -33.172  -41.542  -18.144 0.4000000060
40937  -28.925  -41.181  -20.787 0.4000000060
40955  -35.433  -41.534  -23.667 0.4000000060
40960  -36.625  -41.617  -24.594 0.3000000119
40964  -38.120  -41.741  -25.325 0.3000000119
42045  -33.398  -39.807  -18.227 0.4000000060
42050  -31.434  -40.644  -17.685 0.4000000060
42052  -29.712  -40.458  -19.695 0.4000000060
42068  -28.294  -41.020  -21.279 0.3000000119
42079  -34.819  -40.761  -23.001 0.4000000060
43115  -34.178  -39.121  -19.697 0.4000000060
43152  -34.628  -39.503  -22.010 0.4000000060
43153  -34.992  -39.441  -22.595 0.4000000060
43160  -35.389  -39.409  -23.049 0.4000000060
44325  -32.665  -38.859  -17.541 0.4000000060
44365  -29.537  -38.635  -21.725 0.3000000119
44387  -34.943  -38.966  -22.195 0.4000000060
44389  -35.978  -38.182  -23.076 0.3000000119
44408  -38.416  -37.991  -25.356 0.3000000119
45437  -32.132  -37.704  -17.646 0.4000000060
45438  -32.783  -37.813  -17.639 0.4000000060
45447  -31.374  -37.787  -18.059 0.4000000060
45466  -34.770  -37.576  -19.994 0.4000000060
45515  -39.910  -37.389  -25.993 0.4000000060
46482  -32.570  -37.162  -17.802 0.4000000060
46499  -33.216  -36.785  -18.030 0.4000000060
46518  -35.247  -36.125  -19.640 0.5000000000
46541  -30.481  -36.438  -22.201 0.4000000060
46567  -39.346  -36.587  -25.714 0.4000000060
47662  -31.036  -36.492  -21.110 0.4000000060
47691  -31.325  -35.774  -22.478 0.4000000060
47715  -38.842  -35.933  -25.309 0.4000000060
48874  -31.457  -34.418  -23.074 0.4000000060
49936  -32.616  -33.946  -23.104 0.4000000060
49954  -39.608  -33.712  -24.727 0.4000000060
52030  -31.287  -32.013  -22.883 0.4000000060
142498  -34.261  -55.458  -20.545 0.6000000238
143255  -39.000  -60.709  -20.318 0.3000000119
143362  -34.860  -51.820  -27.314 0.8000000119
143716  -31.323  -55.812  -18.061 0.5000000000
144425  -38.212  -52.445  -27.601 0.5000000000
145041  -40.829  -53.210  -24.459 0.3000000119
145552  -30.868  -56.671  -18.518 0.4000000060
145710  -35.133  -51.602  -19.662 0.6000000238
146511  -29.012  -44.083  -20.795 0.5000000000
148042  -30.102  -38.941  -19.950 0.4000000060
149213  -33.458  -61.652  -25.199 0.3000000119
149355  -35.732  -51.177  -19.632 0.6000000238
149579  -35.230  -40.967  -23.406 0.4000000060
149963  -41.201  -44.212  -26.991 0.3000000119
151531  -32.351  -43.954  -18.127 0.4000000060
152006  -32.124  -55.418  -24.168 0.6000000238
152341  -35.104  -44.979  -22.761 0.5000000000
152360  -39.028  -41.730  -25.695 0.3000000119
152393  -31.572  -44.975  -18.503 0.5000000000
154245  -31.918  -55.423  -21.647 0.5000000000
154495  -30.133  -40.134  -18.938 0.4000000060
154865  -33.327  -43.075  -18.803 0.4000000060
154914  -29.568  -37.578  -21.860 0.3000000119
155143  -36.983  -41.065  -24.847 0.3000000119
155401  -34.466  -54.365  -21.486 0.6000000238
155597  -31.110  -61.746  -17.426 0.4000000060
155757  -37.649  -41.011  -25.119 0.3000000119
155820  -38.153  -36.179  -24.745 0.4000000060
156508  -33.800  -45.306  -20.016 0.5000000000
157575  -31.467  -53.527  -18.402 0.5000000000
158014  -39.182  -49.670  -27.346 0.4000000060
158684  -29.603  -52.570  -19.767 0.6000000238
159172  -34.464  -59.791  -17.064 0.5000000000
159897  -35.833  -52.457  -27.876 0.5000000000
160459  -34.461  -57.202  -16.338 0.5000000000
160568  -31.821  -57.421  -21.068 0.6000000238
161222  -26.344  -47.785  -23.422 0.4000000060
161363  -28.137  -50.152  -23.353 0.6000000238
161585  -37.324  -60.416  -22.417 0.3000000119
161719  -27.861  -42.973  -21.994 0.4000000060
162931  -25.904  -49.800  -23.088 0.4000000060
163326  -26.269  -50.371  -22.984 0.4000000060
163402  -33.846  -39.431  -18.955 0.4000000060
163456  -26.413  -49.796  -23.322 0.4000000060
163967  -31.432  -63.421  -18.914 0.4000000060
164425  -35.392  -43.461  -23.719 0.4000000060
165478  -31.801  -53.842  -18.968 0.5000000000
166274  -36.454  -51.952  -17.728 0.5000000000
167015  -34.359  -61.217  -24.736 0.3000000119
168385  -28.261  -45.412  -22.230 0.5000000000
169146  -30.144  -53.898  -25.100 0.6000000238
169416  -34.899  -57.312  -16.052 0.5000000000
169429  -30.458  -38.530  -19.160 0.4000000060
