#!ascii label  , from subject sub-v2s17x50007_ses-1 vox2ras=TkReg
584
164765  -50.349  -58.080  -11.203 0.0000000000
33786  -52.178  -47.750  -17.157 0.0000000000
26429  -43.855  -55.212  -11.949 0.0000000000
29509  -51.535  -53.057  -12.760 0.0000000000
32723  -43.922  -49.461  -13.253 0.0000000000
22228  -48.639  -59.756  -6.461 0.0000000000
26362  -41.508  -55.039  -7.310 0.0000000000
24186  -41.651  -57.910  -3.644 0.0000000000
29489  -39.993  -52.677  -11.244 0.0000000000
159826  -43.515  -52.081  -12.040 0.0000000000
32689  -40.704  -49.389  -10.735 0.0000000000
23220  -44.957  -57.964  -7.174 0.0000000000
21243  -43.368  -60.541  -6.545 0.0000000000
27366  -42.785  -54.242  -3.064 0.0000000000
145675  -39.382  -54.258  -3.001 0.0000000000
24279  -46.779  -56.741  -13.393 0.0000000000
31629  -51.343  -50.701  -14.928 0.0000000000
27521  -50.089  -54.497  -16.570 0.0000000000
28571  -51.237  -52.370  -18.889 0.0000000000
25302  -48.147  -56.289  -9.916 0.0000000000
165100  -52.007  -54.890  -11.480 0.0000000000
31602  -46.884  -50.767  -12.806 0.0000000000
33783  -46.839  -47.973  -15.102 0.0000000000
25274  -46.501  -55.636  -7.944 0.0000000000
26392  -42.264  -55.549  -10.027 0.0000000000
28448  -38.090  -53.615  -9.351 0.0000000000
20279  -42.072  -61.787  -3.803 0.0000000000
24212  -39.765  -57.217  -5.662 0.0000000000
158208  -37.868  -53.982  -5.930 0.0000000000
31560  -36.412  -50.623  -7.133 0.0000000000
27497  -48.227  -54.833  -14.470 0.0000000000
38778  -46.306  -42.666  -16.310 0.0000000000
35751  -50.502  -45.549  -18.157 0.0000000000
31639  -47.512  -50.973  -16.015 0.0000000000
31578  -39.056  -50.751  -10.187 0.0000000000
30495  -40.835  -50.630  -10.819 0.0000000000
24264  -48.904  -57.669  -12.551 0.0000000000
32745  -51.364  -49.644  -15.428 0.0000000000
30566  -52.291  -50.890  -17.220 0.0000000000
31655  -52.450  -50.110  -17.755 0.0000000000
30586  -50.963  -51.319  -19.191 0.0000000000
31653  -51.835  -49.600  -18.264 0.0000000000
25314  -45.792  -56.214  -11.062 0.0000000000
26431  -45.574  -54.857  -11.979 0.0000000000
31598  -43.672  -50.358  -11.900 0.0000000000
30519  -45.563  -51.350  -12.389 0.0000000000
145230  -45.173  -49.729  -13.260 0.0000000000
32726  -47.323  -49.637  -13.656 0.0000000000
33769  -44.767  -48.968  -14.467 0.0000000000
24227  -48.968  -57.094  -7.671 0.0000000000
24226  -47.601  -56.972  -7.244 0.0000000000
25266  -43.393  -55.986  -7.275 0.0000000000
26373  -43.900  -54.866  -7.941 0.0000000000
26371  -41.903  -54.670  -7.981 0.0000000000
27430  -40.138  -54.915  -10.254 0.0000000000
27421  -40.096  -54.920  -8.199 0.0000000000
141560  -41.291  -59.384  -3.873 0.0000000000
21227  -41.078  -59.894  -5.317 0.0000000000
24200  -40.013  -57.643  -4.643 0.0000000000
29431  -38.562  -52.062  -3.979 0.0000000000
28416  -38.304  -53.692  -4.283 0.0000000000
29446  -37.391  -52.512  -5.334 0.0000000000
29467  -36.642  -52.278  -6.896 0.0000000000
28487  -51.630  -53.729  -12.268 0.0000000000
26449  -50.760  -54.652  -13.051 0.0000000000
28502  -51.284  -53.938  -13.330 0.0000000000
26495  -48.509  -56.195  -17.566 0.0000000000
37716  -45.126  -43.460  -16.822 0.0000000000
36721  -48.803  -44.598  -17.720 0.0000000000
32778  -47.816  -48.313  -17.360 0.0000000000
151948  -41.720  -54.277  -11.970 0.0000000000
28480  -43.895  -53.601  -12.392 0.0000000000
159428  -42.214  -52.408  -11.880 0.0000000000
30502  -42.539  -50.883  -11.348 0.0000000000
33727  -42.158  -49.202  -12.244 0.0000000000
23209  -46.709  -58.985  -6.650 0.0000000000
22239  -44.287  -59.001  -7.095 0.0000000000
23217  -41.919  -58.040  -7.128 0.0000000000
168971  -41.999  -55.817  -3.268 0.0000000000
26317  -40.432  -55.659  -3.315 0.0000000000
27364  -40.915  -53.916  -2.530 0.0000000000
29410  -39.617  -52.413  -2.887 0.0000000000
31518  -39.618  -50.454  -4.402 0.0000000000
30535  -50.568  -51.672  -13.525 0.0000000000
28524  -51.044  -53.454  -14.908 0.0000000000
29537  -51.795  -52.174  -15.287 0.0000000000
28549  -51.226  -53.032  -17.846 0.0000000000
26518  -50.055  -53.806  -20.039 0.0000000000
28601  -50.036  -52.800  -20.409 0.0000000000
28589  -49.850  -52.540  -20.155 0.0000000000
28569  -48.056  -53.132  -18.581 0.0000000000
25287  -51.231  -56.768  -9.787 0.0000000000
25319  -51.744  -56.203  -11.183 0.0000000000
27448  -49.561  -54.135  -11.235 0.0000000000
28485  -49.393  -52.940  -11.822 0.0000000000
28481  -45.191  -53.121  -12.402 0.0000000000
29506  -46.683  -52.210  -12.370 0.0000000000
30533  -48.701  -51.321  -12.856 0.0000000000
31615  -48.930  -50.757  -13.312 0.0000000000
32743  -49.099  -49.322  -14.289 0.0000000000
33785  -49.662  -47.704  -15.294 0.0000000000
25277  -49.912  -56.852  -8.673 0.0000000000
144219  -47.244  -56.307  -9.791 0.0000000000
25299  -44.973  -56.199  -10.422 0.0000000000
25268  -45.531  -55.704  -7.539 0.0000000000
142900  -44.146  -55.102  -8.756 0.0000000000
26408  -42.559  -55.611  -11.147 0.0000000000
27443  -40.353  -54.646  -10.931 0.0000000000
28452  -38.943  -53.365  -10.539 0.0000000000
30489  -37.758  -51.524  -9.523 0.0000000000
21242  -42.154  -61.015  -5.907 0.0000000000
22222  -41.653  -59.487  -6.622 0.0000000000
25259  -40.517  -56.259  -6.591 0.0000000000
26334  -39.533  -55.839  -4.312 0.0000000000
27404  -38.830  -54.962  -5.657 0.0000000000
27412  -39.170  -55.056  -6.841 0.0000000000
28438  -37.838  -54.025  -7.684 0.0000000000
30484  -36.637  -51.592  -8.091 0.0000000000
26432  -49.722  -56.182  -12.513 0.0000000000
26446  -47.035  -55.808  -13.844 0.0000000000
27520  -49.318  -54.608  -15.758 0.0000000000
25379  -47.465  -56.267  -16.979 0.0000000000
34772  -44.643  -47.476  -14.959 0.0000000000
156574  -47.311  -47.202  -15.319 0.0000000000
34780  -49.494  -46.483  -15.697 0.0000000000
35736  -50.653  -44.913  -17.193 0.0000000000
34792  -52.303  -46.913  -17.838 0.0000000000
33793  -51.234  -48.184  -17.928 0.0000000000
30563  -49.206  -51.174  -16.654 0.0000000000
31576  -38.281  -50.600  -9.681 0.0000000000
31577  -38.948  -50.087  -9.922 0.0000000000
23258  -49.038  -58.561  -12.388 0.0000000000
24248  -50.647  -57.582  -11.446 0.0000000000
32754  -51.575  -48.639  -16.002 0.0000000000
32755  -52.288  -49.145  -16.792 0.0000000000
139977  -52.303  -48.427  -17.370 0.0000000000
31654  -52.239  -49.797  -18.081 0.0000000000
32769  -52.283  -49.052  -17.919 0.0000000000
26410  -44.443  -55.812  -11.479 0.0000000000
26411  -45.460  -55.702  -11.537 0.0000000000
26430  -44.778  -55.091  -11.994 0.0000000000
32708  -44.005  -49.833  -12.443 0.0000000000
32724  -44.817  -50.071  -12.687 0.0000000000
163274  -44.536  -49.699  -13.002 0.0000000000
32740  -45.386  -49.363  -14.021 0.0000000000
32738  -43.936  -49.141  -14.162 0.0000000000
21254  -48.910  -60.561  -6.731 0.0000000000
22229  -48.784  -59.084  -6.766 0.0000000000
23223  -48.129  -58.033  -6.942 0.0000000000
25265  -42.678  -55.675  -7.184 0.0000000000
26363  -42.367  -55.009  -7.416 0.0000000000
26378  -40.884  -54.913  -8.596 0.0000000000
26370  -40.986  -54.892  -7.713 0.0000000000
24187  -42.544  -57.742  -3.492 0.0000000000
23180  -43.148  -58.312  -3.280 0.0000000000
23179  -42.219  -58.514  -3.413 0.0000000000
22200  -41.850  -59.347  -3.260 0.0000000000
23178  -41.396  -58.696  -3.787 0.0000000000
23194  -40.829  -58.973  -4.395 0.0000000000
24201  -40.731  -58.019  -4.139 0.0000000000
30436  -38.174  -51.636  -4.355 0.0000000000
29430  -37.905  -52.344  -4.533 0.0000000000
30460  -37.007  -51.697  -5.632 0.0000000000
31544  -37.216  -50.895  -5.182 0.0000000000
28503  -51.596  -53.554  -12.921 0.0000000000
35749  -48.047  -45.245  -18.064 0.0000000000
164841  -47.929  -47.336  -17.910 0.0000000000
142196  -47.525  -46.731  -18.179 0.0000000000
29490  -40.686  -52.950  -11.564 0.0000000000
152686  -41.432  -52.704  -11.744 0.0000000000
30500  -40.844  -52.156  -11.386 0.0000000000
31580  -40.397  -49.982  -10.486 0.0000000000
30501  -41.719  -50.689  -11.022 0.0000000000
31584  -41.692  -49.989  -10.980 0.0000000000
32693  -41.976  -49.532  -11.467 0.0000000000
32690  -41.311  -49.463  -11.118 0.0000000000
23218  -42.843  -58.083  -7.288 0.0000000000
22237  -42.214  -58.941  -7.132 0.0000000000
26319  -42.723  -55.947  -3.402 0.0000000000
27365  -41.791  -54.150  -2.749 0.0000000000
166032  -39.575  -51.355  -3.799 0.0000000000
145819  -45.897  -56.740  -13.763 0.0000000000
31617  -50.686  -51.076  -14.127 0.0000000000
29536  -51.627  -52.390  -14.251 0.0000000000
30545  -51.686  -51.547  -14.988 0.0000000000
30576  -52.140  -51.038  -18.171 0.0000000000
29559  -52.020  -51.649  -17.184 0.0000000000
27540  -50.890  -53.313  -18.498 0.0000000000
27557  -50.523  -53.362  -19.450 0.0000000000
29570  -50.418  -51.484  -18.808 0.0000000000
29586  -50.293  -51.919  -19.505 0.0000000000
28570  -49.214  -52.507  -19.093 0.0000000000
152738  -48.903  -52.778  -20.101 0.0000000000
29569  -49.494  -52.001  -18.193 0.0000000000
25303  -50.123  -56.091  -9.761 0.0000000000
25304  -51.242  -56.270  -10.064 0.0000000000
28464  -49.043  -53.497  -11.573 0.0000000000
28484  -47.955  -53.064  -11.959 0.0000000000
29502  -43.671  -52.796  -12.292 0.0000000000
149210  -44.454  -52.879  -12.379 0.0000000000
29503  -44.237  -52.071  -12.168 0.0000000000
30520  -46.370  -51.395  -12.525 0.0000000000
149613  -47.242  -51.506  -12.559 0.0000000000
155525  -48.159  -51.693  -12.556 0.0000000000
30521  -47.904  -50.866  -12.925 0.0000000000
33772  -47.232  -48.799  -14.386 0.0000000000
32742  -48.070  -49.244  -14.038 0.0000000000
33773  -48.656  -48.554  -14.608 0.0000000000
33774  -50.096  -48.563  -15.036 0.0000000000
33784  -48.126  -47.693  -15.148 0.0000000000
25275  -47.654  -56.172  -7.992 0.0000000000
141791  -47.038  -56.019  -8.613 0.0000000000
142899  -46.302  -56.215  -9.683 0.0000000000
26382  -46.052  -55.585  -8.597 0.0000000000
23221  -45.957  -58.254  -6.972 0.0000000000
24224  -45.916  -57.255  -7.198 0.0000000000
24223  -45.096  -56.581  -7.329 0.0000000000
143811  -43.368  -54.809  -8.366 0.0000000000
26374  -44.810  -54.917  -8.062 0.0000000000
140193  -43.223  -55.301  -9.356 0.0000000000
25281  -43.867  -55.710  -9.872 0.0000000000
26407  -41.643  -55.435  -10.913 0.0000000000
26391  -41.395  -55.388  -10.122 0.0000000000
158405  -39.112  -54.533  -9.456 0.0000000000
27429  -39.345  -54.063  -10.594 0.0000000000
28451  -38.340  -53.153  -9.998 0.0000000000
156458  -38.063  -52.326  -9.841 0.0000000000
156153  -37.831  -52.941  -9.498 0.0000000000
146865  -42.113  -61.660  -4.547 0.0000000000
23201  -40.327  -58.689  -5.789 0.0000000000
22216  -41.222  -59.815  -6.038 0.0000000000
23208  -40.661  -58.374  -6.455 0.0000000000
148450  -41.206  -58.002  -6.846 0.0000000000
153563  -40.054  -57.065  -6.218 0.0000000000
141728  -39.950  -54.995  -3.078 0.0000000000
26316  -39.820  -55.582  -3.594 0.0000000000
145309  -39.403  -55.000  -3.681 0.0000000000
150356  -37.977  -53.851  -5.089 0.0000000000
27392  -38.472  -54.401  -4.772 0.0000000000
167722  -38.276  -54.369  -5.543 0.0000000000
27403  -38.399  -54.535  -6.353 0.0000000000
27411  -38.485  -54.527  -7.275 0.0000000000
28434  -37.866  -54.050  -6.798 0.0000000000
149165  -36.494  -51.025  -6.603 0.0000000000
29474  -36.626  -52.164  -7.611 0.0000000000
31572  -36.516  -50.930  -7.775 0.0000000000
31573  -36.864  -50.829  -8.438 0.0000000000
26415  -51.946  -55.433  -11.165 0.0000000000
25333  -51.053  -56.222  -11.894 0.0000000000
26433  -50.904  -55.424  -12.394 0.0000000000
27476  -49.158  -54.689  -13.741 0.0000000000
26447  -48.093  -55.352  -13.702 0.0000000000
26456  -47.306  -55.331  -14.493 0.0000000000
26455  -46.623  -55.726  -14.504 0.0000000000
26465  -46.740  -55.563  -15.217 0.0000000000
27500  -50.817  -53.726  -16.043 0.0000000000
27499  -50.154  -54.086  -15.426 0.0000000000
26482  -49.313  -55.031  -16.531 0.0000000000
145005  -47.744  -56.738  -17.831 0.0000000000
33768  -44.061  -48.363  -14.745 0.0000000000
35721  -47.447  -46.144  -15.428 0.0000000000
34779  -48.153  -46.644  -15.457 0.0000000000
35722  -48.821  -45.515  -15.889 0.0000000000
36722  -49.872  -44.732  -17.794 0.0000000000
36707  -50.069  -44.624  -17.422 0.0000000000
36708  -50.837  -45.107  -17.756 0.0000000000
35737  -51.608  -45.574  -17.718 0.0000000000
34807  -51.708  -46.324  -18.323 0.0000000000
33806  -51.661  -47.212  -18.278 0.0000000000
31651  -48.321  -50.070  -16.343 0.0000000000
32767  -49.751  -49.217  -17.076 0.0000000000
31640  -48.520  -50.897  -16.296 0.0000000000
30493  -39.273  -51.537  -10.560 0.0000000000
30494  -40.171  -51.601  -10.988 0.0000000000
147525  -39.896  -50.743  -10.526 0.0000000000
31579  -39.605  -50.048  -10.191 0.0000000000
32688  -39.947  -49.251  -10.285 0.0000000000
28385  -42.393  -53.389  -2.772 0.0000000000
30406  -43.161  -51.828  -3.142 0.0000000000
24263  -47.857  -57.239  -12.883 0.0000000000
31630  -51.905  -50.763  -15.692 0.0000000000
31641  -52.058  -49.971  -16.112 0.0000000000
29587  -50.808  -51.911  -19.453 0.0000000000
30575  -51.579  -50.775  -18.609 0.0000000000
30565  -51.765  -50.168  -18.421 0.0000000000
30564  -50.650  -50.517  -17.709 0.0000000000
25315  -47.351  -56.170  -10.602 0.0000000000
158543  -46.562  -55.852  -11.257 0.0000000000
27445  -46.200  -55.135  -11.749 0.0000000000
27465  -46.276  -54.178  -12.054 0.0000000000
30517  -43.835  -51.261  -11.904 0.0000000000
30518  -44.733  -51.329  -12.196 0.0000000000
31599  -44.398  -50.532  -12.208 0.0000000000
31600  -45.195  -50.644  -12.468 0.0000000000
31614  -46.528  -50.066  -13.172 0.0000000000
155694  -47.348  -50.262  -13.213 0.0000000000
32725  -45.932  -49.665  -13.526 0.0000000000
32741  -46.177  -49.161  -14.209 0.0000000000
33771  -46.323  -48.552  -14.704 0.0000000000
155269  -48.407  -57.285  -7.320 0.0000000000
25270  -47.157  -56.210  -7.645 0.0000000000
150178  -44.313  -57.244  -7.316 0.0000000000
146498  -44.201  -56.289  -7.378 0.0000000000
26364  -43.218  -55.126  -7.571 0.0000000000
26372  -42.932  -54.720  -7.885 0.0000000000
26380  -42.572  -54.874  -8.649 0.0000000000
26390  -40.744  -55.181  -9.699 0.0000000000
27425  -39.898  -54.890  -9.310 0.0000000000
27419  -38.518  -54.281  -9.068 0.0000000000
22187  -41.689  -60.596  -3.095 0.0000000000
21221  -41.458  -60.599  -3.894 0.0000000000
21228  -41.390  -60.580  -4.758 0.0000000000
22211  -41.146  -59.819  -4.435 0.0000000000
23193  -40.244  -58.481  -4.927 0.0000000000
24207  -39.895  -57.932  -5.382 0.0000000000
28393  -38.693  -53.460  -3.512 0.0000000000
27371  -38.829  -54.276  -3.789 0.0000000000
29408  -38.301  -52.904  -4.022 0.0000000000
29447  -37.832  -53.138  -4.753 0.0000000000
28428  -37.573  -53.335  -5.542 0.0000000000
28433  -37.451  -53.480  -6.344 0.0000000000
29458  -36.920  -52.356  -6.129 0.0000000000
30459  -36.689  -50.982  -5.954 0.0000000000
31556  -36.496  -50.353  -6.377 0.0000000000
27450  -51.834  -54.293  -11.881 0.0000000000
27467  -51.830  -54.777  -12.113 0.0000000000
168200  -50.097  -54.274  -13.785 0.0000000000
165258  -49.199  -54.405  -14.435 0.0000000000
150815  -48.947  -55.565  -16.948 0.0000000000
37728  -45.954  -43.960  -17.177 0.0000000000
37729  -47.554  -43.953  -17.192 0.0000000000
37718  -47.564  -43.709  -16.854 0.0000000000
36720  -47.826  -44.541  -17.639 0.0000000000
35750  -49.090  -45.214  -18.122 0.0000000000
34806  -50.382  -46.652  -18.170 0.0000000000
33805  -50.226  -47.570  -17.793 0.0000000000
32766  -48.424  -49.101  -16.733 0.0000000000
27461  -42.503  -54.367  -12.161 0.0000000000
27462  -43.398  -54.429  -12.250 0.0000000000
28478  -42.093  -53.381  -12.142 0.0000000000
29501  -42.898  -52.641  -12.137 0.0000000000
163821  -42.884  -51.683  -11.748 0.0000000000
168785  -41.079  -51.343  -11.129 0.0000000000
146488  -41.839  -51.684  -11.422 0.0000000000
31586  -43.005  -50.257  -11.601 0.0000000000
32694  -42.715  -49.638  -11.791 0.0000000000
32707  -43.113  -49.399  -12.634 0.0000000000
23210  -47.900  -58.919  -6.549 0.0000000000
22240  -45.446  -59.100  -6.824 0.0000000000
23219  -43.832  -58.128  -7.287 0.0000000000
24222  -43.508  -57.129  -7.321 0.0000000000
24221  -42.530  -56.871  -7.156 0.0000000000
147623  -41.656  -55.983  -6.917 0.0000000000
25230  -42.679  -56.912  -3.505 0.0000000000
142411  -41.811  -56.475  -3.391 0.0000000000
25228  -40.794  -56.440  -3.496 0.0000000000
26318  -41.326  -55.732  -3.210 0.0000000000
27373  -40.937  -54.863  -2.852 0.0000000000
27372  -40.174  -54.264  -2.666 0.0000000000
29397  -41.281  -52.649  -2.523 0.0000000000
28383  -40.752  -53.131  -2.454 0.0000000000
28394  -39.248  -53.349  -2.875 0.0000000000
30412  -39.281  -51.851  -3.562 0.0000000000
30437  -38.993  -51.185  -4.130 0.0000000000
31517  -38.641  -50.465  -4.275 0.0000000000
29527  -51.343  -52.455  -13.460 0.0000000000
28510  -51.650  -53.024  -13.517 0.0000000000
168918  -51.665  -52.669  -15.315 0.0000000000
27522  -50.781  -53.775  -17.213 0.0000000000
26506  -49.555  -55.107  -19.215 0.0000000000
28590  -50.398  -52.381  -19.853 0.0000000000
28599  -48.980  -53.301  -21.824 0.0000000000
28588  -48.601  -53.120  -20.929 0.0000000000
27556  -47.714  -53.535  -20.538 0.0000000000
24235  -51.293  -57.103  -9.878 0.0000000000
24249  -51.398  -56.973  -11.085 0.0000000000
25305  -51.507  -56.597  -10.438 0.0000000000
26395  -51.777  -55.815  -10.652 0.0000000000
26414  -51.754  -55.092  -10.855 0.0000000000
26413  -50.076  -54.930  -10.787 0.0000000000
27449  -51.332  -54.256  -11.234 0.0000000000
28465  -50.322  -53.520  -11.499 0.0000000000
28486  -50.835  -53.047  -12.053 0.0000000000
29508  -49.683  -52.479  -12.229 0.0000000000
27463  -44.274  -54.377  -12.284 0.0000000000
29504  -45.142  -52.183  -12.342 0.0000000000
157206  -45.909  -52.665  -12.395 0.0000000000
164790  -47.598  -52.248  -12.333 0.0000000000
30522  -49.164  -51.906  -12.562 0.0000000000
29526  -50.467  -52.283  -12.769 0.0000000000
30534  -49.588  -51.470  -13.100 0.0000000000
31616  -49.923  -50.883  -13.689 0.0000000000
31627  -49.475  -50.084  -13.940 0.0000000000
32727  -48.265  -50.007  -13.581 0.0000000000
32744  -50.344  -49.396  -14.764 0.0000000000
152156  -51.149  -47.759  -15.942 0.0000000000
23234  -50.738  -57.690  -9.750 0.0000000000
25286  -50.589  -56.621  -9.379 0.0000000000
148923  -49.054  -56.315  -9.498 0.0000000000
25276  -48.885  -56.618  -8.162 0.0000000000
25284  -48.270  -56.348  -8.880 0.0000000000
25301  -46.428  -56.263  -10.555 0.0000000000
25313  -45.054  -56.232  -11.040 0.0000000000
23222  -46.961  -57.840  -6.924 0.0000000000
24225  -46.669  -56.631  -7.302 0.0000000000
25269  -46.282  -55.857  -7.611 0.0000000000
25267  -44.801  -55.585  -7.551 0.0000000000
26366  -45.205  -55.183  -7.814 0.0000000000
26381  -45.145  -55.255  -8.683 0.0000000000
25282  -44.617  -55.802  -9.714 0.0000000000
25298  -44.209  -56.094  -10.724 0.0000000000
26409  -43.506  -55.756  -11.345 0.0000000000
148927  -42.020  -55.047  -11.705 0.0000000000
144898  -41.110  -54.713  -11.411 0.0000000000
28462  -40.256  -53.528  -11.388 0.0000000000
27442  -39.912  -54.114  -11.074 0.0000000000
29481  -39.302  -52.836  -10.882 0.0000000000
29480  -38.778  -52.428  -10.461 0.0000000000
30490  -38.493  -51.527  -10.083 0.0000000000
21235  -41.530  -60.509  -5.594 0.0000000000
21241  -41.908  -60.265  -6.311 0.0000000000
22223  -42.628  -59.858  -6.827 0.0000000000
22236  -41.356  -58.729  -6.806 0.0000000000
24220  -41.601  -57.251  -6.931 0.0000000000
26355  -40.966  -55.508  -6.939 0.0000000000
25245  -40.341  -57.083  -4.010 0.0000000000
24199  -39.810  -56.806  -4.470 0.0000000000
25250  -39.504  -56.486  -5.161 0.0000000000
27393  -39.037  -54.992  -4.544 0.0000000000
26344  -39.256  -55.615  -5.236 0.0000000000
167260  -39.494  -55.981  -5.626 0.0000000000
25258  -39.736  -56.344  -6.050 0.0000000000
26354  -40.172  -55.654  -6.717 0.0000000000
26361  -40.733  -55.235  -7.231 0.0000000000
27416  -39.243  -54.861  -7.766 0.0000000000
27415  -38.499  -54.423  -8.181 0.0000000000
28443  -37.890  -53.882  -8.559 0.0000000000
28437  -37.326  -53.504  -7.170 0.0000000000
28442  -37.297  -53.390  -8.045 0.0000000000
28447  -37.502  -53.157  -8.882 0.0000000000
30485  -37.106  -51.588  -8.865 0.0000000000
31575  -37.466  -50.751  -9.131 0.0000000000
25318  -50.980  -56.977  -11.637 0.0000000000
146990  -49.494  -57.061  -12.370 0.0000000000
25331  -48.643  -56.679  -12.724 0.0000000000
26448  -49.452  -55.315  -13.124 0.0000000000
25343  -48.615  -55.893  -13.055 0.0000000000
25342  -47.745  -56.225  -13.240 0.0000000000
25341  -46.262  -56.170  -14.098 0.0000000000
157280  -51.482  -53.401  -13.813 0.0000000000
168704  -49.405  -54.253  -15.007 0.0000000000
27498  -48.611  -54.604  -15.145 0.0000000000
26467  -48.597  -55.078  -16.043 0.0000000000
26466  -47.678  -55.128  -15.414 0.0000000000
33712  -39.216  -48.786  -9.803 0.0000000000
33726  -41.344  -48.978  -11.730 0.0000000000
33746  -41.392  -48.740  -12.730 0.0000000000
33757  -42.192  -48.908  -13.418 0.0000000000
32737  -43.352  -48.706  -14.400 0.0000000000
33781  -45.061  -48.206  -14.995 0.0000000000
33782  -45.935  -48.049  -15.113 0.0000000000
34777  -45.569  -47.346  -15.122 0.0000000000
34778  -46.495  -47.240  -15.251 0.0000000000
147141  -50.673  -46.947  -15.941 0.0000000000
37719  -48.215  -43.911  -16.959 0.0000000000
36693  -48.384  -44.060  -16.672 0.0000000000
145151  -48.228  -44.676  -15.977 0.0000000000
35723  -50.008  -45.253  -16.393 0.0000000000
35724  -51.086  -45.887  -16.643 0.0000000000
33794  -52.192  -47.824  -17.956 0.0000000000
32768  -51.753  -48.926  -18.130 0.0000000000
31652  -49.897  -50.120  -17.029 0.0000000000
29556  -49.856  -51.366  -17.649 0.0000000000
28548  -48.349  -52.641  -17.592 0.0000000000
20278  -41.663  -61.224  -4.240 0.0000000000
20284  -41.792  -61.196  -5.080 0.0000000000
20285  -42.629  -61.641  -5.245 0.0000000000
21248  -48.924  -60.025  -6.749 0.0000000000
21253  -48.637  -60.990  -7.221 0.0000000000
22199  -41.465  -59.982  -3.535 0.0000000000
22210  -40.659  -59.215  -5.171 0.0000000000
22221  -40.877  -59.144  -6.301 0.0000000000
24206  -39.685  -57.284  -5.039 0.0000000000
24213  -40.084  -57.854  -6.088 0.0000000000
24214  -40.735  -57.292  -6.635 0.0000000000
24230  -49.481  -57.044  -8.117 0.0000000000
24234  -50.667  -57.191  -9.266 0.0000000000
24245  -51.048  -57.454  -10.609 0.0000000000
24265  -49.932  -57.658  -12.044 0.0000000000
25227  -40.023  -56.281  -3.790 0.0000000000
25229  -41.163  -57.220  -3.620 0.0000000000
25271  -48.128  -56.598  -7.664 0.0000000000
25283  -45.462  -55.981  -9.636 0.0000000000
25285  -49.545  -56.540  -9.004 0.0000000000
25300  -45.638  -56.271  -10.487 0.0000000000
25316  -48.326  -55.937  -10.556 0.0000000000
25332  -50.293  -56.887  -12.095 0.0000000000
26353  -39.467  -55.539  -6.184 0.0000000000
26365  -44.592  -55.080  -7.843 0.0000000000
26367  -45.785  -55.400  -7.808 0.0000000000
26375  -45.593  -55.143  -8.026 0.0000000000
26379  -41.605  -55.067  -9.155 0.0000000000
26393  -43.247  -55.772  -10.507 0.0000000000
26406  -40.866  -55.138  -10.590 0.0000000000
26434  -51.843  -55.470  -11.668 0.0000000000
26481  -48.010  -55.664  -16.487 0.0000000000
26507  -49.973  -54.651  -18.624 0.0000000000
27374  -42.110  -55.111  -3.134 0.0000000000
27413  -39.898  -55.370  -6.970 0.0000000000
27417  -40.088  -55.141  -7.469 0.0000000000
27420  -39.203  -54.694  -8.672 0.0000000000
27423  -38.726  -54.037  -9.945 0.0000000000
27424  -39.442  -54.563  -10.084 0.0000000000
27444  -42.937  -55.174  -11.827 0.0000000000
27464  -45.219  -54.095  -12.276 0.0000000000
27477  -51.681  -54.128  -12.494 0.0000000000
27574  -49.700  -53.256  -20.907 0.0000000000
28384  -41.538  -53.313  -2.553 0.0000000000
28395  -39.984  -53.063  -2.513 0.0000000000
28461  -39.579  -53.450  -11.015 0.0000000000
28463  -41.064  -53.685  -11.769 0.0000000000
28466  -51.432  -53.724  -11.700 0.0000000000
28479  -43.057  -53.540  -12.326 0.0000000000
28509  -50.373  -53.936  -14.383 0.0000000000
28511  -51.620  -52.879  -14.543 0.0000000000
28525  -51.431  -53.086  -15.565 0.0000000000
28600  -49.420  -52.999  -21.000 0.0000000000
29398  -42.004  -52.627  -2.633 0.0000000000
29399  -42.838  -52.610  -2.909 0.0000000000
29409  -38.885  -52.649  -3.375 0.0000000000
29468  -36.853  -52.853  -7.459 0.0000000000
29475  -36.961  -52.483  -8.355 0.0000000000
29478  -37.457  -52.357  -9.218 0.0000000000
29505  -45.919  -51.956  -12.414 0.0000000000
29507  -48.602  -52.392  -12.230 0.0000000000
29557  -50.954  -50.881  -18.649 0.0000000000
29558  -51.677  -52.192  -17.799 0.0000000000
29571  -51.398  -51.485  -18.850 0.0000000000
30467  -36.631  -51.653  -6.384 0.0000000000
30476  -36.466  -51.483  -7.216 0.0000000000
30503  -43.222  -50.869  -11.639 0.0000000000
30544  -51.263  -51.707  -14.171 0.0000000000
30553  -47.859  -51.641  -16.239 0.0000000000
31516  -37.674  -50.358  -4.554 0.0000000000
31581  -41.094  -49.943  -10.778 0.0000000000
31585  -42.340  -50.142  -11.244 0.0000000000
31613  -45.611  -50.122  -12.916 0.0000000000
31628  -50.482  -50.280  -14.418 0.0000000000
31642  -52.288  -50.370  -16.744 0.0000000000
31666  -52.200  -50.256  -18.243 0.0000000000
32695  -43.352  -49.813  -11.999 0.0000000000
32722  -43.149  -49.150  -13.810 0.0000000000
32739  -44.635  -49.453  -13.712 0.0000000000
32756  -52.427  -49.656  -17.413 0.0000000000
33770  -45.597  -48.752  -14.631 0.0000000000
33807  -52.164  -46.804  -18.141 0.0000000000
34781  -51.840  -46.898  -16.806 0.0000000000
34791  -52.093  -46.232  -17.541 0.0000000000
35738  -52.182  -46.218  -18.146 0.0000000000
35752  -51.610  -45.733  -18.115 0.0000000000
36694  -49.457  -44.506  -16.768 0.0000000000
36706  -49.090  -44.318  -17.240 0.0000000000
37717  -46.802  -43.426  -16.862 0.0000000000
37730  -48.252  -44.093  -17.253 0.0000000000
144414  -48.727  -51.995  -16.868 0.0000000000
144445  -40.808  -48.528  -12.259 0.0000000000
147722  -45.911  -56.329  -7.372 0.0000000000
152958  -39.769  -53.719  -2.631 0.0000000000
154460  -36.979  -52.944  -6.649 0.0000000000
155791  -40.492  -54.176  -11.390 0.0000000000
156722  -39.466  -52.218  -10.870 0.0000000000
157925  -48.987  -56.125  -10.082 0.0000000000
158668  -44.044  -55.365  -7.629 0.0000000000
160526  -50.829  -52.565  -19.467 0.0000000000
162094  -40.767  -59.357  -5.778 0.0000000000
164575  -41.361  -50.289  -10.880 0.0000000000
165960  -37.232  -52.937  -5.986 0.0000000000
166013  -40.302  -53.624  -2.510 0.0000000000
166066  -38.965  -53.862  -3.193 0.0000000000
167415  -46.640  -49.480  -13.764 0.0000000000
167827  -52.370  -50.452  -17.946 0.0000000000
168188  -44.602  -53.600  -12.396 0.0000000000
169024  -41.976  -57.248  -3.507 0.0000000000
169384  -39.819  -54.495  -10.611 0.0000000000
