#!ascii label  , from subject sub-v2s17x50007_ses-1 vox2ras=TkReg
915
162264  24.328  -0.673  -19.339 0.2500000000
142975  25.043  -1.946  -21.183 0.2500000000
143095  22.876  0.642  -19.256 0.2500000000
162251  21.395  -0.947  -18.670 0.1250000000
162655  22.080  -1.035  -18.739 0.2500000000
142884  24.055  -0.520  -18.827 0.2500000000
142988  23.894  -3.061  -22.294 0.7500000000
142649  23.090  -2.697  -20.057 0.3750000000
163821  25.725  -2.586  -21.039 0.8750000000
162227  21.978  -2.261  -19.582 0.3750000000
162241  22.098  -2.978  -22.016 0.8750000000
167941  24.550  -3.918  -23.481 1.0000000000
142876  23.065  -3.707  -22.490 1.0000000000
142634  25.940  -3.603  -22.616 1.0000000000
142875  21.556  0.492  -19.036 0.2500000000
171504  20.344  -1.756  -20.924 0.7500000000
162242  20.543  -1.658  -21.245 0.8750000000
162346  21.505  -1.937  -21.876 0.8750000000
142787  20.667  -2.099  -21.252 0.7500000000
158224  24.322  -3.144  -23.851 1.0000000000
143028  23.503  -3.609  -23.026 1.0000000000
142651  22.940  -2.484  -22.817 1.0000000000
143611  25.914  -2.485  -24.005 1.0000000000
169543  25.814  -3.513  -23.809 1.0000000000
142605  26.237  -3.389  -23.301 1.0000000000
142629  25.511  -4.157  -23.149 1.0000000000
162568  19.908  -0.319  -18.738 0.6250000000
162201  20.162  -1.122  -20.979 0.8750000000
142663  21.908  -1.826  -22.156 1.0000000000
143032  24.569  -1.949  -24.306 1.0000000000
142650  23.764  -2.188  -23.718 1.0000000000
143274  23.040  -1.377  -23.090 1.0000000000
142667  25.456  -0.961  -23.918 1.0000000000
144141  25.214  -2.022  -24.332 1.0000000000
142653  26.192  0.115  -23.079 1.0000000000
142604  26.038  -1.156  -23.452 1.0000000000
143553  19.348  2.596  -18.423 0.2500000000
142792  20.927  1.184  -19.243 0.2500000000
142687  19.392  0.358  -19.671 0.5000000000
92308  19.540  0.468  -21.048 1.0000000000
92320  20.144  -0.326  -21.305 1.0000000000
92319  22.205  0.459  -23.038 1.0000000000
166944  20.896  0.573  -22.155 1.0000000000
151402  24.660  -0.409  -23.948 1.0000000000
142682  24.221  -0.909  -23.969 1.0000000000
92330  24.686  0.809  -23.843 1.0000000000
142669  25.731  -0.107  -23.555 1.0000000000
162282  25.166  1.216  -23.813 1.0000000000
142883  25.726  0.865  -23.429 1.0000000000
96044  18.502  2.484  -19.197 0.5000000000
95101  20.199  2.648  -18.530 0.3750000000
94203  19.348  1.802  -18.425 0.3750000000
93251  20.209  1.746  -18.584 0.5000000000
93272  18.944  1.748  -21.160 0.8750000000
162724  19.384  1.210  -21.468 1.0000000000
94222  19.285  2.634  -21.716 1.0000000000
146992  21.525  1.516  -22.922 1.0000000000
92321  20.308  1.407  -22.190 1.0000000000
92332  23.820  1.655  -23.966 1.0000000000
92326  22.788  1.629  -23.606 1.0000000000
93292  24.736  2.004  -24.051 1.0000000000
145092  24.409  1.543  -23.946 1.0000000000
142809  25.551  1.846  -23.507 0.8750000000
96031  18.646  3.051  -18.728 0.5000000000
95113  19.222  3.135  -20.972 0.5000000000
156148  19.422  4.129  -21.229 0.6250000000
95119  19.232  3.266  -21.322 1.0000000000
94211  18.876  2.248  -20.934 0.7500000000
94221  20.295  2.995  -22.490 1.0000000000
94238  23.068  3.626  -24.361 1.0000000000
94228  22.403  3.237  -23.813 1.0000000000
93287  22.059  2.464  -23.463 1.0000000000
93280  20.908  2.318  -22.695 1.0000000000
169676  23.551  3.291  -24.436 1.0000000000
93286  23.288  2.705  -24.098 1.0000000000
94246  24.199  3.871  -24.880 0.8750000000
93293  24.168  2.366  -24.246 1.0000000000
144595  24.887  2.773  -24.329 0.8750000000
96045  18.560  3.713  -19.802 0.8750000000
96052  19.910  4.966  -21.673 1.0000000000
148798  19.702  4.165  -21.741 1.0000000000
95150  22.798  4.560  -24.529 1.0000000000
95141  21.376  4.734  -23.255 1.0000000000
159414  22.226  6.027  -24.471 1.0000000000
95156  24.364  4.614  -25.188 1.0000000000
95149  23.630  4.031  -24.796 1.0000000000
96073  22.734  5.499  -24.798 1.0000000000
95157  23.943  4.533  -25.190 1.0000000000
98011  19.517  7.150  -21.270 1.0000000000
172135  19.981  5.609  -21.597 1.0000000000
96053  19.641  5.538  -21.220 1.0000000000
98042  21.914  7.732  -24.366 1.0000000000
97039  21.226  6.885  -23.221 1.0000000000
151831  22.721  7.128  -25.247 1.0000000000
97046  22.155  6.883  -24.573 1.0000000000
97038  21.613  6.205  -23.789 1.0000000000
164304  23.840  6.406  -25.744 1.0000000000
97045  22.720  6.380  -25.075 1.0000000000
159369  23.999  5.444  -25.511 0.8750000000
99894  16.496  9.249  -18.466 1.0000000000
142936  15.965  8.805  -17.326 0.3750000000
158594  17.665  9.642  -19.882 0.8750000000
98012  18.897  7.244  -20.763 1.0000000000
98031  21.395  7.732  -23.630 1.0000000000
98032  20.840  7.627  -22.855 1.0000000000
142703  17.781  10.946  -19.387 0.8750000000
100833  17.917  10.330  -19.814 1.0000000000
99903  18.042  9.557  -20.070 1.0000000000
98964  17.746  8.810  -20.223 1.0000000000
99921  18.470  9.797  -20.435 1.0000000000
99008  19.222  8.350  -20.887 1.0000000000
99037  21.076  8.572  -23.280 1.0000000000
99038  20.453  8.478  -22.473 1.0000000000
99046  21.699  8.589  -24.104 1.0000000000
144900  17.859  11.568  -19.045 0.7500000000
100851  18.654  10.628  -20.647 1.0000000000
99920  18.871  10.104  -20.773 1.0000000000
99970  20.620  9.479  -22.895 1.0000000000
99022  20.048  9.437  -22.073 1.0000000000
142707  18.303  10.529  -20.292 1.0000000000
99958  20.199  10.247  -22.435 1.0000000000
108940  22.502  19.570  -24.605 0.1250000000
108932  22.626  19.793  -23.816 0.1250000000
108120  22.526  18.588  -24.870 0.2500000000
157968  22.413  19.443  -25.418 0.1250000000
108955  22.326  19.446  -26.290 0.3750000000
147863  21.648  21.186  -26.281 0.2500000000
152048  22.253  19.459  -27.072 0.5000000000
108956  22.025  20.304  -26.724 0.2500000000
109742  21.423  20.708  -28.034 0.3750000000
165245  21.396  21.889  -25.975 0.2500000000
109735  21.185  21.958  -27.226 0.2500000000
110504  21.300  22.033  -26.626 0.2500000000
110513  20.719  22.920  -27.053 0.2500000000
109743  21.018  21.518  -27.788 0.2500000000
110520  20.494  22.483  -27.657 0.2500000000
110519  20.605  21.671  -28.219 0.3750000000
110512  20.814  22.256  -27.467 0.2500000000
110528  20.561  21.683  -29.020 0.3750000000
111358  20.119  22.916  -28.683 0.2500000000
143119  23.058  -1.597  -18.766 0.2500000000
142680  22.928  -0.548  -19.006 0.1250000000
142652  26.257  0.050  -21.950 1.0000000000
96066  20.964  5.981  -22.877 1.0000000000
162365  25.363  -0.825  -18.125 0.1250000000
162305  26.307  -1.826  -20.219 0.6250000000
142587  26.117  -1.806  -20.408 0.7500000000
91283  23.767  0.305  -19.132 0.1250000000
142588  26.795  -1.134  -19.880 1.0000000000
142600  26.256  -1.241  -20.808 1.0000000000
90388  26.207  -1.354  -21.854 1.0000000000
93250  22.220  2.334  -19.526 0.3750000000
94192  20.778  2.517  -18.806 0.2500000000
162769  25.996  1.574  -23.053 0.8750000000
94227  25.301  3.257  -24.304 0.8750000000
162496  25.635  2.784  -23.684 0.8750000000
95155  24.890  4.676  -25.094 0.8750000000
98939  16.589  8.869  -16.140 0.1250000000
97950  16.034  8.110  -16.226 0.1250000000
96994  17.346  4.285  -18.946 0.3750000000
97012  16.988  5.045  -19.655 0.6250000000
97053  23.345  6.963  -25.644 1.0000000000
96079  24.643  5.515  -25.416 0.8750000000
142969  17.651  10.429  -19.450 0.8750000000
98953  15.628  7.503  -17.863 0.3750000000
97980  16.470  6.982  -19.986 0.8750000000
99045  22.373  8.524  -24.839 1.0000000000
99977  22.889  9.225  -25.479 1.0000000000
99969  21.365  9.521  -23.742 1.0000000000
142706  18.817  12.271  -21.199 0.8750000000
101803  19.597  11.933  -22.269 1.0000000000
100887  19.968  11.089  -22.369 1.0000000000
166904  20.699  10.563  -23.228 1.0000000000
161644  22.620  19.240  -23.186 0.1250000000
148957  22.111  17.080  -23.406 0.1250000000
106466  22.151  16.364  -24.648 0.6250000000
107319  22.506  17.764  -25.465 0.6250000000
108966  22.409  18.968  -27.846 0.5000000000
108941  22.259  20.241  -25.155 0.2500000000
109748  21.600  20.569  -28.694 0.5000000000
110495  21.437  22.204  -25.576 0.2500000000
155723  21.103  22.558  -26.101 0.2500000000
165961  21.096  21.147  -28.347 0.5000000000
109749  21.126  21.127  -28.926 0.5000000000
158600  20.366  23.540  -26.311 0.1250000000
165394  20.394  23.107  -27.243 0.2500000000
112247  19.873  23.451  -29.017 0.2500000000
111357  20.929  22.087  -29.633 0.3750000000
112255  19.911  23.969  -29.576 0.2500000000
112227  19.984  23.439  -27.195 0.1250000000
142861  24.804  0.111  -19.055 0.1250000000
169639  25.045  -1.130  -19.073 0.3750000000
142636  25.293  -3.741  -21.951 0.8750000000
142599  25.844  -2.627  -21.635 1.0000000000
162339  22.393  -2.660  -22.323 1.0000000000
142635  24.227  -3.936  -22.698 1.0000000000
142638  26.350  -1.216  -22.822 1.0000000000
92307  19.889  -0.355  -20.905 0.8750000000
143093  21.265  -0.595  -22.060 1.0000000000
154778  25.136  -0.371  -23.910 1.0000000000
142665  22.356  -0.683  -22.712 1.0000000000
162256  21.168  2.061  -19.213 0.3750000000
143169  19.641  0.955  -18.814 0.5000000000
143224  19.026  1.225  -20.962 0.8750000000
169827  19.918  0.674  -21.605 1.0000000000
142683  24.969  0.353  -23.861 1.0000000000
142681  23.863  -0.009  -23.724 1.0000000000
142666  23.198  -0.236  -23.378 1.0000000000
92325  23.463  0.759  -23.680 1.0000000000
92331  24.222  0.819  -23.830 1.0000000000
93285  25.179  2.272  -24.028 1.0000000000
93258  18.924  1.730  -20.798 0.6250000000
93281  19.688  2.026  -22.026 1.0000000000
95130  19.905  3.660  -22.130 1.0000000000
94236  24.506  3.076  -24.458 0.8750000000
162421  25.995  2.445  -23.087 0.8750000000
95158  23.438  4.955  -25.111 1.0000000000
94229  21.446  3.210  -23.198 1.0000000000
95140  22.014  4.092  -23.733 1.0000000000
94245  24.654  3.888  -24.843 0.8750000000
162856  20.294  5.744  -22.150 1.0000000000
158307  20.547  4.860  -22.474 1.0000000000
95151  21.946  5.208  -24.048 1.0000000000
161865  20.969  3.956  -22.829 1.0000000000
96065  21.325  5.415  -23.256 1.0000000000
96080  23.353  5.920  -25.366 1.0000000000
97011  17.882  4.224  -19.462 0.6250000000
97025  19.129  6.467  -20.865 1.0000000000
172655  19.530  6.272  -21.163 1.0000000000
97024  19.983  6.320  -21.639 1.0000000000
98018  20.218  7.427  -22.059 1.0000000000
97032  20.570  6.668  -22.494 1.0000000000
98041  22.512  7.739  -25.022 1.0000000000
98952  15.944  8.285  -18.671 0.7500000000
99007  19.857  8.375  -21.641 1.0000000000
97999  17.939  7.937  -20.579 1.0000000000
97998  18.420  7.913  -20.637 1.0000000000
143629  18.145  11.265  -19.858 0.8750000000
98989  18.150  8.756  -20.402 1.0000000000
98988  18.759  9.070  -20.579 1.0000000000
99978  22.170  9.426  -24.660 1.0000000000
168116  19.256  10.999  -21.342 1.0000000000
99023  19.495  9.419  -21.401 1.0000000000
99959  19.613  10.479  -21.773 1.0000000000
100888  19.439  11.411  -21.782 1.0000000000
153567  19.103  11.574  -21.267 1.0000000000
108111  22.467  18.558  -23.274 0.1250000000
172139  22.534  18.264  -24.296 0.1250000000
107309  22.388  17.899  -23.739 0.1250000000
109711  22.343  20.635  -24.518 0.2500000000
108947  22.112  20.316  -25.866 0.2500000000
107314  22.494  17.757  -24.610 0.3750000000
108967  21.936  20.057  -27.580 0.5000000000
108130  22.454  18.536  -26.872 0.7500000000
111350  19.727  23.393  -28.445 0.2500000000
111364  20.310  23.248  -29.374 0.2500000000
142798  25.932  -0.668  -19.245 0.2500000000
143426  26.283  -0.979  -17.280 0.1250000000
162265  26.284  -1.270  -18.464 0.1250000000
97966  15.681  6.677  -17.381 0.5000000000
154906  18.383  7.140  -20.703 0.8750000000
97013  16.493  5.904  -19.756 0.7500000000
98966  15.704  7.205  -18.809 0.7500000000
97981  15.933  6.217  -19.214 0.8750000000
142709  19.199  12.079  -21.707 1.0000000000
101840  20.577  12.043  -23.310 1.0000000000
101818  21.058  11.373  -23.675 1.0000000000
107315  22.267  17.070  -24.235 0.3750000000
106476  22.575  16.906  -26.185 0.7500000000
150569  22.541  17.850  -26.276 0.7500000000
107320  22.449  16.969  -25.095 0.5000000000
113164  20.624  23.906  -30.091 0.2500000000
111362  21.461  22.724  -29.988 0.3750000000
142921  27.342  -3.349  -18.491 0.7500000000
142539  28.276  -3.061  -17.677 0.7500000000
142508  27.835  -2.900  -18.135 0.7500000000
142519  28.421  -2.308  -17.765 0.7500000000
142783  29.026  -1.924  -17.367 0.7500000000
142799  28.677  -1.266  -18.172 0.7500000000
142576  27.524  -1.261  -19.081 0.7500000000
142575  27.144  -1.883  -19.413 0.6250000000
143053  28.009  -0.748  -18.661 0.7500000000
142589  27.391  -0.500  -19.535 0.8750000000
142590  27.957  0.253  -19.131 0.7500000000
142601  26.796  -0.404  -20.375 0.8750000000
91295  27.307  0.295  -20.016 0.7500000000
142612  26.368  -0.443  -21.147 0.8750000000
143184  27.221  1.085  -20.388 0.8750000000
142591  26.683  0.364  -20.846 0.8750000000
142639  26.607  1.181  -21.288 0.8750000000
142640  26.238  1.193  -22.436 0.8750000000
142625  26.940  2.735  -20.997 0.3750000000
142624  26.561  2.058  -21.580 0.6250000000
142614  27.709  3.037  -20.306 0.5000000000
142626  26.658  2.858  -21.745 0.7500000000
162281  26.278  2.192  -22.435 0.7500000000
164869  27.762  4.331  -20.348 0.1250000000
165155  26.784  3.520  -21.805 0.3750000000
142746  26.397  3.029  -22.477 0.6250000000
162530  26.173  3.352  -23.154 0.6250000000
162387  28.599  4.980  -19.318 0.1250000000
142641  27.848  4.974  -20.208 0.1250000000
162171  26.978  4.804  -21.929 0.1250000000
170852  26.148  4.465  -23.894 0.6250000000
95147  25.977  5.024  -24.228 0.6250000000
94234  25.668  4.166  -24.392 0.7500000000
162211  27.417  5.807  -21.078 0.1250000000
142654  27.441  7.320  -21.536 0.1250000000
161893  26.698  6.105  -23.013 0.1250000000
96071  26.285  5.887  -23.976 0.5000000000
96072  25.794  5.717  -24.655 0.6250000000
96078  25.263  5.562  -25.171 0.7500000000
162327  27.940  5.681  -20.062 0.1250000000
97031  26.472  6.790  -23.542 0.5000000000
98030  26.314  7.561  -23.951 0.5000000000
170923  25.761  7.093  -25.089 0.6250000000
97050  25.092  6.373  -25.576 0.7500000000
142906  18.409  11.907  -20.137 0.6250000000
103605  18.976  13.429  -21.646 0.5000000000
102690  19.276  12.723  -22.003 0.7500000000
99044  25.952  8.324  -24.894 0.6250000000
99052  25.174  8.447  -25.992 0.6250000000
98056  24.073  8.123  -26.242 0.8750000000
99976  26.478  9.708  -24.525 0.5000000000
150778  25.919  8.988  -25.041 0.6250000000
159551  25.434  8.990  -25.652 0.6250000000
99057  24.620  8.640  -26.187 0.7500000000
102705  19.437  13.285  -22.115 0.7500000000
99059  23.833  8.758  -26.080 0.8750000000
100913  22.616  10.073  -25.313 0.8750000000
99994  24.299  9.270  -26.111 0.7500000000
99995  23.621  10.027  -26.026 0.8750000000
99996  23.147  9.933  -25.799 0.8750000000
100937  23.300  10.601  -26.228 0.8750000000
100925  22.880  10.598  -25.844 0.8750000000
101815  27.261  11.096  -23.923 0.3750000000
99984  25.871  9.700  -25.215 0.5000000000
100912  26.515  10.549  -24.693 0.5000000000
157800  24.472  9.794  -26.027 0.6250000000
102703  27.524  11.796  -23.587 0.2500000000
101853  26.154  11.246  -25.241 0.5000000000
103620  20.041  13.620  -22.438 0.6250000000
103631  20.551  13.337  -23.221 0.7500000000
164121  20.010  12.948  -22.624 0.7500000000
102723  20.693  12.633  -23.450 0.8750000000
100914  21.871  11.235  -24.550 0.7500000000
102753  23.410  11.899  -26.872 0.8750000000
101854  25.313  11.214  -25.859 0.6250000000
101868  24.399  11.274  -26.498 0.7500000000
101838  26.766  11.462  -24.589 0.3750000000
102721  26.866  12.207  -24.700 0.5000000000
152268  24.952  12.838  -26.420 0.7500000000
160811  27.658  12.567  -23.374 0.2500000000
157168  20.564  13.917  -23.016 0.6250000000
103630  21.222  13.291  -24.070 0.8750000000
103642  21.825  13.303  -24.859 0.8750000000
103641  22.415  12.840  -25.435 0.8750000000
104671  22.351  13.747  -25.572 0.7500000000
102743  22.481  12.036  -25.386 0.8750000000
102764  23.608  12.443  -26.960 0.7500000000
102751  25.081  12.037  -26.211 0.5000000000
104660  27.343  14.194  -24.446 0.2500000000
102740  26.509  12.683  -25.421 0.5000000000
103618  27.924  13.404  -23.151 0.2500000000
104649  21.268  14.808  -23.977 0.5000000000
105621  21.713  15.513  -24.508 0.5000000000
106477  22.290  15.967  -25.455 0.6250000000
105645  22.320  15.195  -25.944 0.7500000000
104684  22.628  14.496  -26.125 0.7500000000
148344  23.027  15.731  -27.102 0.7500000000
105656  23.403  15.237  -27.162 0.7500000000
105655  23.897  15.530  -27.506 0.7500000000
104696  23.282  14.364  -26.712 0.7500000000
147800  23.406  15.975  -27.597 0.7500000000
104695  23.729  14.651  -27.120 0.7500000000
151133  23.987  14.134  -27.029 0.7500000000
105654  24.440  15.405  -27.312 0.7500000000
104682  26.366  14.800  -26.337 0.5000000000
105642  26.299  15.724  -26.505 0.3750000000
105643  25.602  15.369  -26.765 0.6250000000
105609  27.554  15.105  -24.079 0.2500000000
104681  26.960  14.664  -25.831 0.3750000000
105641  26.863  15.420  -25.942 0.3750000000
107327  22.662  17.509  -27.047 0.6250000000
106488  22.630  15.879  -26.494 0.7500000000
106497  23.341  16.680  -28.025 0.7500000000
106503  23.831  16.886  -28.406 0.7500000000
106494  24.790  16.786  -27.987 0.7500000000
107333  25.460  17.446  -27.662 0.6250000000
107325  26.724  17.114  -26.309 0.3750000000
107326  26.151  17.273  -27.018 0.3750000000
106464  28.074  16.884  -23.546 0.1250000000
107313  27.468  17.474  -24.704 0.1250000000
146308  27.133  16.900  -25.524 0.2500000000
107334  22.872  17.300  -27.874 0.6250000000
165689  23.798  17.460  -28.632 0.6250000000
107341  24.245  17.209  -28.507 0.7500000000
159204  26.012  18.094  -27.225 0.3750000000
159163  25.480  18.187  -27.851 0.3750000000
108124  26.864  18.630  -25.929 0.2500000000
159597  26.578  17.952  -26.494 0.3750000000
106493  25.537  16.655  -27.300 0.6250000000
108938  28.369  19.753  -24.052 0.1250000000
108115  27.962  18.899  -24.006 0.1250000000
107312  27.887  17.496  -23.843 0.1250000000
172306  22.628  18.035  -27.650 0.6250000000
108974  22.824  19.018  -28.654 0.6250000000
108137  24.117  18.971  -29.101 0.3750000000
108143  23.481  18.806  -28.984 0.3750000000
108973  24.826  19.445  -28.710 0.3750000000
109733  26.409  20.453  -26.550 0.2500000000
108129  25.801  18.982  -27.467 0.3750000000
108136  25.195  18.721  -28.272 0.3750000000
108946  27.441  19.922  -25.299 0.1250000000
108953  26.778  19.572  -26.028 0.3750000000
108125  26.396  18.794  -26.669 0.3750000000
151930  29.154  20.031  -23.634 0.1250000000
108119  27.250  19.094  -25.371 0.1250000000
110526  22.447  21.274  -29.602 0.3750000000
108983  22.310  19.926  -29.073 0.3750000000
108982  22.964  19.381  -29.175 0.3750000000
109753  23.959  20.556  -29.260 0.3750000000
153065  23.533  20.032  -29.477 0.3750000000
110517  25.061  21.122  -28.249 0.3750000000
109747  24.674  20.401  -28.801 0.3750000000
108980  24.151  19.782  -29.260 0.3750000000
152054  25.885  20.872  -27.158 0.3750000000
108964  25.815  20.037  -27.389 0.3750000000
109741  25.326  20.303  -28.119 0.3750000000
111331  28.453  22.953  -25.881 0.1250000000
109732  27.129  20.506  -25.809 0.1250000000
110503  26.352  21.315  -26.712 0.2500000000
110481  28.758  21.381  -24.790 0.1250000000
158500  23.387  21.991  -29.319 0.2500000000
111353  24.107  22.240  -28.834 0.2500000000
110524  23.670  21.349  -29.205 0.3750000000
110525  23.059  21.457  -29.561 0.3750000000
160441  25.408  22.864  -28.127 0.1250000000
111348  25.009  22.072  -28.293 0.3750000000
110518  24.417  21.269  -28.751 0.3750000000
111342  25.686  22.384  -27.785 0.1250000000
110511  25.461  21.674  -27.879 0.2500000000
112224  27.579  23.812  -27.382 0.1250000000
111361  22.110  22.674  -30.019 0.3750000000
111355  22.714  22.160  -29.742 0.3750000000
111354  23.487  22.737  -29.424 0.2500000000
112236  25.598  23.601  -28.424 0.1250000000
112244  24.918  23.882  -28.951 0.1250000000
113153  25.462  24.599  -29.269 0.1250000000
112223  28.482  24.002  -27.287 0.1250000000
113143  26.938  24.470  -28.772 0.1250000000
113161  24.083  25.191  -30.554 0.1250000000
113152  26.296  24.829  -29.278 0.1250000000
114058  25.043  25.303  -30.043 0.1250000000
113142  28.495  24.703  -28.618 0.1250000000
113135  28.955  24.243  -28.002 0.1250000000
98040  25.979  7.607  -24.696 0.6250000000
99986  23.542  9.396  -25.894 0.8750000000
102741  25.888  11.986  -25.613 0.5000000000
102720  27.202  12.541  -24.145 0.3750000000
104662  21.051  14.020  -23.878 0.6250000000
154893  21.563  13.961  -24.783 0.8750000000
102722  21.703  12.544  -24.536 0.8750000000
152377  22.960  13.819  -26.261 0.7500000000
103661  23.655  13.769  -26.887 0.7500000000
102754  23.285  12.496  -26.706 0.7500000000
103640  26.355  13.443  -25.966 0.5000000000
154541  26.193  14.046  -26.322 0.5000000000
103650  25.525  13.535  -26.401 0.7500000000
104669  27.113  14.108  -25.361 0.5000000000
111332  27.549  22.857  -26.268 0.1250000000
112237  24.865  22.993  -28.554 0.2500000000
114050  27.714  24.948  -29.044 0.1250000000
162502  26.458  4.394  -23.082 0.5000000000
142744  25.950  3.706  -23.866 0.6250000000
99036  26.315  8.335  -24.229 0.3750000000
99043  26.389  9.023  -24.399 0.3750000000
101814  27.762  11.239  -23.231 0.2500000000
101877  23.794  11.765  -26.911 0.7500000000
111341  26.352  22.721  -27.315 0.1250000000
102702  27.964  11.896  -22.891 0.1250000000
152358  26.914  -3.810  -18.772 0.7500000000
142926  26.364  -3.261  -19.406 0.7500000000
142558  27.095  -2.565  -18.886 0.7500000000
142540  27.482  -4.023  -18.089 0.7500000000
142959  28.112  -3.674  -17.605 0.7500000000
142932  28.627  -0.073  -18.258 0.7500000000
143122  27.682  0.891  -19.692 0.6250000000
92283  27.821  1.600  -19.817 0.5000000000
142833  28.467  1.973  -19.083 0.3750000000
142983  28.116  3.977  -19.859 0.1250000000
164609  28.640  6.018  -19.299 0.1250000000
162501  28.151  6.418  -19.917 0.1250000000
162439  27.775  7.272  -20.713 0.1250000000
145755  18.587  12.722  -21.093 0.3750000000
162321  27.794  7.783  -20.962 0.1250000000
162535  27.377  7.958  -21.937 0.1250000000
99019  26.938  9.055  -23.226 0.1250000000
153668  27.298  10.230  -23.522 0.2500000000
100897  27.528  10.718  -23.427 0.2500000000
104650  20.953  14.556  -23.199 0.5000000000
103599  28.438  13.416  -22.368 0.1250000000
160630  28.076  12.676  -22.813 0.2500000000
105594  28.465  15.203  -22.573 0.1250000000
107308  28.397  17.462  -23.194 0.1250000000
108109  28.806  19.092  -23.348 0.1250000000
164576  29.513  20.621  -23.938 0.1250000000
108931  29.706  19.550  -23.120 0.1250000000
111316  29.222  22.551  -25.521 0.1250000000
112213  29.960  23.498  -26.800 0.1250000000
145708  21.904  21.680  -24.923 0.1250000000
112252  22.535  24.275  -30.353 0.2500000000
113162  23.229  24.752  -30.470 0.1250000000
114068  23.192  25.410  -31.232 0.1250000000
114056  26.398  25.439  -29.840 0.1250000000
114074  24.789  25.846  -31.151 0.1250000000
113151  27.007  25.082  -29.431 0.1250000000
113141  29.389  24.592  -28.524 0.1250000000
156637  27.601  25.516  -29.719 0.1250000000
170977  26.061  0.968  -23.074 0.7500000000
97062  24.452  7.568  -26.168 0.7500000000
97061  25.009  7.194  -25.998 0.7500000000
155560  17.664  11.167  -18.973 0.3750000000
100900  21.743  10.422  -24.367 0.8750000000
99053  23.390  8.632  -25.772 0.8750000000
101819  20.287  11.635  -22.881 0.8750000000
101839  21.286  11.950  -23.987 0.8750000000
101855  22.558  11.249  -25.495 0.8750000000
109756  21.758  20.600  -29.148 0.3750000000
111356  21.771  21.887  -29.793 0.3750000000
113163  21.273  24.296  -30.571 0.1250000000
112253  21.872  23.602  -30.247 0.2500000000
142559  26.919  -3.269  -18.895 0.7500000000
142549  27.788  -3.412  -18.020 0.7500000000
162261  28.119  -2.199  -18.052 0.7500000000
142615  28.080  2.476  -19.719 0.2500000000
142613  27.239  2.035  -20.603 0.5000000000
142935  27.264  3.539  -20.952 0.5000000000
162175  27.242  4.290  -21.301 0.2500000000
162498  26.633  3.891  -22.342 0.3750000000
162584  28.479  5.537  -19.473 0.1250000000
162457  27.452  5.089  -20.968 0.1250000000
142730  26.872  5.444  -22.453 0.1250000000
142727  27.265  6.492  -22.060 0.1250000000
142733  26.403  5.198  -23.485 0.5000000000
162456  27.730  6.687  -20.580 0.1250000000
142726  26.994  7.014  -22.543 0.1250000000
162186  26.729  7.699  -23.073 0.1250000000
97043  26.022  6.694  -24.485 0.6250000000
98029  26.633  8.385  -23.535 0.1250000000
98047  25.690  7.702  -25.316 0.6250000000
98048  25.347  7.771  -25.836 0.6250000000
99985  25.179  9.696  -25.798 0.6250000000
151332  23.874  11.130  -26.673 0.7500000000
102763  23.924  12.510  -26.999 0.7500000000
104661  21.523  14.647  -24.679 0.6250000000
161145  22.878  11.622  -26.091 0.7500000000
103629  27.128  13.398  -24.724 0.3750000000
103652  22.916  13.089  -26.189 0.7500000000
104683  25.438  14.471  -26.678 0.6250000000
103660  24.241  13.764  -26.908 0.7500000000
103639  26.864  13.432  -25.461 0.5000000000
106455  27.972  16.032  -23.658 0.1250000000
105608  28.070  15.116  -23.316 0.1250000000
104648  27.729  14.235  -23.615 0.2500000000
104647  28.239  14.310  -22.890 0.1250000000
144442  22.884  16.532  -27.275 0.7500000000
106502  24.220  16.623  -28.244 0.7500000000
105652  25.704  16.047  -26.913 0.6250000000
106486  26.776  16.273  -26.107 0.3750000000
106487  26.244  16.504  -26.736 0.3750000000
157872  27.450  15.943  -24.520 0.1250000000
146592  27.368  16.629  -24.848 0.3750000000
155854  24.073  18.055  -28.845 0.3750000000
107318  27.082  17.868  -25.622 0.3750000000
106465  27.671  16.751  -24.167 0.1250000000
108116  27.471  18.496  -24.841 0.1250000000
158269  27.773  18.129  -24.154 0.1250000000
108954  26.238  19.573  -26.813 0.3750000000
108965  25.427  19.494  -28.027 0.3750000000
108937  28.759  20.614  -24.281 0.1250000000
108110  28.263  18.219  -23.520 0.1250000000
108939  27.727  19.419  -24.684 0.1250000000
109709  28.251  20.884  -24.811 0.1250000000
162619  28.077  21.384  -25.240 0.1250000000
170768  27.502  21.176  -25.626 0.1250000000
109754  23.123  20.672  -29.535 0.3750000000
172785  25.638  20.569  -27.595 0.3750000000
111317  28.596  22.072  -25.318 0.1250000000
111318  27.663  22.033  -25.785 0.1250000000
112215  27.973  23.525  -26.617 0.1250000000
112214  28.960  23.636  -26.576 0.1250000000
110502  26.958  21.274  -26.163 0.1250000000
111333  26.808  22.183  -26.600 0.1250000000
110480  29.481  21.187  -24.399 0.1250000000
110494  29.517  21.942  -24.978 0.1250000000
112246  22.782  23.292  -29.894 0.2500000000
151826  24.241  23.208  -29.134 0.2500000000
112226  26.020  23.177  -27.884 0.1250000000
112234  27.243  24.087  -28.065 0.1250000000
144799  27.123  23.161  -26.916 0.1250000000
113136  28.074  24.245  -27.962 0.1250000000
113155  23.856  24.351  -29.913 0.1250000000
113144  26.046  24.256  -28.745 0.1250000000
112222  29.449  23.957  -27.385 0.1250000000
112225  26.769  23.492  -27.617 0.1250000000
114075  23.906  25.837  -31.710 0.1250000000
162418  25.889  -3.836  -19.807 0.7500000000
142797  26.333  -4.414  -19.138 0.7500000000
143021  25.508  -3.026  -20.258 0.7500000000
142537  28.218  -1.661  -18.134 0.5000000000
165898  28.555  0.755  -18.516 0.6250000000
142904  28.028  0.886  -19.180 0.5000000000
142724  27.584  8.736  -22.005 0.1250000000
162313  28.002  9.274  -21.726 0.1250000000
162494  27.032  8.542  -22.766 0.1250000000
157942  28.374  15.816  -22.971 0.1250000000
111330  29.516  23.100  -26.043 0.1250000000
142562  25.702  -4.603  -19.811 0.6250000000
142556  26.825  -4.637  -18.354 0.6250000000
162401  27.921  -4.381  -17.372 0.3750000000
143806  28.747  -3.224  -17.199 0.2500000000
105610  21.399  15.456  -23.345 0.2500000000
162257  28.943  -2.555  -17.227 0.5000000000
169634  28.837  -0.461  -17.954 0.5000000000
142529  27.261  -4.903  -17.636 0.5000000000
84682  25.322  -5.458  -19.851 0.6250000000
142914  25.987  -1.976  -19.608 0.3750000000
162317  25.170  -2.040  -20.298 0.3750000000
84651  27.067  -5.821  -17.171 0.3750000000
143018  26.631  -5.442  -17.916 0.5000000000
143044  25.964  -5.339  -19.117 0.6250000000
142745  27.899  -1.780  -17.845 0.2500000000
167837  27.747  -5.156  -16.987 0.3750000000
162235  29.505  -2.578  -16.797 0.2500000000
142923  28.618  -3.917  -17.043 0.2500000000
162397  29.828  -1.903  -16.871 0.2500000000
164301  29.219  -0.934  -17.621 0.3750000000
142901  29.354  -0.217  -17.992 0.2500000000
142617  28.834  1.490  -18.418 0.2500000000
94190  22.290  3.074  -19.724 0.1250000000
96993  18.311  3.825  -18.863 0.2500000000
96979  15.801  5.787  -17.886 0.3750000000
96977  17.028  4.704  -18.265 0.2500000000
143041  16.634  10.078  -17.628 0.2500000000
164675  21.925  2.706  -19.517 0.2500000000
142850  27.304  -1.654  -19.205 0.2500000000
160575  16.322  4.903  -18.897 0.3750000000
142586  25.896  -2.221  -19.766 0.5000000000
142598  27.615  -1.587  -18.809 0.2500000000
142881  25.491  -3.903  -20.399 0.6250000000
143089  26.388  -5.179  -18.571 0.6250000000
162348  25.137  -4.554  -20.705 0.6250000000
84652  26.376  -6.251  -17.647 0.3750000000
84668  26.115  -5.877  -18.364 0.5000000000
162249  29.319  0.825  -17.771 0.2500000000
142610  23.873  -5.200  -22.435 0.5000000000
84653  25.711  -6.733  -18.096 0.2500000000
83643  24.811  -7.456  -19.091 0.3750000000
84670  24.864  -6.492  -19.713 0.5000000000
142585  24.414  -5.063  -22.380 0.5000000000
143123  23.011  -4.871  -22.338 0.3750000000
162302  23.364  -3.983  -22.504 0.5000000000
162336  24.897  -4.626  -21.906 0.5000000000
162283  24.169  -4.856  -22.546 0.5000000000
166611  24.929  -2.689  -21.045 0.3750000000
142849  25.135  -3.883  -20.917 0.5000000000
84697  20.840  -5.755  -19.986 0.1250000000
142621  22.284  -5.505  -21.437 0.3750000000
166478  24.174  -2.367  -20.134 0.2500000000
81630  20.417  -9.099  -18.893 0.1250000000
84683  21.078  -6.879  -19.974 0.2500000000
84696  22.697  -6.983  -20.999 0.3750000000
83642  25.172  -7.465  -18.281 0.2500000000
83658  23.662  -7.939  -20.088 0.3750000000
83673  23.732  -6.950  -20.740 0.5000000000
84671  19.693  -6.877  -18.946 0.1250000000
148280  21.660  -6.217  -20.650 0.3750000000
143080  23.452  -6.328  -21.372 0.3750000000
163120  20.148  -3.690  -20.414 0.1250000000
162266  22.562  -2.925  -19.844 0.1250000000
100896  27.938  10.879  -22.950 0.1250000000
84669  25.605  -6.187  -18.984 0.3750000000
142574  24.568  -5.404  -21.040 0.5000000000
142584  24.090  -5.916  -21.757 0.5000000000
163775  23.558  -4.506  -22.681 0.5000000000
153571  25.293  -6.914  -18.825 0.3750000000
144624  24.236  -6.458  -20.635 0.3750000000
83657  24.263  -7.289  -19.916 0.3750000000
143106  22.985  -5.904  -21.747 0.3750000000
142622  22.041  -4.472  -21.672 0.2500000000
162262  22.311  -3.251  -21.890 0.1250000000
142794  23.537  -3.186  -20.949 0.1250000000
142810  24.770  -3.707  -21.878 0.5000000000
84684  20.306  -6.356  -19.385 0.1250000000
84685  19.382  -5.943  -19.277 0.1250000000
142632  21.388  -5.074  -20.797 0.2500000000
142648  20.312  -4.615  -20.152 0.1250000000
85670  19.324  -4.852  -19.680 0.1250000000
143267  21.006  -4.077  -20.958 0.1250000000
83644  19.961  -7.672  -18.796 0.1250000000
83660  20.545  -7.343  -19.275 0.1250000000
83676  21.887  -7.349  -20.549 0.3750000000
82670  24.218  -8.107  -19.319 0.2500000000
142633  21.666  -3.590  -21.533 0.1250000000
142660  20.956  -3.081  -20.925 0.1250000000
82688  21.904  -8.534  -20.265 0.2500000000
82672  22.935  -9.282  -19.880 0.2500000000
82657  24.655  -8.103  -18.474 0.2500000000
82673  21.367  -8.690  -19.745 0.1250000000
83659  21.260  -7.936  -19.900 0.1250000000
83674  23.119  -7.694  -20.642 0.2500000000
82687  22.654  -8.604  -20.312 0.2500000000
81658  22.296  -9.195  -20.097 0.1250000000
143181  27.867  -1.797  -18.460 0.1250000000
162371  18.226  11.955  -19.363 0.1250000000
142704  17.733  11.681  -18.692 0.1250000000
102657  18.537  12.829  -20.626 0.1250000000
102650  18.593  12.481  -20.148 0.1250000000
103572  18.562  13.285  -21.171 0.1250000000
104636  20.448  14.442  -22.350 0.1250000000
103586  18.861  14.243  -21.257 0.1250000000
105595  21.246  15.766  -22.319 0.1250000000
143019  17.647  12.373  -17.154 0.1250000000
105596  20.835  15.292  -21.923 0.1250000000
105584  21.139  15.997  -21.380 0.1250000000
142827  16.718  11.285  -16.782 0.1250000000
162204  16.981  11.566  -16.195 0.1250000000
96976  18.431  4.706  -18.446 0.1250000000
162487  27.952  -1.918  -17.854 0.1250000000
96965  16.182  6.119  -17.472 0.1250000000
100797  17.214  10.723  -15.851 0.1250000000
102637  18.195  12.493  -17.565 0.1250000000
101754  19.289  11.948  -19.086 0.1250000000
102674  19.096  14.241  -20.835 0.1250000000
104621  20.644  15.104  -21.503 0.1250000000
148502  21.385  16.620  -21.911 0.1250000000
142764  16.598  9.971  -16.377 0.1250000000
103604  19.526  14.136  -21.876 0.1250000000
105611  21.030  15.025  -22.581 0.1250000000
96978  16.216  5.218  -18.098 0.1250000000
162334  28.657  -1.379  -17.688 0.1250000000
162468  28.227  -1.911  -18.038 0.1250000000
147608  18.372  12.081  -19.500 0.1250000000
102649  18.639  13.149  -20.739 0.1250000000
153580  19.644  14.815  -21.496 0.1250000000
103585  19.524  14.628  -21.416 0.1250000000
104622  20.376  14.896  -21.742 0.1250000000
106437  21.099  16.812  -20.872 0.1250000000
162417  28.407  -4.653  -16.760 0.1250000000
142530  29.376  -3.306  -16.609 0.1250000000
142606  30.003  -1.191  -17.119 0.1250000000
162263  30.114  -0.595  -17.472 0.1250000000
142891  29.777  0.339  -17.336 0.1250000000
92293  29.321  0.444  -17.964 0.1250000000
142979  29.087  1.396  -18.168 0.1250000000
142860  28.985  2.130  -18.558 0.1250000000
82671  23.587  -8.737  -19.579 0.1250000000
82656  25.007  -8.003  -17.808 0.1250000000
83625  25.534  -7.538  -17.572 0.1250000000
84637  26.665  -6.575  -17.076 0.1250000000
142528  28.216  -5.321  -16.506 0.1250000000
143005  27.731  -5.894  -16.536 0.1250000000
142916  29.295  -4.108  -16.302 0.1250000000
162379  30.261  -2.570  -16.245 0.1250000000
142870  30.312  -2.095  -16.686 0.1250000000
143003  29.376  1.691  -18.114 0.1250000000
162331  28.756  2.776  -18.821 0.1250000000
83624  26.139  -7.008  -17.324 0.1250000000
81628  24.078  -8.787  -18.714 0.1250000000
84636  27.206  -6.589  -16.623 0.1250000000
81607  24.897  -9.021  -17.082 0.1250000000
82636  25.323  -8.345  -17.175 0.1250000000
142630  29.126  2.250  -18.738 0.1250000000
81647  21.080  -9.055  -19.354 0.1250000000
82623  25.946  -8.457  -16.652 0.1250000000
82637  24.563  -8.700  -17.767 0.1250000000
82658  19.592  -8.403  -18.673 0.1250000000
82674  20.660  -8.311  -19.160 0.1250000000
82686  23.173  -8.542  -20.181 0.2500000000
83675  22.439  -7.900  -20.560 0.2500000000
89517  26.275  -2.608  -22.663 1.0000000000
94189  23.056  3.009  -19.878 0.1250000000
94235  24.858  3.350  -24.571 0.8750000000
94237  23.925  3.253  -24.565 1.0000000000
95148  25.443  4.818  -24.770 0.6250000000
96995  15.845  5.474  -18.474 0.3750000000
97044  25.590  6.412  -25.136 0.6250000000
97051  24.427  6.538  -25.813 0.7500000000
97052  23.965  7.258  -26.051 0.7500000000
97956  16.788  6.753  -17.091 0.1250000000
97957  15.662  7.796  -16.783 0.1250000000
97982  15.665  6.381  -18.289 0.3750000000
98049  23.684  7.946  -25.960 0.8750000000
98050  23.110  7.802  -25.556 0.8750000000
98054  24.877  7.970  -26.194 0.6250000000
98055  24.412  8.239  -26.262 0.8750000000
98965  16.212  7.669  -19.531 0.8750000000
99051  25.597  8.327  -25.527 0.6250000000
99054  22.871  8.393  -25.392 0.8750000000
99058  24.165  8.770  -26.204 0.7500000000
99938  19.210  10.307  -21.159 1.0000000000
99975  26.921  9.704  -23.923 0.3750000000
100866  18.993  10.918  -20.956 1.0000000000
100911  27.069  10.332  -23.982 0.3750000000
100924  25.653  10.448  -25.495 0.5000000000
100934  24.804  10.445  -26.037 0.6250000000
100935  24.130  10.496  -26.305 0.6250000000
100936  23.682  10.578  -26.338 0.8750000000
101856  22.068  11.784  -24.707 0.8750000000
101869  23.414  11.231  -26.646 0.7500000000
101870  23.038  11.131  -26.270 0.8750000000
102633  17.308  12.082  -16.436 0.1250000000
102642  18.150  12.088  -19.006 0.1250000000
102689  19.983  12.405  -22.634 0.8750000000
102739  26.938  12.856  -24.913 0.3750000000
102742  22.886  12.272  -26.163 0.8750000000
102750  25.749  12.778  -25.991 0.5000000000
102752  24.350  12.215  -26.752 0.7500000000
102765  23.566  13.014  -26.860 0.7500000000
103619  27.415  13.362  -23.858 0.2500000000
103651  24.353  13.091  -26.794 0.7500000000
103662  23.326  13.392  -26.642 0.7500000000
104670  26.797  14.049  -26.010 0.5000000000
104672  22.012  14.555  -25.399 0.7500000000
104693  24.522  14.546  -26.965 0.7500000000
104694  24.098  14.876  -27.201 0.7500000000
105585  21.081  15.500  -21.085 0.1250000000
105632  27.205  15.071  -25.083 0.1250000000
105633  21.903  15.169  -25.236 0.6250000000
105644  22.857  15.142  -26.657 0.7500000000
105653  25.016  15.940  -27.341 0.6250000000
106454  28.492  16.643  -22.918 0.1250000000
106456  21.859  16.312  -23.876 0.2500000000
106475  27.115  16.043  -25.337 0.3750000000
106495  24.354  16.114  -27.792 0.7500000000
106496  23.875  16.304  -28.006 0.7500000000
106504  23.344  17.362  -28.384 0.7500000000
107340  24.848  17.785  -28.421 0.3750000000
108103  28.962  18.108  -22.852 0.1250000000
108117  22.592  18.831  -23.964 0.1250000000
108126  22.479  18.590  -25.846 0.3750000000
108138  23.393  18.070  -28.680 0.3750000000
108975  22.046  19.841  -28.378 0.5000000000
108981  23.515  19.461  -29.297 0.3750000000
109710  28.011  20.239  -24.686 0.1250000000
109712  21.837  21.196  -25.449 0.2500000000
109722  27.726  20.691  -25.231 0.1250000000
109734  21.521  21.186  -27.211 0.2500000000
109755  22.358  20.537  -29.401 0.3750000000
110505  20.972  22.704  -26.746 0.2500000000
110510  25.957  21.754  -27.274 0.1250000000
110527  21.732  21.111  -29.433 0.3750000000
110529  20.247  22.210  -28.400 0.2500000000
111334  20.638  23.228  -26.441 0.1250000000
111343  20.409  23.320  -26.734 0.1250000000
111349  20.128  23.018  -27.878 0.2500000000
111363  20.815  22.928  -29.759 0.3750000000
112235  26.425  23.871  -28.216 0.1250000000
112245  23.656  23.586  -29.620 0.1250000000
112254  21.226  23.463  -30.146 0.3750000000
113154  24.599  24.567  -29.633 0.1250000000
114057  25.787  25.245  -29.727 0.1250000000
142611  22.821  -4.154  -22.352 0.5000000000
142637  26.346  -2.247  -23.334 1.0000000000
142664  25.198  -3.277  -24.152 1.0000000000
142668  24.972  -1.100  -24.233 1.0000000000
142705  17.932  11.965  -18.811 0.1250000000
142708  18.796  12.823  -21.450 0.3750000000
142762  19.933  -1.246  -18.958 0.7500000000
142828  27.976  8.414  -21.216 0.1250000000
142943  18.528  12.331  -20.089 0.1250000000
143049  17.032  12.051  -16.570 0.1250000000
143076  24.405  0.066  -23.823 1.0000000000
143090  25.318  0.233  -23.751 1.0000000000
143164  18.589  12.344  -20.729 0.3750000000
147974  22.917  19.919  -29.452 0.3750000000
148533  25.438  7.093  -25.538 0.6250000000
150096  26.737  9.068  -23.793 0.3750000000
150840  20.376  22.391  -29.184 0.3750000000
151556  21.614  7.072  -23.943 1.0000000000
152978  25.533  21.052  -27.702 0.3750000000
154232  22.888  18.069  -28.239 0.6250000000
154252  21.556  2.694  -19.334 0.2500000000
154912  27.701  24.498  -28.475 0.1250000000
154961  23.909  9.401  -26.072 0.8750000000
154985  23.156  11.730  -26.579 0.7500000000
155220  19.132  9.490  -20.893 1.0000000000
155728  25.111  3.954  -24.761 0.8750000000
155823  23.979  9.939  -26.077 0.8750000000
156810  26.479  11.922  -25.110 0.5000000000
156958  23.856  13.217  -26.974 0.7500000000
158782  27.171  11.792  -24.163 0.3750000000
159469  24.950  15.177  -26.988 0.6250000000
160198  24.864  9.107  -26.031 0.7500000000
162750  16.076  7.180  -16.760 0.5000000000
162813  24.618  18.558  -28.763 0.3750000000
163304  21.159  21.507  -29.434 0.5000000000
164343  20.709  -3.491  -20.829 0.1250000000
165199  16.024  8.713  -16.312 0.1250000000
165376  17.689  12.218  -16.729 0.1250000000
166542  18.613  11.480  -20.700 0.8750000000
166940  24.269  23.913  -29.427 0.2500000000
168270  24.798  13.801  -26.734 0.6250000000
168646  25.508  24.092  -28.794 0.1250000000
168660  22.355  -6.426  -21.051 0.3750000000
171389  20.043  -5.445  -19.562 0.1250000000
171471  23.620  3.556  -24.577 1.0000000000
171654  27.169  18.522  -25.441 0.1250000000
171668  23.218  24.056  -30.018 0.2500000000
171794  19.574  12.802  -22.281 0.7500000000
171860  23.719  -0.935  -23.719 1.0000000000
172017  24.874  13.329  -26.560 0.7500000000
172588  22.515  25.516  -31.744 0.1250000000
172805  22.428  10.693  -25.165 0.8750000000
