#!ascii label  , from subject sub-v2s17x50026_ses-1 vox2ras=TkReg
448
88954  -22.867  -6.202  -27.218 0.0000000000
84484  -19.282  -11.671  -25.188 0.0000000000
84503  -25.303  -11.205  -26.115 0.0000000000
80010  -21.972  -16.066  -26.960 0.0000000000
98666  -23.576  4.538  -25.188 0.0000000000
137999  -26.365  1.914  -23.983 0.0000000000
139376  -18.802  -2.666  -24.070 0.0000000000
77133  -20.797  -19.366  -24.548 0.0000000000
82726  -20.822  -13.641  -26.511 0.0000000000
80880  -19.339  -15.882  -24.757 0.0000000000
97870  -24.678  3.539  -25.490 0.0000000000
96023  -21.012  1.034  -25.627 0.0000000000
141867  -19.393  -6.196  -25.042 0.0000000000
89808  -18.063  -4.985  -22.959 0.0000000000
90722  -20.603  -4.503  -26.944 0.0000000000
92455  -24.331  -2.358  -26.348 0.0000000000
90706  -25.979  -4.507  -25.691 0.0000000000
88927  -27.225  -6.815  -25.677 0.0000000000
86273  -18.266  -9.116  -23.529 0.0000000000
87197  -20.992  -8.768  -26.559 0.0000000000
143836  -23.721  -8.605  -26.633 0.0000000000
136868  -22.486  -10.793  -26.882 0.0000000000
146284  -23.045  -13.101  -27.120 0.0000000000
80909  -24.548  -15.344  -26.375 0.0000000000
147867  -17.359  -1.329  -22.564 0.0000000000
94236  -21.809  -0.248  -26.564 0.0000000000
94205  -27.351  -0.353  -24.096 0.0000000000
79016  -19.048  -17.116  -23.978 0.0000000000
154185  -21.021  -17.939  -25.728 0.0000000000
81781  -18.858  -14.235  -24.456 0.0000000000
80879  -18.794  -15.667  -24.054 0.0000000000
96013  -20.373  1.434  -24.627 0.0000000000
95053  -19.251  0.917  -23.958 0.0000000000
88952  -21.135  -6.562  -27.088 0.0000000000
89854  -19.734  -5.051  -25.783 0.0000000000
89867  -21.844  -5.393  -27.575 0.0000000000
91593  -23.660  -3.987  -27.215 0.0000000000
141417  -24.213  -5.311  -26.786 0.0000000000
89842  -26.358  -5.293  -25.771 0.0000000000
143428  -24.971  -6.180  -26.373 0.0000000000
85407  -19.030  -9.839  -24.647 0.0000000000
86282  -19.299  -9.244  -25.011 0.0000000000
85425  -20.108  -10.179  -25.944 0.0000000000
86309  -21.939  -9.498  -26.779 0.0000000000
85426  -20.443  -10.996  -26.244 0.0000000000
81805  -20.783  -14.536  -26.473 0.0000000000
129656  -22.250  -13.633  -27.282 0.0000000000
80907  -22.238  -14.636  -27.264 0.0000000000
81808  -23.731  -14.752  -26.731 0.0000000000
80908  -23.592  -15.622  -26.653 0.0000000000
136942  -21.086  3.866  -23.568 0.0000000000
149590  -20.956  5.277  -22.176 0.0000000000
99420  -22.712  5.616  -24.319 0.0000000000
101085  -24.083  6.866  -26.133 0.0000000000
146444  -25.385  5.665  -25.483 0.0000000000
97850  -26.040  3.220  -24.182 0.0000000000
143777  -18.297  -3.656  -23.318 0.0000000000
91528  -17.824  -2.733  -22.795 0.0000000000
132314  -18.861  -1.910  -24.193 0.0000000000
94221  -19.714  -0.382  -25.177 0.0000000000
93353  -20.528  -1.334  -26.434 0.0000000000
92443  -26.621  -2.356  -24.851 0.0000000000
94225  -25.667  -1.013  -24.942 0.0000000000
93325  -28.826  -1.248  -23.936 0.0000000000
86300  -24.882  -9.345  -26.426 0.0000000000
143287  -25.948  -8.783  -26.081 0.0000000000
77121  -19.716  -19.299  -23.391 0.0000000000
78063  -19.908  -18.210  -24.269 0.0000000000
79029  -19.944  -17.229  -25.217 0.0000000000
77143  -21.169  -18.873  -25.090 0.0000000000
83585  -19.094  -12.521  -24.987 0.0000000000
131791  -20.157  -12.472  -26.006 0.0000000000
82697  -19.097  -13.485  -24.897 0.0000000000
81792  -20.078  -14.754  -25.789 0.0000000000
80894  -20.138  -15.715  -25.720 0.0000000000
97861  -21.995  3.474  -24.681 0.0000000000
98673  -24.105  4.413  -25.676 0.0000000000
96943  -21.867  2.725  -25.111 0.0000000000
149878  -22.934  2.168  -26.034 0.0000000000
96025  -23.130  1.599  -26.052 0.0000000000
142677  -18.407  -6.420  -23.583 0.0000000000
88923  -18.703  -5.274  -23.984 0.0000000000
90686  -18.602  -4.421  -23.829 0.0000000000
91578  -19.639  -3.623  -25.614 0.0000000000
138926  -21.140  -2.006  -26.814 0.0000000000
91592  -23.150  -3.368  -27.326 0.0000000000
91566  -24.683  -3.245  -26.201 0.0000000000
91550  -27.350  -3.092  -24.768 0.0000000000
90709  -28.626  -4.770  -25.208 0.0000000000
76187  -21.682  -19.976  -24.145 0.0000000000
77135  -22.190  -19.373  -24.601 0.0000000000
88030  -18.842  -7.236  -24.120 0.0000000000
142365  -20.051  -7.900  -25.741 0.0000000000
88068  -21.748  -7.320  -27.012 0.0000000000
88072  -23.613  -7.423  -26.756 0.0000000000
87212  -22.721  -8.493  -26.697 0.0000000000
86311  -23.006  -9.253  -26.674 0.0000000000
132174  -23.405  -10.702  -26.712 0.0000000000
83609  -21.364  -12.156  -26.804 0.0000000000
83633  -22.897  -12.195  -27.065 0.0000000000
83610  -23.918  -12.058  -26.751 0.0000000000
135292  -25.335  -13.292  -26.320 0.0000000000
146302  -25.227  -14.008  -26.363 0.0000000000
99425  -26.498  5.351  -24.357 0.0000000000
95063  -19.243  0.352  -24.321 0.0000000000
133031  -21.078  0.702  -26.030 0.0000000000
95086  -24.181  0.658  -25.609 0.0000000000
93356  -23.277  -1.279  -26.674 0.0000000000
94204  -25.646  -0.294  -24.678 0.0000000000
96018  -27.508  1.091  -23.758 0.0000000000
88057  -25.003  -7.400  -26.498 0.0000000000
88043  -27.564  -7.735  -25.627 0.0000000000
79966  -18.556  -16.598  -22.990 0.0000000000
79980  -19.147  -16.547  -24.351 0.0000000000
79994  -20.173  -16.595  -25.624 0.0000000000
79042  -21.768  -16.905  -26.526 0.0000000000
78075  -22.377  -18.383  -25.633 0.0000000000
142118  -22.928  -17.771  -25.906 0.0000000000
148724  -22.531  -16.562  -26.755 0.0000000000
95998  -18.642  0.699  -23.522 0.0000000000
88953  -21.978  -6.720  -27.276 0.0000000000
141898  -21.531  -6.017  -27.418 0.0000000000
138684  -22.260  -6.156  -27.418 0.0000000000
89869  -23.172  -5.531  -27.254 0.0000000000
88955  -23.425  -6.105  -27.002 0.0000000000
89856  -24.381  -6.053  -26.634 0.0000000000
88940  -23.878  -6.665  -26.795 0.0000000000
84478  -18.583  -11.755  -24.363 0.0000000000
130550  -18.283  -10.784  -23.894 0.0000000000
84483  -18.941  -10.710  -24.720 0.0000000000
85413  -19.462  -10.050  -25.295 0.0000000000
85414  -19.658  -10.903  -25.574 0.0000000000
84485  -19.967  -11.733  -25.818 0.0000000000
80906  -21.483  -15.219  -26.956 0.0000000000
147162  -22.275  -15.405  -27.150 0.0000000000
129781  -22.933  -15.097  -27.089 0.0000000000
129071  -22.788  -15.905  -26.948 0.0000000000
98660  -22.134  4.603  -24.268 0.0000000000
98659  -21.511  4.708  -23.647 0.0000000000
149915  -23.362  5.224  -24.857 0.0000000000
100221  -24.436  6.226  -25.865 0.0000000000
100222  -25.217  6.328  -25.783 0.0000000000
99430  -24.814  5.563  -25.784 0.0000000000
96945  -26.015  2.401  -24.181 0.0000000000
97851  -27.007  3.338  -23.697 0.0000000000
96926  -26.653  2.530  -23.822 0.0000000000
96927  -27.541  2.568  -23.574 0.0000000000
91546  -18.481  -3.153  -23.659 0.0000000000
144105  -18.055  -3.339  -22.971 0.0000000000
91529  -18.167  -2.898  -23.236 0.0000000000
92403  -17.928  -2.231  -23.049 0.0000000000
92404  -18.377  -2.259  -23.643 0.0000000000
153806  -19.611  -1.256  -25.267 0.0000000000
92423  -19.294  -2.120  -24.760 0.0000000000
92427  -28.082  -2.503  -24.391 0.0000000000
93324  -27.859  -1.664  -24.259 0.0000000000
151000  -24.662  -10.141  -26.404 0.0000000000
86283  -25.582  -9.292  -26.176 0.0000000000
85415  -25.638  -10.135  -26.032 0.0000000000
134275  -20.518  -19.772  -24.028 0.0000000000
77122  -20.030  -19.836  -23.531 0.0000000000
77132  -20.169  -19.104  -24.006 0.0000000000
78053  -19.622  -18.578  -23.551 0.0000000000
78064  -20.495  -18.643  -24.755 0.0000000000
83584  -18.565  -12.795  -24.339 0.0000000000
82696  -18.583  -13.548  -24.238 0.0000000000
144229  -19.092  -15.066  -24.631 0.0000000000
81782  -19.407  -14.448  -25.104 0.0000000000
80893  -19.623  -15.322  -25.220 0.0000000000
97860  -21.278  2.677  -24.428 0.0000000000
96014  -20.904  1.429  -25.110 0.0000000000
96950  -22.246  2.333  -25.728 0.0000000000
96949  -21.558  1.567  -25.703 0.0000000000
133463  -23.682  2.239  -25.992 0.0000000000
96024  -22.297  1.652  -26.094 0.0000000000
88911  -18.874  -6.072  -24.149 0.0000000000
89855  -20.388  -5.154  -26.676 0.0000000000
89840  -19.252  -4.995  -24.992 0.0000000000
90721  -19.907  -4.398  -26.142 0.0000000000
90704  -18.857  -4.076  -24.219 0.0000000000
91579  -20.249  -3.716  -26.525 0.0000000000
91580  -20.812  -3.018  -26.884 0.0000000000
91590  -21.560  -3.742  -27.325 0.0000000000
91583  -24.730  -4.029  -26.342 0.0000000000
91582  -24.229  -3.793  -26.804 0.0000000000
91567  -25.272  -3.898  -25.857 0.0000000000
138067  -26.311  -3.131  -25.160 0.0000000000
91568  -26.829  -4.007  -25.237 0.0000000000
90690  -27.965  -3.986  -24.967 0.0000000000
90708  -27.571  -4.709  -25.306 0.0000000000
138688  -26.775  -6.034  -25.740 0.0000000000
150314  -28.017  -5.311  -25.395 0.0000000000
88929  -28.932  -6.445  -25.496 0.0000000000
76176  -21.133  -20.678  -23.681 0.0000000000
76177  -22.095  -20.438  -23.464 0.0000000000
87157  -18.004  -8.197  -23.204 0.0000000000
87171  -18.499  -8.228  -23.816 0.0000000000
87196  -20.324  -8.707  -26.003 0.0000000000
87182  -19.651  -8.568  -25.381 0.0000000000
139793  -20.719  -8.013  -26.379 0.0000000000
88055  -21.014  -7.319  -26.768 0.0000000000
87210  -21.441  -8.028  -26.753 0.0000000000
87211  -22.190  -8.044  -26.838 0.0000000000
87198  -21.726  -8.761  -26.742 0.0000000000
85442  -22.193  -10.242  -26.846 0.0000000000
86310  -22.521  -9.357  -26.710 0.0000000000
85443  -22.746  -10.066  -26.750 0.0000000000
85444  -23.240  -10.003  -26.696 0.0000000000
135092  -22.955  -10.765  -26.798 0.0000000000
83591  -20.140  -13.222  -26.021 0.0000000000
83608  -20.754  -12.770  -26.461 0.0000000000
83632  -22.232  -12.444  -27.139 0.0000000000
83634  -23.385  -12.368  -26.933 0.0000000000
82728  -23.887  -12.923  -26.810 0.0000000000
83611  -24.605  -12.650  -26.481 0.0000000000
81809  -24.578  -14.387  -26.444 0.0000000000
148331  -25.652  -14.771  -26.411 0.0000000000
98674  -24.625  4.292  -25.588 0.0000000000
137389  -25.168  4.950  -25.480 0.0000000000
98667  -25.756  4.689  -24.734 0.0000000000
93270  -17.194  -1.493  -22.103 0.0000000000
94172  -17.761  -0.800  -23.081 0.0000000000
136015  -18.352  0.030  -23.565 0.0000000000
94202  -18.767  -0.165  -24.036 0.0000000000
94235  -21.181  -0.120  -26.494 0.0000000000
95099  -20.846  0.265  -26.177 0.0000000000
95101  -22.152  0.394  -26.424 0.0000000000
95085  -23.416  0.886  -25.972 0.0000000000
95103  -23.746  0.230  -25.990 0.0000000000
92453  -22.879  -1.949  -27.048 0.0000000000
132159  -22.004  -1.893  -26.990 0.0000000000
93357  -24.079  -1.498  -26.447 0.0000000000
142069  -26.486  -0.856  -24.559 0.0000000000
94224  -24.984  -0.654  -25.219 0.0000000000
95068  -26.412  0.018  -24.286 0.0000000000
154458  -26.410  0.570  -24.191 0.0000000000
151452  -27.002  0.455  -23.968 0.0000000000
95069  -27.966  0.340  -23.787 0.0000000000
87199  -23.958  -8.011  -26.689 0.0000000000
88056  -24.240  -7.395  -26.676 0.0000000000
87200  -24.634  -8.022  -26.576 0.0000000000
87184  -26.510  -8.143  -25.854 0.0000000000
79005  -19.344  -17.763  -23.784 0.0000000000
79004  -18.861  -17.267  -23.352 0.0000000000
79979  -18.771  -16.511  -23.676 0.0000000000
79030  -20.566  -17.494  -25.642 0.0000000000
79995  -20.853  -16.842  -26.200 0.0000000000
79031  -21.280  -17.573  -26.042 0.0000000000
77144  -21.893  -18.968  -25.248 0.0000000000
79043  -22.716  -17.179  -26.401 0.0000000000
81776  -18.391  -14.077  -23.747 0.0000000000
144133  -18.665  -14.810  -24.082 0.0000000000
96941  -20.743  1.909  -24.567 0.0000000000
95999  -19.439  1.410  -23.851 0.0000000000
96012  -19.834  1.232  -24.364 0.0000000000
95065  -20.405  0.924  -24.985 0.0000000000
142821  -20.024  -6.433  -25.842 0.0000000000
88938  -19.599  -5.632  -25.445 0.0000000000
88939  -20.347  -5.898  -26.386 0.0000000000
90733  -21.352  -4.578  -27.394 0.0000000000
90734  -22.248  -4.598  -27.565 0.0000000000
90735  -22.917  -4.967  -27.434 0.0000000000
90737  -24.001  -4.624  -27.030 0.0000000000
90724  -25.129  -4.606  -26.116 0.0000000000
90707  -26.783  -4.779  -25.503 0.0000000000
89857  -24.909  -5.406  -26.353 0.0000000000
89841  -25.756  -5.929  -26.090 0.0000000000
88926  -26.276  -6.706  -25.984 0.0000000000
85406  -18.526  -9.944  -24.048 0.0000000000
86274  -18.787  -9.144  -24.264 0.0000000000
86296  -19.877  -9.387  -25.676 0.0000000000
86297  -20.553  -9.484  -26.253 0.0000000000
86298  -21.262  -9.532  -26.644 0.0000000000
137243  -20.785  -10.239  -26.456 0.0000000000
154398  -20.947  -10.731  -26.588 0.0000000000
84501  -21.139  -11.246  -26.684 0.0000000000
81806  -21.499  -14.151  -27.017 0.0000000000
81807  -22.990  -14.192  -27.192 0.0000000000
128247  -23.789  -13.822  -26.766 0.0000000000
98652  -20.605  3.671  -23.287 0.0000000000
143817  -21.958  5.721  -23.731 0.0000000000
99424  -23.363  5.987  -24.898 0.0000000000
129688  -25.873  6.990  -25.422 0.0000000000
97863  -25.275  3.391  -24.885 0.0000000000
140902  -25.662  3.964  -24.512 0.0000000000
98668  -26.480  4.249  -24.001 0.0000000000
92365  -17.162  -2.540  -21.824 0.0000000000
92382  -17.449  -2.515  -22.303 0.0000000000
92383  -17.596  -2.199  -22.648 0.0000000000
93304  -18.047  -1.517  -23.360 0.0000000000
94187  -18.280  -0.702  -23.640 0.0000000000
93322  -19.242  -1.183  -24.642 0.0000000000
93338  -20.089  -0.833  -25.847 0.0000000000
94234  -20.679  -0.419  -26.328 0.0000000000
92442  -25.748  -2.376  -25.249 0.0000000000
93340  -25.178  -1.560  -25.399 0.0000000000
93341  -26.092  -1.633  -24.908 0.0000000000
143269  -27.310  -1.079  -24.338 0.0000000000
94206  -28.436  -0.390  -23.877 0.0000000000
143917  -24.347  -8.637  -26.593 0.0000000000
143920  -25.124  -8.679  -26.430 0.0000000000
141148  -26.708  -8.983  -25.715 0.0000000000
79017  -19.553  -17.360  -24.546 0.0000000000
79018  -20.165  -17.890  -25.006 0.0000000000
78073  -20.799  -18.227  -25.355 0.0000000000
139180  -19.582  -13.034  -25.483 0.0000000000
82706  -19.755  -13.824  -25.569 0.0000000000
82707  -20.307  -13.998  -26.070 0.0000000000
80905  -20.671  -15.422  -26.311 0.0000000000
97832  -20.626  3.478  -23.401 0.0000000000
97849  -21.449  3.717  -24.043 0.0000000000
97862  -22.911  4.010  -24.758 0.0000000000
97868  -23.527  3.722  -25.465 0.0000000000
97869  -24.111  3.611  -25.731 0.0000000000
96942  -21.422  2.036  -25.100 0.0000000000
96951  -23.345  2.897  -25.884 0.0000000000
96952  -24.186  2.902  -25.804 0.0000000000
96953  -24.823  2.812  -25.281 0.0000000000
96015  -24.376  2.177  -25.552 0.0000000000
154918  -24.968  2.136  -24.959 0.0000000000
89809  -18.281  -5.084  -23.313 0.0000000000
88924  -19.082  -5.414  -24.596 0.0000000000
89826  -18.504  -4.902  -23.687 0.0000000000
90670  -18.347  -4.454  -23.392 0.0000000000
91565  -19.220  -3.554  -24.679 0.0000000000
92440  -19.497  -2.843  -25.210 0.0000000000
139624  -20.435  -2.206  -26.474 0.0000000000
92451  -19.980  -2.871  -26.167 0.0000000000
92452  -21.737  -2.799  -27.179 0.0000000000
92462  -23.247  -2.671  -27.165 0.0000000000
91591  -22.390  -3.562  -27.424 0.0000000000
91581  -23.746  -3.168  -27.064 0.0000000000
138253  -25.447  -3.151  -25.570 0.0000000000
92428  -28.945  -2.626  -24.336 0.0000000000
91551  -28.436  -3.268  -24.593 0.0000000000
90691  -28.968  -3.980  -24.812 0.0000000000
76186  -20.992  -20.012  -24.229 0.0000000000
77134  -21.436  -19.438  -24.675 0.0000000000
87172  -19.120  -8.370  -24.579 0.0000000000
144341  -19.432  -7.674  -25.021 0.0000000000
88041  -19.743  -7.054  -25.449 0.0000000000
88054  -20.385  -7.250  -26.145 0.0000000000
137314  -22.589  -6.785  -27.123 0.0000000000
137157  -23.180  -6.881  -26.943 0.0000000000
88070  -22.823  -7.364  -26.881 0.0000000000
87213  -22.999  -7.933  -26.733 0.0000000000
142776  -23.224  -8.559  -26.652 0.0000000000
138187  -22.281  -8.790  -26.730 0.0000000000
86312  -23.499  -9.275  -26.630 0.0000000000
85445  -23.847  -10.174  -26.633 0.0000000000
85428  -24.416  -10.870  -26.466 0.0000000000
84500  -20.628  -11.913  -26.360 0.0000000000
150610  -21.923  -11.276  -26.995 0.0000000000
82727  -21.495  -13.145  -26.910 0.0000000000
84518  -22.618  -11.517  -26.975 0.0000000000
84519  -23.272  -11.532  -26.848 0.0000000000
84520  -23.866  -11.165  -26.667 0.0000000000
84502  -24.562  -11.722  -26.426 0.0000000000
83612  -25.399  -12.376  -26.166 0.0000000000
82729  -24.566  -13.522  -26.484 0.0000000000
138085  -24.560  4.927  -25.712 0.0000000000
99431  -25.744  5.370  -25.036 0.0000000000
95052  -18.878  0.447  -23.879 0.0000000000
95064  -19.746  0.684  -24.590 0.0000000000
149616  -19.599  0.189  -24.781 0.0000000000
95082  -20.620  0.578  -25.628 0.0000000000
95084  -22.573  1.000  -26.190 0.0000000000
96026  -23.947  1.502  -25.803 0.0000000000
95066  -24.777  1.289  -25.085 0.0000000000
93354  -21.353  -0.962  -26.679 0.0000000000
94237  -22.717  -0.400  -26.490 0.0000000000
93339  -24.546  -0.992  -25.988 0.0000000000
94238  -23.740  -0.526  -26.316 0.0000000000
94223  -24.329  -0.176  -25.678 0.0000000000
95087  -24.833  0.214  -24.976 0.0000000000
95067  -25.733  0.663  -24.494 0.0000000000
96000  -27.083  1.829  -23.726 0.0000000000
96001  -28.035  1.808  -23.554 0.0000000000
88925  -25.402  -6.729  -26.324 0.0000000000
87183  -25.477  -8.068  -26.314 0.0000000000
137061  -26.671  -7.352  -25.839 0.0000000000
80869  -18.522  -15.785  -23.282 0.0000000000
79993  -19.618  -16.625  -24.990 0.0000000000
146484  -19.776  -16.032  -25.260 0.0000000000
80008  -20.569  -16.154  -26.134 0.0000000000
80009  -21.174  -16.127  -26.607 0.0000000000
78074  -21.525  -18.308  -25.663 0.0000000000
79032  -22.098  -17.747  -26.117 0.0000000000
83590  -19.649  -12.371  -25.547 0.0000000000
85427  -21.478  -10.402  -26.752 0.0000000000
86299  -24.107  -9.320  -26.585 0.0000000000
87214  -23.428  -7.999  -26.696 0.0000000000
88031  -19.268  -6.819  -24.726 0.0000000000
88042  -25.880  -7.394  -26.174 0.0000000000
88069  -22.364  -7.315  -26.969 0.0000000000
88071  -23.188  -7.522  -26.790 0.0000000000
88910  -18.383  -5.596  -23.504 0.0000000000
88941  -24.611  -6.758  -26.589 0.0000000000
89839  -18.863  -4.745  -24.278 0.0000000000
89843  -27.227  -5.368  -25.533 0.0000000000
89866  -21.065  -5.258  -27.322 0.0000000000
89868  -22.577  -5.532  -27.464 0.0000000000
89870  -23.708  -5.369  -27.066 0.0000000000
90705  -19.335  -4.342  -25.034 0.0000000000
90723  -24.509  -4.604  -26.608 0.0000000000
90736  -23.454  -4.794  -27.281 0.0000000000
91552  -29.302  -3.257  -24.635 0.0000000000
91564  -18.799  -3.406  -24.080 0.0000000000
91589  -20.894  -3.909  -27.074 0.0000000000
92426  -27.358  -2.250  -24.570 0.0000000000
92439  -19.131  -2.941  -24.469 0.0000000000
92441  -24.911  -2.428  -25.711 0.0000000000
92454  -23.696  -2.268  -26.818 0.0000000000
92461  -22.586  -2.687  -27.243 0.0000000000
93303  -17.584  -1.697  -22.826 0.0000000000
93321  -18.666  -1.154  -24.006 0.0000000000
93323  -26.945  -1.633  -24.586 0.0000000000
93352  -19.848  -1.900  -25.805 0.0000000000
93355  -22.329  -1.106  -26.722 0.0000000000
94203  -19.213  -0.337  -24.519 0.0000000000
94222  -20.311  0.002  -25.758 0.0000000000
95038  -18.022  0.110  -23.077 0.0000000000
95081  -20.078  0.365  -25.159 0.0000000000
95083  -21.667  1.010  -26.166 0.0000000000
95100  -21.424  0.385  -26.354 0.0000000000
95102  -23.038  0.275  -26.228 0.0000000000
96016  -25.675  1.739  -24.459 0.0000000000
96017  -26.520  1.164  -24.039 0.0000000000
96944  -25.446  2.624  -24.639 0.0000000000
97867  -22.624  3.187  -25.339 0.0000000000
98665  -23.007  4.756  -24.560 0.0000000000
98675  -25.179  4.146  -25.197 0.0000000000
99432  -26.022  6.118  -25.045 0.0000000000
100220  -23.769  6.422  -25.590 0.0000000000
135491  -24.163  -2.968  -26.719 0.0000000000
136139  -25.955  -3.746  -25.487 0.0000000000
137269  -22.636  -7.797  -26.792 0.0000000000
140855  -28.222  -6.997  -25.542 0.0000000000
142963  -20.861  -5.802  -27.119 0.0000000000
143499  -27.958  -0.938  -24.056 0.0000000000
143866  -23.004  -4.225  -27.435 0.0000000000
143905  -18.548  -3.884  -23.729 0.0000000000
144300  -25.621  -5.153  -26.005 0.0000000000
144592  -20.599  -6.696  -26.518 0.0000000000
146217  -19.867  -12.776  -25.777 0.0000000000
149602  -24.574  -1.766  -25.968 0.0000000000
153352  -17.872  -4.671  -22.738 0.0000000000
155258  -23.895  -5.910  -26.860 0.0000000000
