#!ascii label  , from subject sub-v2s17x50029_ses-1 vox2ras=TkReg
1615
39567  -25.791  -42.256  -6.658 0.5000000000
39568  -26.089  -41.590  -6.458 0.4000000060
39554  -26.762  -41.675  -5.857 0.6000000238
136623  -25.863  -41.119  -6.701 0.6000000238
41741  -25.538  -40.000  -7.192 0.6000000238
40701  -25.718  -40.712  -6.869 0.5000000000
41749  -26.130  -39.333  -8.202 0.6000000238
40690  -26.340  -40.817  -6.272 0.6999999881
41735  -25.779  -39.933  -6.669 0.6999999881
42856  -25.413  -39.205  -7.524 0.6999999881
144695  -25.750  -38.551  -8.155 0.5000000000
36309  -24.866  -44.525  0.303 0.5000000000
40675  -27.257  -41.186  -5.719 0.6999999881
41725  -26.583  -39.805  -6.060 0.6999999881
42848  -25.308  -39.361  -6.961 0.6999999881
42838  -25.848  -38.924  -6.385 0.6999999881
42837  -25.046  -38.558  -7.051 0.6999999881
43832  -25.369  -38.127  -6.645 0.6999999881
43859  -26.526  -37.710  -8.442 0.6000000238
39540  -30.755  -41.558  -3.684 0.6999999881
39558  -30.331  -41.142  -4.267 0.6999999881
40691  -27.380  -40.473  -5.732 0.6999999881
41726  -27.768  -39.648  -5.683 0.6999999881
37296  -24.927  -43.715  -0.084 0.6000000238
36321  -23.076  -44.921  -0.676 0.4000000060
42855  -25.125  -38.259  -7.585 0.6999999881
42862  -25.380  -37.750  -8.079 0.6999999881
44784  -24.624  -37.122  -7.495 0.6999999881
44801  -27.317  -36.886  -8.572 0.6000000238
39526  -31.731  -41.495  -2.513 0.6999999881
38403  -31.174  -41.936  -3.030 0.6999999881
40678  -29.866  -40.639  -4.756 0.6999999881
40661  -31.006  -40.808  -3.903 0.6999999881
39541  -31.401  -41.179  -3.272 0.6999999881
38327  -26.072  -42.798  0.115 0.6000000238
40693  -29.384  -40.082  -5.190 0.6999999881
40679  -30.585  -40.382  -4.415 0.6999999881
139103  -30.823  -39.719  -4.511 0.6999999881
37311  -23.762  -43.810  -0.748 0.5000000000
36322  -23.650  -44.608  -0.476 0.5000000000
42839  -27.144  -38.975  -5.860 0.6999999881
41717  -30.617  -39.037  -4.886 0.6999999881
36345  -23.100  -44.231  -0.935 0.4000000060
43848  -24.858  -37.736  -7.335 0.6999999881
42841  -29.217  -38.707  -5.510 0.6999999881
41728  -29.745  -39.289  -5.270 0.6999999881
36343  -21.779  -44.639  -1.610 0.4000000060
43833  -26.176  -37.907  -6.178 0.6999999881
139881  -29.534  -37.975  -5.496 0.6999999881
42842  -30.040  -38.480  -5.309 0.6999999881
43858  -24.911  -37.621  -7.670 0.6999999881
43843  -24.882  -37.684  -6.985 0.6999999881
128156  -27.853  -36.829  -5.849 0.6999999881
43835  -28.298  -37.512  -5.742 0.6999999881
44799  -24.887  -37.098  -7.938 0.6999999881
128515  -26.732  -37.001  -6.050 0.6999999881
45743  -27.096  -36.007  -8.574 0.6000000238
133608  -24.939  -36.250  -8.156 0.6999999881
45726  -23.753  -35.829  -7.555 0.6999999881
46738  -26.984  -34.330  -8.374 0.5000000000
46739  -27.872  -34.819  -8.173 0.5000000000
137792  -29.551  -35.390  -7.611 0.4000000060
45729  -29.040  -35.685  -7.981 0.5000000000
40663  -32.101  -39.947  -3.030 0.6999999881
38343  -26.273  -42.146  -0.191 0.6000000238
41727  -28.831  -39.481  -5.481 0.6999999881
37312  -24.410  -43.405  -0.603 0.5000000000
140670  -31.436  -39.203  -4.217 0.6999999881
128036  -25.490  -37.237  -6.467 0.6999999881
43834  -27.297  -37.631  -5.899 0.6999999881
146589  -24.585  -37.198  -7.231 0.6999999881
44764  -26.169  -36.420  -6.075 0.6999999881
46737  -25.796  -34.126  -8.435 0.6999999881
128930  -25.548  -34.874  -8.457 0.6999999881
45741  -24.785  -35.421  -8.269 0.6999999881
140002  -30.631  -41.107  1.485 0.6999999881
40581  -31.463  -40.910  1.264 0.6999999881
40594  -32.468  -40.303  0.544 0.8000000119
40611  -32.755  -40.287  -0.369 0.8000000119
40579  -29.734  -40.962  1.466 0.6000000238
147265  -30.250  -40.651  1.493 0.6000000238
40580  -30.709  -40.444  1.500 0.6000000238
40626  -32.653  -40.390  -1.389 0.8000000119
40578  -28.897  -41.122  1.245 0.6000000238
40592  -28.922  -40.214  1.020 0.6000000238
41688  -32.552  -39.447  -2.485 0.6999999881
39466  -27.621  -41.417  0.534 0.6000000238
39467  -28.250  -40.878  0.733 0.6000000238
39481  -25.793  -41.706  -0.744 0.6000000238
39482  -26.483  -41.366  -0.473 0.6000000238
149771  -24.509  -42.752  -0.891 0.5000000000
38367  -25.009  -42.132  -0.986 0.6000000238
42816  -32.183  -39.061  -3.381 0.6999999881
42830  -30.653  -38.249  -5.033 0.6999999881
44773  -24.602  -36.895  -6.902 0.6999999881
43836  -29.143  -37.473  -5.594 0.6999999881
136399  -23.698  -35.238  -7.905 0.8000000119
45740  -24.138  -35.887  -7.985 0.6999999881
44763  -25.117  -36.318  -6.337 0.6999999881
130594  -28.842  -36.797  -5.646 0.6999999881
46736  -24.683  -33.840  -8.237 0.8000000119
44783  -24.149  -36.469  -7.265 0.6999999881
45699  -24.603  -35.504  -6.092 0.6999999881
127687  -29.824  -34.798  -7.263 0.5000000000
47687  -29.466  -34.205  -7.121 0.5000000000
46740  -30.661  -34.768  -6.998 0.4000000060
147897  -30.623  -39.836  1.487 0.6000000238
40582  -32.019  -40.228  1.138 0.6999999881
41631  -32.392  -39.597  0.923 0.8000000119
41641  -32.784  -39.629  0.278 0.8999999762
139555  -29.943  -40.093  1.413 0.6000000238
41657  -32.997  -39.468  -0.361 0.8000000119
41672  -32.969  -39.650  -1.073 0.8000000119
42790  -32.984  -39.069  -1.750 0.8000000119
40590  -27.649  -40.697  0.202 0.6000000238
40609  -26.673  -40.546  -0.683 0.6000000238
42803  -32.731  -38.572  -2.559 0.8000000119
38366  -24.191  -42.291  -1.347 0.6000000238
39504  -26.038  -40.887  -1.036 0.6000000238
135454  -32.397  -38.082  -3.328 0.6999999881
37336  -23.245  -43.457  -1.280 0.5000000000
43824  -31.541  -37.554  -4.443 0.6999999881
43809  -32.098  -37.627  -3.863 0.6999999881
38364  -22.776  -43.124  -1.722 0.5000000000
38365  -23.355  -42.585  -1.625 0.5000000000
43823  -30.969  -37.786  -4.895 0.6999999881
43837  -30.287  -37.574  -5.259 0.6999999881
47683  -23.608  -34.215  -7.752 0.8000000119
136064  -23.307  -35.380  -7.400 0.8000000119
45698  -24.046  -36.124  -6.676 0.6999999881
45700  -26.114  -35.509  -5.884 0.6999999881
44765  -27.294  -36.022  -5.858 0.6999999881
46708  -23.571  -35.307  -6.519 0.6999999881
139515  -28.844  -34.750  -7.630 0.5000000000
41628  -30.216  -39.286  1.402 0.6999999881
42746  -30.606  -38.559  1.531 0.6999999881
41629  -31.020  -39.319  1.572 0.6999999881
42748  -32.313  -38.763  1.175 0.8000000119
42763  -32.895  -38.450  0.686 0.8000000119
41640  -29.390  -39.334  1.023 0.6999999881
42747  -31.495  -38.663  1.539 0.8000000119
42764  -33.317  -38.129  0.012 0.8000000119
40591  -28.024  -39.970  0.212 0.6000000238
42804  -33.216  -38.089  -1.681 0.8000000119
40610  -27.323  -40.235  -0.329 0.6000000238
39502  -24.511  -41.451  -1.570 0.6000000238
39503  -25.322  -41.207  -1.320 0.6000000238
141063  -32.481  -37.243  -3.360 0.8000000119
43800  -32.875  -37.653  -2.627 0.6999999881
39501  -23.686  -41.660  -1.867 0.6000000238
44739  -32.490  -36.414  -3.481 0.8000000119
37351  -22.105  -43.076  -2.240 0.4000000060
44767  -29.683  -36.960  -5.447 0.6999999881
139832  -30.495  -36.502  -5.047 0.6999999881
44752  -31.369  -36.654  -4.534 0.6999999881
37350  -20.791  -43.778  -2.878 0.4000000060
142428  -29.476  -36.007  -5.364 0.6999999881
46720  -23.095  -35.071  -7.031 0.8000000119
44766  -28.424  -36.059  -5.651 0.6999999881
45701  -27.349  -35.048  -5.630 0.6999999881
136227  -25.439  -33.273  -8.178 0.8000000119
126864  -26.636  -33.530  -8.152 0.6999999881
47670  -29.694  -33.508  -6.800 0.5000000000
47686  -28.819  -33.730  -7.146 0.5000000000
126943  -31.003  -34.016  -6.682 0.4000000060
42745  -29.756  -38.551  1.131 0.6000000238
43739  -31.067  -37.736  1.683 0.6999999881
136034  -32.526  -37.896  1.182 0.8000000119
144817  -33.045  -37.778  0.709 0.8000000119
41639  -28.618  -39.291  0.430 0.6999999881
41656  -28.083  -39.140  -0.170 0.6999999881
43788  -33.486  -37.338  -1.114 0.8000000119
41654  -26.884  -39.703  -0.888 0.6000000238
43759  -33.369  -37.303  0.309 0.8000000119
40625  -26.263  -40.039  -1.245 0.6000000238
43801  -33.325  -37.129  -1.996 0.8000000119
40623  -24.776  -40.529  -1.807 0.6000000238
44738  -32.005  -36.920  -3.984 0.8999999762
44730  -32.953  -36.784  -2.792 0.8000000119
45683  -30.291  -35.467  -4.865 0.8000000119
45684  -31.147  -35.751  -4.545 0.8000000119
38385  -22.913  -41.873  -2.232 0.5000000000
131197  -29.443  -34.282  -4.737 0.8000000119
38383  -21.442  -42.462  -2.947 0.4000000060
47666  -23.285  -33.302  -7.193 0.8000000119
127072  -23.292  -34.406  -6.495 0.8000000119
46709  -24.148  -34.554  -5.793 0.8000000119
46710  -26.500  -34.553  -5.566 0.8000000119
45702  -28.806  -35.331  -5.379 0.6999999881
47684  -24.171  -33.175  -7.910 0.8000000119
127503  -25.425  -34.826  -5.747 0.8000000119
126906  -28.060  -35.433  -5.597 0.6999999881
46695  -25.536  -34.097  -5.426 0.8000000119
48538  -25.037  -32.368  -7.795 0.8000000119
47640  -24.415  -33.536  -5.328 0.8000000119
47669  -28.071  -33.075  -7.074 0.6000000238
47668  -27.148  -33.024  -7.551 0.6000000238
43758  -29.324  -37.745  0.699 0.6000000238
138727  -31.909  -38.067  1.499 0.6999999881
146883  -28.373  -38.511  -0.062 0.6000000238
43740  -31.924  -37.196  1.607 0.6999999881
42776  -27.708  -38.404  -0.659 0.6000000238
42761  -28.636  -37.738  0.079 0.6000000238
129276  -29.587  -36.919  0.865 0.6000000238
43787  -26.990  -37.702  -1.215 0.6000000238
44709  -33.620  -36.751  -0.380 0.8000000119
41668  -25.003  -39.553  -2.021 0.6000000238
41671  -27.077  -38.824  -1.133 0.6000000238
39525  -23.954  -40.718  -2.154 0.5000000000
44731  -33.419  -36.290  -2.240 0.8000000119
39524  -23.118  -40.894  -2.526 0.3000000119
45669  -32.452  -35.541  -3.551 0.8000000119
46698  -30.915  -34.767  -4.451 0.8000000119
126967  -31.766  -35.147  -4.064 0.8000000119
46697  -28.545  -34.177  -4.941 0.8000000119
47654  -23.542  -33.753  -5.863 0.8000000119
45682  -29.529  -35.073  -5.047 0.6999999881
47667  -26.186  -32.858  -7.877 0.6999999881
131847  -31.287  -33.304  -6.471 0.3000000119
134850  -30.406  -36.907  1.363 0.6000000238
132646  -31.113  -36.868  1.649 0.6999999881
44674  -31.487  -36.384  1.657 0.6999999881
44675  -32.282  -36.235  1.551 0.6999999881
43782  -22.515  -36.595  -2.517 0.5000000000
153065  -28.107  -37.776  -0.416 0.6000000238
43774  -28.121  -36.907  -0.378 0.6000000238
44691  -33.391  -36.514  0.550 0.6999999881
41686  -24.331  -38.621  -2.570 0.5000000000
42789  -26.467  -38.262  -1.539 0.5000000000
43773  -27.500  -37.174  -0.782 0.6000000238
133262  -33.699  -36.054  0.048 0.6999999881
41703  -22.378  -38.334  -3.609 0.3000000119
40645  -24.171  -39.689  -2.400 0.5000000000
45643  -33.780  -35.918  -0.778 0.8000000119
133135  -33.886  -35.132  -2.008 0.8000000119
45660  -33.490  -35.513  -2.452 0.8000000119
46687  -32.436  -34.583  -3.523 0.8999999762
45670  -33.042  -35.132  -3.072 0.8000000119
46677  -33.564  -34.781  -2.566 0.8000000119
39523  -22.299  -41.134  -2.905 0.4000000060
47644  -28.938  -33.577  -4.612 0.8999999762
127895  -30.108  -34.739  -4.709 0.8999999762
46686  -31.614  -34.277  -3.957 0.8999999762
48522  -23.197  -32.419  -6.607 0.8000000119
139056  -23.265  -33.326  -6.393 0.8000000119
126731  -26.580  -33.867  -5.243 0.8000000119
46696  -27.538  -34.168  -5.226 0.8000000119
48537  -23.798  -32.386  -7.256 0.8000000119
49466  -25.430  -31.713  -7.158 0.6999999881
48524  -27.444  -32.512  -7.046 0.6000000238
138027  -29.677  -31.857  -6.432 0.6000000238
48525  -30.115  -32.667  -6.535 0.6000000238
44673  -30.660  -35.910  1.416 0.6000000238
43757  -28.765  -36.758  0.235 0.6000000238
45612  -32.787  -35.484  1.450 0.8000000119
42802  -24.193  -37.398  -2.581 0.6000000238
42788  -25.722  -37.704  -1.863 0.5000000000
44721  -26.580  -36.366  -1.023 0.6000000238
44676  -33.008  -36.206  1.164 0.6999999881
46659  -33.912  -35.364  -0.121 0.8000000119
41704  -22.744  -37.326  -3.234 0.4000000060
46669  -34.035  -35.063  -1.148 0.6999999881
40644  -23.286  -39.734  -2.840 0.4000000060
127964  -33.736  -35.749  -1.684 0.8000000119
47631  -32.137  -33.828  -3.621 0.8000000119
135384  -33.612  -34.046  -2.653 0.8000000119
47627  -28.524  -32.887  -4.435 0.8999999762
128006  -30.974  -33.974  -4.216 0.8000000119
46688  -33.128  -34.444  -3.070 0.8000000119
132251  -29.242  -32.989  -4.361 0.8000000119
48504  -25.845  -32.474  -4.596 0.8000000119
47643  -28.082  -33.512  -4.753 0.6999999881
48512  -23.300  -32.244  -5.957 0.8000000119
47642  -27.129  -33.386  -4.865 0.8000000119
47641  -25.865  -33.245  -4.931 0.8000000119
49465  -24.270  -31.485  -7.029 0.8000000119
48502  -23.533  -32.001  -5.194 0.8000000119
49467  -27.217  -31.788  -6.780 0.6999999881
140966  -28.147  -32.207  -6.742 0.6999999881
49469  -29.160  -31.076  -6.386 0.6000000238
49470  -30.147  -31.012  -6.359 0.6000000238
49471  -31.118  -30.934  -6.378 0.6000000238
44708  -28.037  -36.080  -0.166 0.6000000238
45611  -30.493  -34.661  1.482 0.8000000119
130347  -31.499  -35.502  1.670 0.6999999881
133325  -23.597  -36.783  -1.128 0.5000000000
44720  -26.067  -35.805  -0.868 0.5000000000
46628  -33.439  -34.882  1.192 0.8000000119
45626  -33.498  -35.644  0.755 0.6999999881
44718  -24.069  -35.971  -1.572 0.5000000000
43785  -25.345  -36.563  -1.678 0.5000000000
47585  -33.865  -34.376  0.932 0.8000000119
44717  -23.401  -36.007  -1.832 0.5000000000
46646  -33.870  -34.836  0.499 0.8000000119
46647  -34.193  -34.577  -0.305 0.8000000119
47598  -34.441  -33.772  -0.411 0.8000000119
47609  -34.132  -34.426  -1.976 0.8000000119
46670  -34.336  -34.201  -1.159 0.8000000119
47629  -30.533  -33.376  -4.188 0.8000000119
47632  -32.912  -33.724  -3.249 0.8000000119
48503  -24.568  -32.556  -4.848 0.8000000119
48491  -28.052  -32.188  -4.203 0.8000000119
141938  -27.298  -32.239  -4.329 0.8999999762
134493  -23.506  -31.645  -6.626 0.8000000119
136964  -23.409  -31.299  -5.785 0.8000000119
144303  -26.242  -31.524  -6.861 0.6999999881
148580  -25.185  -30.876  -6.840 0.6999999881
141659  -26.656  -30.937  -6.608 0.6999999881
50522  -27.234  -30.250  -6.594 0.6999999881
50523  -28.515  -30.313  -6.481 0.6999999881
46624  -29.063  -33.674  1.442 0.8000000119
45625  -28.810  -35.090  0.637 0.6000000238
144074  -29.754  -34.058  1.392 0.6000000238
41625  -26.068  -39.939  1.211 0.6000000238
42759  -25.413  -38.015  0.349 0.5000000000
45642  -27.512  -35.293  0.089 0.6000000238
45624  -27.869  -34.656  0.506 0.6000000238
127893  -32.093  -34.976  1.731 0.8000000119
39447  -25.456  -41.564  2.778 0.6000000238
40577  -25.934  -40.883  1.672 0.6000000238
41626  -26.610  -39.264  1.540 0.6000000238
43756  -25.819  -36.062  0.173 0.5000000000
45640  -26.201  -35.583  -0.223 0.5000000000
41599  -23.313  -39.349  3.651 0.5000000000
40551  -24.712  -40.647  3.575 0.5000000000
135058  -25.628  -40.384  3.425 0.6000000238
40566  -26.519  -40.303  2.059 0.6000000238
43772  -24.682  -36.021  -0.782 0.5000000000
44689  -26.360  -35.440  0.178 0.5000000000
148962  -33.482  -34.150  1.403 0.8000000119
146512  -34.188  -34.134  0.372 0.8000000119
146772  -24.188  -39.848  3.732 0.5000000000
45639  -25.537  -35.799  -0.758 0.5000000000
41597  -21.725  -39.465  3.261 0.4000000060
44719  -24.962  -35.796  -1.194 0.5000000000
47586  -34.433  -33.377  0.356 0.6999999881
47618  -33.611  -33.249  -2.689 0.8000000119
47619  -34.175  -33.656  -2.127 0.8000000119
47610  -34.477  -33.386  -1.343 0.6999999881
48493  -29.908  -32.737  -4.128 0.8000000119
47630  -31.430  -33.386  -3.846 0.8000000119
48482  -34.250  -32.844  -2.089 0.8000000119
48497  -32.986  -32.818  -3.163 0.8000000119
48496  -32.396  -32.419  -3.369 0.8000000119
50508  -23.592  -30.432  -5.937 0.8999999762
49443  -23.736  -31.197  -5.037 0.8999999762
48490  -26.493  -31.992  -4.338 0.8000000119
48492  -29.044  -32.195  -4.056 0.8000000119
48489  -25.363  -31.839  -4.495 1.0000000000
140082  -27.311  -31.524  -4.049 0.8000000119
149621  -24.287  -30.569  -6.766 0.6999999881
46623  -28.201  -33.858  1.377 0.8000000119
46625  -30.066  -33.649  1.728 0.8000000119
46613  -30.892  -33.645  2.085 0.8000000119
41602  -26.784  -39.384  3.210 0.6000000238
46622  -27.567  -34.136  1.157 0.6000000238
46644  -27.636  -34.198  0.888 0.6000000238
46626  -31.186  -34.407  1.776 0.8000000119
46614  -31.910  -33.960  1.980 0.8000000119
137208  -25.007  -39.745  3.731 0.5000000000
40553  -26.368  -40.240  3.008 0.6000000238
42744  -27.376  -38.375  2.238 0.6000000238
45609  -27.237  -34.486  1.083 0.6000000238
47571  -32.874  -33.737  1.895 0.8000000119
47572  -33.643  -33.415  1.572 0.6999999881
134208  -25.166  -38.889  3.920 0.5000000000
150963  -27.235  -36.316  1.576 0.6000000238
45608  -27.266  -34.533  0.826 0.6000000238
140584  -22.410  -39.170  3.406 0.4000000060
41600  -24.236  -39.062  3.813 0.4000000060
42718  -25.966  -38.716  3.997 0.4000000060
145568  -34.079  -33.785  1.005 0.6999999881
42717  -23.462  -38.429  3.735 0.4000000060
42705  -24.356  -38.108  4.069 0.4000000060
43704  -27.666  -37.644  4.059 0.4000000060
48463  -34.656  -32.888  -0.429 0.6999999881
44635  -24.598  -36.667  4.600 0.4000000060
44636  -26.092  -36.681  5.001 0.5000000000
44653  -23.237  -36.754  3.905 0.3000000119
141798  -25.187  -36.285  4.949 0.5000000000
43703  -26.904  -37.425  4.609 0.5000000000
48494  -30.788  -32.588  -3.856 0.8000000119
48495  -31.680  -32.493  -3.599 0.8000000119
49425  -34.200  -31.938  -2.003 0.8000000119
48481  -33.603  -32.393  -2.616 0.8000000119
50498  -23.605  -30.529  -5.620 0.8000000119
49432  -24.863  -31.051  -4.532 1.0000000000
140280  -26.887  -30.724  -3.927 0.8000000119
135441  -27.789  -30.854  -3.762 0.8000000119
141145  -28.318  -31.482  -3.852 0.8000000119
136777  -30.038  -31.784  -3.725 0.8000000119
140253  -31.083  -31.738  -3.579 0.8000000119
49431  -24.049  -30.569  -4.969 1.0000000000
49434  -29.132  -31.277  -3.669 0.8000000119
49481  -23.839  -30.801  -6.457 0.8000000119
50488  -25.850  -30.511  -4.183 0.8000000119
139327  -28.508  -30.846  -3.660 0.8000000119
50538  -23.920  -29.941  -6.567 0.8999999762
50521  -25.685  -30.106  -6.877 0.6999999881
51634  -27.791  -29.598  -6.762 0.6999999881
51635  -28.984  -29.595  -6.695 0.6999999881
50525  -30.575  -30.251  -6.513 0.6000000238
51652  -29.445  -28.972  -7.159 0.6999999881
51637  -30.952  -29.629  -6.843 0.6000000238
51636  -30.017  -29.592  -6.734 0.6000000238
47570  -29.444  -33.336  1.945 0.8000000119
47561  -30.232  -33.217  2.253 0.8000000119
41615  -27.239  -39.013  2.739 0.5000000000
45601  -28.509  -34.921  2.679 0.8000000119
46611  -28.691  -33.826  2.204 0.8000000119
151786  -28.859  -33.540  1.784 0.8000000119
47562  -31.197  -33.203  2.436 0.8000000119
41601  -26.014  -39.504  3.632 0.5000000000
42730  -27.617  -38.440  2.987 0.6000000238
43717  -27.982  -37.664  3.208 0.5000000000
46610  -28.006  -34.043  1.678 0.8000000119
42706  -25.424  -38.137  4.247 0.4000000060
42708  -27.062  -38.088  4.111 0.5000000000
44663  -28.072  -35.806  2.427 0.6999999881
47563  -32.173  -33.164  2.332 0.6999999881
47564  -33.062  -32.974  2.116 0.6999999881
48438  -33.850  -32.673  1.753 0.6999999881
43700  -24.035  -37.151  4.223 0.3000000119
47573  -34.247  -33.035  1.080 0.6999999881
48450  -34.624  -32.552  0.427 0.6999999881
45569  -25.711  -35.843  5.294 0.5000000000
49403  -34.863  -31.790  -0.272 0.6999999881
141539  -24.464  -35.912  4.800 0.4000000060
45555  -25.273  -35.125  5.408 0.4000000060
49437  -32.060  -31.608  -3.376 0.8000000119
48473  -34.591  -32.390  -1.259 0.6999999881
49436  -31.339  -30.896  -3.407 0.8000000119
139937  -32.061  -30.624  -3.213 0.6999999881
49435  -30.501  -30.973  -3.478 0.8000000119
51617  -23.590  -29.782  -6.047 0.8999999762
50519  -23.746  -30.342  -6.267 0.8999999762
50499  -23.929  -29.948  -5.366 0.8999999762
50487  -24.825  -30.229  -4.699 0.8000000119
137589  -25.615  -29.906  -4.426 0.8000000119
51594  -27.629  -29.828  -4.008 0.8000000119
51631  -23.753  -29.070  -6.986 0.8999999762
51630  -23.773  -29.692  -6.382 0.8000000119
50520  -24.267  -29.877  -6.931 0.8999999762
51632  -24.502  -29.207  -7.373 0.8000000119
141978  -32.116  -30.796  -6.459 0.4000000060
51633  -26.299  -29.511  -7.078 0.8000000119
51650  -26.973  -28.974  -7.321 0.6999999881
51651  -28.317  -28.982  -7.118 0.6999999881
51664  -30.658  -28.869  -8.277 0.5000000000
46612  -29.266  -33.428  2.309 0.6999999881
45588  -29.055  -34.666  3.584 0.6999999881
47540  -30.633  -32.799  2.972 0.6999999881
43701  -24.905  -37.417  4.439 0.4000000060
46577  -28.170  -35.224  4.968 0.6000000238
46593  -29.701  -33.423  3.210 0.6999999881
48422  -34.062  -31.903  1.966 0.6999999881
45557  -27.165  -35.296  5.411 0.5000000000
48439  -34.408  -32.264  1.209 0.6999999881
46569  -25.691  -34.417  5.569 0.4000000060
47518  -24.487  -33.403  5.177 0.3000000119
145948  -24.711  -34.340  5.326 0.3000000119
46570  -26.695  -34.518  5.588 0.5000000000
49424  -33.511  -31.505  -2.526 0.6999999881
138422  -34.807  -30.939  -0.663 0.6999999881
47520  -26.225  -33.686  5.627 0.4000000060
49423  -32.783  -31.078  -2.959 0.6999999881
51593  -26.635  -29.982  -4.084 0.8000000119
50489  -28.180  -30.282  -3.738 0.8000000119
50490  -29.085  -30.382  -3.621 0.8000000119
147080  -29.745  -30.923  -3.520 0.8000000119
51595  -28.562  -29.657  -3.977 0.8000000119
51603  -24.720  -29.465  -5.089 0.8000000119
127652  -23.771  -28.440  -7.104 0.8000000119
51618  -23.664  -28.997  -6.535 0.8000000119
138768  -23.770  -29.338  -5.817 0.8999999762
51649  -25.290  -28.713  -7.701 0.8000000119
145010  -26.203  -28.315  -8.004 0.8000000119
52731  -29.873  -28.647  -8.084 0.6999999881
51653  -30.403  -29.062  -7.323 0.6000000238
52729  -27.636  -28.455  -7.852 0.6999999881
53778  -26.764  -27.479  -8.995 0.6999999881
47560  -29.870  -33.198  2.560 0.6999999881
47522  -29.053  -33.561  4.959 0.6000000238
46579  -29.731  -33.313  4.155 0.6000000238
47539  -30.153  -32.941  3.481 0.6999999881
48403  -31.159  -32.115  3.514 0.6999999881
47541  -31.539  -32.583  2.832 0.6999999881
48420  -32.455  -32.444  2.649 0.6999999881
131004  -27.608  -36.030  5.003 0.5000000000
46578  -28.877  -34.692  4.532 0.6000000238
48404  -31.907  -31.880  3.237 0.6999999881
150881  -28.975  -34.194  4.739 0.6000000238
46576  -24.076  -34.669  4.888 0.3000000119
46571  -27.567  -34.639  5.402 0.5000000000
46572  -28.356  -34.269  5.178 0.5000000000
47531  -29.505  -32.962  4.770 0.6000000238
135376  -26.679  -33.063  5.654 0.4000000060
48374  -27.503  -32.793  5.628 0.5000000000
48375  -28.430  -32.862  5.435 0.6000000238
49379  -34.601  -31.413  1.330 0.6999999881
50446  -34.960  -30.812  0.066 0.6999999881
50480  -34.058  -31.020  -1.951 0.6999999881
50355  -26.032  -31.121  5.117 0.3000000119
50479  -33.358  -30.599  -2.437 0.6999999881
51596  -29.496  -29.706  -3.794 0.8000000119
50491  -29.984  -30.272  -3.530 0.8000000119
50492  -30.802  -30.224  -3.469 0.6999999881
144628  -31.476  -30.196  -3.347 0.6999999881
50478  -32.656  -30.180  -2.808 0.6999999881
52673  -26.964  -29.359  -4.429 0.8000000119
51606  -29.864  -29.169  -4.127 0.8000000119
52683  -24.136  -28.730  -5.827 0.8000000119
145196  -25.179  -28.846  -5.181 0.8000000119
51604  -25.909  -29.380  -4.598 0.8000000119
52674  -27.825  -29.319  -4.340 0.8000000119
52717  -23.891  -27.767  -7.416 0.8000000119
53753  -26.707  -26.991  -6.323 0.8000000119
52702  -27.803  -28.219  -5.203 0.8000000119
53738  -28.295  -27.698  -5.663 0.8000000119
53754  -27.756  -27.160  -6.246 0.8000000119
52745  -30.163  -28.752  -8.987 0.6000000238
52744  -29.439  -28.516  -9.113 0.6999999881
52741  -25.787  -27.653  -8.472 0.8000000119
53791  -26.475  -26.692  -9.417 0.6999999881
53792  -27.727  -27.417  -9.605 0.6000000238
52756  -28.470  -27.920  -9.485 0.6000000238
48401  -29.959  -32.614  4.395 0.6000000238
47523  -29.086  -32.807  5.182 0.6000000238
49349  -32.270  -31.100  3.750 0.6999999881
49361  -32.763  -31.701  3.008 0.6999999881
48396  -30.172  -31.651  4.774 0.6000000238
49350  -33.070  -30.899  3.457 0.6999999881
49362  -33.557  -31.456  2.673 0.6999999881
49302  -27.311  -31.784  5.603 0.4000000060
135358  -27.992  -32.245  5.639 0.4000000060
49363  -34.224  -31.118  2.240 0.6999999881
152421  -29.060  -31.768  5.426 0.5000000000
49330  -29.412  -31.365  5.394 0.5000000000
129399  -34.648  -30.589  1.782 0.6999999881
129931  -34.912  -30.687  0.925 0.6999999881
146516  -26.537  -31.605  5.427 0.3000000119
50356  -26.828  -30.978  5.350 0.3000000119
49329  -27.661  -30.996  5.555 0.4000000060
132314  -35.011  -30.006  0.474 0.6999999881
50377  -27.202  -30.230  5.213 0.3000000119
50472  -34.451  -30.527  -1.297 0.6999999881
50461  -34.784  -30.037  -0.500 0.6999999881
51584  -33.235  -29.697  -2.400 0.6999999881
51577  -34.310  -29.629  -1.338 0.6999999881
51605  -29.161  -29.235  -4.184 0.8000000119
132706  -32.092  -29.088  -3.489 0.6999999881
50493  -32.014  -29.811  -3.208 0.6999999881
148163  -34.260  -28.838  -1.456 0.6999999881
51599  -32.656  -29.352  -2.912 0.6999999881
52666  -33.318  -28.777  -2.585 0.6999999881
52684  -26.190  -28.744  -4.977 0.8000000119
52685  -27.338  -28.767  -4.783 0.8000000119
51598  -31.259  -29.529  -3.613 0.6999999881
52676  -32.789  -28.632  -3.255 0.6999999881
137417  -33.335  -28.189  -3.130 0.6999999881
52686  -28.438  -28.874  -4.552 0.8000000119
52687  -29.374  -28.734  -4.572 0.8000000119
52688  -30.182  -28.642  -4.564 0.8000000119
127765  -32.017  -28.155  -4.408 0.8000000119
53725  -33.345  -27.290  -4.158 0.6999999881
53722  -24.946  -28.023  -5.730 0.8000000119
53739  -29.278  -27.751  -5.612 0.8000000119
53741  -31.425  -27.599  -5.330 0.8000000119
52700  -23.797  -28.149  -6.663 0.8000000119
53735  -24.233  -27.358  -6.794 0.8000000119
53737  -27.147  -27.533  -5.770 0.8000000119
53740  -30.727  -27.477  -5.769 0.8000000119
52727  -23.997  -27.398  -7.943 0.8000000119
54746  -25.755  -26.536  -6.933 0.8000000119
53755  -28.817  -27.230  -6.192 0.8000000119
53756  -29.896  -27.239  -6.146 0.8000000119
54732  -30.753  -26.994  -6.333 0.8000000119
53765  -24.235  -26.826  -8.065 0.8000000119
54748  -28.263  -26.677  -6.772 0.8000000119
53766  -24.653  -27.169  -8.266 0.8000000119
52758  -30.161  -28.850  -9.866 0.5000000000
148846  -29.052  -28.240  -9.494 0.6000000238
54774  -25.120  -26.151  -8.449 0.8000000119
53777  -25.614  -26.979  -8.763 0.8000000119
147354  -29.565  -28.468  -9.817 0.6000000238
150735  -28.507  -27.685  -9.788 0.6000000238
52757  -29.116  -28.004  -9.963 0.6000000238
147001  -30.851  -31.599  4.234 0.6999999881
49348  -31.493  -31.294  4.034 0.6999999881
48395  -29.480  -32.243  5.095 0.6000000238
50409  -31.852  -30.335  4.599 0.6999999881
50411  -33.275  -29.910  3.876 0.6999999881
50424  -33.771  -30.647  2.970 0.6999999881
50408  -30.931  -30.502  4.957 0.5000000000
50410  -32.489  -30.230  4.282 0.6999999881
50378  -28.068  -30.290  5.483 0.4000000060
50407  -29.395  -29.708  5.438 0.4000000060
148192  -34.309  -30.450  2.486 0.6999999881
132642  -34.954  -29.909  1.397 0.6999999881
50405  -27.685  -29.568  4.954 0.3000000119
51496  -28.922  -28.902  4.978 0.3000000119
51498  -30.897  -28.906  5.459 0.5000000000
51518  -34.987  -28.973  1.974 0.6999999881
51465  -26.898  -29.629  4.565 0.3000000119
52575  -29.448  -28.261  4.783 0.3000000119
51542  -35.026  -29.291  0.026 0.6999999881
52574  -28.475  -28.321  4.241 0.3000000119
52656  -34.736  -28.363  -1.022 0.6999999881
51607  -30.664  -29.067  -4.110 0.8000000119
52667  -33.957  -28.465  -2.064 0.6999999881
51608  -31.522  -28.726  -4.113 0.6999999881
53713  -33.027  -27.970  -3.687 0.6999999881
53714  -33.689  -27.584  -3.420 0.6999999881
52701  -26.543  -28.070  -5.388 0.8000000119
52703  -28.837  -28.272  -5.113 0.8000000119
53723  -31.420  -28.125  -4.720 0.6999999881
53724  -32.628  -27.749  -4.335 0.8000000119
152185  -32.101  -27.185  -5.426 0.8000000119
53736  -25.639  -27.236  -6.190 0.8000000119
54733  -31.559  -26.981  -6.045 0.8000000119
54731  -24.686  -26.758  -6.975 0.8000000119
54745  -24.746  -26.441  -7.472 0.8000000119
54749  -29.309  -26.682  -6.754 0.8000000119
54766  -29.762  -26.116  -7.358 0.8000000119
54751  -31.171  -26.436  -6.700 0.8000000119
54762  -24.706  -26.310  -8.039 0.8000000119
55707  -25.323  -26.082  -7.716 0.8000000119
54764  -27.645  -26.125  -7.345 0.8000000119
55721  -28.122  -25.525  -7.812 0.8000000119
55709  -31.512  -25.694  -6.993 0.8000000119
54789  -25.928  -25.938  -9.400 0.8000000119
50379  -28.971  -30.450  5.597 0.5000000000
50382  -31.993  -29.496  5.189 0.6000000238
50380  -31.316  -29.195  5.583 0.5000000000
50383  -32.435  -29.497  4.764 0.6999999881
50412  -34.090  -29.885  3.068 0.6999999881
51466  -31.840  -28.733  5.840 0.6000000238
51468  -32.951  -28.780  4.728 0.6999999881
51500  -33.833  -29.093  3.740 0.6999999881
51501  -34.485  -29.115  2.932 0.6999999881
52573  -27.546  -28.572  3.742 0.3000000119
52579  -33.674  -28.100  4.239 0.6999999881
53643  -30.370  -26.876  3.997 0.3000000119
53655  -28.139  -27.070  1.946 0.3000000119
54659  -28.829  -26.613  2.024 0.3000000119
53642  -29.567  -26.728  2.909 0.3000000119
54643  -30.537  -26.285  3.031 0.3000000119
132885  -28.347  -25.916  0.584 0.3000000119
148206  -34.418  -28.213  -1.633 0.6999999881
53705  -34.407  -27.746  -2.172 0.6999999881
54720  -32.819  -27.018  -4.950 0.8000000119
54734  -32.427  -26.521  -5.749 0.8000000119
54752  -31.965  -26.146  -6.434 0.8000000119
54763  -26.450  -26.089  -7.444 0.8000000119
55720  -26.960  -25.512  -7.861 0.8000000119
55722  -29.194  -25.535  -7.842 0.8000000119
55723  -30.165  -25.414  -7.754 0.8000000119
55737  -25.235  -25.982  -8.395 0.8000000119
54775  -25.539  -26.301  -8.851 0.8000000119
55772  -26.085  -25.228  -9.720 0.6999999881
54805  -26.528  -25.916  -9.925 0.6000000238
50357  -31.923  -29.144  5.783 0.6000000238
52553  -33.070  -27.715  4.956 0.6000000238
52580  -34.237  -28.448  3.513 0.6999999881
52604  -31.334  -27.336  5.096 0.4000000060
53604  -32.660  -26.942  5.441 0.6000000238
53618  -34.164  -27.498  3.717 0.6999999881
52605  -34.686  -28.198  2.890 0.6999999881
53646  -33.497  -25.971  4.393 0.4000000060
52616  -35.090  -27.846  2.091 0.6999999881
146397  -35.167  -28.730  0.425 0.6999999881
54662  -31.641  -25.313  2.159 0.3000000119
54645  -33.743  -25.647  3.813 0.4000000060
53647  -34.624  -27.051  2.988 0.6000000238
53666  -35.346  -27.233  0.427 0.6999999881
52640  -35.035  -28.563  -0.261 0.6999999881
53692  -34.857  -27.638  -1.444 0.6999999881
53693  -35.345  -26.804  -1.079 0.6999999881
54693  -34.962  -26.909  -2.145 0.6999999881
150980  -34.796  -26.640  -2.755 0.6999999881
53742  -32.090  -27.648  -4.874 0.8000000119
55708  -30.704  -25.973  -7.277 0.8000000119
55695  -32.720  -25.558  -6.084 0.8000000119
54765  -28.749  -26.166  -7.359 0.8000000119
55724  -31.048  -25.171  -7.506 0.8000000119
56780  -26.158  -24.635  -9.087 0.8000000119
56763  -27.436  -24.890  -8.296 0.8000000119
56764  -28.588  -24.875  -8.256 0.8000000119
56765  -29.610  -24.805  -8.210 0.8000000119
56782  -27.911  -24.193  -8.659 0.8000000119
54806  -28.331  -26.332  -10.558 0.6000000238
55758  -25.617  -25.743  -8.907 0.8000000119
55773  -27.281  -25.639  -10.443 0.6000000238
144712  -26.530  -23.892  -10.407 0.6999999881
56820  -26.903  -23.988  -10.818 0.6999999881
52551  -31.645  -27.969  6.107 0.6000000238
52552  -32.359  -27.879  5.620 0.6000000238
53617  -33.375  -26.767  4.663 0.6000000238
53644  -31.385  -26.257  4.404 0.3000000119
54644  -31.570  -25.736  3.266 0.3000000119
54646  -33.959  -25.385  3.881 0.5000000000
55625  -33.573  -25.216  2.810 0.3000000119
55601  -34.071  -25.408  3.207 0.5000000000
53658  -35.289  -26.770  1.194 0.6999999881
56659  -30.530  -24.887  0.735 0.3000000119
56639  -31.535  -24.772  1.235 0.3000000119
55628  -35.067  -25.520  1.403 0.4000000060
141469  -35.405  -26.887  -0.204 0.6999999881
56678  -30.418  -24.426  -0.013 0.3000000119
131752  -35.576  -25.833  -0.836 0.6000000238
54702  -35.126  -26.122  -2.617 0.6000000238
55684  -34.357  -25.842  -4.117 0.8000000119
140265  -34.658  -26.338  -3.269 0.6999999881
55676  -35.089  -25.383  -3.274 0.6000000238
54721  -33.622  -26.481  -4.551 0.8000000119
54735  -33.207  -26.098  -5.317 0.8000000119
55696  -33.550  -25.133  -5.453 0.6999999881
55683  -34.195  -25.096  -4.740 0.6999999881
56717  -34.769  -24.902  -4.100 0.6999999881
55710  -32.123  -25.425  -6.643 0.8000000119
56739  -33.603  -24.209  -5.635 0.6999999881
147091  -34.044  -24.525  -5.155 0.6999999881
56750  -31.849  -24.804  -7.059 0.8000000119
130712  -32.458  -24.888  -6.545 0.8000000119
56752  -33.162  -23.729  -6.167 0.6999999881
131730  -33.676  -23.521  -5.705 0.6999999881
55719  -25.939  -25.701  -8.108 0.8000000119
56762  -26.381  -25.062  -8.496 0.8000000119
56766  -30.526  -24.611  -7.995 0.8000000119
56768  -31.883  -24.026  -7.255 0.8000000119
56781  -26.796  -24.330  -8.882 0.8000000119
56783  -29.022  -24.147  -8.584 0.8000000119
57831  -30.865  -23.780  -8.129 0.8000000119
55738  -25.760  -25.517  -8.662 0.8000000119
57849  -28.379  -23.450  -8.903 0.8000000119
57851  -30.353  -23.163  -8.594 0.8000000119
56799  -26.005  -24.911  -9.284 0.8000000119
135675  -26.321  -24.232  -9.566 0.8000000119
57869  -26.356  -23.582  -9.855 0.6999999881
55774  -28.256  -25.520  -10.846 0.6000000238
55785  -28.749  -24.813  -11.253 0.6000000238
56811  -26.297  -24.232  -9.913 0.8000000119
57881  -26.440  -23.365  -10.243 0.6999999881
58887  -26.636  -22.695  -10.954 0.6999999881
54647  -34.413  -25.774  3.066 0.5000000000
53657  -35.041  -26.678  2.094 0.5000000000
55626  -34.148  -25.130  2.305 0.4000000060
54648  -34.804  -25.721  2.157 0.5000000000
139572  -35.409  -26.191  0.602 0.6000000238
142392  -32.408  -24.486  1.225 0.3000000119
55637  -35.258  -25.127  0.599 0.5000000000
146077  -35.528  -25.644  -0.033 0.6000000238
56680  -32.202  -23.577  0.231 0.3000000119
139356  -33.691  -24.145  0.918 0.3000000119
55645  -35.548  -25.024  -0.311 0.6000000238
57733  -30.396  -23.877  -0.645 0.3000000119
57734  -31.687  -23.204  -0.448 0.3000000119
57714  -34.210  -23.640  0.367 0.3000000119
149727  -30.965  -23.434  -0.715 0.3000000119
55670  -35.477  -25.307  -2.298 0.6000000238
57754  -29.673  -23.126  -1.894 0.3000000119
56718  -35.237  -24.420  -3.516 0.6999999881
56727  -34.519  -24.366  -4.639 0.6999999881
57852  -31.239  -22.866  -8.149 0.8000000119
57833  -32.134  -23.377  -7.181 0.6999999881
140465  -32.757  -23.044  -6.665 0.6999999881
150674  -31.810  -22.948  -7.579 0.6999999881
137633  -27.857  -22.893  -9.203 0.8000000119
58851  -28.714  -22.607  -9.190 0.6999999881
57850  -29.404  -23.344  -8.814 0.8000000119
58853  -30.607  -22.285  -8.701 0.6000000238
142318  -29.925  -25.107  -11.478 0.6000000238
58849  -26.616  -23.091  -9.720 0.6999999881
59825  -26.659  -22.270  -9.945 0.6999999881
58850  -27.143  -22.625  -9.512 0.6999999881
57889  -27.035  -23.217  -11.094 0.6999999881
56821  -27.793  -23.987  -11.193 0.6999999881
58879  -26.513  -22.656  -10.578 0.6999999881
141818  -28.889  -18.645  -12.424 0.5000000000
56681  -35.532  -24.412  -0.630 0.6000000238
55661  -35.666  -25.048  -1.310 0.6000000238
56695  -35.617  -24.138  -1.302 0.6000000238
57783  -35.520  -23.739  -2.942 0.6000000238
56728  -34.980  -24.211  -4.131 0.6999999881
57793  -35.276  -23.630  -3.752 0.6999999881
56726  -34.223  -23.755  -5.167 0.6999999881
58768  -28.418  -22.800  -2.859 0.3000000119
57819  -33.451  -22.952  -6.074 0.6999999881
57792  -34.839  -23.648  -4.459 0.6999999881
57807  -34.053  -22.961  -5.490 0.6999999881
58852  -29.758  -22.533  -9.004 0.6999999881
145092  -32.266  -22.642  -7.217 0.6999999881
58820  -32.671  -22.294  -6.879 0.6000000238
58837  -31.811  -22.285  -7.709 0.6999999881
57848  -27.251  -23.484  -9.181 0.6999999881
151167  -27.828  -22.319  -9.425 0.6999999881
128245  -29.228  -21.928  -9.314 0.6999999881
59828  -29.999  -21.720  -9.158 0.6000000238
59826  -27.187  -21.859  -9.784 0.6999999881
56822  -28.719  -23.919  -11.443 0.6000000238
131882  -29.605  -24.243  -11.589 0.5000000000
59869  -26.892  -21.482  -11.216 0.6999999881
60783  -27.076  -20.770  -11.142 0.6999999881
133675  -27.461  -20.873  -11.597 0.6999999881
59870  -28.332  -21.271  -12.000 0.6000000238
57756  -35.159  -22.848  -0.986 0.4000000060
57757  -35.499  -23.351  -1.495 0.5000000000
57771  -35.662  -23.907  -2.103 0.6000000238
130741  -35.588  -23.095  -2.320 0.5000000000
150855  -35.428  -22.224  -3.767 0.6000000238
58784  -28.814  -22.153  -3.184 0.3000000119
57808  -34.649  -22.959  -4.830 0.6999999881
58806  -33.881  -22.144  -5.825 0.6000000238
58807  -34.459  -22.367  -5.198 0.6000000238
58821  -33.198  -22.268  -6.464 0.6000000238
59829  -30.754  -21.436  -8.862 0.6000000238
58838  -32.348  -21.897  -7.301 0.6000000238
59827  -28.224  -21.644  -9.576 0.6999999881
58854  -31.311  -21.903  -8.295 0.6000000238
59848  -29.166  -21.022  -9.522 0.6999999881
150059  -29.770  -20.007  -9.638 0.6000000238
60774  -26.982  -20.843  -10.756 0.6999999881
147940  -28.613  -21.901  -11.887 0.6999999881
57890  -29.276  -23.394  -11.675 0.6000000238
145736  -30.800  -23.120  -11.976 0.5000000000
58890  -28.880  -22.520  -11.789 0.6000000238
58891  -29.923  -22.843  -11.942 0.6000000238
58903  -30.545  -22.272  -12.168 0.5000000000
60784  -27.616  -20.133  -11.541 0.6000000238
59879  -29.111  -20.965  -12.358 0.5000000000
60794  -29.045  -20.100  -12.477 0.5000000000
148455  -29.832  -20.708  -12.575 0.5000000000
61756  -29.277  -19.267  -12.700 0.5000000000
62711  -29.632  -18.400  -13.094 0.5000000000
137803  -35.020  -22.217  -1.342 0.4000000060
58750  -35.393  -22.496  -1.786 0.4000000060
59717  -35.197  -21.844  -1.862 0.4000000060
58748  -32.643  -21.815  -1.184 0.4000000060
58785  -35.515  -22.811  -3.215 0.6000000238
136810  -29.178  -21.419  -3.456 0.3000000119
59757  -30.134  -21.036  -3.160 0.3000000119
137981  -30.813  -21.229  -2.592 0.3000000119
58794  -35.050  -22.101  -4.520 0.6000000238
146951  -28.980  -19.493  -4.288 0.3000000119
59778  -34.003  -21.247  -5.822 0.6000000238
59793  -32.879  -21.618  -6.823 0.5000000000
59794  -33.467  -21.494  -6.327 0.6000000238
59830  -31.404  -21.033  -8.443 0.6000000238
59831  -31.999  -20.582  -7.920 0.6000000238
60764  -30.780  -20.580  -9.024 0.6000000238
59812  -32.505  -21.059  -7.332 0.6000000238
59849  -30.158  -20.979  -9.286 0.6000000238
60748  -31.475  -20.171  -8.566 0.6000000238
59847  -28.126  -20.816  -9.930 0.6999999881
60775  -27.382  -20.164  -11.069 0.6999999881
61744  -28.324  -19.483  -12.112 0.5000000000
146554  -29.227  -18.010  -12.703 0.5000000000
59715  -33.595  -21.376  -1.447 0.4000000060
150623  -35.398  -22.040  -2.162 0.4000000060
60648  -34.299  -20.964  -1.878 0.4000000060
58771  -35.511  -22.297  -2.511 0.5000000000
60662  -34.141  -20.317  -2.284 0.4000000060
129126  -35.539  -21.886  -3.166 0.4000000060
59768  -35.442  -21.488  -3.848 0.4000000060
134214  -29.951  -20.185  -3.622 0.3000000119
61637  -30.657  -19.405  -3.564 0.3000000119
60659  -31.068  -20.580  -2.817 0.4000000060
59767  -35.103  -21.154  -4.580 0.4000000060
60683  -31.351  -19.836  -3.091 0.4000000060
152307  -33.636  -20.965  -6.204 0.5000000000
59779  -34.538  -21.638  -5.221 0.6000000238
60720  -33.199  -20.684  -6.678 0.5000000000
60735  -32.631  -20.089  -7.357 0.5000000000
61704  -32.053  -19.704  -8.073 0.6000000238
60736  -33.100  -19.438  -7.018 0.5000000000
60765  -30.896  -19.748  -9.178 0.6000000238
61703  -31.550  -19.364  -8.714 0.6000000238
136148  -28.773  -19.525  -10.411 0.6000000238
61721  -30.410  -19.153  -9.730 0.6000000238
61733  -28.594  -19.024  -11.156 0.5000000000
61732  -28.001  -19.607  -11.416 0.5000000000
62699  -29.053  -18.191  -11.921 0.5000000000
63748  -29.525  -17.544  -12.572 0.5000000000
63749  -30.065  -17.062  -13.048 0.5000000000
63763  -30.353  -17.265  -13.355 0.5000000000
59738  -35.375  -21.579  -2.539 0.4000000060
60664  -35.249  -20.762  -2.743 0.4000000060
60684  -35.334  -20.274  -3.415 0.4000000060
59758  -35.466  -21.076  -3.257 0.4000000060
61622  -34.940  -19.954  -2.817 0.4000000060
128988  -35.429  -20.651  -3.935 0.4000000060
60698  -35.133  -20.324  -4.656 0.4000000060
61636  -29.714  -19.423  -4.020 0.3000000119
60706  -33.948  -20.424  -5.954 0.4000000060
141991  -34.583  -20.794  -5.278 0.5000000000
62603  -29.261  -18.614  -4.441 0.3000000119
130113  -33.519  -19.815  -6.478 0.4000000060
61694  -32.568  -19.184  -7.628 0.5000000000
147879  -33.598  -18.125  -6.887 0.4000000060
62654  -33.145  -18.663  -7.266 0.5000000000
147456  -31.114  -19.086  -9.276 0.6000000238
62658  -31.561  -18.612  -8.970 0.5000000000
62659  -32.065  -18.869  -8.296 0.5000000000
151415  -29.266  -18.443  -10.999 0.5000000000
61720  -29.452  -19.064  -10.322 0.6000000238
62671  -30.926  -18.404  -9.735 0.6000000238
148312  -31.520  -17.959  -9.327 0.6000000238
62686  -30.431  -17.868  -10.424 0.6000000238
63723  -29.501  -17.470  -11.984 0.5000000000
63738  -29.906  -17.017  -12.426 0.5000000000
63765  -31.532  -16.690  -13.653 0.5000000000
62685  -29.710  -17.779  -11.174 0.5000000000
65676  -28.552  -15.512  -5.925 0.3000000119
65677  -29.301  -15.634  -5.668 0.4000000060
127904  -29.881  -15.115  -5.665 0.4000000060
66602  -28.692  -14.373  -6.403 0.4000000060
132277  -31.104  -17.461  -10.120 0.5000000000
64721  -32.560  -17.053  -8.666 0.5000000000
64722  -33.245  -16.397  -8.306 0.5000000000
140840  -30.862  -16.732  -10.929 0.5000000000
152623  -32.183  -16.633  -9.449 0.5000000000
147084  -29.907  -17.173  -11.708 0.5000000000
64747  -31.133  -16.075  -11.626 0.6000000238
64777  -31.322  -15.923  -13.692 0.5000000000
64763  -30.563  -16.507  -12.998 0.6000000238
64764  -31.006  -15.856  -12.897 0.5000000000
65773  -31.943  -15.271  -13.970 0.4000000060
67461  -29.314  -14.003  -6.395 0.4000000060
65679  -31.177  -15.138  -5.160 0.4000000060
64729  -31.544  -16.527  -10.290 0.5000000000
65733  -31.692  -15.624  -11.122 0.5000000000
64730  -32.215  -15.958  -10.027 0.5000000000
64746  -30.419  -16.577  -11.973 0.5000000000
65746  -31.483  -15.286  -12.470 0.5000000000
65774  -32.446  -14.450  -13.796 0.4000000060
65760  -31.650  -15.154  -13.519 0.5000000000
67444  -30.700  -13.875  -5.910 0.4000000060
150055  -29.179  -13.517  -6.675 0.4000000060
142572  -31.934  -14.956  -11.836 0.4000000060
150955  -32.428  -13.876  -12.714 0.4000000060
65761  -32.028  -14.430  -12.953 0.5000000000
66685  -32.627  -13.612  -13.452 0.3000000119
65721  -33.295  -14.807  -9.447 0.4000000060
65747  -32.410  -14.305  -11.767 0.4000000060
67527  -32.999  -12.981  -13.502 0.4000000060
66673  -32.790  -13.346  -12.538 0.4000000060
66660  -32.943  -13.874  -11.293 0.4000000060
67530  -34.996  -11.863  -13.162 0.4000000060
67528  -33.356  -12.550  -13.043 0.4000000060
67497  -33.903  -13.354  -10.127 0.4000000060
146137  -34.621  -11.573  -13.025 0.4000000060
67529  -34.063  -12.131  -13.552 0.4000000060
68471  -34.916  -11.022  -13.189 0.4000000060
152451  -33.820  -12.671  -11.263 0.4000000060
67512  -33.391  -13.041  -11.611 0.3000000119
67513  -33.980  -12.002  -12.426 0.4000000060
140355  -34.282  -12.500  -10.723 0.4000000060
68457  -34.676  -11.159  -12.808 0.4000000060
68472  -35.530  -11.291  -12.935 0.4000000060
68458  -34.904  -10.887  -12.312 0.4000000060
69368  -34.941  -10.771  -13.064 0.5000000000
68440  -34.618  -11.671  -11.502 0.4000000060
37313  -25.013  -42.951  -0.506 0.6000000238
41630  -31.827  -39.454  1.342 0.6999999881
146766  -33.350  -37.970  -0.792 0.8000000119
42762  -28.998  -38.548  0.563 0.6000000238
43738  -30.112  -37.759  1.295 0.6000000238
45659  -33.044  -35.958  -2.989 0.8000000119
42814  -21.835  -37.228  -3.518 0.4000000060
47639  -23.505  -32.917  -5.502 0.8000000119
42775  -24.459  -37.110  -0.442 0.5000000000
46627  -32.805  -34.572  1.642 0.8000000119
45600  -27.697  -34.587  1.647 0.6000000238
146790  -26.717  -38.730  3.740 0.5000000000
44664  -28.536  -36.205  3.320 0.6000000238
48421  -33.333  -32.244  2.399 0.6999999881
54750  -30.283  -26.587  -6.773 0.8000000119
53715  -34.387  -27.177  -2.935 0.6999999881
54713  -34.048  -26.812  -3.781 0.6999999881
52578  -31.999  -26.949  6.045 0.6000000238
55602  -34.383  -25.383  2.606 0.5000000000
57738  -35.310  -23.687  -0.543 0.4000000060
60663  -34.787  -20.629  -2.366 0.4000000060
64776  -30.795  -16.731  -13.439 0.5000000000
65734  -32.279  -15.155  -10.756 0.4000000060
131951  -25.849  -40.810  -7.245 0.5000000000
141824  -25.919  -40.065  -7.804 0.5000000000
38415  -27.672  -42.659  -5.159 0.6999999881
36296  -26.246  -44.648  1.023 0.5000000000
44800  -26.009  -36.768  -8.370 0.6999999881
40646  -31.949  -40.728  -2.773 0.6999999881
41705  -31.704  -39.736  -3.636 0.6999999881
132014  -27.780  -38.235  -5.766 0.6999999881
132828  -28.726  -38.125  -5.636 0.6999999881
45742  -25.992  -35.590  -8.496 0.6999999881
128198  -28.427  -35.364  -8.100 0.5000000000
45727  -27.079  -35.142  -8.528 0.6000000238
47685  -27.798  -33.897  -7.746 0.5000000000
39483  -27.135  -41.029  -0.145 0.6000000238
42831  -31.227  -38.365  -4.627 0.6999999881
46751  -24.629  -34.601  -8.296 0.6999999881
39457  -28.376  -41.815  1.198 0.6000000238
130984  -32.738  -39.764  -1.800 0.8000000119
42815  -31.880  -38.326  -4.033 0.6999999881
46721  -30.188  -34.137  -6.874 0.4000000060
42777  -33.085  -38.945  0.107 0.8000000119
40624  -25.569  -40.315  -1.538 0.6000000238
130007  -23.026  -34.271  -7.057 0.8000000119
45668  -31.893  -36.059  -4.064 0.8000000119
134654  -25.974  -38.660  -1.757 0.6000000238
44722  -33.605  -36.535  -1.382 0.8000000119
48523  -26.445  -32.248  -7.289 0.6999999881
130009  -29.065  -32.726  -6.715 0.6000000238
43741  -32.860  -37.041  1.113 0.6999999881
145928  -28.844  -31.820  -6.531 0.6000000238
48526  -31.054  -32.595  -6.411 0.4000000060
42800  -21.796  -37.069  -3.192 0.3000000119
41687  -25.176  -38.394  -2.156 0.5000000000
41685  -23.465  -38.574  -3.006 0.5000000000
46685  -30.299  -34.113  -4.469 0.8999999762
140029  -23.300  -31.713  -6.257 0.8000000119
44672  -29.739  -35.957  0.952 0.6000000238
152558  -29.074  -36.100  0.553 0.6000000238
149920  -32.196  -35.597  1.644 0.8000000119
44707  -27.266  -35.976  -0.484 0.5000000000
42801  -23.173  -36.735  -2.751 0.4000000060
43798  -23.779  -36.250  -2.181 0.5000000000
146568  -32.275  -33.125  -3.498 0.8000000119
49468  -28.012  -31.198  -6.480 0.6999999881
50524  -29.598  -30.283  -6.470 0.6000000238
50526  -31.460  -30.237  -6.608 0.4000000060
42774  -23.911  -38.257  -0.516 0.5000000000
43770  -23.438  -36.074  -1.690 0.5000000000
44706  -26.429  -35.654  -0.465 0.5000000000
44704  -24.434  -35.967  -1.337 0.5000000000
46645  -28.412  -34.085  0.907 0.6000000238
41638  -26.024  -39.020  0.862 0.5000000000
43736  -26.460  -37.144  0.958 0.6000000238
42760  -26.266  -38.220  0.915 0.6000000238
42758  -24.748  -38.488  0.014 0.5000000000
45623  -27.252  -34.770  0.534 0.5000000000
40552  -25.457  -41.172  3.186 0.6000000238
40565  -25.997  -41.004  2.624 0.6000000238
139574  -25.183  -36.585  -0.114 0.5000000000
133523  -26.664  -35.906  0.938 0.6000000238
44705  -25.029  -35.813  -0.883 0.5000000000
42716  -22.649  -38.536  3.471 0.4000000060
49433  -26.150  -31.263  -4.169 0.8999999762
41603  -27.183  -38.807  3.288 0.5000000000
142649  -27.673  -37.790  2.479 0.6000000238
43737  -27.216  -37.280  1.688 0.6000000238
44671  -27.303  -35.387  1.467 0.6000000238
43727  -27.742  -36.774  2.271 0.6000000238
43702  -25.828  -37.471  4.595 0.4000000060
42707  -26.355  -38.137  4.271 0.4000000060
43705  -28.216  -37.002  3.738 0.5000000000
44638  -27.843  -36.794  4.459 0.5000000000
45570  -26.633  -35.987  5.311 0.5000000000
44637  -27.052  -36.639  4.986 0.5000000000
48480  -32.902  -31.978  -3.046 0.6999999881
52730  -28.875  -28.485  -7.938 0.6999999881
151768  -29.311  -33.827  3.041 0.6999999881
44654  -28.777  -35.698  3.805 0.6000000238
137291  -34.713  -31.876  0.629 0.6999999881
45556  -26.175  -35.219  5.527 0.5000000000
49415  -34.593  -31.443  -1.272 0.6999999881
45568  -24.529  -35.183  5.073 0.4000000060
148746  -29.439  -34.056  4.063 0.6000000238
149725  -28.493  -36.419  4.019 0.6000000238
47519  -25.277  -33.577  5.495 0.3000000119
48372  -25.811  -32.785  5.504 0.3000000119
130551  -23.913  -28.247  -7.618 0.8999999762
52728  -24.659  -27.866  -8.159 0.8000000119
52742  -27.111  -27.984  -8.507 0.6000000238
146523  -27.742  -27.821  -9.104 0.6000000238
137753  -28.164  -33.481  5.433 0.6000000238
48402  -30.530  -32.326  3.922 0.6999999881
145874  -28.557  -31.220  5.610 0.4000000060
50471  -33.836  -30.111  -1.886 0.6999999881
51597  -30.331  -29.649  -3.725 0.8000000119
53752  -24.177  -26.946  -7.651 0.8000000119
49347  -29.919  -30.630  5.335 0.5000000000
136581  -34.649  -29.851  2.290 0.6999999881
151928  -27.397  -29.131  4.326 0.3000000119
51585  -33.759  -29.242  -1.925 0.6999999881
51558  -34.659  -29.117  -0.759 0.6999999881
53704  -33.844  -27.990  -2.722 0.6999999881
52704  -29.728  -28.239  -5.090 0.8000000119
52705  -30.626  -28.076  -5.082 0.8000000119
138099  -30.050  -27.767  -5.535 0.8000000119
50406  -28.487  -29.575  5.282 0.3000000119
51497  -29.907  -28.984  5.261 0.5000000000
51495  -28.089  -28.935  4.613 0.3000000119
51499  -31.462  -28.305  6.102 0.5000000000
52576  -30.581  -28.339  5.352 0.4000000060
51529  -35.124  -29.236  0.904 0.6999999881
52601  -28.096  -27.929  3.319 0.3000000119
52641  -35.175  -27.688  -0.497 0.6999999881
51467  -31.959  -28.973  5.792 0.6000000238
52627  -35.215  -28.424  1.162 0.6999999881
54660  -29.722  -26.163  2.042 0.3000000119
54661  -30.641  -25.686  2.150 0.3000000119
56812  -26.607  -24.732  -10.366 0.6999999881
53616  -32.721  -26.351  5.299 0.6000000238
54619  -33.975  -26.190  3.868 0.6000000238
53645  -32.792  -26.164  4.392 0.4000000060
53665  -35.270  -27.537  1.229 0.6999999881
52628  -35.243  -28.063  0.380 0.6999999881
54703  -35.443  -26.037  -1.761 0.6000000238
56738  -33.028  -24.601  -6.142 0.8000000119
56767  -31.308  -24.333  -7.617 0.8000000119
56784  -29.999  -24.018  -8.469 0.8000000119
56813  -27.559  -24.798  -10.854 0.6000000238
53656  -32.689  -25.321  3.156 0.3000000119
53615  -32.180  -26.824  5.653 0.5000000000
54663  -35.190  -26.129  1.534 0.5000000000
56660  -31.844  -24.201  0.635 0.3000000119
130389  -33.801  -25.736  -4.848 0.8000000119
56710  -35.490  -24.566  -2.697 0.6000000238
56751  -32.468  -24.058  -6.710 0.6999999881
58888  -26.975  -22.355  -11.225 0.6999999881
56640  -33.234  -24.487  1.471 0.3000000119
56679  -31.205  -23.890  -0.086 0.3000000119
56662  -34.385  -24.382  0.890 0.3000000119
57755  -30.428  -23.297  -1.244 0.3000000119
58727  -32.083  -22.516  -0.793 0.3000000119
150874  -35.662  -24.585  -1.939 0.6000000238
59861  -26.722  -21.461  -10.844 0.6999999881
59846  -26.751  -21.549  -10.346 0.6999999881
133586  -35.211  -22.898  -4.114 0.6999999881
59811  -31.894  -21.458  -7.815 0.6000000238
60762  -27.568  -20.385  -10.546 0.6999999881
60763  -28.490  -20.160  -10.094 0.6000000238
140255  -30.183  -21.425  -12.380 0.6000000238
60795  -30.031  -20.087  -12.813 0.4000000060
59716  -34.533  -21.715  -1.473 0.4000000060
59737  -32.463  -20.785  -2.075 0.4000000060
61635  -29.187  -20.143  -3.981 0.3000000119
151343  -33.068  -20.000  -6.859 0.5000000000
61719  -27.940  -19.692  -10.824 0.5000000000
62589  -31.179  -18.474  -3.692 0.4000000060
60699  -35.348  -19.847  -4.092 0.4000000060
61682  -34.218  -19.484  -5.883 0.4000000060
62653  -32.641  -18.397  -7.922 0.5000000000
63724  -30.339  -17.210  -10.991 0.6000000238
148356  -30.461  -15.329  -5.381 0.4000000060
63712  -31.844  -17.288  -9.372 0.5000000000
66584  -30.573  -14.701  -5.582 0.4000000060
66645  -33.352  -14.018  -10.325 0.4000000060
68441  -35.161  -11.457  -10.521 0.4000000060
69379  -35.683  -10.534  -12.856 0.3000000119
34386  -29.085  -47.088  -1.713 0.5000000000
34404  -28.433  -46.839  -2.604 0.5000000000
33416  -29.412  -47.569  0.710 0.4000000060
34372  -29.969  -46.756  -0.277 0.5000000000
33458  -29.518  -47.315  -0.809 0.5000000000
34387  -29.651  -46.527  -1.179 0.5000000000
35382  -29.405  -45.462  -2.403 0.6000000238
150328  -28.961  -45.174  -2.989 0.6000000238
34357  -29.837  -46.714  0.582 0.5000000000
34346  -30.158  -45.849  0.745 0.5000000000
35345  -30.149  -46.022  -0.586 0.5000000000
150993  -30.198  -45.190  -1.448 0.5000000000
34345  -29.609  -46.085  1.215 0.5000000000
36346  -30.010  -45.019  -1.991 0.6000000238
37352  -29.984  -43.844  -2.958 0.6000000238
36365  -29.572  -44.652  -2.780 0.6000000238
139957  -29.373  -44.088  -3.353 0.6000000238
37391  -28.836  -43.107  -4.254 0.6000000238
149703  -29.369  -42.862  -4.029 0.6000000238
38416  -28.420  -42.452  -4.784 0.6000000238
39556  -28.726  -41.674  -4.934 0.6000000238
35334  -30.435  -45.231  0.769 0.5000000000
35361  -30.387  -45.346  -0.863 0.5000000000
36366  -30.362  -44.311  -2.229 0.6000000238
132927  -29.182  -45.529  1.542 0.5000000000
35324  -29.980  -45.211  1.278 0.5000000000
37372  -30.253  -43.062  -3.177 0.6000000238
35322  -27.739  -45.527  1.643 0.5000000000
36299  -28.593  -44.954  1.649 0.5000000000
38401  -29.824  -42.638  -3.791 0.6000000238
38417  -29.289  -42.318  -4.379 0.6000000238
39555  -27.750  -41.861  -5.358 0.6000000238
36324  -30.811  -44.841  -0.324 0.5000000000
144967  -30.997  -43.918  -1.560 0.5000000000
36300  -29.409  -44.822  1.551 0.5000000000
36301  -30.560  -44.597  1.001 0.5000000000
128243  -30.721  -44.887  0.407 0.5000000000
37338  -31.109  -44.192  -0.690 0.5000000000
37353  -30.753  -43.496  -2.405 0.6000000238
36298  -27.823  -44.684  1.583 0.5000000000
37287  -30.036  -44.209  1.476 0.5000000000
38402  -30.503  -42.308  -3.435 0.6000000238
36297  -27.103  -44.784  1.403 0.5000000000
128003  -28.249  -44.088  1.608 0.5000000000
38418  -30.068  -41.921  -4.067 0.6000000238
39557  -29.573  -41.438  -4.589 0.6000000238
40676  -28.135  -41.068  -5.402 0.6000000238
37288  -30.848  -43.809  1.094 0.5000000000
38344  -31.821  -42.736  -0.518 0.5000000000
37339  -31.465  -43.308  -1.257 0.6000000238
38368  -31.744  -42.548  -1.461 0.6000000238
136378  -30.398  -43.291  1.438 0.5000000000
149678  -31.173  -43.456  -1.845 0.6000000238
38387  -31.516  -42.259  -2.274 0.6000000238
151501  -26.728  -44.243  1.165 0.5000000000
131745  -25.529  -44.063  0.488 0.5000000000
40677  -29.055  -40.876  -5.088 0.6000000238
40692  -28.446  -40.278  -5.438 0.6000000238
38320  -30.732  -42.528  1.380 0.5000000000
37289  -31.003  -43.104  1.143 0.5000000000
148072  -31.669  -43.046  0.033 0.5000000000
133765  -32.079  -42.078  -0.926 0.6000000238
152324  -28.685  -43.390  1.578 0.5000000000
37285  -27.804  -43.246  1.371 0.5000000000
131371  -28.246  -42.674  1.383 0.6000000238
39468  -31.824  -41.685  0.691 0.6000000238
38321  -31.335  -42.501  0.927 0.5000000000
39484  -32.149  -41.937  -0.158 0.5000000000
39527  -32.276  -41.018  -1.940 0.6000000238
133719  -29.015  -42.617  1.556 0.6000000238
38319  -29.914  -42.579  1.593 0.6000000238
39505  -31.993  -41.791  -1.670 0.6000000238
139117  -26.667  -42.619  0.478 0.5000000000
38329  -27.479  -42.352  0.933 0.5000000000
37297  -25.569  -43.247  0.043 0.4000000060
39459  -30.284  -41.803  1.545 0.6000000238
39460  -31.134  -41.787  1.301 0.6000000238
40593  -32.089  -40.858  0.796 0.6000000238
39485  -32.429  -41.268  -0.883 0.6000000238
40647  -32.421  -40.231  -2.262 0.6000000238
39469  -32.376  -41.090  0.147 0.6999999881
50381  -31.700  -29.436  5.382 0.5000000000
54790  -27.467  -26.594  -10.057 0.5000000000
131870  -28.042  -23.053  -11.478 0.5000000000
70369  -35.242  -10.770  -13.091 0.4000000060
71406  -36.449  -10.071  -12.629 0.3000000119
72422  -37.164  -8.950  -13.045 0.3000000119
32432  -28.582  -48.745  1.120 0.4000000060
32506  -29.368  -48.141  -0.521 0.5000000000
149264  -29.037  -47.825  -1.303 0.5000000000
130287  -28.271  -45.270  -3.495 0.5000000000
33397  -28.923  -47.561  1.285 0.4000000060
35401  -28.876  -44.597  -3.406 0.6000000238
37370  -28.844  -43.899  -3.838 0.6000000238
36383  -28.244  -44.467  -3.950 0.5000000000
132321  -28.124  -43.078  -4.704 0.5000000000
33396  -28.205  -47.397  1.605 0.4000000060
34344  -28.902  -46.278  1.526 0.5000000000
34342  -27.161  -46.357  1.637 0.5000000000
35323  -28.492  -45.758  1.642 0.5000000000
35321  -26.750  -45.537  1.423 0.3000000119
35333  -25.013  -45.347  0.627 0.4000000060
139270  -24.210  -45.128  0.098 0.4000000060
138526  -30.638  -31.789  -6.361 0.4000000060
52577  -31.715  -27.433  6.388 0.4000000060
53810  -28.541  -27.273  -10.176 0.5000000000
54807  -29.117  -26.818  -10.661 0.5000000000
54818  -29.263  -25.923  -11.043 0.5000000000
56664  -35.272  -24.358  0.127 0.4000000060
70328  -35.664  -10.217  -12.910 0.3000000119
71436  -36.675  -8.994  -13.355 0.3000000119
137661  -28.435  -48.158  1.387 0.4000000060
38386  -30.937  -42.687  -2.751 0.6000000238
37298  -26.358  -43.566  0.725 0.5000000000
37299  -27.071  -43.119  1.006 0.6000000238
53811  -29.493  -27.573  -10.504 0.5000000000
35381  -28.709  -45.873  -2.831 0.6000000238
32464  -29.395  -48.371  0.246 0.4000000060
35360  -29.856  -45.690  -1.526 0.5000000000
35346  -30.541  -45.540  0.091 0.5000000000
140616  -28.687  -46.919  1.513 0.5000000000
37314  -31.465  -43.522  -0.325 0.5000000000
37300  -31.349  -43.260  0.538 0.5000000000
147129  -29.549  -43.398  1.603 0.5000000000
140600  -27.422  -47.194  1.692 0.4000000060
36382  -27.705  -44.946  -4.067 0.4000000060
37389  -27.404  -43.445  -5.003 0.4000000060
34343  -28.088  -46.492  1.708 0.4000000060
41653  -23.145  -38.893  -0.735 0.4000000060
42773  -23.092  -37.466  -1.239 0.3000000119
140552  -23.038  -36.397  -1.657 0.4000000060
43797  -22.930  -36.276  -2.341 0.4000000060
40608  -24.519  -39.540  0.119 0.4000000060
151319  -23.854  -39.264  -0.341 0.4000000060
37268  -24.069  -43.061  2.962 0.4000000060
38318  -25.057  -42.120  1.894 0.4000000060
40588  -24.538  -40.671  0.522 0.4000000060
40589  -25.352  -40.376  0.839 0.4000000060
138138  -21.988  -42.795  3.803 0.3000000119
38298  -23.916  -42.736  3.291 0.3000000119
39433  -22.541  -41.974  3.723 0.4000000060
39456  -25.557  -41.590  2.191 0.4000000060
38297  -23.118  -42.867  3.561 0.4000000060
39435  -24.368  -42.056  3.354 0.5000000000
40549  -22.947  -41.065  3.697 0.4000000060
147808  -24.768  -41.454  3.381 0.5000000000
41598  -22.666  -39.976  3.561 0.4000000060
52603  -30.169  -27.636  4.800 0.3000000119
55636  -34.839  -25.080  1.285 0.3000000119
56641  -33.997  -24.652  1.578 0.3000000119
56642  -34.485  -24.906  1.504 0.3000000119
56663  -34.843  -24.625  0.788 0.3000000119
58749  -33.715  -22.022  -0.907 0.3000000119
63692  -32.132  -17.989  -8.651 0.4000000060
142371  -32.793  -21.197  -1.631 0.3000000119
59736  -31.558  -21.012  -2.336 0.3000000119
63693  -33.203  -17.908  -7.530 0.4000000060
63704  -33.225  -17.160  -7.858 0.3000000119
64731  -32.742  -15.397  -9.693 0.4000000060
60647  -33.413  -20.754  -1.876 0.3000000119
60661  -33.144  -20.174  -2.327 0.3000000119
61621  -33.968  -19.581  -2.623 0.3000000119
60660  -32.057  -20.189  -2.591 0.3000000119
61620  -32.908  -19.470  -2.682 0.3000000119
61640  -33.699  -18.767  -3.024 0.3000000119
61642  -35.198  -19.465  -3.600 0.3000000119
61639  -32.586  -18.852  -3.071 0.3000000119
148315  -33.918  -18.137  -3.468 0.3000000119
62593  -35.032  -18.813  -3.729 0.3000000119
61654  -35.109  -19.638  -4.722 0.3000000119
61638  -31.656  -19.067  -3.303 0.3000000119
61619  -32.097  -19.481  -2.936 0.3000000119
60707  -34.661  -19.977  -5.308 0.3000000119
63632  -30.802  -17.816  -4.137 0.3000000119
63642  -30.483  -17.170  -4.563 0.3000000119
61681  -33.763  -18.866  -6.510 0.3000000119
63676  -33.827  -17.312  -6.971 0.3000000119
66583  -29.153  -14.861  -6.073 0.3000000119
67460  -28.614  -13.691  -6.721 0.3000000119
146066  -32.699  -16.188  -9.113 0.3000000119
65735  -32.808  -14.607  -10.462 0.3000000119
62592  -34.510  -18.465  -3.540 0.3000000119
62605  -34.908  -18.303  -4.114 0.3000000119
61663  -34.832  -19.190  -5.197 0.3000000119
62590  -32.147  -18.292  -3.454 0.3000000119
63634  -32.727  -17.530  -3.649 0.3000000119
63646  -34.760  -17.664  -4.512 0.3000000119
63647  -34.922  -18.220  -4.669 0.3000000119
62619  -34.920  -18.510  -5.050 0.3000000119
62638  -34.505  -18.604  -5.709 0.3000000119
63633  -31.724  -17.678  -3.816 0.3000000119
63643  -32.250  -16.913  -3.961 0.3000000119
63635  -33.687  -17.557  -3.699 0.3000000119
63641  -29.786  -17.202  -4.797 0.3000000119
140570  -31.326  -17.098  -4.251 0.3000000119
62637  -34.238  -17.930  -6.262 0.3000000119
65678  -30.734  -15.852  -5.060 0.3000000119
64708  -33.812  -16.517  -7.468 0.3000000119
67443  -29.925  -14.394  -5.991 0.3000000119
67462  -29.993  -13.792  -6.290 0.3000000119
68387  -30.373  -13.259  -6.449 0.3000000119
65707  -33.864  -15.762  -7.920 0.3000000119
149103  -33.287  -15.588  -8.790 0.3000000119
66629  -33.746  -14.223  -9.352 0.3000000119
63636  -34.441  -17.836  -3.882 0.3000000119
64666  -34.700  -16.938  -4.885 0.3000000119
63644  -33.393  -16.732  -4.003 0.3000000119
63645  -34.317  -17.145  -4.219 0.3000000119
63658  -34.773  -17.680  -5.317 0.3000000119
64662  -31.005  -16.488  -4.652 0.3000000119
65666  -31.723  -15.756  -4.649 0.3000000119
63677  -34.521  -17.038  -6.128 0.3000000119
63694  -34.290  -16.553  -6.718 0.3000000119
64709  -34.365  -15.871  -7.019 0.3000000119
68368  -31.177  -13.124  -6.202 0.3000000119
133797  -30.755  -12.581  -6.691 0.3000000119
65722  -33.956  -14.877  -8.439 0.3000000119
65667  -32.743  -15.468  -4.517 0.3000000119
64664  -33.532  -15.853  -4.475 0.3000000119
65680  -34.296  -15.560  -4.957 0.3000000119
147960  -34.697  -16.765  -5.502 0.3000000119
64675  -34.584  -16.170  -5.285 0.3000000119
66585  -31.398  -14.362  -5.399 0.3000000119
66571  -32.257  -14.798  -4.882 0.3000000119
68369  -32.072  -12.941  -5.907 0.3000000119
68389  -32.527  -12.291  -6.239 0.3000000119
65696  -34.696  -15.106  -6.576 0.3000000119
65708  -34.384  -15.217  -7.475 0.3000000119
69281  -31.157  -11.907  -6.992 0.3000000119
68388  -31.595  -12.432  -6.475 0.3000000119
66630  -34.296  -13.934  -8.727 0.3000000119
65668  -33.543  -14.959  -4.821 0.3000000119
65681  -34.630  -15.279  -5.713 0.3000000119
144937  -32.182  -14.088  -5.298 0.3000000119
66586  -33.076  -14.172  -5.131 0.3000000119
66587  -33.991  -14.274  -5.322 0.3000000119
64693  -34.649  -16.091  -6.084 0.3000000119
67446  -32.602  -13.529  -5.501 0.3000000119
69317  -31.563  -11.245  -7.315 0.3000000119
69282  -32.017  -11.768  -6.781 0.3000000119
69283  -32.959  -11.622  -6.557 0.3000000119
66616  -34.635  -14.382  -7.518 0.3000000119
130313  -34.593  -13.104  -9.259 0.3000000119
67448  -34.636  -14.410  -5.802 0.3000000119
67447  -33.590  -13.568  -5.499 0.3000000119
150583  -34.370  -13.664  -5.742 0.3000000119
149460  -34.798  -13.779  -6.165 0.3000000119
68370  -33.086  -12.879  -5.759 0.3000000119
67463  -35.014  -13.440  -6.733 0.3000000119
144031  -32.416  -11.141  -7.105 0.3000000119
68390  -33.565  -12.204  -6.093 0.3000000119
68371  -34.050  -12.917  -5.836 0.3000000119
144825  -34.980  -13.719  -7.228 0.3000000119
67482  -34.820  -13.504  -8.071 0.3000000119
67483  -35.032  -12.825  -8.596 0.3000000119
67498  -34.884  -12.291  -9.789 0.3000000119
130725  -32.001  -10.567  -7.528 0.3000000119
139375  -34.729  -13.114  -6.200 0.3000000119
70280  -32.743  -10.578  -7.337 0.3000000119
70255  -33.293  -10.977  -6.942 0.3000000119
68391  -34.538  -12.247  -6.366 0.3000000119
68392  -35.123  -12.667  -6.831 0.3000000119
136756  -35.279  -12.139  -7.556 0.3000000119
68413  -35.159  -12.945  -7.605 0.3000000119
69318  -35.418  -11.445  -8.302 0.3000000119
140848  -35.606  -10.725  -9.026 0.3000000119
68427  -35.282  -12.083  -8.750 0.3000000119
146672  -35.461  -11.153  -9.665 0.3000000119
71351  -31.710  -9.937  -7.963 0.3000000119
71352  -32.610  -9.937  -7.704 0.3000000119
70256  -34.195  -10.841  -6.959 0.3000000119
69285  -34.711  -11.468  -6.812 0.3000000119
152706  -35.111  -11.995  -6.885 0.3000000119
70282  -34.463  -10.184  -7.397 0.3000000119
69286  -35.237  -11.464  -7.376 0.3000000119
138546  -35.409  -10.823  -7.946 0.3000000119
69341  -35.603  -10.451  -10.603 0.3000000119
144664  -35.321  -10.677  -11.492 0.3000000119
70350  -35.258  -10.498  -12.867 0.3000000119
71379  -32.201  -9.304  -8.195 0.3000000119
70281  -33.495  -10.245  -7.376 0.3000000119
71353  -33.941  -9.489  -7.704 0.3000000119
70257  -34.934  -10.804  -7.263 0.3000000119
70283  -35.152  -10.186  -7.744 0.3000000119
152771  -35.479  -10.271  -12.200 0.3000000119
150620  -33.252  -9.730  -7.679 0.3000000119
136604  -27.122  -42.278  -5.554 0.4000000060
37266  -22.643  -43.596  3.492 0.3000000119
41637  -25.391  -39.287  0.543 0.4000000060
38299  -24.539  -42.525  2.933 0.4000000060
40550  -23.661  -40.387  3.682 0.4000000060
139279  -24.035  -41.315  3.588 0.4000000060
142522  -31.265  -27.903  5.732 0.3000000119
57715  -34.864  -23.921  0.296 0.3000000119
61641  -34.684  -19.103  -3.139 0.3000000119
151515  -32.761  -17.715  -8.143 0.4000000060
64661  -30.106  -16.526  -5.025 0.3000000119
137583  -29.994  -15.798  -5.393 0.3000000119
130949  -29.659  -13.387  -6.617 0.3000000119
61655  -35.115  -18.974  -4.376 0.3000000119
37267  -23.473  -43.453  3.124 0.4000000060
36295  -23.564  -43.636  1.969 0.4000000060
39455  -24.527  -41.992  1.284 0.4000000060
40576  -25.149  -41.381  1.306 0.4000000060
130386  -20.886  -42.380  3.910 0.3000000119
39434  -23.533  -42.053  3.578 0.4000000060
147290  -31.756  -16.485  -4.342 0.3000000119
64663  -32.568  -16.172  -4.252 0.3000000119
130274  -29.962  -12.746  -6.884 0.3000000119
64665  -34.258  -16.366  -4.586 0.3000000119
67445  -31.653  -13.630  -5.669 0.3000000119
142690  -34.307  -14.897  -5.280 0.3000000119
66603  -34.879  -14.228  -6.540 0.3000000119
69316  -30.739  -11.387  -7.507 0.3000000119
147818  -34.780  -14.746  -6.124 0.3000000119
69284  -33.939  -11.507  -6.488 0.3000000119
71354  -34.774  -9.660  -7.738 0.3000000119
72339  -34.736  -9.008  -8.061 0.3000000119
36284  -22.807  -44.178  3.095 0.4000000060
47671  -30.549  -33.394  -6.618 0.4000000060
37334  -21.615  -43.882  -2.191 0.3000000119
143072  -21.353  -43.229  -2.688 0.3000000119
37335  -22.447  -43.885  -1.553 0.3000000119
39432  -21.411  -41.637  3.760 0.3000000119
145755  -22.062  -41.191  3.654 0.3000000119
140896  -21.136  -40.084  3.304 0.3000000119
38326  -22.933  -41.860  0.220 0.3000000119
133561  -23.622  -43.142  1.495 0.3000000119
39464  -23.787  -41.730  0.642 0.3000000119
37284  -24.185  -43.091  1.969 0.3000000119
40607  -23.757  -40.106  -0.155 0.3000000119
40587  -23.950  -40.991  0.334 0.3000000119
37283  -23.021  -43.496  1.343 0.3000000119
150143  -23.450  -42.223  0.729 0.3000000119
32433  -29.028  -48.253  0.934 0.4000000060
33437  -29.771  -47.544  0.035 0.4000000060
34373  -30.234  -46.208  0.152 0.5000000000
34405  -29.228  -46.273  -2.099 0.5000000000
36310  -27.278  -43.952  1.332 0.5000000000
36311  -31.083  -44.196  0.310 0.5000000000
36323  -24.300  -44.195  -0.263 0.6000000238
36344  -22.502  -44.787  -1.080 0.4000000060
36347  -30.573  -44.705  -1.328 0.5000000000
36363  -20.536  -44.544  -2.748 0.4000000060
37277  -23.847  -43.374  2.545 0.4000000060
37278  -24.291  -42.951  2.589 0.4000000060
37286  -29.126  -44.168  1.642 0.5000000000
37337  -23.924  -43.051  -1.081 0.5000000000
37354  -31.342  -42.998  -2.048 0.6000000238
37371  -29.499  -43.361  -3.636 0.6000000238
37390  -28.182  -43.723  -4.375 0.5000000000
38309  -24.667  -42.580  2.310 0.3000000119
38310  -25.102  -42.074  2.580 0.6000000238
38316  -23.924  -42.523  1.242 0.4000000060
38317  -24.546  -42.522  1.745 0.4000000060
38328  -26.912  -41.800  0.202 0.6000000238
38330  -31.733  -42.542  0.283 0.5000000000
38342  -25.630  -42.501  -0.415 0.5000000000
38384  -22.180  -42.138  -2.575 0.4000000060
38414  -27.027  -42.812  -5.471 0.4000000060
39436  -25.036  -41.877  3.072 0.5000000000
39458  -29.360  -41.809  1.486 0.6000000238
39465  -24.410  -41.395  0.799 0.3000000119
39578  -25.665  -41.482  -6.953 0.5000000000
40547  -21.441  -40.817  3.550 0.3000000119
40548  -21.990  -40.425  3.516 0.3000000119
40662  -31.571  -40.415  -3.463 0.6999999881
40680  -31.214  -40.059  -4.058 0.6999999881
41614  -26.860  -39.608  2.438 0.6000000238
41627  -27.120  -38.994  2.057 0.6000000238
41655  -27.536  -39.400  -0.528 0.6999999881
41669  -25.782  -39.411  -1.702 0.6000000238
41670  -26.466  -39.193  -1.430 0.6000000238
41716  -30.197  -39.874  -4.892 0.6999999881
42719  -27.398  -38.272  3.607 0.5000000000
42743  -26.886  -38.281  1.558 0.6000000238
42778  -33.218  -38.782  -0.790 0.8000000119
42786  -22.084  -37.117  -2.410 0.5000000000
42787  -22.588  -36.697  -1.938 0.4000000060
42840  -28.265  -38.859  -5.651 0.6999999881
43716  -23.421  -37.597  3.845 0.4000000060
43728  -28.282  -36.798  2.987 0.6000000238
43755  -25.075  -36.146  -0.454 0.5000000000
43771  -23.804  -36.126  -1.014 0.5000000000
43775  -33.473  -37.504  -0.382 0.8000000119
43783  -22.909  -36.098  -2.037 0.5000000000
43784  -24.751  -36.193  -1.967 0.5000000000
43786  -26.202  -37.111  -1.521 0.6000000238
43799  -24.839  -36.950  -2.207 0.6000000238
43808  -22.414  -36.755  -2.936 0.4000000060
44639  -28.388  -35.989  4.459 0.6000000238
44670  -26.910  -34.941  0.721 0.6000000238
44688  -25.690  -35.785  -0.405 0.5000000000
44690  -28.345  -35.629  0.248 0.6000000238
44703  -23.864  -35.993  -1.604 0.5000000000
44798  -24.338  -36.453  -7.718 0.6999999881
45571  -28.751  -35.331  4.284 0.6000000238
45610  -29.564  -34.661  1.084 0.6000000238
45622  -26.877  -35.113  0.386 0.5000000000
45641  -26.820  -35.225  -0.020 0.5000000000
45681  -28.242  -34.788  -5.355 0.8000000119
45713  -23.455  -35.744  -7.086 0.8000000119
46735  -23.178  -34.903  -7.430 0.8000000119
46752  -26.331  -34.774  -8.527 0.6999999881
47521  -27.335  -33.796  5.574 0.5000000000
47625  -26.766  -32.695  -4.585 0.8000000119
47626  -27.677  -32.822  -4.530 0.8999999762
47628  -29.736  -33.519  -4.433 0.8000000119
48373  -26.615  -32.311  5.569 0.4000000060
49301  -25.902  -31.893  5.325 0.3000000119
49303  -28.686  -32.131  5.473 0.6000000238
49392  -34.855  -31.323  0.520 0.6999999881
49444  -24.266  -31.732  -4.722 0.8000000119
49464  -23.523  -31.034  -6.226 0.8000000119
52675  -32.356  -28.410  -3.892 0.6999999881
52743  -28.375  -28.182  -8.834 0.6000000238
53776  -24.894  -26.583  -8.284 0.8000000119
54682  -35.510  -26.302  -0.333 0.6999999881
54747  -27.127  -26.568  -6.779 0.8000000119
55627  -34.614  -25.272  1.930 0.5000000000
55718  -25.252  -25.890  -8.196 0.8000000119
56823  -30.511  -24.413  -11.686 0.6000000238
57832  -31.546  -23.556  -7.647 0.8000000119
57847  -26.523  -23.908  -9.462 0.6999999881
57888  -26.608  -23.270  -10.695 0.6999999881
57891  -30.230  -23.662  -11.806 0.5000000000
58868  -26.404  -22.797  -10.128 0.6999999881
58889  -27.809  -21.883  -11.613 0.6999999881
58902  -29.406  -21.911  -12.106 0.6000000238
59845  -26.514  -22.104  -10.487 0.6999999881
59860  -26.552  -22.072  -10.913 0.6999999881
59880  -30.685  -20.841  -12.577 0.5000000000
60649  -34.987  -21.212  -2.101 0.4000000060
60747  -27.331  -21.097  -10.139 0.6999999881
60793  -28.165  -20.377  -12.048 0.6000000238
61745  -28.516  -18.989  -11.838 0.5000000000
62591  -33.127  -18.179  -3.367 0.3000000119
62670  -30.051  -18.460  -10.361 0.6000000238
62725  -29.731  -17.620  -13.142 0.5000000000
63764  -31.012  -17.329  -13.539 0.5000000000
126914  -28.936  -34.712  -5.110 0.8000000119
128437  -30.974  -37.205  -4.898 0.6999999881
132354  -25.778  -36.143  -1.253 0.5000000000
133296  -30.879  -28.540  -4.521 0.8000000119
133693  -30.386  -29.730  5.380 0.5000000000
134015  -26.825  -38.339  -5.940 0.6999999881
135164  -32.730  -39.087  0.669 0.8000000119
137380  -31.317  -40.051  1.435 0.6000000238
137899  -29.285  -46.872  1.200 0.5000000000
138471  -23.606  -37.694  -2.906 0.4000000060
139975  -37.023  -8.693  -13.458 0.3000000119
142327  -25.815  -37.183  0.472 0.5000000000
142464  -27.449  -30.308  -3.857 0.8000000119
145001  -25.309  -36.906  4.726 0.5000000000
147762  -28.036  -31.652  5.650 0.4000000060
147903  -25.015  -35.676  5.155 0.4000000060
147913  -22.680  -42.579  -2.043 0.5000000000
149276  -29.675  -37.490  -5.465 0.6999999881
149966  -34.320  -33.914  -1.688 0.8000000119
150480  -25.467  -44.805  0.702 0.4000000060
151095  -29.329  -48.672  -0.218 0.5000000000
151594  -26.509  -25.378  -10.158 0.6999999881
153073  -25.930  -40.749  3.096 0.6000000238
153186  -31.301  -43.756  -0.957 0.5000000000
