#!ascii label  , from subject sub-v2s17x50047_ses-1 vox2ras=TkReg
1152
69732  -20.033  -12.795  -10.897 0.5555555820
69743  -20.674  -12.416  -11.500 0.6666666865
70669  -21.351  -11.571  -12.519 0.7777777910
70675  -21.835  -11.212  -13.229 0.7777777910
72392  -21.343  -9.539  -13.472 0.8888888955
72402  -23.294  -9.666  -14.492 0.8888888955
68809  -19.373  -13.226  -10.283 0.5555555820
70662  -20.613  -11.640  -11.803 0.6666666865
71543  -20.610  -10.801  -12.276 0.8888888955
71556  -22.287  -10.755  -13.726 0.8888888955
72393  -22.069  -9.999  -13.912 0.8888888955
73306  -22.676  -8.867  -14.671 1.0000000000
72403  -24.173  -9.302  -14.590 0.8888888955
74200  -23.925  -7.878  -14.919 1.0000000000
71531  -19.215  -10.733  -10.874 0.7777777910
72384  -19.900  -9.488  -12.240 1.0000000000
74188  -20.009  -7.982  -13.234 1.0000000000
73293  -20.670  -8.769  -13.301 1.0000000000
74198  -21.217  -7.769  -14.252 1.0000000000
140747  -20.776  -8.104  -13.683 1.0000000000
74199  -22.493  -7.679  -15.002 1.0000000000
74197  -20.891  -6.959  -14.449 1.0000000000
75041  -21.748  -7.219  -14.938 1.0000000000
75053  -22.498  -6.965  -15.176 1.0000000000
75055  -24.966  -6.090  -15.418 1.0000000000
75052  -22.101  -6.347  -15.238 1.0000000000
121497  -22.964  -6.294  -15.261 1.0000000000
75954  -25.764  -5.483  -15.994 1.0000000000
76832  -24.239  -4.709  -15.933 1.0000000000
75967  -25.007  -4.629  -16.393 0.7777777910
75022  -19.252  -7.339  -12.958 0.8888888955
75040  -21.318  -6.304  -14.912 1.0000000000
75034  -20.127  -6.768  -13.961 1.0000000000
75942  -20.944  -5.494  -14.897 1.0000000000
76830  -22.047  -4.792  -15.454 1.0000000000
76831  -23.111  -4.537  -15.750 1.0000000000
76843  -23.854  -3.926  -16.401 1.0000000000
76844  -24.675  -4.086  -16.649 1.0000000000
76854  -25.828  -3.854  -17.298 0.8888888955
136621  -25.363  -3.312  -17.468 1.0000000000
77721  -26.028  -3.220  -17.678 0.7777777910
77723  -27.526  -3.594  -17.738 0.7777777910
75932  -18.280  -5.212  -13.245 0.5555555820
77687  -19.297  -3.827  -14.465 0.7777777910
76817  -19.262  -4.581  -14.166 0.8888888955
76829  -21.346  -4.154  -15.338 1.0000000000
131578  -21.352  -4.956  -15.194 1.0000000000
76828  -20.585  -4.041  -15.011 0.8888888955
77700  -23.055  -3.616  -16.295 1.0000000000
77719  -24.110  -2.786  -17.331 1.0000000000
77720  -24.746  -3.077  -17.428 0.8888888955
78596  -24.505  -2.362  -17.587 1.0000000000
78597  -26.122  -2.436  -18.123 0.8888888955
133568  -27.599  -1.967  -18.677 0.7777777910
141526  -28.355  -2.176  -17.780 0.6666666865
79526  -28.382  -1.550  -17.356 0.6666666865
77673  -17.774  -3.457  -13.676 0.4444444478
77674  -18.493  -4.049  -13.976 0.7777777910
78562  -18.765  -2.543  -14.492 0.6666666865
79501  -20.100  -1.912  -15.342 0.7777777910
78574  -20.913  -2.536  -15.579 0.8888888955
78576  -22.283  -2.459  -16.542 0.8888888955
77709  -22.951  -2.802  -16.801 1.0000000000
78588  -22.856  -1.908  -17.301 1.0000000000
123934  -23.555  -1.679  -17.573 1.0000000000
79524  -24.218  -1.588  -17.704 1.0000000000
79531  -24.844  -1.232  -17.951 0.8888888955
79533  -26.381  -0.878  -19.100 0.7777777910
79534  -27.359  -1.123  -19.044 0.7777777910
79517  -28.826  -1.448  -16.530 0.5555555820
141919  -27.622  -0.121  -17.881 0.7777777910
126497  -27.993  -0.016  -16.959 0.6666666865
80331  -18.844  -0.800  -14.926 0.6666666865
133815  -18.288  -2.029  -14.288 0.6666666865
144471  -20.416  -1.143  -15.772 0.7777777910
121994  -19.650  -1.049  -15.406 0.7777777910
79503  -21.081  -1.595  -16.101 0.8888888955
122535  -22.531  -1.191  -17.492 0.8888888955
79516  -21.969  -0.841  -17.438 1.0000000000
79522  -22.712  -0.495  -17.682 1.0000000000
124849  -23.357  -0.570  -17.720 1.0000000000
80372  -23.726  -1.017  -17.717 0.8888888955
142724  -24.887  0.127  -18.400 0.8888888955
81211  -26.357  0.347  -18.896 0.8888888955
80383  -26.931  -0.339  -19.178 0.7777777910
81209  -24.613  0.595  -18.487 0.8888888955
81210  -25.332  0.413  -18.711 0.7777777910
81196  -26.676  0.860  -18.114 0.7777777910
81183  -28.713  0.163  -16.216 0.6666666865
80330  -18.174  -0.520  -14.431 0.6666666865
79485  -18.229  -1.336  -14.371 0.5555555820
80346  -19.455  -0.249  -15.499 0.7777777910
80361  -20.723  -0.115  -16.661 0.8888888955
81194  -21.869  0.650  -17.700 1.0000000000
80370  -21.989  -0.097  -17.581 1.0000000000
81207  -23.694  0.526  -18.001 1.0000000000
81208  -24.331  0.292  -18.127 0.8888888955
82032  -26.254  1.510  -17.969 0.7777777910
82888  -27.452  2.406  -16.984 0.7777777910
82022  -28.533  1.747  -16.163 0.6666666865
82008  -29.106  1.779  -15.511 0.5555555820
128557  -29.400  1.157  -15.301 0.5555555820
140749  -19.293  0.376  -15.587 0.7777777910
81168  -18.678  0.834  -15.346 0.6666666865
80360  -20.044  0.283  -16.151 0.8888888955
81193  -20.910  0.740  -17.340 1.0000000000
81205  -22.591  0.843  -17.931 1.0000000000
128424  -23.962  1.525  -18.637 0.8888888955
82046  -24.445  1.071  -18.660 0.8888888955
128923  -24.476  1.684  -18.618 0.8888888955
82047  -25.032  1.136  -18.636 0.8888888955
82902  -26.693  2.300  -17.503 0.7777777910
127220  -27.026  3.103  -17.111 0.7777777910
83778  -27.647  3.172  -16.533 0.7777777910
82876  -28.726  2.511  -15.708 0.5555555820
83790  -25.800  3.638  -17.644 0.7777777910
83766  -28.288  3.360  -15.863 0.5555555820
83767  -28.993  3.215  -15.255 0.5555555820
83765  -28.046  4.274  -15.743 0.6666666865
81986  -17.578  1.862  -14.269 0.4444444478
81987  -18.035  1.308  -14.797 0.5555555820
125493  -19.635  2.298  -16.655 0.7777777910
82030  -21.266  1.305  -17.697 1.0000000000
82019  -19.810  1.468  -16.504 0.8888888955
142270  -21.807  1.661  -18.085 1.0000000000
82914  -23.064  1.706  -18.510 0.8888888955
83804  -23.352  2.510  -18.757 0.8888888955
82915  -23.501  1.930  -18.639 0.8888888955
82916  -23.937  2.299  -18.692 0.8888888955
82900  -25.437  2.755  -18.004 0.8888888955
83777  -27.196  3.816  -16.659 0.6666666865
83751  -28.796  4.048  -15.215 0.5555555820
84618  -19.176  4.535  -16.764 0.6666666865
140208  -18.806  2.862  -16.073 0.6666666865
83788  -20.378  3.682  -17.762 0.7777777910
82912  -21.743  2.973  -18.575 0.8888888955
84640  -21.735  3.843  -18.637 0.7777777910
129977  -22.941  3.159  -18.907 0.7777777910
129312  -23.119  4.093  -18.784 0.7777777910
83806  -24.291  3.274  -18.566 0.8888888955
85469  -24.966  4.942  -17.892 0.7777777910
84643  -24.675  4.213  -18.262 0.7777777910
84631  -26.056  4.469  -17.257 0.6666666865
85454  -24.816  5.793  -17.752 0.6666666865
143263  -25.896  5.683  -16.991 0.6666666865
85456  -26.217  5.213  -16.824 0.6666666865
84619  -26.712  4.512  -16.688 0.5555555820
135632  -26.237  6.858  -16.451 0.6666666865
86312  -26.867  6.347  -16.046 0.5555555820
85435  -27.533  5.881  -15.638 0.5555555820
133883  -28.389  4.892  -15.230 0.4444444478
86300  -27.431  6.707  -15.397 0.5555555820
86309  -18.730  7.188  -16.274 0.3333333433
123290  -18.711  6.184  -16.390 0.3333333433
85443  -19.383  5.509  -17.088 0.5555555820
85452  -20.163  5.270  -17.877 0.6666666865
86324  -20.465  6.591  -17.895 0.5555555820
85453  -20.827  5.049  -18.337 0.7777777910
85465  -21.831  5.343  -18.540 0.7777777910
86338  -22.232  6.316  -18.484 0.6666666865
85467  -23.526  5.046  -18.456 0.6666666865
86339  -23.194  6.029  -18.482 0.6666666865
86340  -24.004  5.862  -18.244 0.6666666865
86328  -24.902  6.744  -17.538 0.6666666865
86311  -25.500  7.251  -16.987 0.6666666865
87250  -26.119  7.696  -16.316 0.6666666865
87241  -27.345  7.593  -15.155 0.5555555820
88141  -27.236  8.615  -14.936 0.5555555820
87240  -26.679  8.071  -15.682 0.6666666865
87249  -19.472  7.397  -17.009 0.4444444478
87248  -18.700  7.674  -15.911 0.4444444478
142085  -19.889  6.809  -17.434 0.4444444478
142423  -19.813  8.067  -17.252 0.5555555820
86337  -21.599  7.123  -18.365 0.6666666865
134256  -21.243  6.268  -18.312 0.6666666865
87273  -22.243  7.232  -18.430 0.6666666865
86326  -23.698  6.682  -18.151 0.6666666865
87262  -24.228  7.175  -17.778 0.6666666865
88149  -25.517  8.253  -16.750 0.6666666865
89022  -26.198  9.351  -16.158 0.6666666865
89023  -26.730  9.655  -15.233 0.5555555820
122734  -20.334  8.614  -17.376 0.4444444478
120685  -21.849  7.865  -18.373 0.6666666865
87260  -22.650  7.779  -18.294 0.6666666865
88158  -23.198  8.374  -18.015 0.6666666865
87274  -22.917  6.951  -18.366 0.6666666865
87261  -23.486  7.525  -18.057 0.6666666865
89032  -25.588  9.067  -16.737 0.6666666865
72386  -21.027  -10.187  -12.833 0.8888888955
71549  -19.918  -10.174  -11.846 1.0000000000
72385  -20.556  -9.483  -12.831 1.0000000000
73294  -21.340  -8.617  -13.911 1.0000000000
122309  -23.078  -8.108  -14.928 1.0000000000
78548  -17.964  -2.655  -14.028 0.5555555820
80380  -24.763  -0.439  -18.113 0.8888888955
81153  -18.041  0.394  -14.462 0.5555555820
82871  -17.569  2.738  -14.631 0.5555555820
81180  -19.554  0.877  -15.993 0.7777777910
82031  -22.197  1.230  -17.991 1.0000000000
82901  -25.857  2.126  -17.944 0.8888888955
82854  -17.327  2.663  -13.952 0.2222222239
84610  -27.709  5.060  -15.704 0.6666666865
84641  -22.314  4.157  -18.757 0.7777777910
85436  -28.068  5.533  -15.278 0.4444444478
143430  -21.209  7.759  -18.232 0.6666666865
88157  -22.250  8.526  -18.146 0.6666666865
79473  -17.671  -1.857  -13.832 0.4444444478
89024  -27.601  9.503  -14.396 0.5555555820
88142  -28.003  8.786  -14.246 0.5555555820
88147  -19.205  8.039  -16.476 0.3333333433
67921  -20.396  -14.546  -10.631 0.5555555820
67930  -20.997  -14.066  -11.167 0.5555555820
68819  -20.814  -13.221  -11.325 0.6666666865
69752  -21.707  -12.394  -12.459 0.5555555820
69753  -22.373  -12.673  -12.836 0.5555555820
70696  -23.724  -11.029  -13.982 0.7777777910
71566  -24.108  -10.220  -14.331 0.8888888955
70670  -22.076  -11.946  -13.045 0.6666666865
70676  -22.534  -11.480  -13.548 0.6666666865
71557  -22.969  -10.980  -13.951 0.8888888955
128056  -24.728  -9.666  -14.426 0.7777777910
124969  -24.943  -8.977  -14.547 0.7777777910
74201  -24.802  -7.746  -14.884 0.8888888955
68792  -19.101  -13.774  -9.877 0.4444444478
70652  -18.878  -11.666  -10.163 0.5555555820
74213  -24.380  -7.005  -15.040 1.0000000000
130823  -18.831  -10.415  -10.486 0.2222222239
72374  -18.964  -9.662  -11.057 0.6666666865
75969  -26.882  -5.099  -16.734 0.6666666865
76855  -26.761  -3.933  -17.515 0.7777777910
76857  -28.075  -4.073  -17.503 0.6666666865
74156  -18.744  -8.180  -11.761 0.5555555820
77724  -28.143  -3.310  -17.694 0.6666666865
126245  -18.224  -6.475  -12.376 0.4444444478
136257  -28.837  -3.012  -17.054 0.5555555820
79504  -29.464  -1.825  -16.011 0.5555555820
75918  -17.282  -4.779  -12.613 0.2222222239
80348  -29.254  -0.658  -15.884 0.5555555820
78547  -17.321  -2.731  -13.412 0.4444444478
81170  -29.369  0.407  -15.510 0.5555555820
79459  -17.451  -1.542  -13.402 0.3333333433
81159  -29.995  0.835  -14.794 0.5555555820
126687  -17.676  1.058  -14.174 0.4444444478
82860  -29.993  2.424  -14.457 0.4444444478
81967  -17.404  1.926  -13.709 0.3333333433
126399  -29.464  4.075  -14.587 0.5555555820
84595  -29.077  4.836  -14.607 0.4444444478
86297  -18.170  6.464  -15.623 0.3333333433
137354  -18.332  5.903  -15.977 0.3333333433
85442  -18.547  5.271  -16.292 0.4444444478
86301  -28.039  6.192  -14.948 0.4444444478
88132  -28.792  8.515  -13.910 0.4444444478
132487  -29.122  10.048  -13.872 0.2222222239
141231  -19.722  8.565  -16.835 0.3333333433
88156  -21.242  8.502  -17.980 0.6666666865
88159  -24.170  8.106  -17.746 0.6666666865
128997  -24.584  8.911  -17.601 0.6666666865
133874  -25.761  9.843  -16.854 0.6666666865
89833  -26.253  10.168  -16.182 0.6666666865
132937  -27.268  10.424  -14.582 0.4444444478
89826  -28.196  10.226  -14.061 0.3333333433
89040  -21.807  9.231  -17.662 0.5555555820
68810  -20.221  -13.659  -10.741 0.5555555820
69744  -21.336  -12.815  -11.880 0.6666666865
69751  -21.198  -12.139  -11.982 0.7777777910
71550  -21.315  -10.848  -12.835 0.8888888955
72400  -21.944  -9.201  -14.237 1.0000000000
71555  -21.652  -10.437  -13.351 0.8888888955
73307  -23.591  -8.727  -14.761 1.0000000000
72401  -22.520  -9.636  -14.330 0.8888888955
71565  -23.350  -10.459  -14.215 0.8888888955
67920  -19.651  -14.116  -10.229 0.4444444478
68808  -18.867  -13.182  -9.816 0.4444444478
141322  -18.988  -12.792  -10.057 0.5555555820
69731  -19.270  -12.319  -10.394 0.5555555820
69742  -19.929  -11.932  -11.128 0.6666666865
70661  -19.808  -10.998  -11.438 0.8888888955
70653  -19.300  -11.410  -10.701 0.5555555820
124658  -20.416  -10.038  -12.408 0.8888888955
71564  -22.731  -10.279  -14.147 0.8888888955
73305  -21.962  -8.257  -14.647 1.0000000000
142162  -22.540  -8.239  -14.836 1.0000000000
73308  -24.422  -8.486  -14.731 1.0000000000
71530  -18.896  -10.892  -10.430 0.5555555820
71541  -18.940  -10.208  -10.738 0.6666666865
71542  -19.328  -10.196  -11.220 0.8888888955
72375  -19.348  -9.525  -11.559 0.8888888955
73283  -19.928  -8.775  -12.698 0.8888888955
74176  -19.269  -8.067  -12.470 0.8888888955
74189  -20.478  -7.480  -13.862 1.0000000000
74212  -23.309  -7.168  -15.070 1.0000000000
75039  -20.522  -6.129  -14.429 1.0000000000
75054  -23.919  -6.237  -15.225 1.0000000000
75056  -25.976  -6.294  -15.592 0.8888888955
123804  -24.337  -5.519  -15.526 1.0000000000
75951  -22.552  -5.515  -15.385 1.0000000000
75950  -21.709  -5.586  -15.225 1.0000000000
75952  -23.542  -5.428  -15.416 1.0000000000
75953  -25.005  -5.182  -15.893 1.0000000000
75968  -25.653  -4.843  -16.461 0.8888888955
76846  -26.291  -4.527  -16.975 0.7777777910
75033  -19.378  -6.681  -13.426 1.0000000000
75021  -18.645  -6.629  -12.846 0.5555555820
133735  -19.837  -7.264  -13.507 1.0000000000
74175  -18.602  -7.356  -12.245 0.5555555820
75934  -19.671  -6.024  -13.913 0.8888888955
128660  -22.335  -3.878  -15.683 1.0000000000
77710  -23.653  -3.187  -16.900 1.0000000000
77711  -24.352  -3.463  -17.015 1.0000000000
77722  -26.854  -3.086  -18.029 0.7777777910
75919  -18.118  -5.829  -12.799 0.5555555820
76807  -18.553  -4.712  -13.688 0.6666666865
75032  -18.818  -5.974  -13.346 0.7777777910
75933  -19.097  -5.302  -13.808 0.7777777910
129298  -19.381  -3.085  -14.674 0.6666666865
78563  -20.116  -2.872  -15.094 0.8888888955
76818  -20.016  -4.322  -14.650 0.8888888955
77697  -20.779  -3.416  -15.252 0.8888888955
75941  -20.048  -5.224  -14.420 0.8888888955
76819  -20.714  -4.705  -14.948 1.0000000000
77698  -21.687  -3.138  -15.777 0.8888888955
77699  -22.472  -3.208  -16.191 1.0000000000
78589  -23.512  -2.413  -17.288 1.0000000000
78605  -25.451  -1.778  -18.105 0.8888888955
78606  -26.211  -1.658  -18.596 0.8888888955
78598  -26.938  -2.264  -18.491 0.7777777910
125775  -28.061  -2.442  -18.105 0.7777777910
80374  -28.000  -0.782  -17.665 0.6666666865
78590  -28.746  -2.292  -16.950 0.5555555820
80362  -28.465  -0.740  -16.694 0.6666666865
77686  -18.589  -3.255  -14.233 0.5555555820
77659  -16.940  -3.925  -12.852 0.3333333433
76805  -17.095  -4.357  -12.783 0.3333333433
76806  -17.745  -4.370  -13.285 0.6666666865
79486  -19.026  -1.737  -14.807 0.6666666865
137854  -19.470  -2.445  -14.885 0.7777777910
78575  -21.616  -2.241  -16.159 0.8888888955
79523  -23.128  -1.144  -17.649 1.0000000000
80381  -25.436  -0.331  -18.716 0.7777777910
127179  -27.180  0.161  -18.606 0.7777777910
79502  -20.874  -0.805  -16.421 0.8888888955
80371  -23.265  0.050  -17.787 1.0000000000
82033  -27.110  1.582  -17.478 0.7777777910
141118  -27.510  0.712  -17.454 0.7777777910
81182  -28.268  0.898  -16.564 0.6666666865
132273  -17.542  -1.236  -13.587 0.4444444478
133788  -20.630  0.411  -16.861 0.8888888955
81195  -22.631  0.289  -17.782 1.0000000000
82044  -23.413  1.125  -18.260 0.8888888955
140121  -25.575  1.486  -18.339 0.7777777910
82889  -28.128  2.491  -16.379 0.6666666865
82877  -29.348  2.480  -15.089 0.5555555820
82009  -29.665  1.712  -14.886 0.5555555820
82005  -19.146  1.361  -15.818 0.6666666865
81181  -20.248  0.840  -16.683 0.8888888955
82043  -22.845  1.231  -18.194 1.0000000000
82918  -25.203  1.967  -18.386 0.8888888955
83791  -26.242  2.960  -17.538 0.8888888955
83789  -25.052  3.457  -18.173 0.8888888955
82003  -17.924  2.109  -15.057 0.5555555820
82018  -19.086  1.972  -15.970 0.5555555820
82029  -20.412  1.808  -17.260 1.0000000000
82898  -20.234  2.759  -17.368 0.7777777910
127150  -22.469  2.291  -18.559 0.8888888955
136816  -21.805  2.202  -18.294 0.7777777910
84606  -18.030  4.702  -15.681 0.5555555820
83774  -18.305  3.776  -15.798 0.5555555820
83787  -19.652  3.719  -17.112 0.6666666865
84628  -19.851  4.543  -17.489 0.6666666865
82887  -19.455  3.071  -16.722 0.7777777910
124199  -18.434  2.300  -15.563 0.7777777910
82872  -17.976  2.995  -15.304 0.6666666865
141980  -21.148  4.386  -18.429 0.7777777910
133913  -21.040  2.858  -18.078 0.7777777910
84642  -23.911  4.135  -18.600 0.7777777910
85468  -24.331  5.017  -18.230 0.6666666865
85455  -25.560  5.247  -17.372 0.6666666865
127322  -25.559  6.206  -17.167 0.6666666865
85445  -26.949  5.361  -16.237 0.5555555820
87242  -28.005  7.039  -14.584 0.4444444478
85418  -28.594  5.585  -14.667 0.4444444478
126885  -27.993  7.982  -14.385 0.5555555820
86310  -19.350  6.559  -16.975 0.5555555820
139336  -20.627  5.808  -18.126 0.6666666865
88150  -26.107  8.541  -16.209 0.6666666865
141401  -26.594  8.838  -15.650 0.6666666865
86323  -20.181  7.349  -17.600 0.5555555820
87259  -20.572  7.950  -17.840 0.6666666865
88160  -24.952  8.144  -17.298 0.6666666865
141568  -25.125  8.806  -17.171 0.6666666865
80329  -17.719  -0.413  -13.900 0.4444444478
141707  -17.576  3.296  -14.840 0.3333333433
124249  -17.386  -1.948  -13.390 0.4444444478
89015  -29.588  9.246  -13.888 0.3333333433
89812  -27.934  11.087  -14.298 0.3333333433
70697  -24.572  -10.989  -13.950 0.6666666865
67907  -19.125  -14.481  -9.701 0.4444444478
67019  -19.747  -14.992  -10.126 0.5555555820
74214  -25.351  -7.011  -15.131 0.7777777910
69713  -18.811  -12.452  -9.843 0.4444444478
76847  -27.170  -4.618  -17.166 0.6666666865
73265  -19.295  -8.815  -11.979 0.7777777910
75931  -17.588  -5.036  -12.805 0.3333333433
133192  -17.778  -5.508  -12.549 0.1111111119
76792  -17.023  -4.342  -12.686 0.1111111119
80314  -17.577  -0.480  -13.561 0.3333333433
81136  -17.577  0.475  -13.770 0.3333333433
84587  -17.296  4.623  -14.380 0.3333333433
89825  -26.619  10.707  -15.439 0.6666666865
90607  -27.193  11.358  -14.916 0.4444444478
67049  -24.642  -15.187  -12.723 0.4444444478
67050  -26.496  -15.676  -12.845 0.2222222239
67033  -21.825  -15.329  -11.487 0.4444444478
67034  -22.452  -15.539  -11.774 0.4444444478
67945  -22.165  -13.964  -12.122 0.4444444478
67946  -22.912  -14.313  -12.395 0.4444444478
67948  -24.440  -14.237  -12.916 0.4444444478
68846  -25.194  -13.900  -13.216 0.4444444478
68847  -26.107  -13.608  -13.466 0.2222222239
69754  -23.113  -12.888  -13.075 0.4444444478
144556  -23.769  -12.998  -13.244 0.4444444478
68849  -27.493  -13.251  -13.581 0.1111111119
137814  -24.327  -12.644  -13.453 0.4444444478
69770  -25.922  -12.662  -13.552 0.3333333433
69768  -23.561  -12.369  -13.472 0.4444444478
125686  -25.032  -12.265  -13.587 0.3333333433
70679  -25.737  -11.861  -13.696 0.3333333433
128009  -27.286  -12.617  -13.741 0.2222222239
70678  -24.186  -11.805  -13.742 0.4444444478
69767  -22.798  -12.195  -13.346 0.5555555820
144512  -27.227  -10.705  -14.174 0.2222222239
71569  -27.820  -11.061  -14.164 0.1111111119
72407  -28.961  -9.747  -14.613 0.1111111119
71568  -26.490  -10.810  -14.045 0.3333333433
72405  -26.868  -10.062  -14.268 0.3333333433
72404  -25.462  -9.499  -14.395 0.4444444478
73309  -25.797  -8.631  -14.635 0.5555555820
133465  -26.326  -7.984  -14.942 0.6666666865
137975  -27.917  -8.413  -15.011 0.4444444478
74215  -26.359  -7.160  -15.286 0.6666666865
75059  -29.324  -6.614  -16.183 0.3333333433
121607  -27.265  -6.947  -15.592 0.6666666865
75058  -28.543  -6.468  -16.158 0.5555555820
75069  -28.108  -5.744  -16.537 0.5555555820
75070  -28.880  -5.881  -16.550 0.5555555820
75071  -29.553  -6.079  -16.401 0.4444444478
75972  -29.256  -5.352  -16.687 0.3333333433
75068  -27.326  -5.676  -16.379 0.5555555820
77714  -29.660  -4.036  -16.661 0.4444444478
127933  -29.184  -3.477  -16.841 0.5555555820
76849  -28.635  -4.550  -17.107 0.4444444478
78591  -29.323  -2.779  -16.511 0.4444444478
128103  -23.739  9.027  -17.874 0.5555555820
89043  -25.093  9.599  -17.478 0.5555555820
89839  -25.389  10.417  -17.529 0.5555555820
141186  -25.872  10.497  -16.895 0.5555555820
90617  -25.891  11.746  -16.836 0.5555555820
67048  -23.876  -15.480  -12.422 0.4444444478
67056  -26.448  -15.094  -13.164 0.2222222239
68820  -21.508  -13.609  -11.737 0.4444444478
69771  -26.763  -13.027  -13.676 0.2222222239
70699  -27.035  -11.375  -13.984 0.2222222239
124970  -27.333  -9.282  -14.567 0.4444444478
122020  -28.212  -9.275  -14.684 0.3333333433
124968  -26.359  -9.351  -14.450 0.4444444478
74203  -27.112  -7.739  -15.208 0.6666666865
74216  -28.087  -7.267  -15.599 0.4444444478
76833  -30.144  -4.661  -16.424 0.3333333433
78592  -29.858  -3.335  -16.299 0.4444444478
80349  -30.037  -1.022  -15.316 0.4444444478
89838  -24.724  10.397  -18.062 0.5555555820
89837  -23.857  10.509  -18.075 0.5555555820
68832  -21.917  -13.172  -12.349 0.4444444478
73326  -28.916  -7.950  -15.443 0.2222222239
90606  -26.499  11.626  -15.772 0.5555555820
66142  -22.518  -16.862  -11.554 0.4444444478
124757  -24.061  -16.888  -12.235 0.4444444478
125286  -24.874  -16.865  -12.576 0.4444444478
66159  -26.240  -16.359  -12.616 0.2222222239
66145  -27.035  -16.250  -11.453 0.1111111119
67021  -21.317  -16.013  -10.933 0.4444444478
121036  -22.129  -16.127  -11.467 0.4444444478
67057  -27.031  -14.699  -13.290 0.1111111119
68835  -28.007  -13.640  -12.870 0.1111111119
66160  -26.876  -15.867  -12.264 0.1111111119
68850  -28.163  -12.775  -13.379 0.1111111119
70682  -28.256  -12.050  -13.690 0.1111111119
70702  -29.531  -10.764  -13.847 0.1111111119
72408  -29.915  -9.703  -14.644 0.1111111119
73312  -29.631  -9.191  -14.954 0.1111111119
73328  -30.567  -8.154  -15.449 0.2222222239
75060  -30.109  -6.718  -16.161 0.1111111119
74218  -29.791  -7.488  -15.764 0.2222222239
75973  -29.869  -5.220  -16.517 0.2222222239
76834  -30.977  -4.687  -15.914 0.2222222239
77701  -30.448  -3.928  -16.137 0.3333333433
79505  -30.377  -1.788  -15.429 0.4444444478
79489  -30.747  -1.183  -14.807 0.3333333433
80337  -31.165  -0.486  -14.350 0.3333333433
81171  -29.943  -0.138  -15.108 0.4444444478
81160  -30.609  0.151  -14.482 0.3333333433
83761  -17.596  4.003  -15.088 0.4444444478
83752  -29.633  3.254  -14.639 0.4444444478
86291  -29.607  6.717  -13.740 0.3333333433
89039  -20.884  9.206  -17.257 0.4444444478
91385  -27.288  12.373  -15.287 0.5555555820
89041  -22.777  9.174  -17.865 0.5555555820
128811  -23.289  9.855  -17.904 0.5555555820
91403  -25.427  11.703  -17.932 0.5555555820
89832  -22.922  10.688  -17.608 0.5555555820
67032  -21.132  -14.982  -11.058 0.4444444478
67931  -21.672  -14.457  -11.597 0.4444444478
70677  -23.281  -11.665  -13.727 0.5555555820
71567  -25.042  -10.261  -14.200 0.6666666865
74202  -25.621  -7.810  -14.912 0.6666666865
75970  -27.639  -5.142  -16.868 0.5555555820
76848  -27.917  -4.651  -17.221 0.5555555820
76858  -28.484  -3.904  -17.369 0.4444444478
87232  -28.923  7.473  -13.936 0.3333333433
70698  -25.566  -11.020  -13.903 0.3333333433
134508  -24.991  -11.596  -13.760 0.3333333433
67947  -23.743  -14.689  -12.563 0.4444444478
67055  -25.612  -15.243  -13.033 0.4444444478
66164  -25.225  -16.021  -12.762 0.3333333433
66165  -25.973  -15.896  -12.966 0.3333333433
67051  -27.016  -15.216  -12.939 0.1111111119
67932  -22.352  -14.812  -11.929 0.4444444478
66157  -23.561  -16.131  -12.185 0.4444444478
67047  -23.092  -15.297  -12.162 0.4444444478
68833  -22.671  -13.441  -12.611 0.4444444478
68834  -23.561  -13.701  -12.867 0.4444444478
68845  -24.391  -13.421  -13.201 0.4444444478
67956  -25.901  -14.488  -13.288 0.4444444478
69769  -25.156  -13.072  -13.399 0.4444444478
67957  -26.696  -14.327  -13.462 0.2222222239
67958  -27.291  -14.074  -13.407 0.1111111119
69772  -27.762  -12.553  -13.667 0.1111111119
134765  -26.302  -11.451  -13.843 0.3333333433
70680  -26.680  -12.148  -13.760 0.2222222239
70681  -27.625  -11.920  -13.892 0.2222222239
72406  -27.880  -10.108  -14.352 0.2222222239
71570  -28.597  -10.611  -14.254 0.1111111119
71571  -29.388  -10.346  -14.297 0.1111111119
128066  -25.954  -10.154  -14.164 0.3333333433
73310  -26.796  -8.563  -14.784 0.4444444478
74217  -28.952  -7.139  -15.824 0.3333333433
73311  -28.920  -8.864  -15.026 0.3333333433
130010  -27.739  -6.364  -16.034 0.5555555820
75971  -28.410  -5.194  -16.877 0.5555555820
75956  -30.186  -5.956  -16.306 0.3333333433
78577  -30.023  -2.558  -15.867 0.4444444478
89042  -24.241  9.713  -17.918 0.5555555820
90616  -25.666  11.064  -17.352 0.5555555820
120745  -24.378  -16.102  -12.500 0.4444444478
70700  -28.377  -11.354  -13.995 0.1111111119
90622  -24.434  11.132  -18.252 0.5555555820
66143  -23.245  -16.887  -11.921 0.4444444478
66156  -22.830  -16.139  -11.845 0.4444444478
65239  -26.009  -17.198  -12.372 0.2222222239
67949  -27.429  -14.523  -12.911 0.1111111119
67933  -27.466  -15.062  -12.082 0.1111111119
69773  -28.734  -12.148  -13.221 0.1111111119
59024  -25.699  -24.585  -9.581 0.1111111119
61748  -22.423  -21.456  -10.279 0.3333333433
59978  -24.831  -23.311  -10.653 0.2222222239
59037  -25.212  -24.012  -10.092 0.2222222239
59968  -25.961  -23.748  -9.620 0.1111111119
59979  -25.513  -23.322  -10.161 0.1111111119
63496  -20.387  -19.599  -9.369 0.3333333433
62570  -20.342  -20.237  -9.174 0.3333333433
61747  -21.632  -21.385  -9.738 0.3333333433
61761  -23.066  -20.800  -10.847 0.3333333433
61762  -23.757  -21.148  -11.250 0.3333333433
59977  -24.293  -22.752  -11.018 0.2222222239
61763  -24.524  -21.390  -11.387 0.2222222239
134040  -25.375  -22.675  -10.540 0.2222222239
140698  -26.110  -22.811  -9.806 0.1111111119
60884  -25.182  -21.946  -11.065 0.2222222239
64391  -19.266  -17.906  -9.146 0.2222222239
64392  -19.871  -18.394  -9.394 0.2222222239
120282  -20.035  -19.001  -9.306 0.2222222239
63497  -21.009  -19.553  -9.775 0.3333333433
62580  -21.582  -19.911  -10.064 0.3333333433
62581  -22.296  -20.390  -10.452 0.3333333433
61750  -25.634  -21.381  -10.759 0.1111111119
65199  -19.282  -17.024  -9.377 0.2222222239
66120  -19.912  -16.749  -9.846 0.3333333433
64404  -20.504  -18.145  -9.884 0.3333333433
65208  -20.484  -17.285  -10.153 0.3333333433
65209  -21.008  -17.670  -10.352 0.3333333433
125000  -21.299  -18.337  -10.374 0.3333333433
64416  -21.936  -18.086  -10.859 0.3333333433
63522  -23.482  -19.486  -11.504 0.3333333433
64417  -22.534  -18.270  -11.235 0.3333333433
63523  -24.223  -19.883  -11.812 0.3333333433
63536  -23.958  -19.112  -11.900 0.3333333433
62608  -24.916  -19.738  -11.923 0.3333333433
62597  -25.325  -20.220  -11.503 0.1111111119
62598  -25.799  -19.821  -11.144 0.2222222239
66119  -19.366  -16.274  -9.556 0.2222222239
66130  -19.865  -15.887  -9.985 0.3333333433
66131  -20.533  -16.401  -10.365 0.3333333433
66141  -21.812  -16.852  -11.121 0.3333333433
65222  -22.904  -17.630  -11.646 0.3333333433
64418  -23.372  -18.526  -11.651 0.3333333433
65236  -23.704  -17.675  -12.004 0.3333333433
63537  -24.549  -19.107  -12.041 0.3333333433
63524  -25.451  -19.457  -11.664 0.1111111119
67007  -18.573  -15.489  -9.060 0.3333333433
67008  -19.116  -15.433  -9.493 0.3333333433
65237  -24.502  -17.660  -12.321 0.3333333433
65238  -25.285  -17.624  -12.442 0.3333333433
78578  -30.602  -3.110  -15.718 0.2222222239
79506  -31.097  -1.888  -14.946 0.2222222239
78579  -31.298  -2.689  -15.136 0.2222222239
129820  -30.379  1.653  -14.311 0.3333333433
82862  -31.059  1.623  -13.822 0.2222222239
60897  -23.859  -22.059  -11.179 0.3333333433
60885  -25.800  -22.008  -10.332 0.1111111119
142782  -20.272  -18.650  -9.559 0.3333333433
63511  -22.187  -19.536  -10.579 0.3333333433
62595  -23.611  -20.337  -11.376 0.3333333433
124638  -24.191  -20.675  -11.554 0.3333333433
62596  -24.748  -20.508  -11.649 0.3333333433
140730  -25.318  -18.368  -12.215 0.3333333433
58086  -24.841  -24.935  -10.041 0.1111111119
58073  -25.524  -25.391  -9.470 0.1111111119
61737  -20.144  -20.878  -8.888 0.3333333433
130992  -21.277  -21.900  -9.423 0.3333333433
137751  -21.930  -22.007  -9.756 0.3333333433
60882  -22.447  -22.544  -10.083 0.3333333433
59976  -23.119  -23.275  -10.483 0.3333333433
126381  -23.980  -23.443  -10.789 0.3333333433
142314  -26.608  -25.397  -8.977 0.1111111119
59025  -26.521  -24.378  -9.243 0.1111111119
128053  -20.016  -19.850  -9.079 0.3333333433
59969  -26.887  -23.484  -9.181 0.1111111119
60874  -26.902  -22.528  -9.222 0.1111111119
65198  -18.761  -17.294  -8.946 0.2222222239
61739  -26.156  -21.264  -10.134 0.1111111119
66118  -18.798  -16.289  -9.150 0.2222222239
63525  -25.995  -19.130  -11.188 0.1111111119
64419  -25.624  -18.718  -11.790 0.1111111119
67881  -18.466  -15.129  -8.885 0.1111111119
79490  -31.589  -1.238  -14.395 0.2222222239
82861  -30.849  2.428  -13.809 0.2222222239
129884  -31.703  1.986  -13.543 0.2222222239
123152  -18.733  -13.000  -9.671 0.2222222239
67020  -20.503  -15.473  -10.529 0.4444444478
67906  -18.532  -14.744  -9.069 0.2222222239
81161  -31.473  0.342  -13.955 0.2222222239
59036  -24.422  -24.141  -10.476 0.1111111119
126114  -21.627  -20.698  -9.907 0.3333333433
60883  -23.153  -22.275  -10.593 0.3333333433
140143  -23.690  -22.779  -10.831 0.3333333433
62571  -20.986  -20.142  -9.567 0.3333333433
63495  -19.717  -19.502  -9.012 0.2222222239
61738  -20.939  -20.966  -9.370 0.3333333433
61749  -23.276  -21.545  -10.810 0.3333333433
135854  -22.938  -19.926  -10.941 0.3333333433
60898  -24.551  -22.181  -11.212 0.2222222239
63509  -20.685  -18.939  -9.772 0.3333333433
61764  -25.238  -21.042  -11.297 0.1111111119
65200  -19.891  -17.610  -9.632 0.3333333433
66132  -21.123  -16.975  -10.630 0.3333333433
64405  -22.029  -18.739  -10.717 0.3333333433
63510  -21.438  -19.178  -10.229 0.3333333433
120420  -22.769  -19.078  -11.106 0.3333333433
64432  -24.164  -18.430  -12.092 0.3333333433
62582  -25.864  -20.571  -10.775 0.1111111119
65221  -22.213  -17.542  -11.217 0.3333333433
64433  -24.833  -18.397  -12.313 0.3333333433
64434  -25.795  -17.982  -12.042 0.1111111119
58072  -24.859  -25.727  -9.725 0.1111111119
132180  -20.571  -21.690  -8.999 0.2222222239
60872  -21.683  -22.795  -9.572 0.3333333433
59967  -22.341  -23.467  -9.922 0.3333333433
59035  -23.592  -24.144  -10.555 0.3333333433
62569  -19.645  -20.151  -8.814 0.2222222239
78564  -31.889  -2.086  -14.539 0.1111111119
79492  -33.438  -1.524  -14.051 0.1111111119
79491  -32.523  -1.367  -14.127 0.1111111119
79480  -33.204  -0.710  -13.868 0.1111111119
80338  -33.927  -0.180  -13.998 0.1111111119
141074  -30.827  0.950  -14.124 0.1111111119
80323  -33.114  0.053  -13.721 0.1111111119
81144  -32.492  0.717  -13.614 0.1111111119
84596  -29.844  4.767  -14.020 0.2222222239
81994  -31.638  1.188  -13.690 0.1111111119
81975  -32.296  1.543  -13.554 0.1111111119
86277  -30.497  6.204  -13.595 0.1111111119
85419  -29.476  5.696  -13.950 0.2222222239
87233  -29.836  7.440  -13.705 0.1111111119
85405  -31.127  5.443  -13.557 0.1111111119
87221  -31.064  6.891  -13.823 0.1111111119
88133  -29.747  8.211  -13.801 0.1111111119
89030  -21.402  9.852  -17.015 0.4444444478
89031  -22.321  9.930  -17.520 0.4444444478
89016  -30.314  9.770  -14.387 0.1111111119
90623  -25.145  11.066  -18.098 0.4444444478
143157  -27.908  12.369  -14.822 0.3333333433
90589  -27.847  11.890  -14.606 0.2222222239
90591  -29.398  11.442  -14.340 0.1111111119
141893  -29.718  9.917  -14.017 0.1111111119
89815  -30.489  10.583  -14.907 0.1111111119
91402  -24.941  11.733  -18.372 0.4444444478
92186  -24.869  12.578  -18.464 0.4444444478
128209  -25.232  12.254  -18.294 0.4444444478
91396  -25.640  12.505  -17.518 0.4444444478
140119  -26.196  13.253  -16.676 0.4444444478
92178  -26.918  13.926  -16.345 0.4444444478
92165  -26.979  13.190  -15.899 0.2222222239
92166  -27.730  13.781  -15.811 0.2222222239
92167  -28.523  13.534  -15.392 0.2222222239
92168  -29.379  13.431  -15.448 0.2222222239
136239  -26.599  18.673  -18.573 0.1111111119
95356  -28.313  17.431  -17.828 0.1111111119
92180  -30.254  13.608  -16.484 0.1111111119
90615  -22.584  11.374  -16.755 0.4444444478
141053  -23.111  11.275  -17.457 0.4444444478
133092  -23.324  11.720  -17.347 0.3333333433
91401  -24.171  11.843  -18.188 0.4444444478
93019  -25.176  13.713  -18.775 0.4444444478
93012  -25.475  13.771  -17.870 0.4444444478
141872  -25.676  13.261  -17.526 0.4444444478
93001  -26.065  13.949  -16.987 0.4444444478
93018  -24.933  13.946  -19.132 0.3333333433
93862  -26.283  15.239  -17.195 0.3333333433
93863  -27.136  15.697  -16.905 0.1111111119
93852  -27.888  15.299  -16.496 0.1111111119
93853  -28.621  15.582  -16.591 0.1111111119
92991  -28.432  14.221  -15.819 0.2222222239
93854  -29.311  15.395  -16.699 0.1111111119
93864  -28.947  16.071  -16.999 0.1111111119
89824  -21.653  11.073  -16.098 0.2222222239
129236  -24.089  12.681  -18.129 0.3333333433
92192  -24.986  13.401  -18.905 0.3333333433
134141  -25.367  14.274  -18.188 0.4444444478
126251  -25.004  15.011  -19.440 0.2222222239
94659  -25.294  15.499  -18.488 0.2222222239
94660  -26.188  15.985  -17.509 0.2222222239
94661  -27.377  16.521  -17.205 0.1111111119
94668  -24.986  15.938  -19.208 0.1111111119
95353  -25.609  16.535  -18.133 0.1111111119
95355  -27.628  17.262  -17.593 0.1111111119
95361  -25.204  17.109  -18.761 0.1111111119
95362  -26.109  17.474  -18.074 0.1111111119
127874  -26.996  17.618  -17.830 0.1111111119
135849  -23.436  12.348  -17.185 0.3333333433
92177  -23.353  13.233  -16.833 0.3333333433
92185  -23.851  13.300  -18.006 0.3333333433
92191  -24.538  13.258  -18.655 0.3333333433
93869  -24.608  14.469  -19.550 0.2222222239
94667  -24.436  15.264  -19.958 0.2222222239
143549  -24.332  17.374  -20.030 0.1111111119
95973  -25.744  18.193  -18.546 0.1111111119
96650  -24.061  19.297  -20.432 0.1111111119
91362  -22.415  13.640  -13.749 0.1111111119
92164  -23.035  13.679  -15.421 0.1111111119
93000  -23.322  14.090  -17.110 0.2222222239
93011  -23.924  13.776  -18.538 0.3333333433
93860  -23.285  14.524  -18.025 0.2222222239
93017  -24.581  13.851  -19.118 0.3333333433
94666  -22.916  14.985  -18.823 0.2222222239
93867  -23.031  15.006  -19.904 0.1111111119
94673  -22.398  15.549  -20.289 0.1111111119
94674  -22.922  15.445  -20.512 0.1111111119
94679  -22.552  15.931  -21.066 0.1111111119
95360  -24.355  16.431  -20.079 0.1111111119
124127  -23.769  17.107  -20.744 0.1111111119
95985  -23.334  18.060  -21.106 0.1111111119
95972  -24.827  17.726  -19.311 0.1111111119
96638  -26.455  19.527  -19.415 0.1111111119
95979  -27.743  18.938  -19.256 0.1111111119
92155  -22.974  13.986  -14.326 0.1111111119
93836  -23.444  15.352  -14.844 0.1111111119
93844  -23.235  14.880  -15.752 0.1111111119
139344  -23.396  15.761  -15.577 0.1111111119
94652  -23.126  16.731  -16.946 0.1111111119
94658  -22.636  16.193  -18.281 0.1111111119
95971  -21.872  17.539  -19.255 0.1111111119
95977  -21.603  16.881  -20.449 0.1111111119
95373  -21.826  16.492  -21.583 0.1111111119
131730  -23.587  16.044  -14.824 0.1111111119
94630  -23.734  15.796  -14.066 0.1111111119
94638  -23.806  16.624  -14.390 0.1111111119
126802  -23.420  17.005  -16.089 0.1111111119
95348  -23.242  17.702  -16.376 0.1111111119
95352  -22.803  17.441  -17.370 0.1111111119
142401  -22.933  18.003  -16.821 0.1111111119
122638  -22.301  18.146  -18.174 0.1111111119
95334  -23.798  17.397  -14.689 0.1111111119
95327  -24.157  17.306  -13.911 0.1111111119
122843  -23.749  18.087  -14.897 0.1111111119
78565  -32.823  -2.291  -14.267 0.1111111119
143923  -33.900  -0.933  -14.047 0.1111111119
130057  -31.832  2.944  -13.526 0.1111111119
82847  -32.493  2.231  -13.578 0.1111111119
83735  -31.633  3.905  -13.545 0.1111111119
87234  -30.617  7.714  -13.956 0.1111111119
129892  -27.715  13.156  -15.441 0.3333333433
91387  -28.930  12.902  -14.869 0.2222222239
91375  -29.161  12.191  -14.579 0.1111111119
91388  -29.747  12.616  -15.155 0.1111111119
89025  -30.839  9.909  -15.257 0.1111111119
93005  -29.572  14.666  -16.375 0.2222222239
94662  -28.425  16.756  -17.387 0.1111111119
138691  -29.720  16.015  -18.076 0.1111111119
131088  -26.760  18.156  -18.176 0.1111111119
93851  -23.201  15.239  -16.627 0.2222222239
94665  -22.532  15.476  -19.449 0.1111111119
94644  -23.549  16.674  -15.319 0.1111111119
143512  -22.576  17.825  -17.773 0.1111111119
143067  -21.263  18.175  -20.172 0.1111111119
95957  -23.416  18.492  -15.517 0.1111111119
125046  -24.072  18.082  -14.232 0.1111111119
79493  -35.207  -1.499  -14.748 0.1111111119
130795  -34.328  -1.557  -14.214 0.1111111119
83734  -30.949  3.393  -13.664 0.2222222239
85420  -30.313  5.376  -13.644 0.2222222239
88134  -30.556  8.737  -14.264 0.1111111119
92187  -25.287  12.993  -18.403 0.4444444478
93013  -25.851  14.520  -17.402 0.4444444478
93861  -25.532  15.035  -17.849 0.2222222239
125111  -23.450  15.085  -14.174 0.1111111119
93826  -24.152  15.777  -13.256 0.1111111119
94631  -24.190  16.497  -13.631 0.1111111119
95341  -23.560  17.574  -15.482 0.1111111119
130469  -34.961  -2.329  -14.397 0.1111111119
77689  -32.111  -3.049  -14.675 0.1111111119
78566  -33.868  -2.375  -14.164 0.1111111119
123024  -36.031  -1.378  -15.809 0.1111111119
79494  -35.955  -2.252  -15.273 0.1111111119
80340  -35.235  -0.797  -15.148 0.1111111119
81162  -34.297  0.511  -14.584 0.1111111119
81977  -33.616  1.468  -14.233 0.1111111119
83736  -32.443  3.731  -13.672 0.1111111119
83737  -33.019  3.172  -13.938 0.1111111119
82848  -33.162  2.376  -13.880 0.1111111119
84578  -32.455  4.587  -13.945 0.1111111119
86303  -32.256  6.183  -14.910 0.1111111119
121257  -31.793  7.014  -14.857 0.1111111119
87243  -31.556  7.795  -15.219 0.1111111119
88144  -31.228  8.655  -15.015 0.1111111119
90618  -30.644  11.580  -16.184 0.1111111119
89033  -31.159  9.869  -16.022 0.1111111119
89831  -21.886  10.617  -16.919 0.4444444478
91404  -30.624  12.564  -17.353 0.1111111119
93015  -30.319  14.425  -17.665 0.1111111119
90604  -22.248  11.771  -15.672 0.2222222239
90605  -22.951  12.074  -16.276 0.3333333433
91395  -23.005  12.839  -15.929 0.2222222239
94670  -29.460  16.566  -18.454 0.1111111119
125585  -22.044  13.004  -14.231 0.1111111119
95975  -28.175  18.339  -18.846 0.1111111119
96640  -27.988  19.231  -19.964 0.1111111119
91361  -21.669  13.422  -13.042 0.1111111119
92143  -22.295  13.747  -12.576 0.1111111119
92965  -23.498  14.570  -12.886 0.1111111119
97340  -25.804  20.101  -19.830 0.1111111119
92966  -24.097  15.132  -12.694 0.1111111119
93822  -24.718  15.758  -12.619 0.1111111119
95992  -21.126  18.051  -22.147 0.1111111119
96649  -22.957  19.152  -21.474 0.1111111119
97356  -22.721  20.465  -22.072 0.1111111119
94625  -24.603  16.337  -13.047 0.1111111119
96619  -22.431  19.125  -16.675 0.1111111119
96622  -21.198  19.585  -18.081 0.1111111119
95949  -23.748  18.840  -14.539 0.1111111119
83753  -30.255  3.912  -14.031 0.1111111119
89814  -29.750  10.574  -14.226 0.1111111119
91397  -26.321  12.484  -16.240 0.4444444478
80322  -32.216  -0.395  -13.877 0.1111111119
86276  -30.331  7.016  -13.672 0.2222222239
90621  -23.626  11.179  -18.001 0.4444444478
80339  -34.606  -0.276  -14.625 0.1111111119
81145  -33.461  0.715  -13.880 0.1111111119
86292  -31.719  6.617  -14.266 0.1111111119
85421  -32.062  5.971  -14.084 0.1111111119
136826  -30.871  9.285  -14.853 0.1111111119
90592  -30.114  11.297  -14.729 0.1111111119
89827  -30.867  10.617  -15.918 0.1111111119
93002  -26.840  14.772  -16.710 0.2222222239
93003  -27.769  14.525  -16.167 0.2222222239
93004  -28.717  14.909  -16.176 0.1111111119
92179  -29.789  13.936  -16.056 0.2222222239
92169  -30.066  13.217  -15.857 0.1111111119
95974  -27.374  18.589  -18.614 0.1111111119
95978  -25.236  18.746  -19.132 0.1111111119
94663  -29.265  16.430  -17.682 0.1111111119
95363  -27.759  18.005  -18.039 0.1111111119
95364  -28.588  17.726  -18.432 0.1111111119
95365  -29.183  17.243  -18.855 0.1111111119
92188  -30.481  13.523  -17.334 0.1111111119
91398  -30.461  12.948  -16.585 0.1111111119
93006  -30.169  14.250  -16.783 0.2222222239
93870  -25.168  14.452  -18.969 0.3333333433
93014  -30.018  15.052  -17.092 0.2222222239
95354  -26.644  16.961  -17.611 0.1111111119
93868  -23.802  14.420  -19.289 0.2222222239
93874  -23.753  14.974  -20.057 0.1111111119
94675  -23.565  15.590  -20.541 0.1111111119
94680  -23.358  16.233  -20.930 0.1111111119
128640  -24.374  18.297  -19.983 0.1111111119
96636  -24.960  19.436  -19.627 0.1111111119
91373  -22.673  13.292  -14.841 0.1111111119
92990  -23.139  14.098  -15.921 0.1111111119
95359  -22.120  16.293  -19.664 0.1111111119
95369  -21.829  16.050  -20.907 0.1111111119
95374  -22.588  16.813  -21.589 0.1111111119
95984  -22.191  17.867  -22.120 0.1111111119
92982  -23.253  14.511  -14.848 0.1111111119
92971  -23.295  14.573  -13.793 0.1111111119
127563  -23.306  16.225  -16.299 0.1111111119
121874  -23.070  15.661  -17.436 0.1111111119
121813  -22.393  17.248  -18.399 0.1111111119
96628  -21.623  18.625  -18.731 0.1111111119
95368  -21.310  17.141  -21.489 0.1111111119
95983  -21.591  17.204  -22.140 0.1111111119
92972  -23.687  15.159  -13.467 0.1111111119
95962  -22.968  18.502  -16.401 0.1111111119
95347  -22.602  18.305  -17.227 0.1111111119
96623  -22.033  18.955  -17.623 0.1111111119
129562  -33.226  -3.380  -14.360 0.1111111119
79481  -34.512  -0.855  -14.414 0.1111111119
84576  -31.456  4.691  -13.563 0.1111111119
91389  -30.359  12.436  -15.922 0.1111111119
93872  -30.121  15.305  -18.090 0.1111111119
93871  -29.840  15.923  -18.802 0.1111111119
95970  -20.744  19.254  -19.232 0.1111111119
121602  -23.318  19.374  -15.016 0.1111111119
85406  -31.949  5.291  -13.742 0.1111111119
140248  -30.588  12.249  -16.652 0.1111111119
93020  -30.331  14.462  -18.621 0.1111111119
94676  -29.585  16.608  -19.328 0.1111111119
90574  -21.487  12.999  -13.609 0.1111111119
95370  -28.857  17.927  -19.253 0.1111111119
92144  -22.971  14.108  -13.260 0.1111111119
96635  -20.752  18.559  -21.340 0.1111111119
96618  -21.629  19.730  -16.980 0.1111111119
59966  -21.741  -23.662  -9.545 0.2222222239
119621  -18.579  -8.360  -11.320 0.2222222239
75008  -18.275  -7.170  -12.013 0.2222222239
73264  -18.806  -8.956  -11.273 0.3333333433
138153  -18.450  -7.713  -11.705 0.4444444478
89038  -20.142  9.060  -16.758 0.2222222239
90603  -21.182  10.718  -15.847 0.1111111119
84605  -17.559  5.117  -14.987 0.2222222239
83728  -17.343  3.538  -14.306 0.1111111119
72356  -18.799  -9.569  -10.825 0.2222222239
88138  -18.523  7.479  -15.618 0.1111111119
88127  -18.746  7.702  -14.856 0.1111111119
89028  -20.246  9.243  -16.361 0.1111111119
137643  -21.622  11.431  -15.477 0.1111111119
88139  -18.994  8.001  -16.049 0.1111111119
70627  -18.807  -11.920  -9.931 0.2222222239
134316  -17.046  -3.219  -13.074 0.2222222239
88148  -19.590  8.626  -16.404 0.1111111119
126821  -17.172  -3.892  -11.370 0.1111111119
78535  -17.284  -2.391  -13.247 0.3333333433
89029  -20.663  9.656  -16.574 0.3333333433
89830  -21.131  10.353  -16.341 0.3333333433
73243  -18.637  -8.905  -11.044 0.2222222239
89021  -20.825  9.943  -16.152 0.1111111119
88128  -19.176  8.302  -14.983 0.1111111119
88129  -19.847  8.673  -15.103 0.1111111119
89020  -19.965  9.352  -15.033 0.1111111119
88140  -19.542  8.910  -15.256 0.1111111119
129324  -30.450  -8.982  -15.045 0.1111111119
59965  -21.150  -23.417  -9.202 0.1111111119
130068  -23.297  -24.818  -10.435 0.1111111119
59951  -19.666  -23.566  -8.188 0.1111111119
60856  -20.315  -22.344  -8.714 0.1111111119
61736  -19.482  -20.811  -8.556 0.1111111119
62557  -18.872  -20.370  -8.377 0.1111111119
69685  -18.763  -12.450  -9.721 0.1111111119
123266  -17.828  -6.532  -10.532 0.1111111119
120765  -17.937  -7.268  -10.540 0.1111111119
81125  -17.532  0.383  -13.595 0.2222222239
123695  -17.496  1.281  -13.803 0.2222222239
81968  -17.448  1.048  -13.605 0.2222222239
81956  -17.246  1.345  -12.240 0.2222222239
59952  -20.418  -23.232  -8.702 0.1111111119
75905  -17.623  -6.136  -11.125 0.1111111119
59022  -21.398  -24.301  -9.277 0.1111111119
58071  -21.847  -25.084  -9.578 0.1111111119
59034  -22.834  -24.213  -10.261 0.1111111119
59950  -19.072  -23.031  -7.864 0.1111111119
60855  -19.739  -22.647  -8.333 0.1111111119
61722  -18.974  -21.197  -8.169 0.1111111119
63482  -18.176  -19.887  -8.244 0.1111111119
63483  -19.013  -19.607  -8.595 0.1111111119
64378  -19.287  -18.816  -8.906 0.1111111119
69665  -19.096  -12.536  -8.419 0.1111111119
71474  -18.872  -11.002  -8.954 0.1111111119
72327  -18.531  -9.298  -9.895 0.1111111119
74976  -18.684  -7.399  -9.754 0.1111111119
80287  -17.863  -0.182  -11.919 0.2222222239
81943  -16.979  2.224  -11.860 0.2222222239
82830  -16.644  2.811  -11.837 0.1111111119
126640  -23.985  -24.916  -10.486 0.1111111119
131203  -21.310  -25.039  -9.111 0.1111111119
82840  -17.278  2.641  -13.636 0.2222222239
83727  -17.208  3.265  -13.815 0.1111111119
71498  -18.788  -11.180  -10.214 0.1111111119
80299  -17.526  -0.380  -12.355 0.2222222239
64390  -18.684  -18.192  -8.708 0.1111111119
68762  -18.771  -13.293  -8.604 0.1111111119
64377  -18.484  -19.038  -8.485 0.1111111119
60871  -20.898  -22.565  -9.121 0.1111111119
61723  -19.786  -21.633  -8.517 0.1111111119
59023  -22.144  -24.327  -9.768 0.1111111119
73214  -18.536  -8.528  -9.861 0.1111111119
70580  -18.981  -11.780  -8.742 0.1111111119
59021  -20.810  -23.945  -8.894 0.1111111119
59008  -20.256  -24.143  -8.453 0.1111111119
81116  -17.797  0.691  -11.950 0.1111111119
62544  -18.308  -20.728  -7.810 0.1111111119
125790  -19.208  -13.279  -8.022 0.1111111119
69666  -19.754  -12.574  -7.955 0.1111111119
83705  -17.240  3.166  -11.553 0.1111111119
83704  -16.729  3.839  -11.231 0.1111111119
85431  -17.644  6.003  -14.939 0.1111111119
124203  -17.585  -1.077  -12.015 0.1111111119
85398  -17.188  5.114  -14.097 0.1111111119
86270  -17.483  6.221  -14.193 0.1111111119
87239  -18.317  7.173  -15.509 0.1111111119
58075  -26.934  -25.014  -8.978 0.1111111119
59009  -20.818  -24.655  -8.778 0.1111111119
60873  -26.441  -21.939  -9.667 0.1111111119
63538  -25.113  -18.992  -12.082 0.3333333433
65220  -21.581  -17.571  -10.745 0.3333333433
66158  -25.629  -16.681  -12.640 0.2222222239
67955  -25.168  -14.606  -13.029 0.4444444478
68848  -26.935  -13.714  -13.635 0.1111111119
70701  -28.983  -10.927  -14.064 0.1111111119
73327  -29.738  -8.467  -15.312 0.2222222239
74995  -18.173  -6.921  -10.058 0.1111111119
75057  -26.901  -6.315  -15.817 0.6666666865
75955  -26.541  -5.640  -16.177 0.8888888955
75957  -30.606  -5.390  -16.210 0.2222222239
76845  -25.446  -4.263  -16.860 0.7777777910
76850  -29.387  -4.662  -16.794 0.3333333433
76856  -27.507  -4.214  -17.449 0.6666666865
77672  -17.104  -3.685  -13.104 0.3333333433
77688  -20.042  -3.604  -14.870 0.8888888955
77712  -25.068  -3.686  -17.144 1.0000000000
77713  -28.996  -4.050  -17.102 0.4444444478
77725  -28.663  -3.463  -17.311 0.6666666865
78587  -21.981  -1.605  -16.899 0.8888888955
78595  -23.962  -2.140  -17.536 1.0000000000
78599  -27.599  -2.789  -18.192 0.7777777910
78600  -28.459  -2.829  -17.538 0.5555555820
78604  -24.834  -1.907  -17.805 1.0000000000
79484  -17.752  -1.084  -14.012 0.4444444478
79515  -21.373  -0.442  -17.099 1.0000000000
79525  -28.012  -1.544  -18.383 0.7777777910
79530  -24.285  -0.893  -17.822 0.8888888955
79532  -25.483  -1.032  -18.468 0.7777777910
80336  -30.478  -0.544  -14.787 0.3333333433
80345  -18.715  0.012  -15.047 0.7777777910
80347  -20.232  -0.472  -15.933 0.8888888955
80369  -21.222  0.187  -17.308 0.8888888955
80373  -27.620  -0.604  -18.720 0.7777777910
80379  -23.930  -0.262  -17.820 1.0000000000
80382  -26.080  -0.152  -19.104 0.8888888955
81115  -17.545  0.577  -12.156 0.1111111119
81169  -28.899  1.036  -15.860 0.5555555820
81206  -23.121  0.698  -17.996 1.0000000000
81955  -16.955  1.986  -12.289 0.2222222239
81976  -32.999  1.539  -13.670 0.1111111119
82004  -18.517  1.633  -15.414 0.5555555820
82020  -20.505  1.205  -17.169 0.8888888955
82021  -27.868  1.655  -16.838 0.6666666865
82045  -23.913  0.894  -18.376 0.8888888955
82048  -25.828  0.943  -18.531 0.7777777910
82812  -16.787  3.088  -11.521 0.1111111119
82899  -21.119  2.057  -17.838 1.0000000000
82913  -22.426  1.692  -18.322 0.8888888955
82917  -24.699  2.527  -18.479 0.8888888955
83696  -16.336  4.091  -11.486 0.1111111119
83703  -16.460  3.558  -11.546 0.1111111119
83715  -16.467  3.370  -12.147 0.1111111119
83775  -18.996  3.727  -16.436 0.5555555820
83776  -26.543  3.767  -17.162 0.7777777910
83802  -21.094  3.708  -18.328 0.7777777910
83803  -22.410  3.081  -18.765 0.8888888955
83805  -23.550  3.186  -18.797 0.8888888955
84577  -32.063  4.477  -13.648 0.1111111119
84597  -30.650  4.723  -13.624 0.1111111119
84620  -27.402  4.479  -16.216 0.6666666865
84629  -20.546  4.466  -18.096 0.6666666865
84630  -25.365  4.344  -17.784 0.6666666865
85411  -17.354  5.530  -14.367 0.2222222239
85432  -17.978  5.605  -15.592 0.3333333433
85444  -26.234  6.040  -16.640 0.6666666865
85466  -22.671  5.147  -18.552 0.6666666865
86278  -31.476  6.108  -13.752 0.1111111119
86282  -17.519  6.156  -14.493 0.1111111119
86290  -28.737  6.445  -14.220 0.3333333433
86299  -26.776  7.206  -15.853 0.5555555820
86325  -20.876  7.187  -18.085 0.6666666865
86327  -24.336  6.462  -17.889 0.6666666865
87225  -18.114  6.948  -15.155 0.1111111119
87235  -31.358  7.390  -14.396 0.1111111119
87238  -17.871  6.642  -14.945 0.1111111119
87263  -24.780  7.495  -17.489 0.6666666865
88135  -31.100  8.085  -14.532 0.1111111119
89014  -28.559  9.392  -13.953 0.2222222239
89813  -28.830  10.862  -14.017 0.3333333433
90590  -28.582  11.659  -14.313 0.1111111119
90608  -29.762  11.919  -14.742 0.1111111119
90609  -30.260  11.869  -15.304 0.1111111119
91374  -28.429  12.324  -14.641 0.2222222239
91386  -28.129  12.809  -15.011 0.3333333433
92992  -29.123  14.195  -15.749 0.2222222239
93865  -29.623  15.743  -17.410 0.1111111119
94653  -28.090  16.075  -16.798 0.1111111119
94669  -28.938  17.084  -18.047 0.1111111119
95980  -28.469  18.607  -19.634 0.1111111119
95993  -21.456  18.057  -22.381 0.1111111119
96629  -26.093  19.057  -18.849 0.1111111119
96630  -26.953  19.128  -18.980 0.1111111119
96637  -25.716  19.413  -19.296 0.1111111119
119776  -30.334  3.080  -14.135 0.4444444478
120432  -25.263  -2.608  -17.753 0.8888888955
122597  -17.123  2.449  -11.715 0.2222222239
128307  -21.471  -1.055  -16.828 0.8888888955
128606  -23.600  1.457  -18.483 0.8888888955
129516  -32.639  2.912  -13.684 0.1111111119
130461  -22.976  2.376  -18.739 0.8888888955
130856  -19.948  6.102  -17.642 0.5555555820
132703  -30.510  11.195  -15.400 0.1111111119
133315  -25.115  -8.322  -14.715 0.6666666865
133836  -21.511  4.720  -18.536 0.7777777910
134216  -26.167  10.967  -16.431 0.5555555820
134252  -26.260  -5.087  -16.513 0.6666666865
134313  -16.325  3.959  -12.016 0.1111111119
135951  -26.244  -25.100  -9.200 0.1111111119
138140  -30.973  4.124  -13.583 0.1111111119
138978  -17.801  -6.011  -10.569 0.1111111119
139053  -18.589  4.402  -16.206 0.5555555820
139253  -27.724  3.822  -16.210 0.6666666865
139992  -17.798  -1.573  -11.719 0.1111111119
141054  -30.698  -2.385  -15.432 0.4444444478
141216  -25.878  6.593  -16.799 0.6666666865
141375  -26.974  -1.574  -18.927 0.8888888955
142441  -24.819  0.788  -18.654 0.8888888955
142449  -29.213  3.644  -14.944 0.5555555820
142535  -24.868  -22.597  -10.983 0.2222222239
142787  -22.367  15.716  -20.724 0.1111111119
142972  -21.185  5.454  -18.408 0.7777777910
