#!ascii label  , from subject sub-v2s17x50047_ses-1 vox2ras=TkReg
835
29476  28.266  -54.159  63.417 0.0000000000
59954  44.786  -22.419  51.924 0.0000000000
59032  55.588  -22.508  50.075 0.0000000000
49763  46.134  -33.042  62.616 0.0000000000
34401  34.387  -48.670  59.383 0.0000000000
28570  32.242  -55.249  58.740 0.0000000000
132945  50.426  -22.355  53.054 0.0000000000
124215  49.156  -25.430  55.672 0.0000000000
132048  41.096  -36.862  61.196 0.0000000000
35398  39.365  -47.968  60.271 0.0000000000
64732  59.880  -17.320  44.625 0.0000000000
62883  53.122  -18.550  48.077 0.0000000000
51778  42.759  -31.806  56.731 0.0000000000
55325  47.279  -27.258  58.755 0.0000000000
31400  31.120  -51.875  60.293 0.0000000000
29493  29.608  -54.427  60.697 0.0000000000
60924  47.437  -21.833  52.518 0.0000000000
131743  51.190  -23.584  55.625 0.0000000000
58981  48.016  -23.197  55.734 0.0000000000
41273  45.079  -42.688  57.971 0.0000000000
135679  36.322  -51.650  58.689 0.0000000000
35401  36.672  -48.851  60.448 0.0000000000
32426  38.836  -51.670  58.201 0.0000000000
66551  57.833  -15.374  46.373 0.0000000000
63828  57.054  -18.368  44.811 0.0000000000
64713  55.819  -16.513  47.745 0.0000000000
60968  53.409  -21.115  50.068 0.0000000000
61943  52.277  -20.464  47.401 0.0000000000
61932  54.635  -20.505  48.443 0.0000000000
60995  54.165  -21.140  46.074 0.0000000000
59075  54.228  -23.363  47.380 0.0000000000
48845  43.142  -34.355  62.299 0.0000000000
49787  41.218  -33.477  60.534 0.0000000000
51700  43.939  -31.783  61.902 0.0000000000
53610  44.644  -29.889  58.481 0.0000000000
53575  46.751  -29.518  61.657 0.0000000000
53582  49.840  -28.922  60.349 0.0000000000
50748  48.750  -32.583  60.736 0.0000000000
31409  33.101  -52.067  58.912 0.0000000000
60001  51.113  -23.169  49.810 0.0000000000
59948  54.720  -22.438  52.250 0.0000000000
58990  53.796  -23.697  54.392 0.0000000000
56244  51.135  -26.436  54.058 0.0000000000
41240  40.669  -42.104  60.867 0.0000000000
43298  42.256  -40.661  61.207 0.0000000000
45116  44.123  -38.956  60.483 0.0000000000
121222  45.491  -37.122  60.160 0.0000000000
48885  45.917  -34.834  59.255 0.0000000000
39223  38.509  -44.121  59.994 0.0000000000
37327  41.036  -46.534  59.369 0.0000000000
64778  58.883  -17.487  41.249 0.0000000000
65624  52.847  -15.953  48.520 0.0000000000
63812  53.716  -18.785  46.294 0.0000000000
60063  53.517  -22.095  44.262 0.0000000000
57132  46.274  -25.384  55.089 0.0000000000
56225  48.196  -26.499  57.908 0.0000000000
53624  49.759  -29.056  57.857 0.0000000000
28541  28.260  -55.478  62.386 0.0000000000
29494  29.274  -54.443  61.608 0.0000000000
126467  29.564  -55.178  61.034 0.0000000000
59952  45.934  -21.923  52.362 0.0000000000
60893  47.319  -21.925  54.019 0.0000000000
59925  46.384  -22.789  54.094 0.0000000000
32428  37.002  -51.782  58.612 0.0000000000
134460  55.523  -15.108  46.915 0.0000000000
65631  57.047  -16.034  47.381 0.0000000000
66542  55.829  -15.278  47.639 0.0000000000
123933  54.898  -21.012  50.316 0.0000000000
60967  54.394  -20.628  49.925 0.0000000000
60977  55.541  -21.621  49.125 0.0000000000
60022  55.342  -22.060  47.549 0.0000000000
48843  45.096  -34.047  62.492 0.0000000000
50721  42.940  -33.135  62.147 0.0000000000
51685  44.974  -31.725  62.427 0.0000000000
52682  45.024  -30.704  61.809 0.0000000000
51683  46.161  -31.320  62.437 0.0000000000
51696  48.102  -30.901  61.520 0.0000000000
49775  47.348  -33.399  61.562 0.0000000000
31410  32.199  -52.361  59.167 0.0000000000
29523  32.405  -54.206  58.529 0.0000000000
30457  34.323  -53.699  58.197 0.0000000000
59969  49.188  -22.563  51.905 0.0000000000
59024  49.234  -23.628  50.384 0.0000000000
59968  50.275  -22.903  51.796 0.0000000000
59966  52.395  -22.385  51.056 0.0000000000
121641  52.470  -22.538  53.248 0.0000000000
59935  54.169  -22.853  53.637 0.0000000000
60903  52.397  -22.475  54.036 0.0000000000
57122  49.769  -24.583  55.462 0.0000000000
57120  52.110  -25.083  55.113 0.0000000000
57130  50.333  -25.481  54.575 0.0000000000
55356  50.471  -27.476  53.807 0.0000000000
55357  49.611  -27.313  54.431 0.0000000000
40209  41.813  -43.442  60.216 0.0000000000
41251  41.743  -42.141  60.989 0.0000000000
138991  42.358  -42.466  60.641 0.0000000000
43312  44.603  -40.301  59.913 0.0000000000
46005  44.852  -37.658  60.267 0.0000000000
36375  37.568  -47.606  60.662 0.0000000000
38233  37.857  -46.049  59.917 0.0000000000
37291  38.878  -45.909  60.437 0.0000000000
38230  39.717  -44.735  60.210 0.0000000000
37328  40.336  -46.991  59.896 0.0000000000
66564  59.272  -15.515  45.419 0.0000000000
64758  59.522  -17.728  42.938 0.0000000000
63829  55.746  -18.597  44.521 0.0000000000
120082  52.577  -19.550  47.535 0.0000000000
62900  50.971  -19.431  46.766 0.0000000000
63802  51.867  -18.047  47.952 0.0000000000
64715  51.225  -16.682  47.541 0.0000000000
63801  52.756  -17.647  48.479 0.0000000000
64694  53.827  -16.840  48.656 0.0000000000
133865  53.408  -18.628  47.488 0.0000000000
60049  54.040  -22.249  45.549 0.0000000000
61003  54.039  -21.736  45.376 0.0000000000
133988  40.566  -37.944  61.329 0.0000000000
132782  40.823  -35.653  60.207 0.0000000000
140761  42.122  -32.447  58.122 0.0000000000
49812  40.335  -33.184  58.129 0.0000000000
54492  45.778  -28.566  58.542 0.0000000000
53647  45.022  -29.147  56.153 0.0000000000
54506  45.999  -27.879  57.217 0.0000000000
56238  46.009  -26.746  55.311 0.0000000000
131310  46.670  -26.609  57.025 0.0000000000
57107  47.722  -25.779  57.326 0.0000000000
56214  47.999  -26.820  58.811 0.0000000000
52711  50.430  -30.605  59.998 0.0000000000
53608  50.175  -28.782  58.924 0.0000000000
52739  50.923  -30.771  57.942 0.0000000000
52751  50.741  -30.967  56.895 0.0000000000
30439  30.104  -53.334  60.379 0.0000000000
28560  30.487  -54.500  59.110 0.0000000000
27671  31.210  -55.791  58.926 0.0000000000
27660  30.488  -55.151  59.209 0.0000000000
60922  48.944  -21.926  53.099 0.0000000000
120443  50.789  -22.217  54.315 0.0000000000
60877  49.208  -22.196  54.621 0.0000000000
122934  49.595  -23.091  55.721 0.0000000000
58057  48.986  -24.146  56.207 0.0000000000
33444  35.183  -50.395  59.438 0.0000000000
34399  35.803  -48.756  60.206 0.0000000000
33428  36.543  -50.115  59.680 0.0000000000
33442  37.412  -50.401  59.408 0.0000000000
125107  38.824  -49.466  59.672 0.0000000000
34438  40.089  -49.303  58.845 0.0000000000
33463  39.998  -51.004  58.443 0.0000000000
64723  59.025  -16.616  46.050 0.0000000000
63827  58.093  -18.196  44.889 0.0000000000
64724  58.133  -17.040  46.580 0.0000000000
63821  56.519  -17.949  45.615 0.0000000000
63822  55.288  -18.141  45.452 0.0000000000
129389  51.779  -21.963  48.818 0.0000000000
60981  52.364  -21.303  48.614 0.0000000000
61933  53.822  -20.127  48.493 0.0000000000
132989  54.053  -20.134  48.008 0.0000000000
61948  54.189  -20.511  47.113 0.0000000000
61940  54.684  -20.746  47.730 0.0000000000
138520  54.893  -22.107  46.757 0.0000000000
47875  41.872  -35.442  61.700 0.0000000000
48860  41.085  -34.613  60.558 0.0000000000
49777  41.878  -33.747  61.579 0.0000000000
50751  42.631  -32.659  61.137 0.0000000000
51758  43.485  -31.584  58.944 0.0000000000
51776  43.700  -31.128  57.555 0.0000000000
123255  44.429  -30.741  60.143 0.0000000000
53595  45.582  -29.309  59.943 0.0000000000
54465  46.990  -28.332  60.848 0.0000000000
55297  47.959  -27.561  60.522 0.0000000000
54451  48.234  -28.643  61.280 0.0000000000
52695  48.957  -30.326  61.246 0.0000000000
50759  49.891  -32.729  59.581 0.0000000000
33432  31.773  -50.766  59.828 0.0000000000
32387  32.798  -50.722  59.471 0.0000000000
33445  34.094  -50.358  59.419 0.0000000000
32430  35.062  -51.841  58.598 0.0000000000
132890  35.655  -54.225  57.779 0.0000000000
60000  51.828  -22.407  49.581 0.0000000000
120172  54.009  -21.560  51.131 0.0000000000
59964  55.459  -22.405  51.278 0.0000000000
58085  55.421  -23.673  52.367 0.0000000000
58081  54.694  -24.601  53.450 0.0000000000
57137  53.882  -25.922  53.977 0.0000000000
58976  52.562  -23.517  55.262 0.0000000000
57128  52.995  -25.364  54.863 0.0000000000
42282  39.655  -41.471  60.221 0.0000000000
43300  40.116  -40.215  61.125 0.0000000000
43286  40.838  -39.984  61.640 0.0000000000
45097  41.318  -38.584  61.981 0.0000000000
42280  43.548  -41.428  60.231 0.0000000000
43297  43.135  -40.168  60.754 0.0000000000
45996  42.736  -37.912  61.455 0.0000000000
46948  43.723  -36.683  61.545 0.0000000000
47886  44.742  -35.655  61.716 0.0000000000
47884  45.937  -34.962  61.169 0.0000000000
48868  46.482  -34.717  60.784 0.0000000000
141759  45.711  -35.428  59.785 0.0000000000
40200  39.542  -43.474  60.230 0.0000000000
38243  40.342  -44.484  60.059 0.0000000000
38258  41.971  -45.176  58.858 0.0000000000
35428  41.047  -48.482  58.459 0.0000000000
36400  42.240  -47.682  58.007 0.0000000000
64794  59.902  -17.177  40.979 0.0000000000
66544  53.850  -15.243  47.909 0.0000000000
65622  54.324  -15.930  48.522 0.0000000000
64714  54.898  -17.216  47.519 0.0000000000
62911  53.858  -19.077  45.204 0.0000000000
128925  53.688  -20.072  46.243 0.0000000000
61960  53.648  -20.766  45.120 0.0000000000
61975  53.573  -20.949  44.188 0.0000000000
142974  39.898  -34.181  58.941 0.0000000000
57139  44.775  -25.474  52.938 0.0000000000
134101  45.375  -23.748  53.546 0.0000000000
58072  46.892  -24.058  55.396 0.0000000000
57113  48.402  -24.998  56.650 0.0000000000
57112  48.623  -25.564  56.665 0.0000000000
55322  49.297  -27.207  59.577 0.0000000000
55336  48.862  -27.322  58.122 0.0000000000
133366  48.987  -27.470  56.294 0.0000000000
53646  49.770  -29.298  55.178 0.0000000000
49785  47.736  -33.786  60.721 0.0000000000
49798  48.752  -33.428  59.572 0.0000000000
29485  28.735  -54.450  62.491 0.0000000000
144798  28.246  -54.764  62.848 0.0000000000
28540  29.016  -55.298  61.795 0.0000000000
128321  45.360  -22.011  51.896 0.0000000000
59937  46.310  -22.075  53.129 0.0000000000
59953  45.309  -22.423  52.476 0.0000000000
66543  54.729  -15.179  47.677 0.0000000000
59983  55.482  -22.104  50.620 0.0000000000
60966  55.204  -20.975  49.724 0.0000000000
60965  55.514  -21.771  49.918 0.0000000000
59999  55.594  -22.165  49.385 0.0000000000
59051  55.547  -22.644  49.245 0.0000000000
49764  45.272  -33.165  62.664 0.0000000000
49765  44.349  -33.322  62.588 0.0000000000
50718  45.496  -32.296  62.700 0.0000000000
51684  45.651  -31.493  62.531 0.0000000000
50717  46.312  -32.118  62.511 0.0000000000
50733  47.240  -32.324  61.838 0.0000000000
50734  46.771  -32.945  62.197 0.0000000000
29512  31.275  -54.337  58.814 0.0000000000
29511  32.371  -54.908  58.694 0.0000000000
28569  33.246  -55.467  58.836 0.0000000000
59951  49.675  -22.335  52.644 0.0000000000
59950  50.883  -22.690  52.344 0.0000000000
60935  52.034  -22.714  51.974 0.0000000000
60920  51.473  -22.513  52.985 0.0000000000
60904  51.498  -22.335  53.809 0.0000000000
57131  49.626  -25.603  54.831 0.0000000000
56245  49.932  -26.372  54.251 0.0000000000
56237  49.303  -26.358  54.941 0.0000000000
40220  42.434  -43.598  59.536 0.0000000000
41261  42.527  -43.032  60.276 0.0000000000
41260  43.177  -43.146  59.423 0.0000000000
35399  38.410  -48.258  60.502 0.0000000000
36358  37.717  -46.847  60.498 0.0000000000
36374  38.493  -47.429  60.652 0.0000000000
37292  38.023  -46.177  60.223 0.0000000000
37310  38.643  -46.680  60.575 0.0000000000
37309  39.622  -46.597  60.406 0.0000000000
36373  39.804  -47.333  60.280 0.0000000000
65650  59.720  -16.510  45.218 0.0000000000
66563  59.836  -15.736  44.661 0.0000000000
65649  60.169  -16.573  44.439 0.0000000000
64743  60.375  -17.130  43.862 0.0000000000
64744  59.806  -17.675  43.840 0.0000000000
62884  52.649  -18.608  47.946 0.0000000000
62885  51.835  -18.978  47.463 0.0000000000
63800  53.517  -17.659  48.386 0.0000000000
59112  53.609  -22.830  45.839 0.0000000000
60050  53.210  -22.590  44.894 0.0000000000
45984  41.009  -37.117  61.223 0.0000000000
46949  40.812  -36.511  60.431 0.0000000000
47888  41.020  -35.909  60.518 0.0000000000
50789  42.494  -32.177  57.416 0.0000000000
50805  42.075  -32.263  56.683 0.0000000000
54476  46.627  -27.976  59.147 0.0000000000
54507  45.565  -28.531  57.572 0.0000000000
54491  46.300  -27.866  58.163 0.0000000000
55342  46.238  -27.295  56.911 0.0000000000
55337  46.760  -27.099  57.727 0.0000000000
56215  47.553  -26.720  58.221 0.0000000000
55324  47.896  -27.033  59.400 0.0000000000
51736  50.832  -31.088  59.308 0.0000000000
52725  50.955  -30.454  58.788 0.0000000000
51756  51.079  -31.625  58.461 0.0000000000
51775  51.226  -31.756  57.557 0.0000000000
30432  29.485  -53.725  61.398 0.0000000000
30431  29.799  -53.111  61.111 0.0000000000
29503  29.758  -53.869  60.461 0.0000000000
130973  30.604  -54.358  59.129 0.0000000000
130675  29.986  -54.341  59.790 0.0000000000
28561  29.899  -54.923  60.022 0.0000000000
60938  47.323  -21.873  51.619 0.0000000000
59971  47.312  -21.982  50.977 0.0000000000
60937  47.982  -21.958  52.123 0.0000000000
60936  48.674  -22.081  52.485 0.0000000000
60923  48.240  -21.804  52.849 0.0000000000
60906  49.230  -21.964  53.668 0.0000000000
60907  48.515  -21.780  53.479 0.0000000000
59910  47.623  -22.729  55.167 0.0000000000
59909  48.335  -22.665  55.311 0.0000000000
58980  48.854  -23.248  55.868 0.0000000000
58979  49.366  -23.585  55.907 0.0000000000
58966  48.814  -23.805  56.178 0.0000000000
32408  35.668  -51.158  59.013 0.0000000000
33443  36.078  -50.521  59.394 0.0000000000
32407  36.514  -51.112  59.030 0.0000000000
32427  37.868  -51.754  58.397 0.0000000000
33441  38.341  -50.472  59.093 0.0000000000
34440  38.065  -49.815  59.743 0.0000000000
33440  39.114  -50.178  58.991 0.0000000000
66566  57.040  -15.066  45.466 0.0000000000
66550  58.592  -15.701  46.089 0.0000000000
65639  58.129  -16.155  46.558 0.0000000000
65630  57.606  -16.346  46.933 0.0000000000
123655  56.661  -16.531  47.345 0.0000000000
64725  57.157  -17.259  46.594 0.0000000000
64726  55.764  -17.369  46.631 0.0000000000
60969  52.538  -21.554  49.398 0.0000000000
140163  51.775  -21.691  48.327 0.0000000000
60979  54.523  -20.515  49.155 0.0000000000
60986  55.177  -21.239  47.958 0.0000000000
59074  55.084  -22.866  47.845 0.0000000000
59096  54.747  -22.649  47.024 0.0000000000
59097  53.978  -23.119  46.573 0.0000000000
47874  42.902  -35.249  62.209 0.0000000000
48847  41.693  -34.668  61.405 0.0000000000
121451  42.619  -33.829  62.083 0.0000000000
50736  43.305  -32.480  61.981 0.0000000000
51717  43.424  -31.944  60.973 0.0000000000
50750  42.752  -32.278  60.109 0.0000000000
51739  43.834  -31.394  60.015 0.0000000000
51738  44.067  -30.967  59.189 0.0000000000
51716  44.317  -31.220  61.194 0.0000000000
52681  45.593  -30.329  62.044 0.0000000000
52696  45.433  -30.081  61.446 0.0000000000
53576  46.015  -29.698  61.700 0.0000000000
54466  46.355  -28.824  60.506 0.0000000000
53584  46.523  -29.088  61.186 0.0000000000
54452  47.247  -28.789  61.286 0.0000000000
53574  47.621  -29.434  61.555 0.0000000000
50732  48.099  -31.974  61.344 0.0000000000
51715  48.917  -31.539  61.054 0.0000000000
51714  49.664  -31.078  60.559 0.0000000000
50747  49.473  -32.173  60.337 0.0000000000
32389  31.129  -51.131  60.525 0.0000000000
33417  30.931  -50.705  60.363 0.0000000000
32411  32.563  -51.456  59.521 0.0000000000
32410  33.528  -51.165  59.263 0.0000000000
32409  34.593  -51.055  59.119 0.0000000000
32431  34.076  -51.864  58.691 0.0000000000
59023  50.224  -23.623  50.177 0.0000000000
59985  51.751  -22.775  50.447 0.0000000000
60934  53.218  -22.209  51.640 0.0000000000
60933  54.330  -22.085  51.583 0.0000000000
59965  55.124  -22.169  51.444 0.0000000000
59015  55.555  -22.917  51.850 0.0000000000
59947  55.289  -22.618  52.049 0.0000000000
58989  54.317  -23.189  53.932 0.0000000000
128045  54.569  -23.815  53.731 0.0000000000
58074  54.142  -24.636  54.077 0.0000000000
57136  54.236  -25.376  53.760 0.0000000000
57127  53.710  -25.402  54.308 0.0000000000
59906  50.762  -22.727  55.407 0.0000000000
59905  52.136  -22.956  55.295 0.0000000000
58977  51.912  -23.578  55.491 0.0000000000
57129  51.460  -25.561  54.712 0.0000000000
56243  52.465  -26.087  54.579 0.0000000000
56254  53.058  -26.685  53.985 0.0000000000
56255  52.278  -26.881  53.947 0.0000000000
128366  40.142  -41.948  60.713 0.0000000000
42266  40.073  -41.249  60.842 0.0000000000
42265  40.580  -41.534  61.010 0.0000000000
42263  41.601  -41.430  61.259 0.0000000000
42250  40.742  -40.736  61.325 0.0000000000
43299  41.316  -40.741  61.491 0.0000000000
44176  41.077  -39.233  61.937 0.0000000000
44188  41.622  -39.911  61.575 0.0000000000
142667  43.772  -42.672  59.250 0.0000000000
41259  44.137  -41.918  59.401 0.0000000000
44196  43.968  -39.824  60.385 0.0000000000
44186  43.325  -39.329  60.881 0.0000000000
133323  42.646  -38.802  61.300 0.0000000000
45106  43.529  -38.483  61.036 0.0000000000
45980  42.785  -36.989  61.770 0.0000000000
45995  43.765  -37.570  61.170 0.0000000000
45993  45.264  -37.049  60.691 0.0000000000
46946  45.365  -36.156  61.075 0.0000000000
47885  45.446  -35.338  61.447 0.0000000000
47896  45.665  -35.667  60.867 0.0000000000
47905  45.722  -35.650  60.344 0.0000000000
46968  45.577  -36.365  59.917 0.0000000000
36361  35.368  -47.487  59.771 0.0000000000
36360  36.185  -47.441  60.064 0.0000000000
40212  38.108  -43.910  59.931 0.0000000000
40221  38.254  -43.131  59.633 0.0000000000
41253  38.752  -42.820  60.020 0.0000000000
41243  39.257  -42.836  60.209 0.0000000000
40201  39.205  -43.359  60.211 0.0000000000
141221  40.313  -45.206  59.954 0.0000000000
143219  40.816  -44.744  59.746 0.0000000000
39236  41.484  -44.607  59.475 0.0000000000
38259  41.140  -45.536  59.481 0.0000000000
35412  40.332  -48.505  58.973 0.0000000000
126668  42.598  -46.725  57.975 0.0000000000
64777  60.050  -17.374  42.075 0.0000000000
64795  58.180  -17.430  40.403 0.0000000000
60996  51.583  -21.109  47.013 0.0000000000
60997  50.964  -21.209  46.478 0.0000000000
61949  51.443  -20.477  46.713 0.0000000000
65625  51.972  -16.224  48.161 0.0000000000
65634  51.531  -16.051  47.351 0.0000000000
65633  52.411  -15.745  47.901 0.0000000000
120411  52.181  -15.717  46.967 0.0000000000
66535  53.350  -15.535  48.221 0.0000000000
66534  54.160  -15.461  48.269 0.0000000000
65623  53.637  -15.863  48.587 0.0000000000
63811  54.047  -17.964  47.412 0.0000000000
64705  54.309  -17.030  48.351 0.0000000000
63823  54.446  -18.184  46.090 0.0000000000
61010  53.698  -21.632  44.583 0.0000000000
62926  53.567  -20.126  44.596 0.0000000000
61018  53.569  -21.591  43.831 0.0000000000
49788  40.951  -34.126  60.570 0.0000000000
49789  40.650  -34.344  60.127 0.0000000000
49801  40.679  -33.721  59.821 0.0000000000
52740  44.191  -30.530  57.858 0.0000000000
125788  45.337  -28.441  55.731 0.0000000000
56246  46.009  -26.097  54.720 0.0000000000
128187  45.661  -26.102  54.004 0.0000000000
57133  45.882  -25.421  54.363 0.0000000000
58082  45.197  -24.565  53.479 0.0000000000
135026  45.685  -24.820  54.052 0.0000000000
58077  45.748  -24.064  54.060 0.0000000000
133578  46.650  -24.790  55.476 0.0000000000
57106  48.073  -25.776  57.336 0.0000000000
57114  47.973  -24.920  56.846 0.0000000000
56224  48.488  -26.527  57.460 0.0000000000
54462  49.147  -28.151  60.671 0.0000000000
55308  48.895  -26.998  59.819 0.0000000000
141471  49.904  -28.053  60.120 0.0000000000
54490  49.457  -28.043  58.536 0.0000000000
54505  49.198  -28.103  57.190 0.0000000000
55341  48.829  -27.126  57.103 0.0000000000
54517  49.282  -28.317  55.824 0.0000000000
53636  49.641  -29.209  56.554 0.0000000000
52766  50.783  -31.072  55.853 0.0000000000
47904  46.145  -34.867  60.112 0.0000000000
48867  47.143  -34.374  60.244 0.0000000000
139867  46.603  -34.459  59.520 0.0000000000
60940  45.874  -21.839  51.535 0.0000000000
60939  46.632  -21.807  51.929 0.0000000000
60908  47.800  -21.759  53.362 0.0000000000
60909  47.020  -21.886  53.274 0.0000000000
123484  46.635  -22.244  53.810 0.0000000000
138439  46.979  -22.577  54.571 0.0000000000
31419  36.536  -52.448  58.260 0.0000000000
31418  37.534  -52.518  58.165 0.0000000000
66552  57.004  -15.189  46.730 0.0000000000
66540  57.418  -15.707  46.989 0.0000000000
66541  56.638  -15.492  47.362 0.0000000000
65632  56.137  -15.830  47.878 0.0000000000
60951  54.196  -21.061  50.585 0.0000000000
60978  55.205  -20.990  48.812 0.0000000000
60021  55.488  -21.660  48.364 0.0000000000
60011  55.536  -22.313  48.563 0.0000000000
48844  44.133  -34.198  62.504 0.0000000000
49766  43.426  -33.520  62.387 0.0000000000
50720  43.728  -32.750  62.387 0.0000000000
50735  44.158  -32.039  62.307 0.0000000000
51699  44.624  -31.383  62.080 0.0000000000
51698  45.279  -31.025  62.250 0.0000000000
52669  45.849  -30.809  62.310 0.0000000000
52680  46.240  -30.155  62.066 0.0000000000
52679  47.218  -30.238  61.914 0.0000000000
51697  47.320  -31.282  61.885 0.0000000000
50749  48.045  -32.999  61.167 0.0000000000
31411  31.355  -52.625  59.491 0.0000000000
30446  31.688  -53.369  58.782 0.0000000000
30459  32.693  -53.120  58.571 0.0000000000
31422  33.679  -52.851  58.384 0.0000000000
30458  33.408  -53.910  58.388 0.0000000000
119961  48.610  -22.835  51.143 0.0000000000
59987  49.712  -23.252  51.146 0.0000000000
59986  50.821  -23.268  50.833 0.0000000000
59967  51.416  -22.915  51.411 0.0000000000
140470  52.591  -22.602  52.460 0.0000000000
60919  53.621  -22.487  52.511 0.0000000000
59949  54.248  -22.615  52.983 0.0000000000
59936  53.377  -22.620  53.476 0.0000000000
59919  53.198  -22.747  54.221 0.0000000000
58991  53.052  -23.041  54.885 0.0000000000
58069  50.633  -23.938  55.646 0.0000000000
58068  51.608  -24.166  55.458 0.0000000000
57121  50.965  -24.700  55.109 0.0000000000
138374  49.895  -28.116  54.091 0.0000000000
53654  49.916  -28.920  54.218 0.0000000000
40210  41.038  -43.219  60.538 0.0000000000
41252  41.123  -42.444  60.836 0.0000000000
122668  41.851  -42.830  60.707 0.0000000000
42281  42.498  -41.631  60.763 0.0000000000
42292  44.737  -41.311  59.062 0.0000000000
44195  44.664  -39.460  59.894 0.0000000000
45115  44.317  -38.103  60.586 0.0000000000
44194  44.749  -38.454  59.906 0.0000000000
46004  45.147  -37.629  59.948 0.0000000000
35381  36.780  -47.889  60.507 0.0000000000
36359  36.951  -47.107  60.349 0.0000000000
39238  37.333  -45.325  59.448 0.0000000000
38245  37.470  -45.522  59.453 0.0000000000
39212  38.177  -45.011  59.645 0.0000000000
39211  38.690  -44.587  60.034 0.0000000000
123209  39.035  -44.030  60.156 0.0000000000
38231  39.045  -45.067  60.313 0.0000000000
38244  39.642  -45.629  60.276 0.0000000000
64742  61.007  -16.744  43.230 0.0000000000
64757  60.490  -17.365  43.134 0.0000000000
138397  59.043  -17.685  42.112 0.0000000000
63839  56.533  -18.747  43.841 0.0000000000
62899  51.873  -19.810  47.095 0.0000000000
62886  51.048  -18.306  47.246 0.0000000000
64707  51.244  -17.467  47.600 0.0000000000
64706  51.859  -17.086  48.227 0.0000000000
64696  52.648  -16.643  48.657 0.0000000000
61002  54.521  -21.918  46.139 0.0000000000
127534  53.818  -22.093  44.911 0.0000000000
133151  40.385  -38.088  61.014 0.0000000000
50775  41.728  -32.638  58.946 0.0000000000
50776  40.792  -33.017  58.988 0.0000000000
122881  41.285  -32.752  58.139 0.0000000000
122815  40.652  -32.926  56.733 0.0000000000
53609  45.289  -29.201  58.955 0.0000000000
53637  45.057  -29.202  57.017 0.0000000000
54518  45.462  -28.535  56.654 0.0000000000
55350  45.691  -27.614  55.568 0.0000000000
55358  45.538  -27.453  54.789 0.0000000000
55349  46.163  -27.057  56.220 0.0000000000
56233  46.580  -26.123  56.285 0.0000000000
57123  46.707  -25.343  55.915 0.0000000000
139008  47.153  -25.983  57.089 0.0000000000
56226  47.948  -26.420  58.027 0.0000000000
56213  48.316  -26.919  58.728 0.0000000000
133074  50.400  -29.631  59.840 0.0000000000
53594  50.228  -28.712  59.639 0.0000000000
52710  50.664  -29.541  59.154 0.0000000000
53623  50.564  -29.764  58.387 0.0000000000
53635  50.255  -30.025  57.291 0.0000000000
31387  30.450  -51.650  61.037 0.0000000000
31401  30.316  -52.516  60.730 0.0000000000
30438  30.649  -52.980  59.967 0.0000000000
29502  30.293  -53.926  59.591 0.0000000000
28559  31.382  -54.576  58.644 0.0000000000
27670  32.059  -55.857  58.837 0.0000000000
27659  31.326  -55.044  58.797 0.0000000000
27661  30.021  -55.736  59.791 0.0000000000
128740  48.423  -22.273  51.845 0.0000000000
60921  49.743  -22.144  53.371 0.0000000000
120434  50.590  -22.256  53.619 0.0000000000
60905  50.000  -22.103  53.928 0.0000000000
129185  50.135  -22.189  54.423 0.0000000000
59907  50.067  -22.697  55.394 0.0000000000
60892  48.106  -21.830  54.046 0.0000000000
59908  49.225  -22.609  55.279 0.0000000000
58978  50.350  -23.306  55.698 0.0000000000
58070  49.732  -23.870  55.892 0.0000000000
142164  49.335  -24.208  56.044 0.0000000000
124830  49.010  -24.691  56.222 0.0000000000
39234  43.147  -43.925  58.649 0.0000000000
33430  34.897  -49.829  59.659 0.0000000000
34400  35.094  -48.690  59.920 0.0000000000
34420  35.381  -49.341  59.959 0.0000000000
34419  36.185  -49.478  60.069 0.0000000000
123714  36.753  -50.624  59.308 0.0000000000
34418  37.048  -49.699  60.051 0.0000000000
126035  37.496  -49.232  60.304 0.0000000000
34417  38.263  -49.062  60.216 0.0000000000
34416  39.077  -48.828  59.988 0.0000000000
35413  39.768  -48.648  59.589 0.0000000000
34439  39.484  -49.437  59.296 0.0000000000
34456  39.996  -50.189  58.665 0.0000000000
33462  40.610  -50.845  58.197 0.0000000000
64733  59.465  -17.335  45.395 0.0000000000
139127  59.129  -17.977  44.646 0.0000000000
64734  58.762  -17.671  45.732 0.0000000000
63820  57.739  -17.826  45.793 0.0000000000
64712  57.391  -16.619  46.999 0.0000000000
63830  54.549  -18.744  44.857 0.0000000000
60988  51.866  -21.305  47.806 0.0000000000
60980  53.456  -20.601  49.217 0.0000000000
60987  52.824  -20.606  48.285 0.0000000000
61942  53.047  -20.053  47.902 0.0000000000
61941  53.222  -19.648  47.520 0.0000000000
62898  53.458  -19.556  47.434 0.0000000000
60994  54.885  -21.466  46.991 0.0000000000
60037  54.393  -22.439  46.282 0.0000000000
46937  41.380  -36.146  61.217 0.0000000000
47877  41.173  -35.627  60.674 0.0000000000
47876  41.427  -35.384  61.015 0.0000000000
127762  41.541  -34.229  61.288 0.0000000000
49778  41.334  -33.909  61.125 0.0000000000
49767  42.371  -33.583  61.883 0.0000000000
50737  42.483  -33.152  61.810 0.0000000000
143259  41.518  -33.021  60.461 0.0000000000
50762  42.275  -32.445  59.428 0.0000000000
50761  42.839  -32.060  59.176 0.0000000000
50773  42.869  -31.999  58.252 0.0000000000
51777  43.144  -31.693  57.453 0.0000000000
51757  43.863  -31.070  58.345 0.0000000000
52726  44.238  -30.554  58.606 0.0000000000
52713  44.523  -30.301  59.320 0.0000000000
52697  44.882  -30.562  61.000 0.0000000000
52712  45.070  -30.013  60.309 0.0000000000
53596  44.964  -29.720  59.381 0.0000000000
54477  46.086  -28.676  59.533 0.0000000000
124326  46.893  -28.179  60.060 0.0000000000
55310  47.446  -27.493  59.693 0.0000000000
55298  47.510  -27.751  60.381 0.0000000000
54463  48.291  -27.882  60.831 0.0000000000
53583  49.153  -29.214  61.125 0.0000000000
143936  48.084  -30.043  61.619 0.0000000000
52694  49.758  -29.969  60.527 0.0000000000
51737  50.205  -31.674  59.874 0.0000000000
34422  33.850  -49.358  59.215 0.0000000000
32388  31.889  -51.197  59.995 0.0000000000
33431  33.400  -50.044  59.323 0.0000000000
121722  34.215  -49.764  59.438 0.0000000000
32429  35.839  -51.916  58.525 0.0000000000
31421  34.650  -52.699  58.275 0.0000000000
30456  35.235  -53.553  58.010 0.0000000000
31420  35.595  -52.623  58.204 0.0000000000
59984  52.533  -21.977  50.207 0.0000000000
60952  53.323  -21.641  50.808 0.0000000000
120079  54.821  -21.584  50.839 0.0000000000
140180  55.338  -21.964  50.858 0.0000000000
59022  55.487  -23.377  50.549 0.0000000000
59021  55.615  -22.697  51.039 0.0000000000
58092  55.522  -23.507  51.520 0.0000000000
58093  55.156  -24.512  52.000 0.0000000000
58998  54.849  -23.147  53.376 0.0000000000
58080  55.133  -23.771  53.107 0.0000000000
60889  51.632  -22.350  54.409 0.0000000000
58066  53.098  -23.817  54.995 0.0000000000
58067  52.545  -24.339  55.226 0.0000000000
58075  53.408  -24.592  54.705 0.0000000000
56242  53.380  -26.059  54.345 0.0000000000
43327  39.820  -40.377  59.741 0.0000000000
44197  39.899  -39.662  61.001 0.0000000000
42251  40.408  -40.738  61.122 0.0000000000
43287  40.376  -39.882  61.407 0.0000000000
44189  40.135  -39.358  61.377 0.0000000000
45109  40.274  -38.636  61.476 0.0000000000
45098  40.824  -38.561  62.000 0.0000000000
131498  41.171  -37.843  62.039 0.0000000000
41250  43.183  -42.365  60.066 0.0000000000
43314  43.080  -40.910  60.714 0.0000000000
42279  44.431  -41.062  59.824 0.0000000000
43313  43.876  -40.652  60.385 0.0000000000
44187  42.481  -39.664  61.223 0.0000000000
45107  41.931  -38.261  61.809 0.0000000000
45982  41.297  -37.036  61.645 0.0000000000
46936  42.057  -36.401  61.974 0.0000000000
46935  42.774  -36.123  62.048 0.0000000000
46934  43.817  -35.927  61.980 0.0000000000
140335  44.539  -37.101  61.135 0.0000000000
46947  44.664  -36.452  61.353 0.0000000000
47873  43.944  -35.079  62.299 0.0000000000
47872  44.897  -34.857  62.129 0.0000000000
48858  45.686  -34.624  61.927 0.0000000000
48857  46.364  -34.402  61.588 0.0000000000
47895  45.925  -35.140  60.621 0.0000000000
47914  45.469  -35.567  59.085 0.0000000000
35384  34.880  -48.043  59.670 0.0000000000
37311  36.254  -46.425  59.614 0.0000000000
42294  39.183  -41.582  59.501 0.0000000000
41242  39.814  -42.581  60.335 0.0000000000
126182  39.937  -42.966  60.337 0.0000000000
39210  39.236  -44.229  60.195 0.0000000000
39209  40.118  -43.812  60.285 0.0000000000
40199  40.331  -42.819  60.506 0.0000000000
39222  41.041  -44.030  60.075 0.0000000000
39221  41.772  -43.955  59.648 0.0000000000
39235  42.219  -44.298  59.040 0.0000000000
36388  40.191  -47.819  59.675 0.0000000000
36402  40.737  -47.942  58.963 0.0000000000
36387  40.861  -47.356  59.187 0.0000000000
36401  41.410  -47.822  58.532 0.0000000000
37344  41.628  -47.031  58.601 0.0000000000
38278  41.854  -46.132  58.806 0.0000000000
135299  59.721  -17.048  40.089 0.0000000000
66533  55.064  -15.629  48.081 0.0000000000
64704  55.053  -16.219  48.307 0.0000000000
144009  54.259  -16.407  48.587 0.0000000000
62925  53.964  -19.513  44.349 0.0000000000
140886  53.527  -19.281  46.572 0.0000000000
62912  53.602  -19.650  45.454 0.0000000000
125366  53.658  -19.603  44.842 0.0000000000
61987  53.798  -21.062  43.366 0.0000000000
59016  44.219  -23.110  52.001 0.0000000000
48861  40.955  -35.032  60.351 0.0000000000
48876  40.299  -34.966  59.348 0.0000000000
56256  45.268  -26.705  53.703 0.0000000000
130546  44.288  -24.716  52.419 0.0000000000
58088  44.426  -23.873  52.499 0.0000000000
59010  44.785  -23.074  52.542 0.0000000000
58999  45.899  -23.280  53.835 0.0000000000
58992  46.400  -23.461  54.616 0.0000000000
58071  47.672  -23.825  55.944 0.0000000000
58059  47.365  -24.599  56.204 0.0000000000
136547  48.048  -24.226  56.459 0.0000000000
58058  48.471  -24.278  56.456 0.0000000000
56202  48.405  -26.978  59.390 0.0000000000
55323  48.830  -27.080  59.286 0.0000000000
56212  48.593  -27.016  58.550 0.0000000000
135545  49.779  -27.818  59.502 0.0000000000
135165  49.178  -27.313  59.072 0.0000000000
56232  48.839  -26.455  56.174 0.0000000000
55348  49.194  -27.352  55.313 0.0000000000
54522  49.506  -28.245  54.757 0.0000000000
142152  50.110  -29.549  54.432 0.0000000000
53645  50.212  -30.181  56.079 0.0000000000
52777  50.471  -30.329  54.771 0.0000000000
49786  47.058  -34.176  61.164 0.0000000000
49784  48.437  -33.342  60.331 0.0000000000
49811  47.273  -33.971  59.350 0.0000000000
49799  47.997  -33.864  59.909 0.0000000000
50760  49.194  -33.073  59.989 0.0000000000
31399  31.863  -51.801  59.787 0.0000000000
32405  38.120  -51.043  58.720 0.0000000000
32406  37.241  -51.099  58.928 0.0000000000
33415  32.820  -49.690  59.095 0.0000000000
33429  35.722  -49.948  59.745 0.0000000000
33464  39.089  -50.993  58.544 0.0000000000
34421  34.659  -49.271  59.631 0.0000000000
35382  36.165  -48.162  60.290 0.0000000000
35383  35.582  -48.072  59.998 0.0000000000
35400  37.522  -48.504  60.577 0.0000000000
38232  38.400  -45.415  60.018 0.0000000000
39250  42.817  -44.831  58.401 0.0000000000
40211  38.653  -43.415  60.068 0.0000000000
41239  41.112  -41.814  61.133 0.0000000000
41241  40.239  -42.273  60.620 0.0000000000
42264  41.046  -41.315  61.299 0.0000000000
42267  39.804  -42.095  60.403 0.0000000000
42283  39.203  -42.165  59.840 0.0000000000
42293  39.598  -41.007  59.841 0.0000000000
42304  44.852  -41.901  58.524 0.0000000000
44177  40.483  -39.181  61.744 0.0000000000
44178  40.258  -39.078  61.560 0.0000000000
45099  40.401  -38.485  61.585 0.0000000000
45108  41.837  -39.082  61.611 0.0000000000
45117  40.195  -38.261  60.779 0.0000000000
45121  45.051  -38.348  59.382 0.0000000000
45981  41.913  -37.359  62.028 0.0000000000
45983  40.742  -37.707  61.440 0.0000000000
45994  44.630  -37.493  60.742 0.0000000000
45997  40.761  -37.363  60.939 0.0000000000
46938  41.018  -36.522  60.837 0.0000000000
46939  40.891  -36.710  60.603 0.0000000000
46958  45.570  -36.450  60.574 0.0000000000
47887  41.126  -35.146  60.497 0.0000000000
47897  40.658  -34.824  60.011 0.0000000000
48842  45.928  -33.879  62.309 0.0000000000
48846  42.229  -34.564  61.991 0.0000000000
48848  41.353  -34.769  60.832 0.0000000000
48859  41.173  -34.336  60.852 0.0000000000
48869  40.930  -34.519  60.457 0.0000000000
49768  41.976  -34.095  61.735 0.0000000000
49776  46.659  -33.693  61.978 0.0000000000
49800  41.331  -32.945  59.806 0.0000000000
49802  40.251  -34.331  59.480 0.0000000000
49826  40.148  -33.255  57.232 0.0000000000
50719  44.623  -32.477  62.565 0.0000000000
50752  41.791  -33.241  61.116 0.0000000000
50763  42.007  -32.718  60.240 0.0000000000
50774  42.386  -32.331  58.752 0.0000000000
50791  40.913  -32.835  57.370 0.0000000000
51682  46.685  -31.548  62.222 0.0000000000
52668  46.541  -30.837  62.226 0.0000000000
53573  48.433  -29.498  61.467 0.0000000000
53585  45.846  -29.479  60.938 0.0000000000
53625  45.024  -29.139  57.983 0.0000000000
54464  47.630  -28.028  60.972 0.0000000000
55295  49.464  -27.422  60.055 0.0000000000
55296  48.638  -27.421  60.348 0.0000000000
55309  48.086  -27.136  60.005 0.0000000000
55343  45.800  -27.831  56.365 0.0000000000
56227  47.358  -26.364  57.630 0.0000000000
56247  45.665  -26.766  54.396 0.0000000000
56252  54.167  -26.005  53.488 0.0000000000
57105  48.280  -25.886  57.227 0.0000000000
57115  47.272  -25.350  56.778 0.0000000000
57138  45.419  -25.424  53.701 0.0000000000
57142  54.594  -25.294  53.167 0.0000000000
58076  46.170  -24.565  54.740 0.0000000000
58086  55.030  -24.497  52.807 0.0000000000
58087  44.909  -23.797  53.051 0.0000000000
58967  48.386  -23.759  56.205 0.0000000000
58982  47.215  -23.249  55.290 0.0000000000
59007  55.308  -23.077  52.648 0.0000000000
59008  54.912  -22.701  52.895 0.0000000000
59009  45.416  -23.025  53.144 0.0000000000
59920  52.303  -22.611  54.731 0.0000000000
59921  51.382  -22.474  55.073 0.0000000000
59922  50.497  -22.344  54.936 0.0000000000
59923  48.561  -22.191  54.686 0.0000000000
59924  47.769  -22.231  54.676 0.0000000000
59938  46.070  -22.598  53.509 0.0000000000
59989  46.991  -22.222  50.384 0.0000000000
60876  49.807  -22.304  54.834 0.0000000000
60890  49.546  -22.087  54.235 0.0000000000
60891  48.846  -21.912  54.094 0.0000000000
60925  46.672  -21.890  52.638 0.0000000000
60950  55.293  -21.531  50.360 0.0000000000
60953  46.563  -21.809  51.050 0.0000000000
64695  53.309  -16.904  48.785 0.0000000000
65612  53.772  -16.344  48.716 0.0000000000
65613  53.259  -16.308  48.763 0.0000000000
66545  53.055  -15.446  47.537 0.0000000000
120632  39.913  -34.607  58.830 0.0000000000
125701  45.780  -22.359  52.938 0.0000000000
126257  43.433  -31.520  58.089 0.0000000000
129131  51.324  -23.052  55.550 0.0000000000
129413  40.018  -38.839  61.223 0.0000000000
129708  39.254  -47.223  60.541 0.0000000000
134112  46.312  -25.963  55.432 0.0000000000
136824  53.761  -23.004  54.261 0.0000000000
137103  56.306  -15.142  47.108 0.0000000000
139350  50.759  -30.231  59.408 0.0000000000
139458  40.561  -35.414  59.781 0.0000000000
139774  40.345  -46.117  59.944 0.0000000000
140179  44.701  -24.512  52.878 0.0000000000
143975  41.163  -36.087  60.882 0.0000000000
144078  43.274  -31.848  59.810 0.0000000000
144262  41.835  -32.646  59.574 0.0000000000
