#!ascii label  , from subject sub-v2s17x50047_ses-1 vox2ras=TkReg
977
77149  21.044  -4.224  -16.374 0.2500000000
77148  21.631  -4.770  -16.720 0.2500000000
76246  22.224  -5.520  -16.832 0.7500000000
79669  21.114  -1.622  -17.069 0.2500000000
78838  21.149  -2.631  -17.125 0.1250000000
126282  21.355  -1.734  -17.626 0.3750000000
129229  21.968  -3.998  -17.355 0.7500000000
141804  21.408  -4.157  -16.819 0.3750000000
77160  22.471  -4.858  -17.423 0.8750000000
76261  22.949  -5.594  -17.432 0.8750000000
78848  21.750  -2.487  -17.840 0.3750000000
77994  21.677  -3.200  -17.470 0.3750000000
77993  22.488  -3.190  -18.175 0.8750000000
77178  23.753  -4.316  -18.632 1.0000000000
77179  22.888  -4.169  -18.100 0.8750000000
138954  23.582  -5.606  -17.882 1.0000000000
76260  24.165  -5.927  -18.091 1.0000000000
79697  21.631  -0.999  -18.188 0.2500000000
78865  22.403  -2.263  -18.538 0.7500000000
78864  23.221  -2.636  -19.008 0.8750000000
77188  24.873  -3.658  -19.416 1.0000000000
78012  24.269  -3.646  -19.208 1.0000000000
78030  24.020  -2.908  -19.484 1.0000000000
77176  25.496  -4.881  -18.808 1.0000000000
77177  24.663  -4.429  -18.919 1.0000000000
76281  24.798  -5.459  -18.533 1.0000000000
76282  24.018  -5.150  -18.412 1.0000000000
79679  21.304  -0.802  -17.456 0.1250000000
79696  22.264  -1.502  -18.724 0.6250000000
78881  23.814  -2.061  -19.765 1.0000000000
78882  22.974  -1.853  -19.211 0.8750000000
133390  25.966  -3.507  -19.529 1.0000000000
77175  26.159  -4.321  -18.968 1.0000000000
77187  25.398  -3.978  -19.241 1.0000000000
77173  27.937  -5.002  -18.500 1.0000000000
76280  26.350  -5.220  -18.647 1.0000000000
84164  21.389  2.625  -17.512 0.2500000000
80573  21.471  -0.080  -17.806 0.3750000000
80604  22.913  -0.665  -19.586 1.0000000000
80588  21.800  -0.257  -18.453 0.6250000000
79714  23.373  -1.335  -19.760 1.0000000000
78895  24.908  -1.914  -20.415 1.0000000000
79731  24.010  -1.358  -20.246 1.0000000000
78011  26.854  -3.688  -19.030 1.0000000000
78894  25.512  -1.994  -20.431 1.0000000000
78026  27.109  -2.868  -19.305 1.0000000000
78010  27.883  -4.052  -18.604 1.0000000000
124996  28.406  -3.271  -18.613 1.0000000000
129672  28.888  -3.967  -18.540 1.0000000000
83255  21.733  2.095  -18.212 0.5000000000
83244  21.476  2.002  -17.620 0.3750000000
82363  21.550  1.495  -17.691 0.3750000000
126978  21.640  0.933  -17.937 0.5000000000
82373  22.297  1.543  -19.249 0.5000000000
81517  23.289  0.863  -20.192 0.8750000000
80622  23.263  0.080  -20.010 1.0000000000
82385  23.680  1.438  -20.599 1.0000000000
79729  25.297  -1.249  -20.574 1.0000000000
133398  24.602  -0.394  -20.642 1.0000000000
79712  26.907  -1.578  -19.834 1.0000000000
79713  26.361  -1.472  -20.307 1.0000000000
78863  28.101  -1.830  -18.773 1.0000000000
139891  27.887  -2.644  -18.852 1.0000000000
78009  29.390  -3.198  -18.442 0.8750000000
84174  21.661  2.738  -18.133 0.5000000000
83266  22.120  2.207  -19.019 0.6250000000
83265  22.665  2.235  -19.809 0.6250000000
83278  23.336  2.215  -20.519 1.0000000000
82386  22.946  1.505  -20.002 0.7500000000
81531  24.684  0.866  -20.847 1.0000000000
139825  27.636  0.125  -19.067 1.0000000000
81501  27.107  0.491  -19.437 1.0000000000
80618  26.500  -0.038  -20.170 1.0000000000
125209  25.780  0.070  -20.554 1.0000000000
80587  27.875  -0.417  -18.945 1.0000000000
79695  27.499  -1.144  -19.334 1.0000000000
80602  26.772  -0.870  -20.038 1.0000000000
80585  29.124  -0.714  -18.177 0.8750000000
79694  28.317  -1.014  -18.633 1.0000000000
78861  29.698  -2.306  -18.217 0.8750000000
84185  22.054  2.919  -18.884 0.5000000000
84184  22.467  2.976  -19.685 0.8750000000
84194  25.102  2.770  -20.700 1.0000000000
83290  24.591  2.044  -21.189 1.0000000000
81492  27.792  0.685  -18.753 1.0000000000
83275  25.988  1.805  -20.030 1.0000000000
81529  25.019  1.030  -20.880 1.0000000000
83253  27.498  2.071  -18.276 1.0000000000
79678  30.047  -0.804  -17.854 1.0000000000
80586  28.451  -0.365  -18.490 1.0000000000
82361  28.018  1.355  -18.287 1.0000000000
80572  29.662  0.120  -17.820 1.0000000000
121790  21.913  3.725  -18.730 0.5000000000
85145  22.348  3.927  -19.702 0.8750000000
84196  23.147  3.769  -20.909 1.0000000000
85144  24.730  4.587  -19.941 1.0000000000
84195  24.560  3.367  -20.938 1.0000000000
84207  23.770  3.599  -21.237 1.0000000000
84162  27.706  3.531  -17.419 1.0000000000
84172  26.503  3.280  -18.394 1.0000000000
140667  28.611  2.548  -17.490 1.0000000000
83243  27.957  2.718  -17.660 1.0000000000
83254  26.752  2.464  -18.662 1.0000000000
82349  29.409  1.434  -17.593 1.0000000000
83252  28.285  2.012  -17.827 1.0000000000
129889  29.738  0.891  -17.642 0.8750000000
129538  22.752  9.274  -18.989 1.0000000000
88491  21.527  8.486  -19.335 0.3750000000
88503  22.098  8.616  -20.038 0.8750000000
86905  24.161  6.271  -19.416 1.0000000000
85122  27.399  4.338  -17.211 1.0000000000
85134  25.617  4.277  -18.615 1.0000000000
90086  22.440  10.315  -18.400 0.8750000000
88481  23.400  9.018  -18.450 1.0000000000
88490  23.043  8.639  -19.226 1.0000000000
88489  23.785  8.040  -18.555 1.0000000000
86895  24.934  6.124  -17.955 1.0000000000
129678  26.602  4.580  -17.517 1.0000000000
86017  26.326  5.382  -17.257 1.0000000000
85111  27.777  4.849  -16.801 1.0000000000
90077  22.237  10.910  -17.978 0.7500000000
88480  24.171  8.620  -17.603 1.0000000000
87729  24.435  7.667  -17.717 1.0000000000
86872  26.578  6.564  -16.429 1.0000000000
86884  25.334  6.522  -17.273 1.0000000000
86883  26.070  6.171  -16.929 1.0000000000
89269  24.334  9.418  -16.990 1.0000000000
87718  24.692  7.981  -17.071 1.0000000000
86873  25.769  7.020  -16.512 1.0000000000
93210  23.928  15.099  -14.366 0.1250000000
94004  24.598  15.708  -14.221 0.1250000000
94014  25.745  15.390  -14.999 0.2500000000
94015  24.822  15.283  -14.734 0.1250000000
93226  25.296  14.678  -15.068 0.3750000000
124470  26.022  16.038  -15.074 0.2500000000
94012  27.024  15.217  -15.535 0.5000000000
94013  26.503  15.625  -15.300 0.2500000000
94024  27.019  15.844  -15.864 0.3750000000
94003  25.388  15.931  -14.675 0.2500000000
94775  26.478  16.434  -15.567 0.2500000000
95505  26.384  17.110  -16.068 0.2500000000
94785  26.818  16.494  -16.399 0.2500000000
95525  26.441  17.148  -16.986 0.2500000000
94794  26.907  16.392  -17.445 0.3750000000
94803  26.658  16.428  -18.504 0.3750000000
94795  26.278  17.065  -17.975 0.2500000000
77984  21.255  -3.595  -16.911 0.2500000000
78839  20.975  -2.398  -16.664 0.1250000000
123679  26.618  -6.095  -18.489 1.0000000000
83292  23.624  2.929  -21.031 0.8750000000
84182  26.127  2.833  -19.192 1.0000000000
76235  20.979  -5.762  -15.310 0.1250000000
75311  22.060  -6.098  -16.352 0.6250000000
75309  23.039  -6.943  -16.868 0.7500000000
77150  20.883  -3.889  -16.248 0.1250000000
75345  24.851  -6.312  -18.225 1.0000000000
138915  25.657  -5.917  -18.493 1.0000000000
76279  27.249  -5.536  -18.510 1.0000000000
80574  21.383  0.079  -17.271 0.3750000000
82351  21.429  1.509  -17.333 0.2500000000
132515  21.526  1.101  -17.488 0.2500000000
78008  29.675  -3.958  -18.585 0.8750000000
79692  30.424  -1.680  -18.017 0.8750000000
141555  30.031  -2.929  -18.312 0.8750000000
79677  30.958  -0.954  -17.851 0.8750000000
87730  20.824  8.045  -16.952 0.1250000000
88482  21.154  7.975  -18.153 0.1250000000
85135  21.662  4.508  -18.384 0.3750000000
85158  22.432  5.013  -20.255 0.6250000000
83242  28.998  2.028  -17.520 1.0000000000
80571  30.606  -0.097  -17.758 0.8750000000
89300  21.774  9.254  -19.330 0.5000000000
89288  22.282  9.697  -18.963 0.8750000000
87760  22.199  7.596  -20.350 0.8750000000
85121  28.286  4.162  -16.891 1.0000000000
85110  29.100  4.476  -16.682 1.0000000000
86004  28.444  5.027  -16.575 1.0000000000
89280  23.624  9.622  -17.756 1.0000000000
86005  26.818  5.845  -16.691 1.0000000000
90063  23.436  11.082  -17.067 0.8750000000
90061  25.295  10.174  -15.838 1.0000000000
88470  25.479  8.585  -16.082 1.0000000000
87703  26.575  7.266  -16.078 1.0000000000
144733  23.066  15.187  -13.362 0.1250000000
93228  23.190  14.512  -14.624 0.1250000000
92373  24.695  13.965  -15.242 0.6250000000
93225  26.410  14.719  -15.226 0.6250000000
93224  27.279  14.530  -15.648 0.5000000000
127091  27.378  15.733  -17.414 0.5000000000
94776  25.923  16.760  -14.863 0.2500000000
143067  26.255  16.998  -15.484 0.2500000000
94031  27.269  15.854  -16.651 0.5000000000
94037  27.230  15.845  -18.201 0.5000000000
95514  25.997  17.838  -16.550 0.1250000000
95526  25.847  17.792  -17.522 0.2500000000
95535  25.640  17.642  -18.453 0.2500000000
94809  26.422  16.395  -19.266 0.3750000000
95542  25.424  17.419  -19.354 0.2500000000
77140  20.941  -4.887  -15.860 0.1250000000
130970  21.162  -5.008  -16.106 0.3750000000
76247  21.571  -5.565  -16.187 0.5000000000
77985  20.903  -3.296  -16.539 0.1250000000
122499  22.692  -6.204  -16.881 0.7500000000
77159  23.258  -4.982  -18.017 0.8750000000
75328  23.510  -6.305  -17.467 1.0000000000
78013  23.460  -3.490  -18.800 1.0000000000
79715  22.741  -1.237  -19.266 0.8750000000
126429  24.522  -2.420  -20.033 1.0000000000
78029  24.706  -3.084  -19.745 1.0000000000
78880  25.147  -2.600  -20.181 1.0000000000
77174  27.050  -4.622  -18.644 1.0000000000
81484  21.492  0.691  -17.500 0.3750000000
134987  21.692  0.447  -18.214 0.5000000000
80605  22.266  0.079  -19.121 0.8750000000
80603  23.645  -0.754  -20.176 1.0000000000
79730  24.653  -1.168  -20.522 1.0000000000
143502  27.627  -3.311  -18.842 1.0000000000
78027  26.434  -3.029  -19.631 1.0000000000
78879  25.839  -2.701  -20.093 1.0000000000
78878  26.558  -2.283  -19.931 1.0000000000
78877  27.360  -2.071  -19.372 1.0000000000
78862  28.733  -2.487  -18.466 1.0000000000
81503  22.617  0.825  -19.576 0.6250000000
81516  24.010  0.615  -20.618 1.0000000000
127780  24.511  2.033  -21.185 1.0000000000
80619  26.146  -0.709  -20.471 1.0000000000
80620  25.114  -0.468  -20.693 1.0000000000
80637  24.902  0.263  -20.795 1.0000000000
126069  28.922  -1.636  -18.314 0.8750000000
137671  30.220  -3.453  -18.513 0.8750000000
83277  23.975  2.163  -21.060 1.0000000000
82397  24.731  1.511  -21.025 1.0000000000
81491  28.438  0.743  -18.240 1.0000000000
80601  27.248  -0.312  -19.542 1.0000000000
81514  25.970  0.584  -20.439 1.0000000000
81502  26.482  0.634  -19.976 1.0000000000
84183  25.579  3.271  -19.799 1.0000000000
84205  24.455  2.629  -21.183 1.0000000000
83264  25.761  2.416  -20.031 1.0000000000
83276  25.363  1.852  -20.666 1.0000000000
82362  27.359  1.256  -18.852 1.0000000000
82383  25.597  1.168  -20.584 1.0000000000
83263  26.345  1.939  -19.513 1.0000000000
82350  28.692  1.378  -17.843 1.0000000000
81483  29.106  0.769  -17.840 1.0000000000
131053  22.068  4.909  -19.362 0.6250000000
85157  22.717  4.339  -20.581 0.7500000000
86059  23.322  4.846  -21.023 1.0000000000
85156  24.328  4.266  -20.826 1.0000000000
86048  23.779  5.044  -20.818 1.0000000000
85155  24.961  3.740  -20.321 1.0000000000
86038  24.445  5.427  -19.654 1.0000000000
86027  25.008  4.863  -18.844 1.0000000000
84161  28.608  3.257  -17.213 1.0000000000
85133  26.197  4.057  -18.145 1.0000000000
84173  25.881  3.619  -18.901 1.0000000000
139780  21.915  8.715  -19.967 0.7500000000
88502  22.626  8.216  -19.894 1.0000000000
88504  22.004  8.119  -20.301 0.7500000000
86915  23.782  5.882  -20.298 1.0000000000
86028  24.669  5.764  -18.728 1.0000000000
86916  23.128  6.702  -20.359 1.0000000000
86906  23.610  6.692  -19.880 1.0000000000
85123  25.740  4.870  -17.950 1.0000000000
90076  23.005  10.579  -17.835 0.8750000000
87739  23.840  7.170  -19.169 1.0000000000
126450  24.254  7.261  -18.340 1.0000000000
86018  25.597  5.748  -17.569 1.0000000000
86896  24.433  6.569  -18.544 1.0000000000
86016  27.108  5.107  -16.978 1.0000000000
88471  24.796  8.617  -16.712 1.0000000000
86885  24.692  6.874  -17.767 1.0000000000
87717  25.264  7.861  -16.528 1.0000000000
89268  25.000  9.357  -16.259 1.0000000000
90075  23.840  10.253  -17.148 1.0000000000
136667  23.166  14.861  -13.996 0.1250000000
93227  24.160  14.675  -14.913 0.3750000000
94023  27.439  15.244  -16.085 0.5000000000
94804  26.079  16.956  -18.910 0.2500000000
76234  21.154  -5.595  -15.645 0.2500000000
76228  20.735  -5.314  -14.380 0.1250000000
75296  21.559  -6.414  -15.641 0.6250000000
75327  24.250  -6.592  -17.797 1.0000000000
86886  21.337  6.864  -18.220 0.5000000000
86060  22.819  5.081  -20.794 0.8750000000
86050  22.174  5.813  -20.070 0.7500000000
86049  22.535  5.865  -20.526 0.8750000000
134286  21.680  7.177  -19.881 0.7500000000
86907  21.875  6.544  -20.009 0.8750000000
86917  22.519  6.783  -20.438 1.0000000000
87759  22.594  7.496  -20.257 1.0000000000
141296  24.086  10.738  -16.685 1.0000000000
132380  26.077  9.991  -15.458 1.0000000000
132578  26.772  7.974  -15.659 1.0000000000
92374  23.316  14.006  -15.236 0.3750000000
92372  25.837  13.859  -15.205 0.7500000000
92371  26.810  13.758  -15.398 0.7500000000
94810  25.901  16.681  -19.819 0.2500000000
71561  23.039  -10.240  -15.238 0.7500000000
71573  24.739  -10.796  -16.129 0.7500000000
72517  22.479  -9.427  -15.113 0.7500000000
72529  25.382  -10.422  -16.610 0.7500000000
71560  23.905  -10.297  -15.836 0.7500000000
72516  23.305  -9.502  -15.785 0.7500000000
71588  25.950  -9.973  -17.064 0.7500000000
72530  25.043  -9.480  -16.822 0.7500000000
72531  24.116  -9.476  -16.360 0.7500000000
74396  22.670  -7.473  -16.264 0.7500000000
75310  22.314  -6.752  -16.286 0.6250000000
73466  24.334  -8.732  -16.844 0.7500000000
74395  23.748  -8.085  -16.850 0.8750000000
144441  23.283  -7.576  -16.734 0.8750000000
72548  26.460  -9.597  -17.344 0.7500000000
73485  25.809  -9.170  -17.285 0.7500000000
73486  25.128  -8.617  -17.239 0.7500000000
74411  24.520  -7.963  -17.308 0.8750000000
74412  23.857  -7.251  -17.316 0.8750000000
73484  26.607  -8.869  -17.613 0.7500000000
131983  25.811  -8.496  -17.529 0.7500000000
74410  25.376  -7.907  -17.629 0.8750000000
75326  24.854  -7.149  -17.826 0.8750000000
74428  26.638  -7.379  -18.198 0.7500000000
74429  25.776  -7.295  -18.028 0.8750000000
75344  26.166  -6.685  -18.328 0.8750000000
75342  28.429  -6.819  -18.616 0.8750000000
75343  27.495  -6.417  -18.468 0.8750000000
76278  28.165  -5.901  -18.529 0.8750000000
76293  31.126  -6.207  -20.127 0.3750000000
76294  30.372  -6.001  -19.520 0.6250000000
76277  29.650  -5.714  -18.956 0.7500000000
127871  28.814  -5.376  -18.619 0.7500000000
75374  32.055  -6.285  -20.446 0.5000000000
77186  30.756  -5.262  -19.670 0.5000000000
77185  31.321  -4.402  -19.621 0.7500000000
77171  30.373  -4.377  -18.940 0.7500000000
76319  33.327  -5.176  -20.991 0.1250000000
141117  32.484  -4.410  -20.505 0.3750000000
78007  31.007  -3.526  -18.761 0.6250000000
77202  34.708  -4.499  -21.404 0.1250000000
77203  33.862  -4.532  -21.285 0.1250000000
78041  32.662  -3.694  -20.381 0.1250000000
78892  32.898  -2.811  -20.203 0.1250000000
78876  32.098  -2.743  -18.978 0.6250000000
78859  32.146  -2.110  -18.581 0.6250000000
126554  31.423  -1.808  -18.157 0.7500000000
130682  34.021  -3.161  -21.335 0.1250000000
79742  34.276  -1.561  -21.039 0.1250000000
79710  33.063  -1.408  -19.359 0.1250000000
79690  32.184  -1.293  -18.360 0.5000000000
79691  31.671  -0.958  -18.057 0.6250000000
80570  31.474  -0.235  -17.906 0.7500000000
78051  35.219  -3.689  -21.565 0.1250000000
80599  33.351  -0.530  -19.499 0.5000000000
126298  32.686  0.243  -18.528 0.5000000000
81489  32.046  0.449  -18.038 0.6250000000
81481  31.247  0.587  -17.716 0.7500000000
90837  22.661  11.359  -17.274 0.6250000000
90826  23.157  11.908  -16.657 0.5000000000
90825  23.966  11.454  -16.455 0.7500000000
83251  32.138  2.048  -18.290 0.6250000000
132916  31.176  2.767  -17.591 0.6250000000
122609  29.302  2.732  -17.276 0.8750000000
82370  32.620  1.832  -19.186 0.5000000000
128960  31.727  2.819  -18.036 0.6250000000
84159  30.339  3.099  -17.263 0.7500000000
84160  29.443  3.368  -17.073 0.8750000000
129542  27.696  5.665  -16.490 0.8750000000
86871  27.228  6.331  -16.343 0.8750000000
133975  30.649  3.998  -17.387 0.7500000000
85109  29.791  4.798  -16.837 0.8750000000
86003  29.315  5.289  -16.591 0.8750000000
123232  28.692  5.929  -16.359 0.8750000000
86870  29.144  6.885  -16.307 0.8750000000
138788  32.384  2.659  -19.906 0.3750000000
83261  32.108  2.865  -18.880 0.5000000000
84170  31.677  3.417  -18.370 0.5000000000
85118  31.055  4.467  -17.802 0.6250000000
83274  32.552  2.647  -20.808 0.2500000000
84181  31.995  3.416  -19.735 0.3750000000
85132  31.475  4.080  -18.310 0.5000000000
134175  23.813  12.426  -16.006 0.6250000000
91592  24.908  12.388  -15.476 0.7500000000
90062  24.645  10.834  -16.176 0.8750000000
90811  24.691  11.601  -15.806 0.7500000000
87704  25.988  7.851  -16.008 0.8750000000
88454  27.591  8.172  -15.597 0.7500000000
87716  28.698  7.656  -16.093 0.8750000000
85119  30.441  4.740  -17.287 0.6250000000
86002  30.156  5.491  -17.003 0.7500000000
124281  31.754  3.734  -18.957 0.3750000000
142337  31.519  4.391  -18.881 0.5000000000
87726  30.450  7.082  -17.558 0.7500000000
122569  31.876  3.836  -20.352 0.2500000000
126678  24.191  13.223  -15.465 0.6250000000
90049  25.242  10.976  -15.680 0.8750000000
90048  25.966  10.731  -15.420 0.8750000000
89255  26.567  9.428  -15.420 0.8750000000
90808  27.562  11.132  -15.411 0.7500000000
134212  27.917  8.936  -15.498 0.8750000000
88468  29.622  8.647  -16.847 0.7500000000
86882  30.727  6.336  -18.005 0.5000000000
85154  31.130  5.182  -20.924 0.2500000000
86047  31.066  5.479  -20.015 0.5000000000
86036  31.305  5.046  -19.249 0.5000000000
84193  31.924  3.918  -21.134 0.2500000000
132102  25.292  13.120  -15.291 0.5000000000
131812  26.249  13.022  -15.289 0.6250000000
131875  26.498  12.212  -15.271 0.7500000000
126461  27.377  11.980  -15.411 0.7500000000
91591  28.076  11.681  -15.750 0.7500000000
90807  28.573  11.201  -16.276 0.7500000000
139789  28.185  10.982  -15.698 0.7500000000
91606  27.862  12.536  -15.836 0.7500000000
90060  28.945  10.363  -16.563 0.7500000000
89266  29.243  9.526  -16.749 0.7500000000
90073  29.298  10.145  -17.379 0.7500000000
87738  30.431  7.574  -18.674 0.5000000000
88488  30.141  8.280  -18.729 0.3750000000
131959  30.019  8.636  -17.728 0.6250000000
129787  30.732  6.028  -20.560 0.2500000000
87746  30.544  7.063  -19.129 0.3750000000
87747  30.191  7.673  -19.414 0.3750000000
92382  28.215  12.927  -16.501 0.7500000000
91617  28.587  12.359  -17.038 0.7500000000
90836  28.862  11.749  -17.490 0.7500000000
90084  29.307  10.230  -18.358 0.6250000000
88513  29.423  8.745  -20.275 0.3750000000
130514  29.491  9.551  -18.855 0.3750000000
86057  30.649  5.797  -21.624 0.1250000000
86926  29.861  6.842  -21.818 0.1250000000
87758  29.856  7.698  -20.413 0.2500000000
92370  27.689  13.588  -15.902 0.6250000000
127408  28.134  13.794  -16.845 0.7500000000
92390  28.447  13.129  -17.381 0.6250000000
91624  28.698  12.482  -17.880 0.7500000000
90091  29.164  10.197  -19.257 0.3750000000
90085  28.977  10.942  -18.844 0.3750000000
90074  29.102  11.004  -17.895 0.7500000000
88514  29.058  9.054  -21.130 0.2500000000
89296  29.308  9.519  -19.711 0.3750000000
86936  28.643  6.801  -23.183 0.1250000000
87776  29.290  7.242  -22.290 0.1250000000
86058  30.140  6.206  -22.046 0.1250000000
93237  27.776  14.520  -16.383 0.6250000000
92399  28.502  13.206  -18.294 0.3750000000
92391  28.306  13.904  -17.828 0.3750000000
132061  28.604  12.533  -18.692 0.3750000000
90103  28.372  10.386  -21.574 0.2500000000
90092  28.844  10.798  -19.749 0.3750000000
143517  28.619  12.090  -18.973 0.3750000000
88531  28.196  8.708  -22.853 0.1250000000
89319  28.745  9.717  -21.263 0.3750000000
89297  29.020  10.121  -19.990 0.3750000000
86944  28.222  5.884  -23.995 0.1250000000
88523  28.833  8.673  -21.900 0.1250000000
94042  27.515  15.215  -18.754 0.3750000000
94030  27.634  15.216  -16.933 0.3750000000
93245  27.973  14.570  -17.348 0.3750000000
92410  28.013  13.794  -19.647 0.3750000000
92400  28.254  13.899  -18.764 0.3750000000
91638  27.827  12.845  -21.051 0.3750000000
91634  28.131  12.884  -20.076 0.3750000000
92409  28.392  13.148  -19.161 0.3750000000
90861  28.278  11.320  -21.222 0.3750000000
90855  28.532  11.412  -20.296 0.3750000000
91633  28.406  12.095  -19.976 0.3750000000
89342  27.029  8.932  -24.068 0.1250000000
89326  28.422  9.533  -22.058 0.1250000000
90114  28.009  10.331  -22.313 0.2500000000
87786  27.390  7.456  -24.285 0.1250000000
128556  26.781  14.912  -20.995 0.2500000000
92416  27.050  14.273  -21.207 0.2500000000
93262  27.205  14.671  -20.500 0.3750000000
93256  27.809  14.526  -19.209 0.3750000000
91642  27.064  12.721  -22.764 0.1250000000
92421  27.341  13.485  -21.513 0.3750000000
92415  27.621  13.781  -20.586 0.3750000000
90869  27.433  11.888  -22.622 0.1250000000
90862  27.998  12.132  -21.394 0.2500000000
90123  26.511  10.450  -24.527 0.1250000000
90104  27.686  11.068  -22.479 0.1250000000
143823  26.856  15.603  -19.796 0.3750000000
93257  27.266  15.117  -19.707 0.3750000000
93267  26.530  14.743  -21.605 0.2500000000
92429  26.526  13.608  -22.837 0.1250000000
91647  26.581  12.797  -23.520 0.1250000000
92435  26.071  13.500  -23.714 0.1250000000
131054  26.105  9.637  -25.364 0.1250000000
90892  25.865  11.999  -25.014 0.1250000000
93280  25.250  14.780  -23.679 0.1250000000
133343  25.620  12.949  -24.978 0.1250000000
92436  25.487  14.039  -24.053 0.1250000000
90902  25.155  10.722  -26.486 0.1250000000
90141  25.508  9.902  -26.260 0.1250000000
119873  29.069  -6.283  -18.818 0.6250000000
82359  32.463  1.153  -18.459 0.6250000000
85120  29.849  4.019  -16.959 0.8750000000
86015  30.773  5.435  -17.764 0.5000000000
85142  31.641  4.236  -19.685 0.3750000000
90810  25.674  11.650  -15.411 0.8750000000
90047  26.893  10.359  -15.288 0.8750000000
90046  27.852  10.366  -15.465 0.7500000000
89267  28.800  9.700  -16.138 0.7500000000
135116  29.001  8.966  -16.277 0.7500000000
86894  30.784  6.399  -18.824 0.5000000000
132723  30.618  7.049  -18.304 0.5000000000
88479  30.450  7.779  -17.952 0.7500000000
86904  30.677  6.478  -19.742 0.5000000000
89335  27.358  9.708  -23.556 0.1250000000
92422  26.789  14.012  -21.972 0.2500000000
142904  25.720  13.409  -24.347 0.1250000000
136801  25.362  11.537  -25.869 0.1250000000
78024  32.321  -3.147  -19.654 0.5000000000
134127  31.545  -2.718  -18.598 0.6250000000
78860  30.668  -2.672  -18.277 0.7500000000
133077  32.992  0.835  -19.055 0.3750000000
82396  32.948  2.139  -20.953 0.2500000000
87714  30.057  7.041  -16.824 0.7500000000
90879  27.321  11.195  -23.210 0.1250000000
83288  32.966  2.625  -21.565 0.1250000000
69769  24.031  -11.623  -15.329 0.7500000000
71545  22.853  -10.931  -14.698 0.7500000000
71546  22.372  -10.229  -14.596 0.7500000000
138599  21.951  -9.624  -14.433 0.7500000000
70647  24.788  -11.550  -15.800 0.7500000000
71559  24.175  -11.036  -15.671 0.7500000000
70662  25.630  -11.419  -16.382 0.7500000000
122963  22.435  -8.049  -15.701 0.6250000000
73449  22.836  -8.762  -15.759 0.7500000000
71587  26.755  -10.299  -17.264 0.6250000000
73483  27.625  -9.048  -17.876 0.6250000000
73498  28.186  -8.382  -18.245 0.6250000000
75341  29.383  -7.228  -19.003 0.5000000000
74441  31.136  -7.755  -19.787 0.3750000000
75358  29.928  -6.635  -19.275 0.5000000000
76306  33.589  -5.791  -20.737 0.1250000000
76318  34.171  -5.218  -21.147 0.1250000000
76316  36.025  -5.134  -21.319 0.1250000000
78062  35.808  -3.618  -21.781 0.1250000000
78905  35.621  -2.993  -21.912 0.1250000000
78913  35.522  -2.394  -21.933 0.1250000000
79741  35.081  -1.731  -21.683 0.1250000000
131280  34.169  -0.786  -20.705 0.1250000000
81513  33.704  0.704  -20.555 0.1250000000
82369  33.118  1.202  -19.884 0.2500000000
82382  32.791  1.996  -20.237 0.2500000000
135009  23.157  13.331  -15.807 0.5000000000
84204  31.979  4.099  -22.166 0.1250000000
84203  32.446  3.366  -21.627 0.2500000000
85177  31.239  4.406  -22.670 0.1250000000
86067  30.081  5.429  -22.682 0.1250000000
86075  29.288  5.368  -23.418 0.1250000000
86076  28.638  5.212  -24.005 0.1250000000
86955  27.618  5.865  -24.741 0.1250000000
86085  28.131  5.180  -24.636 0.1250000000
88548  26.932  8.100  -24.669 0.1250000000
125253  25.986  8.053  -26.935 0.1250000000
94770  25.220  16.436  -14.125 0.1250000000
94052  25.667  15.843  -21.498 0.2500000000
94056  25.497  15.476  -22.379 0.1250000000
94057  24.793  15.948  -22.711 0.1250000000
92440  25.238  13.712  -24.839 0.1250000000
93290  24.727  14.563  -24.589 0.1250000000
91663  25.309  12.372  -25.762 0.1250000000
89351  25.366  9.311  -27.045 0.1250000000
91673  24.843  11.619  -26.655 0.1250000000
138805  28.590  -4.623  -18.531 0.7500000000
83240  30.724  2.167  -17.424 0.7500000000
82347  31.017  1.388  -17.537 0.7500000000
90087  22.014  10.365  -18.497 0.3750000000
86858  27.129  6.865  -16.144 0.8750000000
140610  25.450  -6.676  -18.221 0.8750000000
77172  29.458  -4.750  -18.696 0.7500000000
84152  29.049  3.817  -16.839 0.8750000000
89256  25.741  9.335  -15.697 0.8750000000
88456  26.249  8.624  -15.638 0.8750000000
87702  27.334  7.443  -15.870 0.8750000000
94036  27.662  15.225  -17.836 0.3750000000
94043  26.934  15.819  -19.170 0.3750000000
142612  25.576  16.643  -20.425 0.1250000000
94048  25.997  16.108  -20.617 0.2500000000
124003  23.535  -10.955  -15.260 0.7500000000
73450  22.251  -8.629  -15.239 0.7500000000
71574  24.635  -10.077  -16.350 0.7500000000
73467  23.566  -8.782  -16.342 0.7500000000
74378  22.015  -7.310  -15.667 0.6250000000
73468  23.077  -8.126  -16.277 0.7500000000
74409  26.221  -8.001  -17.837 0.7500000000
74408  27.150  -8.175  -18.046 0.7500000000
127905  27.658  -7.380  -18.357 0.7500000000
141335  26.903  -6.789  -18.392 0.8750000000
74427  28.787  -7.761  -18.611 0.6250000000
75356  31.523  -7.052  -20.101 0.2500000000
75357  30.725  -6.934  -19.827 0.5000000000
76276  30.123  -5.219  -19.118 0.7500000000
125286  31.534  -5.432  -20.262 0.5000000000
76308  32.193  -5.499  -20.564 0.2500000000
75373  32.957  -6.443  -20.430 0.1250000000
78053  33.098  -4.341  -20.928 0.2500000000
78042  32.087  -4.002  -19.942 0.3750000000
78025  31.723  -3.416  -19.202 0.6250000000
78052  34.400  -3.804  -21.449 0.1250000000
77201  35.514  -4.425  -21.498 0.1250000000
142857  33.676  -3.862  -21.258 0.1250000000
78874  33.168  -2.031  -19.954 0.1250000000
78891  33.643  -2.388  -20.764 0.1250000000
78875  32.626  -2.268  -19.299 0.5000000000
129414  34.988  -3.004  -21.610 0.1250000000
79727  33.654  -1.286  -20.202 0.1250000000
80584  32.199  -0.425  -18.210 0.6250000000
81500  33.380  0.364  -19.686 0.1250000000
82360  31.815  1.311  -17.873 0.6250000000
83239  31.504  2.102  -17.711 0.6250000000
84158  31.269  3.554  -17.750 0.6250000000
86869  29.702  6.152  -16.627 0.7500000000
87715  29.546  7.769  -16.542 0.7500000000
86014  31.248  4.847  -18.376 0.5000000000
139894  25.739  12.455  -15.309 0.6250000000
88469  29.101  8.314  -16.305 0.7500000000
86046  31.355  4.864  -20.087 0.3750000000
89253  28.219  9.689  -15.635 0.7500000000
87727  30.152  7.849  -17.186 0.6250000000
86026  31.012  5.646  -18.551 0.5000000000
85165  30.971  5.121  -22.167 0.1250000000
85153  31.579  4.423  -20.610 0.2500000000
85164  31.561  4.597  -21.594 0.1250000000
131791  27.144  12.861  -15.435 0.7500000000
90824  28.705  11.705  -16.811 0.7500000000
89287  29.633  9.481  -17.986 0.6250000000
88501  29.827  8.245  -19.637 0.3750000000
131426  29.663  8.883  -19.299 0.3750000000
86913  30.346  6.843  -20.492 0.1250000000
88522  29.335  8.284  -21.172 0.3750000000
86925  30.324  6.488  -21.268 0.1250000000
87769  29.188  7.947  -21.890 0.1250000000
86935  29.454  6.267  -22.677 0.1250000000
90096  28.694  10.475  -20.666 0.3750000000
90851  28.653  11.643  -19.382 0.3750000000
138463  28.762  9.242  -21.583 0.2500000000
86945  27.824  6.689  -24.057 0.1250000000
86943  28.860  5.918  -23.444 0.1250000000
87777  28.717  7.854  -22.579 0.1250000000
87785  28.072  7.665  -23.420 0.1250000000
88540  27.510  8.339  -23.715 0.1250000000
93252  27.981  14.592  -18.304 0.3750000000
91641  27.531  12.593  -21.938 0.3750000000
90856  28.254  12.135  -20.702 0.3750000000
88532  27.599  9.076  -23.372 0.1250000000
89336  26.747  9.658  -24.377 0.1250000000
89343  26.397  8.709  -25.314 0.1250000000
89327  27.886  9.636  -22.855 0.1250000000
90115  27.592  10.409  -23.028 0.1250000000
86956  27.207  6.617  -24.918 0.1250000000
87793  26.848  7.271  -25.211 0.1250000000
94051  26.309  15.386  -21.170 0.2500000000
94047  26.712  15.415  -20.394 0.2500000000
90870  26.998  12.002  -23.371 0.1250000000
90891  26.251  11.201  -24.710 0.1250000000
90880  26.810  11.240  -23.935 0.1250000000
90131  25.979  10.423  -25.243 0.1250000000
93268  26.075  15.240  -21.837 0.1250000000
127710  25.592  14.922  -22.994 0.1250000000
92430  25.864  14.253  -23.281 0.1250000000
91654  26.105  12.803  -24.281 0.1250000000
89350  25.712  8.808  -26.580 0.1250000000
91653  26.476  12.027  -24.128 0.1250000000
94062  24.272  15.924  -23.344 0.1250000000
94061  25.055  15.436  -23.195 0.1250000000
70633  23.339  -11.620  -14.807 0.7500000000
69768  24.664  -12.279  -15.400 0.7500000000
70634  22.643  -11.645  -14.264 0.7500000000
73451  21.757  -7.976  -15.039 0.5000000000
74426  29.775  -8.096  -19.018 0.5000000000
80635  34.721  -0.810  -21.312 0.1250000000
79740  35.365  -0.802  -21.999 0.1250000000
120657  33.799  -0.250  -20.222 0.1250000000
88549  26.420  7.769  -25.714 0.1250000000
128250  26.023  8.076  -26.395 0.1250000000
122350  22.161  -10.923  -14.116 0.7500000000
69754  24.493  -13.075  -14.967 0.6250000000
69767  26.063  -12.793  -15.953 0.3750000000
70646  25.451  -12.210  -15.905 0.6250000000
70660  27.356  -11.605  -16.806 0.2500000000
70661  26.628  -11.761  -16.682 0.3750000000
74442  30.286  -7.563  -19.447 0.3750000000
91607  22.715  12.838  -16.261 0.3750000000
69755  23.870  -12.296  -14.920 0.6250000000
71571  27.089  -11.081  -17.124 0.5000000000
129292  27.168  -9.693  -17.533 0.5000000000
73482  28.611  -9.241  -18.078 0.3750000000
68947  26.347  -13.170  -15.585 0.5000000000
68935  23.905  -13.572  -14.434 0.6250000000
72488  21.403  -9.349  -13.859 0.3750000000
71532  21.427  -10.853  -13.524 0.3750000000
140975  23.694  -12.878  -14.553 0.6250000000
69756  23.175  -12.317  -14.406 0.6250000000
68932  26.306  -13.694  -15.089 0.3750000000
68949  25.202  -13.561  -15.170 0.5000000000
68934  24.724  -13.951  -14.765 0.6250000000
144741  21.419  -8.754  -14.065 0.2500000000
68931  26.911  -13.132  -15.243 0.3750000000
70659  27.988  -11.311  -16.605 0.2500000000
69765  27.248  -12.496  -15.756 0.2500000000
71570  27.774  -11.013  -17.165 0.2500000000
72547  27.949  -9.803  -17.686 0.3750000000
73497  29.206  -8.594  -18.487 0.2500000000
74425  30.625  -8.255  -19.311 0.2500000000
132359  21.434  1.063  -17.102 0.1250000000
132323  21.540  3.482  -17.965 0.2500000000
124897  31.712  -7.573  -19.900 0.2500000000
86897  21.596  6.489  -19.147 0.3750000000
86019  21.364  5.178  -17.785 0.2500000000
89289  21.955  9.758  -18.935 0.2500000000
83245  21.261  2.128  -17.169 0.1250000000
81485  21.415  0.682  -17.067 0.2500000000
86029  21.685  5.499  -18.739 0.3750000000
71547  21.733  -10.180  -13.981 0.5000000000
69781  26.107  -12.180  -16.321 0.5000000000
71572  26.260  -10.854  -16.901 0.5000000000
72503  21.806  -8.864  -14.569 0.3750000000
74379  21.501  -7.182  -15.149 0.2500000000
121436  21.392  -8.219  -14.252 0.3750000000
128332  25.307  -12.930  -15.499 0.5000000000
69779  27.021  -12.238  -16.411 0.2500000000
69766  26.681  -12.722  -15.943 0.2500000000
70645  27.585  -11.886  -16.198 0.2500000000
71586  27.510  -10.414  -17.379 0.3750000000
68948  25.817  -13.434  -15.427 0.5000000000
68933  25.590  -14.168  -14.927 0.3750000000
71585  28.150  -10.348  -17.424 0.2500000000
125503  29.431  -9.074  -18.279 0.2500000000
81475  21.393  0.934  -16.844 0.1250000000
68919  22.623  -13.738  -13.467 0.5000000000
68038  24.938  -14.776  -14.581 0.2500000000
67163  24.366  -15.288  -14.201 0.3750000000
68039  24.145  -14.424  -14.310 0.5000000000
129137  22.404  -12.988  -13.539 0.5000000000
68025  21.995  -14.080  -12.886 0.3750000000
69723  21.187  -12.647  -12.690 0.5000000000
70617  21.866  -11.692  -13.626 0.3750000000
69741  22.512  -12.372  -13.859 0.5000000000
67992  20.204  -14.406  -11.531 0.1250000000
68906  21.278  -13.578  -12.479 0.3750000000
70618  21.093  -11.456  -13.060 0.2500000000
67118  20.735  -15.771  -11.590 0.1250000000
67133  20.794  -14.835  -11.778 0.2500000000
68009  22.111  -14.958  -12.727 0.3750000000
67146  25.069  -15.558  -14.312 0.2500000000
67148  23.819  -15.847  -13.820 0.3750000000
68023  23.469  -14.851  -13.770 0.5000000000
67119  20.157  -15.127  -11.366 0.1250000000
68010  21.394  -14.452  -12.317 0.3750000000
68024  22.670  -14.566  -13.287 0.3750000000
68891  19.958  -13.178  -11.586 0.1250000000
69724  20.451  -12.198  -12.291 0.1250000000
82381  33.291  1.555  -20.712 0.1250000000
68936  23.098  -13.109  -14.004 0.5000000000
68918  23.379  -13.976  -13.899 0.5000000000
70619  20.720  -10.804  -12.935 0.2500000000
129074  21.041  -10.114  -13.375 0.2500000000
68037  25.642  -14.942  -14.413 0.2500000000
141566  23.019  -14.269  -13.596 0.5000000000
68920  21.887  -13.257  -13.078 0.5000000000
70605  20.902  -11.944  -12.710 0.1250000000
127558  21.371  -12.050  -13.093 0.1250000000
69742  21.869  -12.507  -13.334 0.5000000000
122641  19.756  -14.750  -11.210 0.1250000000
68011  20.722  -14.006  -11.951 0.2500000000
68890  20.173  -13.726  -11.668 0.1250000000
67993  19.792  -14.081  -11.281 0.1250000000
70606  20.496  -11.459  -12.537 0.1250000000
133538  20.022  -15.738  -11.175 0.1250000000
67132  21.456  -15.339  -12.184 0.3750000000
134623  20.461  -13.099  -12.081 0.1250000000
67131  22.168  -15.848  -12.641 0.2500000000
66274  23.340  -16.499  -13.507 0.2500000000
74365  21.270  -7.467  -14.543 0.2500000000
67147  24.569  -16.008  -14.076 0.2500000000
66261  21.526  -16.256  -12.137 0.1250000000
67149  22.881  -15.569  -13.286 0.2500000000
66275  22.695  -16.347  -13.067 0.1250000000
90838  22.061  11.412  -17.156 0.1250000000
90078  21.700  10.831  -17.850 0.1250000000
90827  22.380  12.049  -16.546 0.1250000000
90828  21.615  12.017  -16.285 0.1250000000
90812  20.821  12.023  -15.693 0.1250000000
91593  22.182  13.616  -15.695 0.1250000000
91595  20.598  12.566  -15.323 0.1250000000
91609  21.160  12.691  -15.873 0.1250000000
92375  22.348  14.073  -14.963 0.1250000000
90079  21.027  10.526  -16.954 0.1250000000
91594  21.224  13.290  -15.613 0.1250000000
128683  21.516  13.731  -15.064 0.1250000000
122194  21.285  13.435  -14.206 0.1250000000
89291  21.107  9.509  -18.016 0.1250000000
89282  21.267  10.189  -17.954 0.1250000000
133989  21.140  4.419  -17.144 0.1250000000
73421  20.785  -8.542  -13.390 0.1250000000
133059  21.171  6.144  -17.490 0.1250000000
89283  20.827  9.639  -17.244 0.1250000000
142821  20.735  10.277  -15.927 0.1250000000
90065  20.950  10.912  -16.033 0.1250000000
91581  20.337  11.774  -15.105 0.1250000000
90791  20.802  12.355  -13.620 0.1250000000
92351  21.880  13.720  -13.699 0.1250000000
92357  21.932  13.942  -14.457 0.1250000000
88492  21.283  9.016  -18.570 0.1250000000
75297  21.067  -6.169  -15.198 0.1250000000
91608  21.835  12.905  -16.124 0.1250000000
73420  21.089  -8.629  -13.691 0.1250000000
133225  21.448  6.034  -18.254 0.1250000000
75287  21.137  -6.772  -14.895 0.1250000000
74356  20.991  -7.789  -13.884 0.1250000000
75279  20.900  -7.233  -14.060 0.1250000000
90064  21.510  11.291  -16.768 0.1250000000
90813  20.564  11.280  -15.433 0.1250000000
91580  20.731  13.084  -14.749 0.1250000000
90795  20.321  12.006  -14.530 0.1250000000
90032  20.310  11.382  -14.072 0.1250000000
130321  21.965  13.485  -12.948 0.1250000000
68035  26.849  -13.642  -14.427 0.1250000000
138564  27.331  -13.111  -14.441 0.1250000000
69753  27.544  -12.580  -14.821 0.1250000000
70632  27.855  -11.966  -15.240 0.1250000000
70644  28.212  -11.389  -15.687 0.1250000000
71569  28.378  -10.691  -16.947 0.1250000000
71568  28.969  -10.232  -16.507 0.1250000000
72528  28.779  -10.085  -17.281 0.1250000000
73465  30.489  -8.794  -16.992 0.1250000000
72544  29.905  -9.266  -17.426 0.1250000000
72545  29.227  -9.539  -17.772 0.1250000000
73479  31.001  -8.443  -17.621 0.1250000000
73496  30.161  -8.701  -18.671 0.1250000000
74406  32.096  -7.279  -17.690 0.1250000000
74407  31.514  -8.063  -18.243 0.1250000000
74424  31.377  -8.184  -19.223 0.1250000000
66272  25.157  -16.352  -13.870 0.1250000000
68022  25.701  -15.590  -13.925 0.1250000000
68021  26.269  -14.968  -13.858 0.1250000000
68917  27.507  -13.430  -13.766 0.1250000000
68020  26.968  -14.223  -13.577 0.1250000000
69740  27.882  -12.762  -14.016 0.1250000000
70631  28.519  -11.494  -14.786 0.1250000000
71557  29.153  -10.326  -15.600 0.1250000000
72515  29.520  -9.723  -15.976 0.1250000000
72514  30.196  -9.338  -15.505 0.1250000000
74394  31.560  -7.722  -17.082 0.1250000000
75340  32.654  -7.099  -19.417 0.1250000000
75339  33.296  -6.328  -18.837 0.1250000000
75325  32.659  -6.775  -18.257 0.1250000000
126280  32.327  -7.170  -20.140 0.1250000000
68036  26.274  -14.328  -14.460 0.1250000000
141356  30.815  -8.513  -19.028 0.1250000000
73480  30.414  -8.893  -17.970 0.1250000000
67145  26.252  -15.480  -13.381 0.1250000000
66273  24.248  -16.731  -13.835 0.1250000000
69752  28.213  -12.139  -14.389 0.1250000000
71558  28.555  -10.782  -16.082 0.1250000000
71544  28.805  -10.882  -15.201 0.1250000000
72527  29.417  -9.719  -16.949 0.1250000000
72526  30.006  -9.238  -16.459 0.1250000000
73464  31.089  -8.222  -16.506 0.1250000000
73495  30.918  -8.583  -18.576 0.1250000000
74423  32.055  -7.612  -18.819 0.1250000000
75308  32.771  -6.627  -17.166 0.1250000000
65349  24.891  -17.206  -13.532 0.1250000000
66271  25.910  -16.058  -13.244 0.1250000000
69739  28.629  -12.454  -13.689 0.1250000000
76259  33.941  -5.650  -18.171 0.1250000000
69780  26.527  -12.357  -16.293 0.2500000000
72546  28.534  -9.822  -17.684 0.3750000000
73481  29.828  -9.115  -18.082 0.1250000000
74440  31.977  -7.677  -19.561 0.1250000000
76307  32.779  -5.746  -20.690 0.2500000000
76317  35.095  -5.172  -21.246 0.1250000000
77193  32.632  -5.046  -20.737 0.3750000000
77194  32.020  -4.823  -20.341 0.3750000000
78028  25.312  -3.239  -19.759 1.0000000000
78040  33.282  -3.390  -20.877 0.1250000000
78866  21.802  -1.812  -18.175 0.6250000000
78893  26.028  -2.007  -20.396 1.0000000000
78896  24.397  -1.809  -20.246 1.0000000000
78906  34.528  -2.389  -21.396 0.1250000000
79693  29.640  -1.430  -18.086 0.8750000000
79711  32.596  -1.577  -18.793 0.5000000000
79716  22.233  -0.766  -18.906 0.8750000000
79728  25.826  -1.346  -20.536 1.0000000000
80583  33.132  0.070  -19.033 0.5000000000
80600  32.804  -0.710  -18.750 0.5000000000
80621  24.054  -0.226  -20.502 1.0000000000
80636  25.254  0.339  -20.731 1.0000000000
80638  24.503  0.195  -20.713 1.0000000000
81482  30.400  0.716  -17.610 0.8750000000
81490  28.809  0.117  -18.161 1.0000000000
81504  21.982  0.930  -18.720 0.5000000000
81515  25.369  0.748  -20.704 1.0000000000
81530  24.939  1.023  -20.890 1.0000000000
82348  30.191  1.452  -17.480 0.7500000000
82371  26.739  1.190  -19.484 1.0000000000
82372  26.182  1.165  -20.109 1.0000000000
82374  21.814  1.539  -18.380 0.5000000000
82384  25.035  1.320  -20.912 1.0000000000
82398  24.736  1.574  -21.052 1.0000000000
82399  24.313  1.378  -20.893 1.0000000000
83241  29.830  2.143  -17.354 0.7500000000
83262  26.933  1.774  -18.927 1.0000000000
83289  24.868  2.022  -21.087 1.0000000000
83291  24.231  2.688  -21.252 1.0000000000
84163  26.919  3.785  -17.742 1.0000000000
84171  27.204  2.964  -17.973 1.0000000000
84192  32.161  3.269  -20.604 0.2500000000
84206  24.157  3.478  -21.277 1.0000000000
85143  25.304  4.057  -19.399 1.0000000000
85166  23.819  4.282  -21.189 1.0000000000
85167  23.395  4.218  -21.126 1.0000000000
85168  23.019  4.474  -20.982 1.0000000000
85190  28.700  4.665  -24.522 0.1250000000
86037  30.976  5.837  -19.377 0.5000000000
86039  21.865  5.851  -19.520 0.7500000000
86086  27.715  5.384  -25.150 0.1250000000
86857  27.973  6.771  -16.062 0.8750000000
86868  30.371  6.290  -17.289 0.7500000000
86914  30.063  7.125  -21.099 0.3750000000
86918  22.200  6.499  -20.352 1.0000000000
87701  28.004  7.670  -15.795 0.8750000000
87728  24.999  7.292  -17.090 1.0000000000
87740  23.302  7.914  -19.398 1.0000000000
87741  21.464  7.500  -19.177 0.7500000000
87748  23.186  7.406  -19.934 1.0000000000
87749  21.743  7.953  -20.024 0.7500000000
87757  30.333  7.162  -19.847 0.3750000000
87761  21.977  7.290  -20.355 0.8750000000
87768  29.620  7.549  -21.448 0.1250000000
88453  28.429  8.402  -15.855 0.7500000000
88455  27.084  8.763  -15.450 0.8750000000
88515  22.221  8.053  -20.228 1.0000000000
89254  27.440  9.583  -15.385 0.7500000000
89279  29.587  9.281  -17.311 0.7500000000
89281  22.909  9.806  -18.456 0.8750000000
89290  21.542  9.710  -18.591 0.2500000000
89298  22.392  9.021  -19.582 1.0000000000
89299  22.031  9.207  -19.598 1.0000000000
89310  29.060  9.608  -20.519 0.3750000000
90045  28.494  10.404  -15.919 0.7500000000
90088  21.734  10.239  -18.431 0.3750000000
90122  27.105  10.462  -23.765 0.1250000000
90142  25.154  9.968  -27.082 0.1250000000
90809  26.677  11.339  -15.307 0.7500000000
90846  28.818  11.788  -18.438 0.3750000000
90901  25.662  10.956  -25.558 0.1250000000
91605  28.358  12.079  -16.333 0.7500000000
91630  28.472  12.401  -19.385 0.3750000000
92428  27.082  13.305  -22.219 0.3750000000
93261  27.616  14.400  -19.955 0.3750000000
93272  26.163  14.629  -22.431 0.2500000000
94044  26.488  16.023  -19.862 0.3750000000
124299  22.696  3.609  -20.316 0.8750000000
126654  35.961  -3.002  -22.205 0.1250000000
127998  28.994  11.054  -17.027 0.7500000000
129257  27.827  11.661  -21.924 0.3750000000
130506  28.169  0.158  -18.610 1.0000000000
130727  24.535  10.114  -16.510 1.0000000000
131020  22.962  2.968  -20.437 0.8750000000
131979  25.589  -0.556  -20.603 1.0000000000
134251  24.202  -0.813  -20.467 1.0000000000
135095  28.509  9.137  -15.832 0.7500000000
136405  25.162  5.454  -18.170 1.0000000000
137291  21.116  11.531  -16.043 0.1250000000
138384  29.813  8.974  -18.506 0.3750000000
138960  23.146  5.797  -20.756 0.8750000000
139982  24.509  16.065  -13.697 0.1250000000
140236  28.022  10.946  -21.894 0.1250000000
140506  21.400  4.202  -17.706 0.1250000000
140824  24.241  5.083  -20.419 1.0000000000
142190  35.098  -2.405  -21.674 0.1250000000
143567  31.565  -7.849  -19.646 0.2500000000
144725  30.874  5.958  -19.928 0.5000000000
